701
654
625
603
519
304
305
352
353
298
294
294
295
303
299
292
290
292
302
297
333
602
560
393
311
300
298
296
294
427
309
301
294
292
292
294
295
290
292
292
291
292
291
290
292
291
295
293
290
291
291
294
290
289
288
289
323
296
290
289
290
292
294
290
290
290
291
296
289
289
289
289
296
294
423
337
333
422
332
298
421
309
292
291
292
356
326
300
291
291
290
291
289
289
289
289
294
290
288
289
289
293
290
287
286
286
289
317
294
291
288
288
293
291
288
288
288
296
291
288
288
289
291
293
290
290
289
290
293
407
300
310
381
321
307
293
289
399
294
295
289
287
287
287
291
295
289
288
289
290
295
291
289
287
288
291
293
288
288
309
295
302
299
302
307
306
312
312
315
314
313
311
309
307
306
304
304
303
301
301
300
301
301
447
356
310
308
307
305
303
302
300
300
299
299
298
297
297
296
295
295
294
294
294
292
291
291
292
291
293
302
292
291
290
292
292
290
291
290
291
292
291
291
290
289
290
289
290
289
289
289
289
289
289
287
288
289
289
289
290
301
309
313
310
310
306
305
303
300
300
299
297
297
297
296
297
297
295
295
295
293
294
293
303
293
292
297
294
295
293
293
295
294
294
292
293
295
293
291
292
292
291
290
291
290
290
290
290
290
290
291
289
289
290
291
290
299
295
295
294
295
293
293
292
292
291
293
292
293
292
293
291
292
293
292
292
299
294
292
292
292
292
291
293
291
291
293
291
291
290
290
291
290
291
291
292
293
292
292
292
293
293
292
290
290
291
291
291
290
289
290
291
292
293
292
292
292
294
293
292
292
291
292
292
291
289
291
291
291
291
302
292
292
294
296
293
293
292
292
292
293
291
291
291
290
291
292
293
291
292
292
294
293
292
290
291
291
291
291
291
290
291
293
293
293
292
292
291
291
293
295
294
293
293
295
294
292
293
292
293
294
293
292
303
293
293
294
293
292
292
291
290
292
291
291
291
290
290
291
291
291
292
290
292
292
292
293
292
291
292
292
292
292
292
292
292
292
291
291
293
292
292
291
290
289
289
289
290
290
290
290
289
290
290
289
290
306
292
291
292
292
291
290
289
289
291
290
290
289
289
288
290
289
289
289
289
289
288
289
289
289
288
289
288
289
289
288
289
289
289
289
288
289
289
289
289
289
288
288
289
288
288
288
289
289
289
290
289
288
289
297
293
302
303
309
315
314
311
322
320
313
311
311
307
307
304
303
302
300
300
298
297
297
295
294
294
295
294
293
292
290
291
291
291
290
291
290
291
290
291
290
289
289
291
291
289
289
288
289
290
298
298
303
294
292
293
293
292
291
290
290
290
290
290
290
290
288
289
290
289
290
288
288
289
289
289
290
289
288
289
290
289
288
289
288
288
289
289
287
288
287
289
288
288
288
288
289
289
288
289
288
288
288
287
289
289
295
295
301
321
320
314
309
307
306
302
302
301
301
299
298
297
297
296
296
294
293
293
293
292
291
291
290
291
291
291
290
291
289
290
289
290
290
289
289
289
290
289
289
287
289
289
288
290
289
288
289
288
288
305
289
289
289
290
297
294
294
292
292
291
291
291
291
290
290
291
290
290
291
290
290
290
290
291
290
290
290
289
290
289
290
291
290
290
290
289
290
291
290
290
289
289
290
290
289
289
290
290
290
290
290
290
288
302
293
295
294
293
291
293
292
293
295
292
292
291
291
289
292
290
291
290
290
289
290
289
288
289
289
288
289
290
289
289
289
289
289
291
289
288
289
288
289
290
288
288
289
288
288
289
288
289
289
288
289
290
301
290
290
289
289
289
290
290
289
289
289
288
290
291
290
290
290
290
289
290
290
290
289
289
289
289
288
289
288
288
288
288
289
289
288
287
287
287
288
288
289
288
288
288
287
288
288
288
287
286
287
290
288
289
299
287
288
290
289
289
289
287
287
287
288
288
288
288
288
287
289
290
289
288
287
288
288
289
288
289
288
288
287
288
287
289
289
287
288
289
289
289
288
287
288
288
289
288
288
288
288
287
288
288
288
288
286
287
294
299
304
305
309
313
310
318
316
325
303
300
300
298
296
293
293
292
309
306
313
302
299
300
299
297
298
295
295
293
292
292
293
294
293
292
291
291
291
291
290
291
289
290
289
290
291
290
289
289
289
289
290
309
284
283
283
281
282
282
282
281
281
282
280
281
281
281
281
280
280
281
281
281
280
281
334
307
325
328
317
314
310
309
307
307
305
304
304
301
300
301
300
297
297
295
296
295
295
294
293
292
292
291
293
293
301
292
293
291
292
290
290
289
290
289
288
291
290
289
290
348
327
323
321
316
315
324
353
320
317
315
313
309
310
308
307
304
303
304
302
301
299
299
297
298
298
297
296
295
294
293
293
293
311
294
294
293
295
293
293
292
292
291
291
292
293
291
292
292
290
290
291
291
290
290
290
291
291
292
292
290
290
292
292
292
291
291
291
290
291
290
293
291
290
291
290
288
289
291
291
291
289
290
290
291
290
313
283
282
282
282
284
283
281
282
281
280
280
282
281
281
281
279
281
280
281
280
281
281
280
280
281
281
281
282
280
279
279
281
281
294
292
280
281
280
282
281
281
281
280
281
280
306
283
281
281
282
281
282
281
282
281
308
292
291
293
291
291
292
291
290
289
291
289
289
289
289
288
289
289
290
290
289
289
288
289
290
290
288
289
288
288
288
290
289
290
290
290
290
290
292
289
289
289
290
289
288
290
290
288
289
288
288
289
290
301
290
290
290
289
290
290
289
289
289
289
289
289
291
291
289
289
289
289
289
290
288
289
289
289
288
289
290
288
288
289
289
288
289
289
289
287
288
287
288
290
292
290
290
290
289
289
290
289
289
289
289
288
288
303
299
303
303
304
311
309
315
317
320
304
300
298
297
298
294
293
292
291
290
290
289
288
286
285
286
286
286
285
285
284
283
283
283
284
282
283
282
281
281
281
282
282
282
308
307
285
283
284
285
282
283
283
282
313
283
283
283
282
282
281
281
282
282
280
281
280
281
279
281
281
281
280
280
279
281
280
280
281
280
280
280
280
280
282
281
280
281
280
279
281
281
281
280
280
279
280
281
281
281
281
280
294
299
313
332
321
314
322
319
312
309
311
306
303
302
301
299
298
298
298
297
295
294
295
293
295
294
294
292
292
291
291
292
292
292
291
291
290
291
292
290
290
289
290
289
290
290
290
289
289
289
288
289
291
289
290
290
291
301
296
304
297
294
293
294
293
292
293
294
291
290
291
290
289
290
292
291
290
290
290
290
289
292
290
290
290
289
289
289
290
289
290
289
289
289
289
290
290
289
289
290
289
289
291
290
289
289
289
288
288
288
290
290
289
300
291
289
290
293
290
290
290
289
289
289
289
292
290
289
289
289
287
289
289
288
288
287
288
288
288
290
289
290
289
289
288
290
290
290
289
288
289
288
288
289
289
290
289
289
289
289
289
290
290
290
289
289
289
301
291
291
290
290
290
289
288
291
291
289
290
288
289
289
290
290
289
290
289
290
289
289
290
290
290
288
288
288
288
289
290
290
289
290
289
288
291
290
290
291
289
289
288
289
290
289
289
290
288
289
289
290
300
289
290
288
289
290
291
290
290
291
289
289
289
288
291
291
290
288
289
289
289
291
291
290
290
289
289
287
291
290
291
289
288
289
289
288
289
289
289
290
289
288
289
291
290
290
289
289
288
288
290
290
288
289
297
294
296
301
311
316
315
315
315
312
311
324
302
319
306
301
301
302
301
300
298
296
296
296
295
296
296
294
295
293
294
292
294
293
293
293
291
292
292
293
294
292
293
292
291
291
291
293
292
290
291
290
298
291
292
291
292
291
290
290
290
289
292
290
290
290
290
290
299
317
341
316
312
307
304
303
302
300
297
296
295
296
293
291
293
291
289
288
287
287
285
288
287
285
286
285
284
284
283
283
283
282
283
283
282
282
317
286
285
284
283
284
282
284
284
283
283
281
282
281
282
283
282
282
281
332
296
294
294
294
294
293
292
292
291
289
293
292
292
291
290
289
290
291
292
291
291
290
290
291
290
291
291
291
291
289
290
290
289
299
292
290
290
290
289
290
290
291
290
290
289
290
290
290
291
290
290
289
290
290
289
289
301
284
283
283
282
282
281
283
282
282
282
306
282
280
281
283
282
281
281
281
280
280
282
282
282
281
281
280
280
280
281
281
310
282
281
281
280
280
282
282
281
281
281
281
281
282
281
280
281
280
281
280
280
282
281
280
280
280
290
294
281
283
282
281
280
281
280
280
282
282
281
281
281
281
281
280
283
282
280
281
281
280
279
280
281
282
281
317
282
280
280
283
281
282
282
280
280
280
280
281
280
280
280
280
280
281
280
280
281
280
279
280
279
279
280
281
280
291
294
279
280
281
281
281
280
280
280
280
279
278
281
282
281
280
280
280
280
280
282
281
281
280
280
310
280
283
282
281
280
280
281
280
281
282
282
281
281
282
281
281
280
282
281
281
281
281
280
281
281
283
282
282
281
281
281
281
292
298
284
283
307
283
283
283
283
283
283
282
283
281
281
281
282
282
282
281
281
281
309
300
308
310
314
316
314
316
315
317
310
308
308
304
303
300
302
300
300
320
314
313
310
308
306
304
303
302
301
300
299
298
311
304
298
296
296
298
296
296
296
294
293
294
293
295
294
293
309
294
293
292
294
293
292
292
292
291
291
292
292
292
292
291
290
291
291
290
292
292
292
291
291
290
290
291
292
293
292
291
291
290
290
290
293
292
291
290
291
300
309
335
324
303
300
299
297
298
294
293
292
323
290
289
288
287
288
289
288
287
285
285
286
283
284
285
284
285
284
284
283
282
282
285
283
284
283
283
283
283
283
283
283
283
281
281
282
280
280
283
281
281
281
280
280
281
304
308
304
303
300
300
299
297
298
306
305
289
288
288
288
285
287
286
286
285
284
283
284
283
284
283
282
283
283
282
282
281
283
283
283
282
283
282
282
280
284
283
282
282
282
281
280
281
281
282
282
282
280
281
281
280
282
283
308
284
282
282
281
280
304
304
288
287
285
284
285
284
285
285
284
283
283
284
283
281
283
284
282
283
283
281
282
280
283
284
282
282
282
280
281
281
282
283
282
281
281
282
281
281
282
283
281
281
282
281
280
281
281
283
281
281
281
305
282
301
291
294
293
292
292
290
291
290
289
291
292
291
289
289
290
289
289
290
291
290
289
289
289
288
289
291
291
291
290
289
290
288
289
291
290
290
290
289
290
289
289
292
290
290
290
290
289
289
288
290
290
291
289
297
298
304
301
302
298
297
296
294
293
292
291
293
293
293
293
291
292
291
291
292
293
292
291
290
290
289
290
290
291
292
291
289
290
290
289
289
290
289
290
290
289
291
289
289
291
292
290
290
290
289
290
289
304
305
304
308
307
313
315
314
323
329
307
304
300
299
296
295
295
293
292
291
291
289
288
288
289
287
287
287
285
285
285
285
286
284
285
284
283
284
282
282
285
285
284
284
282
284
282
281
285
284
283
283
282
282
313
294
294
295
295
292
291
292
303
302
294
296
294
294
291
292
290
291
290
292
293
291
291
292
290
290
290
291
292
292
290
290
290
289
289
289
292
291
290
291
290
289
288
290
292
291
290
290
289
289
289
288
289
301
294
298
293
294
292
293
293
296
294
295
292
303
315
318
319
346
311
320
314
308
313
307
313
305
301
311
310
302
304
302
300
300
296
298
304
298
299
295
297
298
293
294
301
313
299
294
302
302
298
300
306
300
294
299
293
295
297
292
303
299
293
292
303
297
292
295
312
308
306
310
313
300
303
298
302
305
305
299
299
295
295
297
298
301
298
300
294
297
297
298
296
296
298
299
296
298
296
295
292
298
301
293
298
300
299
301
293
293
294
294
293
292
292
294
294
292
297
293
299
293
291
293
293
293
301
308
303
301
296
298
296
296
294
303
320
296
298
295
295
292
296
297
295
306
298
297
293
293
298
298
294
295
311
296
296
318
381
495
525
549
496
564
503
553
514
562
458
469
423
469
354
317
306
299
295
292
450
338
304
300
299
300
299
295
293
293
296
293
291
292
298
300
300
297
297
298
299
409
354
353
342
356
347
332
337
339
330
325
321
322
318
316
315
316
316
314
315
314
311
312
472
381
353
354
340
350
341
332
328
345
318
317
343
317
322
316
322
317
316
308
321
309
303
308
336
316
313
314
319
318
316
317
329
330
321
328
322
317
311
315
319
312
309
311
305
310
309
302
308
302
307
444
328
338
356
332
339
330
321
338
315
323
316
310
319
309
311
310
305
309
309
309
328
319
310
307
301
305
311
302
307
310
302
302
299
299
295
299
301
304
309
308
295
293
308
299
295
303
297
317
297
293
302
313
298
301
305
314
327
319
330
317
317
320
310
305
306
302
305
306
301
302
300
309
300
297
294
300
296
292
294
291
295
299
290
294
292
300
293
289
294
296
289
301
302
298
297
298
301
295
298
298
294
293
293
290
302
299
297
292
304
306
305
297
300
304
295
300
292
291
292
291
291
295
291
290
299
292
292
292
291
290
291
294
292
291
289
290
291
290
290
290
289
290
290
291
290
290
291
294
293
300
312
309
313
316
315
313
328
324
330
332
330
323
320
324
324
324
318
322
327
329
327
327
320
324
317
331
317
321
315
318
315
315
312
313
318
317
316
314
312
313
311
311
311
313
312
317
317
323
325
322
321
322
317
315
320
318
323
318
315
315
315
312
321
314
315
326
331
343
334
326
322
319
319
323
316
313
309
309
306
305
303
301
300
301
297
296
296
296
296
295
293
295
293
293
292
291
291
292
296
291
291
291
291
292
291
290
290
290
290
291
295
290
290
290
291
290
290
290
290
289
293
299
306
323
331
329
353
325
317
314
311
311
309
307
306
307
304
303
300
299
298
337
328
323
325
318
316
312
312
310
308
308
305
304
304
303
305
301
300
298
299
299
299
298
298
297
296
301
297
295
296
294
297
413
305
327
308
306
309
313
313
314
312
315
313
312
310
308
313
307
305
309
302
303
301
300
300
300
300
298
298
435
299
298
297
297
297
295
294
298
295
293
297
294
293
293
292
293
293
293
294
293
293
297
293
293
311
383
341
302
299
300
299
297
301
297
296
297
360
296
298
298
297
295
295
299
295
295
295
294
295
294
295
294
296
299
294
296
295
294
293
294
295
297
294
294
294
295
295
293
294
294
292
297
293
294
294
294
310
294
294
294
383
304
318
439
327
319
316
315
314
312
309
309
307
307
304
306
302
302
302
300
300
299
298
298
297
296
296
300
296
297
296
296
296
295
295
295
295
294
296
294
294
294
293
294
295
294
302
312
295
295
296
295
294
294
295
403
305
303
302
302
304
300
298
297
298
298
296
298
296
296
296
297
296
301
295
295
295
295
296
294
293
294
294
294
294
295
295
294
294
299
294
293
295
295
293
295
293
293
294
323
298
297
296
301
296
296
296
295
295
296
295
386
295
296
296
294
299
294
294
293
294
295
293
294
294
299
294
294
293
293
294
293
293
295
293
292
297
294
294
293
295
295
294
294
294
294
295
295
293
295
295
295
364
305
302
300
299
296
296
296
294
295
293
292
291
291
292
293
292
292
291
291
289
290
289
290
290
290
289
289
288
288
290
292
293
294
299
301
299
301
301
302
301
302
300
298
298
296
297
296
295
295
294
294
303
295
295
294
292
292
292
293
291
291
291
290
290
291
289
290
292
293
294
296
304
402
352
331
322
321
322
320
319
322
318
636
365
354
347
343
342
337
332
331
326
322
320
317
315
429
322
321
473
380
375
390
390
377
384
383
380
385
378
380
377
370
368
364
363
367
369
370
365
357
352
348
341
340
338
339
338
327
325
321
320
317
315
312
312
310
309
308
305
309
303
303
302
321
302
300
301
301
300
299
299
299
300
299
297
297
298
301
296
298
296
296
298
297
296
296
295
295
298
318
321
342
342
336
333
328
324
321
321
316
317
315
313
313
310
309
308
320
314
312
312
313
310
323
307
305
303
306
305
306
304
302
301
301
301
299
301
299
299
299
299
298
298
297
298
298
297
297
296
300
297
298
302
309
331
329
326
319
317
315
312
312
309
308
307
305
304
304
303
304
306
302
300
301
315
300
299
299
301
298
298
296
297
297
295
295
296
296
295
295
299
295
294
293
294
294
296
296
295
294
294
296
295
294
297
295
295
300
304
302
304
299
299
298
299
298
299
297
297
297
298
297
298
298
298
296
301
312
298
297
298
298
297
297
298
296
297
296
295
296
296
295
295
301
295
295
297
297
297
295
295
297
296
297
295
295
295
296
296
295
295
295
300
298
300
297
298
298
297
295
297
296
295
297
297
297
295
296
295
315
303
298
297
297
299
297
297
297
296
296
297
297
295
296
295
296
295
297
296
296
301
296
297
296
295
296
296
297
295
295
296
295
295
297
296
296
300
296
296
299
297
299
296
296
296
296
298
296
296
296
295
295
320
303
300
301
299
299
297
298
299
297
298
302
297
297
303
297
296
297
296
296
295
296
296
294
295
296
297
299
295
294
295
294
296
294
295
296
295
296
297
296
297
297
297
301
298
297
298
299
298
298
298
298
316
305
310
310
313
319
317
319
322
323
322
316
314
313
312
309
309
311
307
304
302
306
302
301
305
301
300
301
303
300
299
300
299
298
299
302
299
300
298
298
299
298
298
298
297
299
308
308
305
304
306
321
304
305
303
302
304
306
300
302
301
301
303
301
299
301
300
299
300
299
299
300
299
297
299
302
300
300
300
299
299
300
297
298
300
300
298
299
299
297
297
297
298
298
300
298
299
298
297
298
299
308
315
349
331
331
321
321
323
318
314
314
313
312
311
310
312
308
308
306
305
303
302
303
303
302
303
301
300
301
301
301
299
300
300
299
299
299
301
300
298
299
301
298
298
298
298
299
300
298
297
299
298
298
315
310
307
306
307
307
302
303
303
301
302
300
300
300
301
301
300
300
299
298
299
299
299
302
298
298
299
298
298
297
297
298
299
297
299
297
298
298
298
298
302
299
297
298
299
299
297
299
299
297
297
313
300
301
300
298
300
302
301
303
300
300
299
300
299
298
299
298
300
298
299
298
298
299
298
298
298
299
297
299
299
296
300
299
298
299
298
297
297
297
297
298
297
298
299
299
296
296
299
297
298
302
297
298
313
299
298
297
298
296
298
299
300
300
299
300
298
298
301
305
299
369
330
326
324
321
319
316
318
314
315
309
308
309
307
305
305
304
304
303
302
303
318
328
330
331
336
332
327
322
319
317
329
321
322
323
323
324
317
314
313
313
308
308
311
308
304
304
306
302
301
301
302
306
301
299
299
299
299
298
300
298
298
298
298
298
297
297
299
298
301
296
297
295
295
295
294
295
294
295
295
293
293
306
306
305
304
306
313
314
311
313
318
318
314
313
314
310
312
310
310
307
307
306
303
302
301
301
299
299
297
299
298
302
298
297
298
296
296
297
297
296
297
295
295
295
295
296
295
294
294
298
296
294
295
302
296
296
296
295
296
295
295
294
294
293
294
296
295
295
293
298
294
294
302
309
322
321
317
314
311
309
307
306
305
304
302
300
301
299
304
297
299
297
297
296
296
298
298
296
295
294
296
295
295
294
294
339
318
309
309
306
304
304
301
303
302
301
301
300
301
317
301
300
300
303
300
300
408
310
309
307
306
304
305
302
302
301
300
301
301
300
298
299
299
299
302
298
299
299
298
297
297
299
299
298
296
298
315
298
296
297
299
299
296
297
297
296
297
297
296
297
296
296
295
295
297
297
302
297
294
302
298
296
387
298
299
299
299
297
298
298
297
298
297
300
297
295
295
296
296
296
295
296
297
297
296
295
297
297
317
297
298
297
299
297
297
297
297
296
296
297
296
296
297
295
297
296
296
297
297
297
300
298
297
295
296
296
296
385
297
297
298
298
297
297
296
296
296
295
295
295
296
296
296
295
294
299
297
296
296
295
312
297
297
296
296
296
297
296
295
295
295
297
296
296
296
302
297
296
295
296
296
296
296
295
297
296
296
296
296
295
295
300
295
383
299
300
300
298
299
300
299
298
297
297
371
304
301
301
302
300
300
299
333
309
302
302
300
302
304
308
302
300
301
301
301
300
302
299
301
301
300
299
300
301
300
300
299
299
303
302
301
301
300
299
303
301
300
300
303
301
306
300
303
301
301
301
300
300
301
300
301
301
300
300
321
305
306
312
316
318
315
318
324
326
322
321
318
317
314
312
312
309
309
307
307
307
307
304
308
304
303
305
304
302
303
301
303
304
304
302
303
303
306
306
311
305
306
305
303
304
301
300
302
301
318
305
305
302
301
299
300
301
300
302
301
300
300
300
301
300
300
301
301
302
299
299
302
306
301
302
299
300
301
301
301
300
300
302
299
299
304
299
300
299
298
299
297
307
310
325
329
327
327
320
317
323
313
312
312
314
309
307
308
306
304
304
303
303
303
301
301
300
301
301
300
304
300
301
299
299
299
299
299
300
302
301
299
299
300
304
301
299
298
299
299
297
297
297
297
297
297
298
305
304
310
302
301
327
316
314
314
313
309
308
305
304
305
303
302
303
307
303
302
301
301
300
299
301
298
298
298
299
298
302
297
296
309
302
299
298
302
297
300
299
298
298
298
298
298
298
302
296
298
297
296
298
299
306
323
304
304
306
305
303
307
301
301
301
302
302
299
299
299
301
300
300
300
298
302
300
299
299
297
297
300
300
298
298
298
297
300
302
298
298
296
299
298
298
297
297
299
299
298
297
296
296
300
301
298
296
326
305
316
322
336
341
342
334
327
325
323
320
320
315
318
312
311
309
308
306
306
306
306
305
303
305
302
308
303
302
302
300
303
302
300
299
299
299
301
306
301
301
299
297
299
300
300
300
298
299
298
318
303
298
300
299
311
308
305
306
303
301
301
302
307
302
299
301
299
300
299
307
301
299
300
304
300
321
330
320
316
314
309
306
303
303
320
310
309
307
304
304
303
302
313
307
304
303
302
300
301
299
319
309
311
311
315
317
321
323
333
362
338
333
326
323
321
317
315
330
315
314
312
309
307
306
304
315
306
305
305
304
302
302
301
304
314
305
303
301
301
302
301
312
305
301
301
300
298
297
297
297
311
297
296
296
295
295
295
294
294
293
293
292
300
299
298
297
296
296
296
294
294
294
294
294
293
294
294
294
293
292
293
292
292
292
292
292
292
292
291
292
292
292
291
291
290
291
291
292
292
292
291
292
292
306
293
291
293
293
291
292
292
290
293
293
292
293
293
292
296
309
322
321
316
313
313
310
306
305
304
302
304
300
300
299
299
299
298
296
297
296
296
296
296
296
294
294
293
295
294
293
293
293
293
293
293
308
292
293
294
295
294
292
293
293
292
293
293
292
292
293
293
291
292
292
296
304
291
290
288
288
287
287
287
288
286
285
286
285
285
285
285
285
285
283
284
285
284
307
285
284
285
302
325
291
290
314
290
289
323
303
304
306
304
302
300
299
299
299
299
298
298
354
343
340
335
334
335
330
338
324
322
318
319
317
315
329
316
316
321
329
325
324
321
327
325
323
319
317
316
315
312
311
310
309
307
309
328
309
309
307
307
306
305
304
303
303
304
303
302
301
301
303
309
306
309
368
413
324
400
479
341
377
336
331
327
325
322
320
323
334
318
316
312
309
311
314
309
306
1059
328
323
344
326
327
324
321
319
381
362
360
395
361
362
354
349
344
342
340
341
339
334
331
333
332
330
330
329
458
357
340
335
334
334
332
332
329
328
326
325
327
327
324
322
322
323
324
322
353
342
336
336
339
347
348
349
351
346
341
345
338
337
334
331
333
330
328
327
324
325
326
327
324
321
318
319
316
312
478
331
496
376
341
332
334
325
323
320
321
319
323
323
322
629
359
351
344
339
339
335
330
327
324
321
320
316
314
359
388
321
429
347
345
352
349
350
17721
741
716
643
1091
817
648
615
647
605
552
548
517
504
520
431
301
292
299
290
290
293
290
307
310
289
289
291
301
288
287
287
297
316
303
287
287
295
286
288
292
297
313
296
287
287
406
414
339
401
349
341
334
336
335
322
351
316
313
312
309
312
305
306
313
300
300
299
298
299
297
296
296
295
293
293
293
293
293
291
291
291
293
292
291
291
291
290
292
292
290
289
290
290
291
291
289
289
289
289
290
310
343
355
342
351
346
341
334
334
335
331
327
323
321
318
317
315
314
311
311
313
311
308
306
306
302
303
302
301
299
299
298
296
297
295
296
293
294
293
292
291
292
291
292
290
291
291
289
290
289
289
289
289
290
343
403
324
323
324
330
327
330
321
320
318
315
317
329
327
321
317
316
313
311
310
306
306
305
304
303
301
301
300
298
297
298
297
296
296
294
294
295
294
293
291
293
293
291
291
291
290
290
289
290
290
291
408
441
393
401
395
385
385
376
363
357
351
348
344
339
335
332
327
324
323
320
318
315
314
312
311
308
309
305
305
303
301
301
300
301
299
298
299
298
296
295
296
294
296
296
295
295
295
313
299
301
297
297
296
317
330
368
366
351
344
338
334
330
328
326
320
319
316
315
315
312
311
309
309
307
307
304
304
301
299
299
298
298
298
296
297
296
297
297
297
296
297
294
295
296
295
294
295
294
318
299
299
297
297
296
295
295
299
313
332
327
318
316
316
313
311
309
308
306
306
306
303
301
302
301
299
299
300
297
298
296
295
296
296
295
295
294
294
295
294
295
294
294
294
293
293
294
294
294
294
311
297
306
302
301
300
299
299
298
299
301
300
318
312
308
331
313
302
317
304
302
300
297
298
299
298
296
296
295
295
296
294
295
295
294
294
293
295
294
293
294
293
292
293
294
293
293
292
291
292
294
293
297
320
300
300
299
301
302
301
299
297
296
296
297
299
298
296
299
298
297
298
298
298
297
296
296
296
298
297
297
298
296
295
296
298
297
296
296
295
296
296
299
298
298
297
295
295
297
296
297
296
295
296
294
312
297
298
295
296
295
294
295
294
294
294
294
293
293
293
293
293
292
292
295
295
296
296
295
292
294
294
294
294
294
293
293
293
292
294
294
293
293
293
292
293
293
293
293
292
292
292
291
293
292
292
292
291
2053
758
767
776
669
615
574
362
499
345
324
321
320
318
472
344
311
298
300
296
293
294
293
302
293
301
292
290
294
294
292
338
353
327
302
293
764
477
356
308
321
310
304
315
319
309
290
289
291
291
289
297
303
292
295
293
291
288
354
320
299
286
287
287
286
289
290
285
284
284
284
284
287
293
285
283
283
284
285
286
294
285
284
284
284
284
306
307
287
285
285
285
287
286
296
287
285
284
284
285
284
294
286
283
284
284
285
284
288
286
284
284
284
284
282
287
288
287
303
297
304
323
306
305
302
300
298
297
295
295
294
293
293
292
292
292
291
291
291
290
303
315
297
296
297
293
293
293
292
292
291
294
291
291
290
289
289
289
290
290
289
287
288
289
287
289
288
288
288
288
288
288
289
290
300
296
293
293
291
293
293
292
292
290
291
290
290
290
290
290
288
289
288
296
293
291
291
290
290
290
289
290
290
288
288
288
288
288
289
289
287
287
289
287
287
289
288
287
288
287
286
286
287
287
288
288
288
288
287
288
288
298
280
279
280
279
279
280
280
280
279
280
280
280
280
280
279
279
308
280
279
280
280
279
279
279
279
278
280
280
280
279
279
279
278
278
281
279
279
278
279
277
278
279
280
279
279
278
279
279
280
280
280
279
279
280
279
279
280
280
291
290
279
279
279
281
280
280
279
279
279
279
280
287
281
280
280
280
278
280
281
280
280
280
334
303
299
300
296
296
296
295
294
295
294
294
294
293
291
292
293
292
292
293
291
290
292
291
291
291
290
290
291
290
290
291
291
291
290
290
289
288
291
290
290
289
304
290
289
290
290
288
289
289
289
287
289
289
289
289
289
288
287
288
290
290
290
289
288
289
288
289
291
288
289
289
290
288
289
290
289
290
289
290
288
290
290
289
289
289
289
288
289
289
290
290
290
290
289
296
311
312
320
318
321
319
315
317
317
316
311
309
307
305
304
303
301
300
299
298
297
297
295
296
296
295
294
293
293
291
293
293
292
292
290
291
290
290
291
290
291
290
290
290
288
290
290
291
289
289
294
300
319
302
300
296
295
294
296
294
295
296
294
294
295
293
293
293
295
294
293
293
292
292
292
294
293
293
292
293
293
295
295
294
293
293
292
293
292
291
294
293
292
293
291
291
292
294
292
293
292
291
292
291
300
310
315
324
339
329
321
318
317
314
312
310
309
308
306
304
304
302
302
301
300
298
299
298
296
297
296
294
295
294
296
295
295
295
294
293
293
292
293
293
292
292
292
292
291
293
293
292
293
292
292
291
309
293
293
293
292
293
300
307
353
351
339
331
329
326
322
319
316
314
310
309
309
305
306
305
304
301
301
301
299
299
299
298
297
296
297
296
297
296
295
296
294
294
294
293
294
294
294
294
292
291
292
310
295
293
292
293
292
292
291
294
296
302
296
296
296
294
295
295
295
294
294
294
293
293
295
295
294
294
293
293
293
293
293
293
293
292
293
293
291
295
293
293
292
292
292
291
291
293
292
292
291
292
292
293
303
307
303
299
298
296
297
296
296
295
296
294
295
296
296
295
296
295
293
293
294
293
293
295
293
293
293
294
292
292
293
294
293
293
292
292
292
292
292
294
292
292
292
292
291
292
293
293
292
292
293
291
291
304
294
293
293
291
292
291
291
292
292
291
291
292
291
291
292
293
293
293
293
292
292
292
291
293
292
292
291
291
291
291
292
292
292
291
291
291
291
291
293
292
292
291
292
290
289
290
293
291
291
291
291
289
290
312
321
335
338
355
347
343
338
336
335
328
325
323
320
317
316
313
315
317
322
303
301
300
298
295
296
296
294
293
293
292
291
290
291
290
291
289
289
288
287
287
289
288
287
286
286
285
285
286
287
286
315
297
296
295
294
298
296
294
294
293
292
294
292
295
293
293
293
292
292
291
292
294
294
302
307
334
333
304
303
300
298
296
294
294
292
292
293
291
290
290
290
288
287
288
289
287
286
287
286
286
285
286
288
338
289
288
287
286
287
288
287
285
285
285
284
284
284
285
285
285
284
283
284
284
283
285
285
283
283
283
307
300
298
298
297
296
294
294
294
292
293
294
292
293
293
292
292
292
292
294
293
293
291
292
292
292
311
303
288
288
288
286
286
286
287
287
286
287
285
285
285
285
286
286
286
285
285
285
283
284
285
285
285
284
285
284
283
309
289
287
286
286
285
284
283
284
286
286
285
284
285
284
284
283
284
285
285
284
284
284
282
319
287
285
285
284
284
283
283
284
285
284
284
284
283
283
283
283
285
285
283
283
283
282
282
283
286
285
284
284
283
284
283
283
285
297
294
283
283
283
282
283
285
284
283
283
283
284
282
283
285
283
284
283
283
309
294
295
296
294
295
295
292
293
292
293
294
293
293
292
293
291
291
292
294
293
293
291
292
291
291
291
293
293
292
291
292
292
290
291
292
292
293
293
291
291
291
290
293
293
293
292
291
290
291
291
292
292
292
299
293
293
292
292
293
293
294
292
292
291
292
290
292
294
292
292
291
291
290
291
292
293
293
292
291
291
291
290
292
293
293
292
291
292
292
291
292
294
293
293
293
292
290
292
291
294
293
292
292
292
292
292
375
329
317
318
320
319
318
318
328
310
307
302
300
298
296
297
295
294
292
291
290
289
288
288
289
287
287
286
284
284
284
283
284
285
284
283
282
283
283
283
284
283
283
283
305
294
299
284
284
285
285
283
283
316
283
282
308
287
284
284
283
282
283
283
281
283
283
281
281
281
281
281
279
282
282
280
281
280
281
280
280
281
282
282
282
280
280
281
280
280
281
281
281
281
280
281
281
279
281
282
282
281
295
299
309
315
311
321
314
308
306
305
301
301
300
301
299
297
297
294
295
294
294
295
294
294
294
292
292
292
292
291
293
292
290
292
291
290
291
290
291
292
292
290
292
290
288
289
290
290
291
290
289
289
289
289
290
291
291
310
320
286
285
284
284
286
285
284
284
282
283
281
281
283
283
282
282
282
281
282
281
281
283
282
282
282
281
282
323
318
315
313
311
308
307
307
305
302
300
298
297
295
295
294
295
293
292
290
290
289
288
314
302
303
300
300
298
299
297
298
298
296
296
294
294
291
293
291
293
293
291
290
290
290
290
290
290
290
290
291
290
289
289
288
289
291
291
290
290
289
289
289
287
289
291
291
289
288
289
288
288
290
291
291
295
291
289
289
289
290
293
292
292
291
290
289
290
290
290
292
291
290
289
290
289
289
289
291
291
290
289
288
288
288
288
289
291
290
289
290
289
288
289
288
291
291
290
290
289
290
289
289
289
292
291
289
288
290
297
292
290
293
292
291
290
289
289
291
289
289
291
291
289
290
289
290
290
288
289
290
288
289
289
289
288
287
287
291
289
289
289
288
288
288
288
288
291
290
289
290
290
289
288
288
289
291
289
289
290
290
289
287
318
317
311
310
313
317
314
313
320
316
312
395
312
349
306
304
305
304
303
300
300
298
298
297
298
299
297
297
297
295
295
294
294
295
295
294
295
293
293
292
292
293
294
293
292
293
292
291
292
291
294
347
301
300
297
295
295
294
297
298
295
295
295
294
293
293
291
388
320
485
326
320
319
315
316
314
311
306
305
304
303
302
300
300
298
299
297
295
295
294
294
294
292
292
292
291
292
291
292
291
291
290
309
289
290
290
289
289
290
289
289
289
289
289
290
289
290
288
289
289
288
287
394
297
295
294
294
293
293
293
292
291
291
291
290
291
289
290
290
289
289
290
290
290
290
289
289
289
288
288
289
288
289
288
289
325
295
296
294
292
291
291
291
291
290
290
291
302
310
316
326
325
325
328
335
333
334
433
340
337
342
340
338
339
338
335
338
345
339
341
338
337
335
331
322
318
315
312
309
308
307
305
304
302
329
315
301
300
299
298
297
296
296
294
294
293
293
292
292
292
292
292
291
292
289
290
289
289
289
289
379
290
290
291
290
290
289
289
290
290
290
288
290
288
289
288
288
288
288
288
288
288
288
288
288
288
289
303
292
291
290
291
290
290
289
290
290
290
290
289
289
289
289
289
288
288
290
289
289
288
290
289
289
289
288
289
287
289
363
288
289
290
289
288
290
289
290
289
288
289
289
289
289
289
289
289
289
290
288
289
305
299
308
306
303
301
301
301
300
298
298
298
297
297
301
302
301
299
300
298
298
298
297
297
296
295
300
299
301
300
299
297
297
296
382
301
304
310
311
312
337
351
410
362
459
372
355
356
355
355
386
369
354
351
351
343
340
343
356
353
356
353
362
364
361
359
354
351
354
354
367
376
381
377
366
359
367
368
358
360
397
372
372
363
375
364
368
363
364
359
354
357
354
379
358
354
357
355
346
343
337
334
330
328
325
322
332
323
322
320
317
314
312
311
306
308
305
304
303
303
302
301
300
300
298
300
303
304
303
299
303
313
343
371
368
363
364
363
362
353
390
398
365
364
362
357
360
336
318
317
310
318
311
314
317
309
313
300
300
302
302
308
313
327
327
325
324
325
322
317
314
312
311
308
306
307
305
301
302
386
328
331
322
319
316
301
289
287
286
299
290
286
286
285
285
286
285
287
285
285
286
298
290
284
284
283
283
283
283
283
283
284
284
283
284
283
283
284
284
283
283
283
283
283
283
284
284
282
282
282
288
285
290
288
286
290
290
288
289
288
288
287
288
295
288
289
289
288
287
287
287
286
285
286
285
286
285
285
285
285
285
285
284
284
284
284
284
283
283
284
284
284
285
284
283
283
284
283
283
286
286
285
285
286
285
286
285
285
285
285
285
284
285
284
285
285
286
286
292
285
285
285
286
286
285
285
284
285
285
284
285
284
283
285
284
284
285
284
284
284
283
283
284
284
284
284
284
284
283
284
284
284
283
284
284
283
285
284
283
284
283
284
284
284
284
284
283
283
283
283
283
284
284
291
286
288
287
288
287
285
286
287
285
286
286
285
286
285
286
285
285
284
285
285
284
285
285
285
285
286
284
285
285
284
285
284
284
285
284
285
284
285
285
285
284
284
285
285
284
285
285
285
284
285
284
284
284
291
289
294
294
299
303
309
310
311
319
299
298
297
295
293
293
291
290
287
287
287
286
284
283
284
284
282
281
281
281
282
281
281
280
280
280
279
279
278
278
278
277
278
278
278
278
278
277
278
277
277
278
277
278
277
375
713
711
440
310
311
309
306
304
302
301
300
298
298
297
297
295
294
292
292
292
292
292
291
290
290
290
290
289
290
288
288
288
288
288
288
289
288
286
287
287
286
287
287
286
286
286
287
286
303
287
287
286
287
287
286
287
286
287
286
286
286
288
296
308
328
327
323
328
320
318
315
310
307
306
304
302
300
298
296
294
293
291
292
290
288
287
287
286
285
285
284
282
284
282
282
281
281
281
281
317
292
290
290
291
290
291
289
289
289
289
288
288
289
287
287
290
306
287
286
286
284
283
284
285
282
283
282
281
281
282
281
280
281
281
280
279
279
279
279
279
279
280
278
279
279
279
278
278
278
278
278
278
278
279
310
280
278
279
278
278
278
278
279
278
278
279
278
277
278
278
277
278
278
277
301
279
280
279
279
279
279
278
277
278
278
278
279
278
279
278
278
279
278
278
278
277
277
278
278
277
276
277
277
277
278
278
277
278
278
296
292
290
289
288
289
288
288
287
287
288
288
287
287
287
287
288
287
287
287
287
287
287
285
288
288
288
288
288
287
287
286
287
287
286
285
287
287
286
287
287
287
287
288
286
287
286
287
286
286
286
286
286
285
286
293
287
287
286
288
286
285
287
286
285
286
285
286
286
286
286
286
286
286
286
285
286
286
286
287
286
286
286
287
287
287
287
285
286
286
285
285
286
286
286
285
286
286
285
285
286
285
286
286
286
286
286
286
286
320
322
302
306
308
314
314
316
330
306
302
303
301
297
298
296
294
295
292
290
291
290
289
288
287
286
286
286
284
284
389
338
299
297
296
295
294
295
294
293
294
293
293
291
292
291
291
291
291
291
290
291
306
291
292
292
291
291
291
291
290
291
290
291
291
290
290
289
290
290
291
289
290
290
290
289
290
289
290
288
289
289
289
290
290
289
366
302
322
430
316
313
311
309
307
305
303
304
301
300
299
298
297
297
313
299
297
296
296
294
294
294
293
292
292
292
292
292
291
291
291
290
291
291
289
291
290
290
291
291
291
291
290
290
289
290
290
290
290
290
291
290
387
299
298
295
294
295
295
295
294
292
294
292
292
291
292
309
293
293
292
292
293
292
292
293
292
291
337
317
312
310
318
326
326
331
335
327
323
318
318
314
313
312
309
307
304
308
312
310
309
307
307
306
303
304
396
305
305
307
307
306
304
304
302
302
302
340
321
313
316
310
308
307
304
303
302
301
299
299
298
296
296
296
295
294
293
294
291
291
291
292
290
288
289
289
288
289
289
289
289
287
288
289
288
287
288
288
288
287
287
288
292
290
289
290
290
290
290
289
310
291
291
290
290
291
290
289
290
289
289
289
289
288
289
289
288
288
288
288
288
288
288
288
288
288
288
287
287
288
287
287
287
287
286
287
288
288
287
287
287
287
288
287
286
287
288
287
287
288
289
289
288
288
312
298
293
293
292
292
291
291
290
291
291
290
290
290
289
289
289
289
288
288
290
289
288
288
289
289
288
289
289
288
288
288
287
287
288
288
286
287
288
287
287
288
287
288
287
288
287
286
288
288
287
287
288
290
307
299
305
307
308
315
315
317
320
316
315
312
308
309
306
304
304
301
301
301
301
299
297
297
296
295
295
295
294
294
293
292
292
293
292
290
292
291
291
291
292
291
291
290
291
290
291
291
289
290
290
290
323
315
308
307
307
304
300
299
298
297
297
296
294
293
293
293
291
290
290
291
291
289
290
288
289
289
288
288
288
288
289
288
288
288
289
288
288
288
287
288
288
288
288
288
288
288
287
287
287
288
287
286
287
297
290
289
287
289
288
289
298
311
323
314
310
307
308
305
303
300
298
299
298
297
296
296
295
295
294
293
293
293
293
291
291
291
291
290
289
289
289
289
290
289
289
289
288
289
288
287
287
289
288
289
288
289
298
324
298
293
294
292
290
290
291
289
302
298
296
295
295
294
294
293
292
291
291
291
290
290
288
290
290
289
289
290
289
287
289
288
288
288
288
288
288
288
287
288
288
287
288
288
288
287
287
288
288
288
287
288
301
293
299
293
293
293
293
292
292
291
293
293
299
294
294
303
313
293
299
301
293
293
292
293
290
291
291
291
290
290
290
290
290
290
289
289
289
288
288
287
289
289
288
288
288
288
288
287
288
287
289
289
288
297
291
292
290
291
290
290
290
290
289
289
288
289
289
288
288
289
290
290
289
290
290
288
289
288
288
288
288
289
288
288
288
288
288
289
289
288
289
288
288
288
288
288
288
288
289
288
288
289
289
289
287
288
287
296
290
290
289
288
289
288
288
288
288
288
289
288
288
288
288
287
288
288
289
289
289
290
290
288
288
290
288
289
288
289
289
289
288
288
288
288
289
289
288
289
288
288
288
288
287
288
288
288
288
288
288
288
288
310
2765
696
644
637
607
609
538
362
354
395
351
306
299
295
293
429
313
311
313
309
306
303
302
303
305
303
302
303
306
334
326
393
396
376
349
310
295
294
290
293
300
291
292
292
292
303
292
287
288
288
294
344
309
287
284
288
288
283
290
326
333
350
299
287
285
286
290
287
284
284
284
286
289
283
284
284
284
286
285
284
284
283
286
286
293
288
285
283
286
284
283
284
283
283
286
284
283
282
282
287
285
283
283
283
285
286
284
284
282
283
285
285
283
284
284
285
299
307
301
318
325
301
295
286
284
284
284
288
283
284
283
282
285
286
282
284
284
284
295
352
294
292
293
294
293
293
293
292
292
294
292
292
291
291
292
291
291
291
290
290
290
290
290
290
290
291
291
289
290
290
290
289
289
299
297
295
294
294
293
294
291
293
292
291
292
291
290
291
290
290
290
290
331
317
311
326
309
308
305
304
302
301
301
300
300
298
297
296
296
295
296
294
294
294
295
295
293
293
292
292
292
292
293
292
291
292
291
291
291
293
293
293
292
292
291
290
290
292
291
291
291
292
290
291
306
291
290
290
290
290
290
290
290
290
291
290
290
290
291
291
291
291
290
290
290
290
291
291
289
290
290
290
290
290
290
290
290
290
290
289
290
290
290
290
290
289
291
293
293
292
290
291
291
291
292
291
289
291
310
296
295
293
292
295
293
294
293
293
293
292
292
292
291
290
292
292
291
291
291
291
291
291
291
290
290
289
290
291
291
290
290
290
290
291
291
291
290
289
291
291
290
291
291
292
293
293
291
291
292
291
291
308
302
305
305
313
321
318
318
318
318
314
311
309
307
304
305
304
302
301
300
299
300
299
298
297
295
294
296
296
294
293
295
295
293
294
292
293
293
293
294
292
292
292
293
293
293
294
293
299
299
299
297
315
301
298
299
298
297
297
296
295
295
295
294
294
294
292
293
293
292
293
292
291
293
292
291
292
292
292
292
293
291
292
292
291
293
292
293
292
291
291
293
291
291
291
291
291
291
292
291
291
290
291
291
296
325
331
332
322
322
315
314
311
308
308
306
305
303
303
303
301
301
300
299
298
297
297
295
295
295
296
293
294
294
296
295
294
294
295
295
294
293
293
293
294
292
292
292
293
292
293
293
292
292
291
292
293
309
295
294
301
299
300
297
296
294
294
295
295
294
292
293
294
294
295
293
293
293
292
291
292
292
291
292
291
292
292
291
291
291
290
291
291
291
290
291
290
290
290
291
290
290
290
289
291
291
290
290
290
291
313
283
283
283
283
283
296
297
284
285
284
284
285
284
285
284
283
283
284
284
283
284
283
282
285
284
283
283
283
282
282
284
284
283
283
283
283
284
283
282
283
283
282
284
283
283
283
282
283
284
283
283
283
283
283
312
294
294
294
293
294
295
293
292
294
292
292
292
293
291
292
291
291
292
292
292
291
291
291
291
291
291
291
290
290
291
292
291
291
291
289
292
291
290
291
290
290
291
292
291
291
291
291
290
292
291
290
289
302
291
294
291
292
292
290
290
292
291
291
291
291
290
292
292
292
290
291
290
290
292
291
290
291
290
290
290
291
290
290
290
290
290
290
290
289
290
291
289
292
292
290
291
290
289
292
291
291
291
290
289
291
291
408
325
314
313
321
325
322
321
319
316
316
312
309
307
307
392
350
308
305
304
302
302
301
301
298
297
297
296
297
295
295
295
295
294
294
294
293
293
292
293
292
292
292
291
291
291
290
291
291
292
290
310
291
292
292
292
292
290
290
289
292
289
291
290
290
290
292
291
291
291
289
370
308
328
402
442
331
327
324
318
316
314
311
311
308
306
305
303
302
302
300
300
300
