4840
4607
4611
4727
4731
4611
4606
4791
4614
4605
4820
4752
4610
4745
4791
4610
4605
4637
4774
4614
4662
4667
4610
4638
4740
4878
4707
4666
4660
4603
4645
4607
4628
4665
4605
4628
4602
4817
4750
4848
4772
4745
4800
4821
4746
4743
4776
4773
4746
4765
4630
4606
4602
4686
4606
4603
4602
4664
4606
4602
4759
4650
4605
4632
4739
4604
4603
4811
4633
4605
4632
4660
4605
4666
4617
4647
4603
4669
4662
4603
4637
4607
4627
4603
4766
4785
4605
4663
4608
4772
4672
4607
4661
4605
5200
4808
4770
4779
4747
4768
4778
4747
4742
4881
4748
4744
4768
4844
4748
4743
4829
4746
4743
4849
4748
4744
4786
4777
4748
4744
4811
4747
4744
4773
4771
4744
4827
4797
4746
4779
4837
4797
4606
4870
4960
4755
4777
4751
4779
4774
4746
4770
4743
5084
4904
4803
4783
4658
4763
4777
4750
4745
4892
4810
4749
4859
4606
4609
4605
4813
4610
4605
4754
4896
4896
4907
4922
4921
4907
4876
4712
4607
4642
4632
4605
4720
4825
4608
4606
4706
4815
4747
4776
4817
4746
4783
4748
4779
4773
4745
4773
4743
4682
4611
4659
4669
4611
4628
4688
4714
4608
4768
4639
4611
4648
4760
4611
4605
4709
4620
4607
4652
4801
4820
4902
4915
5130
4903
4943
4895
4951
4829
4897
4752
4746
5036
4752
4747
4784
4808
4747
4783
4781
4748
4781
4746
4773
4744
4900
4898
4892
4904
4898
4892
4865
4655
4772
4699
4609
4607
4775
4689
4612
4712
4642
4609
4604
4696
4607
4607
4658
4669
4609
4604
4704
4612
4605
4604
5028
4750
4750
4938
4752
4747
4863
4928
4752
4800
4866
4752
4761
4848
4748
4746
4777
4850
4750
4783
4829
4753
4843
4908
4905
4914
4749
4965
4881
4777
4749
4769
4780
4746
4736
4665
4606
4604
4656
4775
4745
4767
4772
4748
4743
4862
4791
4744
4933
4746
4745
4742
4942
4898
4898
4866
5296
4905
5003
4766
4755
4760
4869
4753
5005
5024
5178
4903
9543
4945
4904
4906
4896
4909
4961
4907
4916
4906
4898
4906
4858
4826
4746
5210
4903
5068
4922
4903
5154
4920
4902
5041
5009
4898
4893
5139
4899
4895
5006
4908
4894
4999
4894
4895
4890
4885
4749
4742
4888
4834
4607
4815
4944
4751
4758
4967
4749
4746
4765
4870
4749
4762
4795
4607
4618
4607
4705
4609
4625
4682
4606
4733
4609
4821
4735
4751
4781
4910
4893
4896
4901
4909
4896
4898
4898
4897
4892
4744
4608
4605
4734
4608
4608
4603
4682
4610
4603
5866
4809
4751
4780
4853
4748
4783
4826
4750
4745
4872
4782
4746
4773
4726
4605
4707
4901
4898
4912
4913
4904
5092
4937
4906
4903
4918
4901
4899
4908
4897
4898
4901
4898
4897
4910
4749
4746
4711
4636
4612
4604
4717
4611
4605
4693
4705
4608
4604
4798
4611
4604
4860
4750
4747
4774
4772
4747
4743
4798
4747
4746
4782
4773
4745
4741
4610
4831
4811
4912
4836
4748
4767
4849
4748
4857
4902
4898
4913
4899
4847
4810
4749
4746
4769
4912
4897
4859
4780
4753
4754
4939
4785
4747
4864
4611
4607
4603
4802
4613
4604
4747
4751
4744
4758
4749
4746
4743
4864
4610
4604
4677
4636
4606
4727
4898
4747
4745
4804
4797
4748
4826
4783
4745
4800
4952
4637
4675
4612
4629
4604
4641
4610
4605
4885
5591
4918
4992
4979
4752
4914
4905
4904
4911
4904
4901
4881
4776
4748
4742
4770
4746
4742
4802
4747
4743
4742
4688
4605
4603
4816
4763
4779
4780
4847
4745
4779
4780
4791
4744
4782
4779
4744
4809
4774
4743
4776
4746
4768
4742
4812
4771
4742
4813
4749
4848
4812
4748
4798
4802
4748
4744
4775
4810
4747
4755
4741
4748
4742
4913
4748
4743
4845
4776
4746
4742
4992
4896
4892
5012
4748
4745
4873
4776
4610
4638
4685
4609
4604
4729
4665
4606
4767
4813
4746
4780
4744
4745
4743
4779
4773
4606
4667
4610
4775
4673
4607
4663
4606
4672
4609
4661
4671
4609
4653
4720
4606
4606
4629
4637
4608
4604
4808
4775
4747
4837
4745
4747
4744
4858
4750
4743
4806
4749
4745
4753
4662
4607
4605
4695
4606
4605
4672
4631
4605
4706
4703
4740
4606
4642
4813
4607
4644
4608
4662
4642
4605
4708
4604
4639
4609
4658
4638
4608
4628
4638
4607
4606
4628
4801
4611
4606
4865
4610
4605
4774
4672
4608
4604
5310
4615
4605
4759
4750
4744
4833
4848
4748
4743
4845
4749
4745
4861
4757
4608
4635
4774
4608
4605
4744
4647
4607
4690
4634
4605
4719
4889
4696
4606
4623
4608
4604
4616
4609
4605
6456
5411
4981
4770
4780
4752
4910
4896
4897
4905
4905
4900
4897
4774
4748
4744
4798
4750
4744
4802
4749
4745
4743
4836
4749
4743
4826
4749
4745
4752
4844
4747
4783
4775
4746
4744
4759
4772
4744
4758
4773
4744
4755
4749
4745
4774
4722
4701
4616
4735
4763
4849
4752
4752
4769
4750
4749
4744
4798
4750
4746
4735
4663
4610
4604
4663
4614
4608
4739
4709
4707
4849
4920
4748
4742
4983
4610
4604
5184
4760
4606
4640
4682
4607
4603
4639
4660
4603
4662
4660
4603
4603
4902
4741
4608
4667
4606
4775
4723
4894
4896
4908
4893
4893
4890
4900
4893
4891
4901
4896
4830
4789
4748
4742
4775
4693
4606
4703
4618
4606
4603
4762
4611
4604
4617
4668
4605
4603
4662
4607
4602
4614
4630
4604
4603
4616
4605
4604
4770
4797
4746
4750
4776
4817
4758
4746
4770
4743
4779
4777
4603
4637
4608
4706
4636
4606
4604
4627
4637
4607
4628
4730
4675
4606
4837
4607
4606
4737
4678
4609
4603
4702
4609
4606
4603
4695
4607
4604
4755
4748
4745
4756
4631
4605
4603
5090
4898
4896
4913
4967
4611
4647
4952
4612
4757
4731
4749
4608
4703
4711
4609
4827
4964
4903
4913
4895
4894
4903
4909
4898
4909
5556
5317
5066
4751
4667
4995
4649
4610
4605
4971
4611
4606
4799
4609
4607
4603
4745
4610
4603
4874
4780
4745
4761
4908
4752
4743
5077
4973
4750
4791
4748
4609
4618
4708
4610
4658
4748
4825
4749
5085
4830
4750
4821
4751
4914
4766
4750
4980
4654
4608
4608
4761
4621
4609
4705
4620
4611
4605
4715
4608
4607
4680
4679
4610
4604
4779
4680
4607
4840
4790
4612
4604
4975
4614
4605
4648
4758
4609
4603
4719
4609
4605
4616
4706
4610
4618
4685
4609
4606
4803
4916
4753
4789
4883
4910
4861
4791
4775
4761
4746
4771
4743
4775
4750
4766
4944
4902
4989
4915
4898
4966
4980
4904
4896
5033
4900
4894
5145
4612
4609
4604
4799
4613
4609
4728
4609
4611
4606
4726
4852
4840
4704
4605
4605
4692
4883
4609
4605
4617
5010
4611
4618
4752
4608
4676
4608
4702
4607
4809
4767
4743
4776
4745
4767
4801
4746
4744
4783
4780
4746
4760
4783
4746
4821
4777
4748
4743
4778
4607
4604
4657
4640
4606
4604
4716
4608
4605
4717
4606
4605
4603
4797
4610
4604
4813
4737
4607
4852
4827
4747
4744
4988
4780
4747
4831
4796
4745
4826
4747
4771
4810
4898
4858
4747
4788
4762
4827
4775
4751
4799
4988
5107
5042
4782
4754
4748
4876
4745
4748
4801
4796
4749
4744
4817
4748
4746
4793
4759
4748
4743
4804
4609
4604
4883
4622
4607
4699
4713
4712
4606
4697
4607
4605
4666
4662
4605
4638
4607
4631
4604
4807
4795
4745
4781
4750
4829
4784
4747
4781
4793
4606
4608
4660
4637
4608
4661
4639
4607
4605
4628
4640
4607
4603
4825
4611
4605
4842
4749
4744
4767
4859
4749
4743
4839
4752
4744
4756
4771
4744
4758
4770
4745
4743
4683
4609
4606
4728
4758
4607
4677
4609
4757
4606
4619
4697
4605
4665
4610
4628
4667
4839
4773
4767
4757
4749
4845
4784
4751
4770
4786
4757
4747
4799
4646
4607
4648
5212
4614
4606
4706
4610
4606
4604
4678
4607
4604
4727
4610
4604
4671
4632
4607
4603
4916
4748
4744
4774
4826
4747
4780
4783
4746
4781
4747
4680
4604
4643
4666
4604
4638
4610
4629
4604
4644
4657
4628
4776
4752
4793
4757
4749
4744
4859
4748
4747
4771
4782
4750
4744
4779
4749
4743
4761
4611
4605
4603
4621
4608
4604
4736
4650
4607
4620
4713
4621
4610
4875
4696
4613
4711
4833
4748
4868
4632
4603
4603
4676
4737
4605
4729
4748
4743
4806
4933
4801
4745
4757
4745
4868
4778
4746
4714
4975
5662
4869
4785
4676
4607
4842
4747
4745
4795
4798
4748
4742
4820
4752
4743
4877
4746
4743
4753
4839
4745
4742
4810
4748
4742
4773
4794
4792
4772
4770
4744
4742
4774
4770
4743
4803
4851
4744
4780
4750
4820
4773
4745
4777
4743
4778
4746
4669
4666
4608
4655
4631
4606
4611
4632
4661
4612
4627
4701
4663
4605
4770
4605
4604
4602
4788
4607
4602
4753
4608
4603
4602
4656
4605
4602
4701
4607
4604
4638
4604
4604
4602
4716
4690
4604
4616
4738
4605
4638
4605
4664
4602
4613
4630
4603
4661
4607
4629
4602
4614
4605
4602
4764
4661
4678
4707
4634
4604
4798
4679
4604
4982
4647
4608
4602
4834
4605
4604
4713
4875
4606
4603
4812
4608
4602
4619
4678
4605
4602
4801
4608
4603
4625
4764
4608
4649
4878
4606
4605
4626
4725
4608
5259
4863
4616
4924
4826
4772
4866
4912
4756
4795
4869
5221
5154
5428
4789
4806
5028
4786
4694
5036
4992
4754
5333
5678
5451
5299
4750
4715
5047
4773
4752
5031
4754
5349
4967
5172
4682
4614
5291
4610
4611
5104
5012
4748
5018
5811
5442
5106
4921
4904
5173
4828
4615
4868
4905
4853
4750
5313
5190
5582
5422
5036
4940
5111
4916
4903
9063
5100
6650
5041
4867
4989
4899
4903
5441
4904
4918
5161
4907
4902
5341
4981
4907
5415
4925
4894
4919
4788
4746
4743
6144
4923
4607
4948
4609
4604
5149
4738
4608
4896
4752
4631
4888
4727
4728
4606
4784
4711
4605
5276
5404
5004
4695
4610
4629
4642
4606
4603
4626
4727
4609
4719
4618
4606
4603
4794
4607
4603
4602
4677
4607
4602
4658
4606
4603
4664
4632
4604
4602
4612
4607
4602
4666
4718
4604
4602
4715
4720
4604
4644
4666
4604
4645
4606
4627
4602
4613
4632
4602
4653
4607
4602
4611
4605
4604
4603
4700
4609
4689
4746
4727
4605
4973
4606
4605
4857
4620
4605
4602
4711
4607
4602
4709
4604
4604
4602
4682
4606
4602
4733
4705
4606
4602
4827
4608
4603
4617
4707
4605
4617
4629
4604
4603
4614
4633
4603
4654
4605
4630
4691
4605
4604
4602
5209
4694
4689
4647
4606
4724
4621
4604
4604
4627
4613
4605
4626
4639
4605
4603
4629
4642
4605
4602
4612
4606
4602
4672
4637
4604
4602
4701
4605
4602
4649
4715
4603
4642
4631
4605
4602
4674
4704
4605
4703
4703
4606
4603
4619
4673
4606
4819
4679
4605
4871
4605
4889
4635
4743
4836
4606
4628
4607
4676
4638
4605
4602
4677
5872
5297
4789
4607
4605
4712
4684
4611
4603
4723
4608
4603
4665
4762
4606
4602
4698
4606
4602
4613
4632
4604
4602
4695
4605
4602
4803
4713
4651
4679
4771
4676
4605
4671
4772
4605
4615
4666
4604
4638
4604
4629
4602
4637
4606
4629
4612
4605
4603
4602
4673
4605
4603
4696
4608
4603
4700
4605
4603
4738
4773
4608
4603
4699
4606
4602
4636
4604
4604
4602
4690
4606
4603
4629
4605
4602
4602
4789
4606
4602
4614
4770
4606
5157
4667
4605
4641
4606
4628
4602
4612
4634
4602
4611
4605
4603
4602
4664
4605
4603
4735
4687
4709
4645
4604
4603
4771
4695
4608
4657
4729
4670
4605
4690
4605
4603
4629
4643
4606
4602
4611
4606
4602
4602
4725
4606
4602
4727
4605
4603
4637
4765
4606
4602
4677
4606
4603
4612
4632
4603
4724
4610
4720
4602
4637
4745
4607
4696
4611
4719
4633
4605
4739
4606
4677
4765
4688
4640
4605
4615
4623
4604
4604
4629
4666
4605
4602
4686
4605
4603
4603
4700
4607
4602
4752
4606
4602
4638
4716
4604
4602
4677
4607
4602
4655
4630
4603
4772
4656
4604
4602
4612
4605
4603
4675
4683
4668
4603
4726
4746
4604
4641
4606
4663
4812
4790
4635
4604
4618
4605
4629
4610
4605
4603
4928
5895
4970
4962
4881
4609
4754
4665
4605
4603
4767
4608
4603
4640
4605
4603
4602
4640
4606
4602
4670
4606
4602
4611
4604
4604
4602
4760
4714
4652
4618
4702
4606
4617
4605
4628
4603
4656
4633
4603
4670
4607
4687
4602
4638
4605
4707
4671
4607
4721
4694
4618
4605
4687
4617
4605
4700
4619
4606
4603
4641
4605
4604
4602
4640
4606
4602
4638
4605
4602
4602
4690
4605
4602
4723
4608
4604
4615
4688
4605
4602
4666
4705
4603
4615
4629
4604
4613
4604
4631
4602
4611
4632
4602
4613
4606
4603
4602
4703
4605
4689
4616
4605
4702
4660
4604
4603
4627
4673
4606
4629
4636
4606
4602
4702
4734
4605
4602
4638
4605
4602
4676
4632
4604
4602
4729
4605
4602
4765
4609
4603
4615
4651
4605
4603
4655
4619
4603
4859
4629
4605
4613
4604
4603
4602
4702
4693
4603
4616
4605
4703
4641
4603
4629
4603
4668
4607
4687
4656
4606
4603
4729
4621
4606
4626
4614
4606
4603
4702
4613
4605
4657
4706
4606
4602
4729
4610
4602
4615
4629
4604
4602
4662
4605
4603
4611
4631
4604
4602
4745
4605
4603
4667
4693
4604
4696
4605
4704
4604
4663
4656
4604
4735
4607
4629
4640
4784
4666
4604
4866
4606
4604
4612
4606
4603
6389
5854
5058
4724
4608
4603
4961
4606
4605
4741
4808
4608
4603
4758
4607
4603
4617
4698
4606
4603
4707
4605
4603
4697
4793
4608
4682
4696
4618
4651
4618
4664
4604
4637
4606
4625
4602
4613
4631
4602
4611
4606
4603
4611
4605
4604
4602
4697
4607
4686
4666
4607
4602
4807
4606
4605
4718
4637
4606
4603
4841
4608
4602
4664
4614
4605
4602
4634
4605
4602
4708
4697
4605
4602
4712
4605
4602
4703
4745
4606
4619
4665
4606
4602
4729
4634
4603
4611
4632
4602
4667
4606
4605
4602
4698
4608
4684
4702
4606
4772
4604
4641
4606
4656
4688
4607
4659
4669
4606
4603
4657
4634
4606
4602
4708
4606
4602
4694
4790
4608
4602
4748
4607
4602
4787
4608
4603
4638
4661
4604
4602
4697
4605
4603
4634
4660
4604
4602
4647
4628
4603
4719
4693
4604
4638
4605
4761
4604
4620
4666
4603
4613
4606
4629
4611
4604
4603
4653
4655
4606
4603
4637
4605
4602
4603
4686
4605
4656
4699
4607
4602
4841
4608
4603
4602
4750
4607
4602
4640
4606
4603
4615
4631
4603
4602
4638
4605
4602
4824
4882
4608
4624
4604
4851
4607
4623
4749
4606
4728
4609
4806
4649
4605
4677
4606
4713
4768
4696
4628
4605
4675
4742
4675
4607
4653
5688
5086
4925
4782
4643
4604
4805
4605
4603
4956
4610
4604
4602
4741
4606
4603
4639
4604
4603
4657
4714
4606
4602
4616
4689
4604
4693
4792
4654
4603
4617
4665
4603
4642
4630
4602
4611
4605
4629
4602
4672
4606
4602
4664
4634
4686
4615
4604
4603
4741
4643
4606
4663
4635
4606
4602
4667
4604
4605
4630
4638
4606
4602
4650
4605
4603
4602
4791
4607
4602
4902
4615
4605
4658
4716
4606
4603
4683
4607
4603
4668
4634
4603
4663
4606
4631
4602
4663
4606
4602
4968
4680
4829
4625
4604
4855
4607
4685
4606
4749
4625
4608
4699
4618
4604
4604
4696
4667
4605
4602
4711
4606
4602
4775
4803
4606
4603
4790
4605
4603
4761
4765
4605
4602
4700
4605
4603
4636
4605
4602
4663
4630
4603
4602
4615
4605
4603
4666
4713
4605
4641
4606
4740
4604
4659
4668
4604
4613
4605
4630
4603
4614
4605
4630
4611
4605
4626
4611
4605
4603
4603
5563
4651
4720
4616
4606
4602
4814
4607
4603
4663
4639
4605
4602
4636
4605
4603
4611
4631
4603
4602
4777
4607
4602
4673
4805
4607
4737
5187
4634
4605
4672
4660
4603
4662
4760
4606
4713
4609
4883
4761
4699
4607
4603
4652
4914
4671
4713
4690
4606
4741
4672
4605
4759
5464
6176
4918
4761
4666
4605
4773
4608
4602
4707
4620
4605
4602
4640
4606
4602
4694
4642
4604
4602
4792
4605
4603
4669
4707
4604
4673
4653
4652
4602
4637
4631
4603
4644
4634
4603
4611
4604
4604
4602
4703
4609
4684
4614
4605
4722
4605
4643
4605
4664
4645
4606
4627
4614
4606
4603
4629
4640
4605
4602
4643
4607
4602
4669
4636
4604
4602
4716
4606
4602
4704
4716
4604
4602
4708
4605
4602
4742
4692
4604
4639
4743
4607
4603
4617
4666
4603
4834
4720
4606
4673
4605
4739
4606
4643
4617
4652
4613
4606
4628
4698
4605
4604
4626
4611
4605
4603
4675
4606
4602
4603
4703
4606
4602
4731
4606
4602
4745
4609
4603
4602
4678
4605
4602
4815
4642
4603
4612
4633
4603
4602
4654
4605
4603
4676
4748
4605
4639
4604
4742
4604
4616
4666
4604
4616
4607
4628
4602
4647
4632
4602
4611
4606
4603
4676
4605
4602
4625
4699
4607
4721
4614
4605
4603
4774
4606
4605
4663
4646
4606
4602
4739
4606
4602
4602
4636
4605
4602
4642
4606
4602
4673
4751
4606
4602
4760
4657
4603
4689
4667
4605
4669
4606
4720
4603
4614
4745
4605
4781
4608
4689
4663
4606
4629
4602
4835
4685
4728
4617
4605
4664
4722
4605
4604
4664
5599
5704
4921
4842
4606
4602
4771
4608
4602
4716
4607
4604
4602
4733
4607
4602
4666
4666
4604
4671
4739
4607
4603
4615
4666
4604
4667
4653
4650
4603
4614
4631
4603
4611
4606
4602
4672
4635
4718
4603
4618
4606
4739
4643
4606
4663
4613
4604
4603
4628
4670
4606
4629
4611
4606
4602
4603
4644
4604
4602
4901
4624
4606
4822
4607
4604
4602
4927
4608
4602
4840
4606
4604
4687
4672
4606
4602
4688
4605
4604
4615
4675
4606
4643
4635
4769
4608
5212
4879
4608
4687
4605
4685
4666
4607
4691
4606
4670
4605
4663
4615
4607
4626
4638
4605
4603
4628
4704
4607
4602
4729
4606
4602
4777
4607
4604
4602
4699
4606
4602
4636
4605
4604
4602
4670
4605
4602
4901
4605
4604
4644
4808
4608
4604
4640
4848
4608
4619
4751
4607
4622
4605
4700
4607
4615
4699
4605
4615
4608
4677
4621
4604
4603
4674
4695
4609
4821
4837
4965
4804
4938
4913
4858
4809
5155
4723
4700
4660
4605
4602
4690
4606
4603
4619
4674
4605
4602
4745
4608
4603
4621
4766
4607
4603
4855
4704
4607
4790
4727
4607
4619
4680
4604
4604
4617
4676
4606
4731
4606
4732
4709
4979
4933
4822
4876
4662
4754
4644
4607
4703
4621
4605
4603
4730
5818
5051
4848
4753
4846
4658
5006
4607
4602
4884
4632
4605
4652
4708
4604
4602
4751
4609
4602
4616
4666
4604
4656
4629
4605
4603
4759
4653
4800
4617
4605
4603
4666
4708
4689
4604
4657
4606
4740
4617
4606
4664
4603
4613
4605
4629
4634
4606
4629
4611
4605
4603
4602
4643
4606
4602
4682
4632
4603
4732
4605
4604
4602
4792
4608
4603
4675
4606
4604
4602
4662
4605
4603
4630
4632
4603
4611
4604
4604
4602
4698
4691
4605
4617
4680
4667
4640
4604
4665
4603
4640
4606
4627
4646
4607
4629
4603
4664
4605
4603
4613
4606
4603
4783
4613
4605
4687
4672
4606
4602
4779
4607
4603
4699
4605
4605
4602
4637
4606
4603
4664
4606
4602
4603
4645
4604
4602
4700
4691
4604
4635
4869
4607
4603
4643
4666
4603
4614
4631
4602
4644
4605
4629
4602
4638
4606
4603
4612
4605
4603
4602
4707
4606
4686
4638
4606
4749
4663
4606
4604
4645
4733
4606
4629
4678
4606
4602
4725
4605
4604
4602
4687
4607
4602
4715
4608
4603
4660
4686
4604
4602
4770
4610
4605
4616
4665
4605
4699
4616
4648
4602
4669
4661
4603
4637
4605
4626
4602
4806
4748
4605
4661
4606
4749
4707
4765
4638
4605
4618
4604
4629
4612
4606
4602
4997
5739
4904
4830
4607
4603
4684
4836
4608
4602
4886
4610
4603
4666
4683
4604
4602
4641
4606
4602
4721
4633
4604
4655
4631
4604
4602
4664
4629
4653
4675
4687
4660
4642
4604
4679
4605
4639
4605
4633
4666
4605
4627
4602
4612
4605
4629
4630
4606
4603
4640
4605
4603
4603
4704
4608
4602
4772
4605
4603
4714
4605
4605
4602
4638
4606
4602
4658
4604
4604
4602
4694
4606
4602
4630
4606
4603
4671
4750
4605
4603
4646
4705
4605
4701
4634
4605
4637
4604
4632
4603
4671
4606
4629
4642
4605
4603
4602
4644
4605
4602
4695
4610
4657
4680
4605
4603
4701
4674
4606
4602
4640
4606
4602
4666
4604
4604
4602
4715
4606
4602
4708
4636
4604
4602
4849
4608
4602
4616
4725
4604
4614
4703
4607
4603
4800
4630
4604
4640
4634
4603
4612
4604
4631
4602
4611
4606
4602
4677
4633
4721
4641
4604
4604
4703
4620
4607
4629
4691
4605
4603
4630
4613
4605
4602
4661
4605
4602
4763
4605
4604
4602
4672
4608
4603
4732
4605
4603
4614
4703
4607
4602
4645
4654
4604
4613
4631
4604
4603
4750
4628
4603
4613
4606
4602
4637
4635
4722
4603
4750
4631
4705
4663
4606
4629
4640
4737
4688
4630
4617
4606
4630
4611
4606
4603
4603
5858
5086
4881
4692
4608
4603
4812
4610
4602
4852
4612
4603
4602
4947
4604
4603
4783
4607
4603
4694
4707
4607
4602
4642
4605
4603
4729
4749
4655
4656
4605
4727
4603
4618
4630
4603
4613
4606
4629
4612
4604
4630
4602
4641
4606
4603
4630
4607
4602
4602
4703
4606
4688
4642
4606
4602
4715
4607
4603
4628
4615
4606
4602
4638
4605
4603
4613
4631
4605
4602
4638
4629
4603
4663
4717
4605
4602
4701
4680
4603
4631
4631
4604
4612
4605
4631
4602
4691
4633
4602
4638
4606
4602
4636
4605
4603
4602
4844
4607
4686
4617
4606
4602
4800
4605
4605
4663
4638
4606
4602
4637
4605
4603
4629
4666
4605
4602
4738
4609
4602
4671
4658
4605
4602
4696
4606
4603
4692
4742
4605
4671
4720
4605
4603
4666
4742
4605
4767
4811
4606
4622
4604
4700
4606
4784
4609
4799
4625
4606
4887
4628
4604
4605
4724
4622
4605
4676
4699
4609
4602
4677
4616
4604
4673
5880
4605
4602
4775
4611
4603
4787
4605
4606
4602
4888
4608
4603
4622
4725
4605
4617
4674
4606
4603
4652
4675
4607
4774
4679
4606
4644
4637
4772
4608
4621
4712
4857
4781
4608
4782
4651
4605
4604
4679
4870
4797
4700
4622
4607
4603
4722
4604
4604
4673
7544
4930
4953
4611
4608
4602
4982
4610
4603
4912
4609
4604
4624
4723
4606
4603
4921
4605
4604
4621
4674
4607
4602
4808
4670
4608
4656
4936
4756
4653
4608
4812
4676
4605
4879
4608
4625
4605
4725
4620
4606
4676
4606
4619
4604
4675
4679
4609
4709
4684
4606
4603
4878
4671
4605
4602
4740
4606
4602
4689
4607
4603
4602
4722
4607
4603
4682
4606
4603
4643
4852
4607
4604
4772
4767
4608
4622
4721
4607
4721
5212
4664
4606
4618
4629
4602
4615
4606
4602
4718
4605
4604
4602
4698
4609
4685
4699
4607
4628
4768
4620
4605
4628
4638
4606
4602
4690
4606
4602
4629
4644
4605
4602
4766
4609
4602
4694
4635
4605
4602
4700
4605
4602
4645
4765
4606
4615
4628
4606
4602
4657
4628
4602
4643
4630
4602
4602
4613
4604
4602
4694
4731
4688
4673
4607
4751
4604
4643
4605
4705
4620
4606
4627
4615
4604
4603
4650
4613
4606
4602
4641
4607
4602
4603
4740
4605
4602
4728
4606
4602
4730
4610
4603
4602
4669
4604
4602
4612
4634
4602
4644
4631
4604
4602
4611
4605
4602
5059
4716
4604
4617
4604
4705
4604
4616
4630
4627
4763
4607
4654
4602
4662
4605
4630
4691
4756
4613
4633
4606
4602
4603
4684
4606
4657
5189
5750
4771
4814
4608
4603
4847
4611
4604
4602
4802
4606
4603
4694
4606
4603
4640
4628
4604
4602
4924
4637
4604
4633
4739
4606
4679
4605
4686
4653
4614
4631
4603
4674
4607
4629
4602
4654
4606
4602
4764
4607
4603
4816
4614
4606
4686
4641
4604
4741
4662
4606
4602
4707
4605
4604
4626
4612
4606
4603
4665
4606
4602
4610
4604
4605
4602
4848
4716
4755
4620
4742
4604
4605
4767
4607
4603
4637
4629
4604
4612
4633
4603
4602
4612
4631
4602
4643
4606
4602
5229
4636
4722
4603
4616
4606
4703
4618
4606
4627
4614
4605
4604
4630
4698
4606
4602
4704
4606
4602
4634
4634
4604
4602
4752
4609
4603
4752
4606
4603
4633
4715
4607
4602
4632
4631
4603
4636
4631
4604
4604
4641
4655
4603
4634
4629
4602
4664
4699
4735
4604
4662
4668
4643
4753
4676
4728
4623
4604
4604
4680
4617
4605
4674
4617
4607
4602
4767
4628
4604
4758
4692
4609
4603
5018
4612
4603
4934
4607
4607
4602
4743
4608
4603
4621
4677
4605
4602
4685
4606
4602
4614
4672
4605
4649
4805
4607
4607
4788
4939
4609
4679
4667
4603
4641
4605
4626
4602
4724
4606
4650
4639
4607
4603
4640
4797
4646
4604
4702
4607
4718
4615
4606
4603
5050
5926
5172
4860
4610
4606
4601
4862
4608
4602
4854
4610
4603
4638
4659
4605
4602
4757
4607
4603
4615
4739
4606
4841
4698
4606
4603
4674
4654
4653
4612
4606
4630
4604
4642
4605
4602
4702
4606
4603
4668
4636
4654
4634
4615
4605
4737
4619
4606
4602
4705
4605
4605
4627
4656
4607
4602
4721
4605
4603
4693
4684
4605
4603
4733
4608
4602
4642
4688
4604
4602
4747
4630
4603
4631
4631
4604
4613
4632
4603
4602
4663
4630
4603
4640
4606
4602
4667
4637
4688
4603
4615
4606
4767
4620
4605
4664
4604
4646
4605
4626
4611
4606
4602
4694
4605
4603
4603
4674
4605
4602
4641
4632
4604
4798
4801
4605
4603
4873
4608
4603
4788
4605
4605
4618
4697
4607
4603
4617
4696
4606
4824
4951
4607
4686
4635
4773
4608
4621
4881
4606
4625
4607
4720
4622
4604
4677
4605
4815
4604
4627
4616
4606
4602
4603
4614
4605
4603
4764
4609
4603
4790
4606
4603
4678
4643
4606
4602
4701
4608
4603
4674
4689
4604
4602
4774
4608
4603
4667
4630
4604
4722
4709
4605
4603
4616
4705
4605
4746
4632
4604
4603
4617
4631
4602
4614
4605
4630
4742
4607
4603
4626
4665
4606
4628
4725
4896
4749
4702
4605
4604
4759
4644
4606
4602
5210
5634
4845
4783
4614
4605
4709
4651
4605
4603
4721
4608
4602
4714
4630
4605
4639
4717
4605
4603
4639
4705
4604
4657
4630
4604
4602
4895
4657
4649
4636
4633
4602
4643
4605
4603
4603
4675
4607
4717
4616
4605
4702
4660
4604
4604
4628
4616
4605
4630
4611
4606
4602
4668
4603
4604
4602
4612
4606
4602
4671
4635
4605
4602
4731
4606
4602
4748
4682
4604
4675
4729
4608
4603
4664
4631
4603
4613
4629
4603
4613
4603
4631
4602
4698
4725
4603
4710
4608
4704
4605
4659
4604
4693
4646
4605
4630
4613
4606
4603
4629
4645
4605
4603
4639
4605
4602
4856
4637
4605
4602
4790
4606
4602
4736
4610
4603
4669
4631
4605
4602
4683
4605
4602
4639
4631
4603
4602
4643
4604
4602
4697
4727
4604
4662
4605
4705
4604
4617
4630
4603
4692
4607
4630
4613
4604
4631
4602
4614
4606
4602
4672
4733
4603
4603
4702
4605
4720
4713
4606
4602
4786
4607
4603
4628
4614
4606
4602
4696
4606
4602
4614
4632
4604
4602
4613
4605
4602
4678
4717
4606
4602
4753
4678
4604
4667
4706
4604
4743
4606
4629
4603
4615
4632
4602
4643
4606
4629
4741
4607
4603
4625
4760
4607
4720
4689
4767
4638
4694
4605
4605
4627
4638
4606
4602
5168
5953
4859
4838
4607
4603
4667
4732
4604
4602
4802
4609
4602
4745
4690
4603
4666
4702
4605
4603
4642
4629
4604
4670
4635
4603
4602
4673
4654
4649
4818
4607
4602
4673
4634
4719
4603
4671
4605
4738
4618
4606
4662
4616
4607
4603
4630
4656
4605
4630
4612
4607
4602
4642
4603
4604
4602
4700
4608
4602
4727
4606
4603
4602
4750
4606
4602
4703
4606
4603
4613
4652
4604
4603
4630
4632
4602
4642
4606
4603
5253
4719
4689
4605
4675
4752
4609
4632
4606
4627
4660
4605
4632
4602
4639
4606
4629
4611
4606
4602
4602
4643
4604
4603
4697
4610
4603
4744
4606
4603
4664
4692
4606
4602
4728
4606
4603
4637
4630
4604
4601
4697
4606
4602
4689
4606
4603
4670
4689
4666
4604
4616
4741
4605
4676
4605
4664
4603
4663
4628
4602
4612
4606
4629
4664
4606
4604
4602
4638
4605
4603
4784
4657
4605
4812
4798
4605
4770
4667
4605
4602
4691
4606
4603
4692
4604
4604
4602
5942
4606
4603
4614
4605
4602
4674
4660
4605
4602
4721
4605
4604
4613
4705
4605
4616
4604
4628
4603
4740
4629
4603
4725
4610
4631
4602
5448
5239
5431
5253
5270
4630
4646
4606
4703
4727
4730
4635
4617
4605
4603
4630
4657
4605
4602
5169
5643
4785
4834
4606
4602
4833
4817
4609
4602
4826
4608
4603
4717
4832
4608
4624
4721
4607
4602
4619
4678
4605
4616
4675
4606
4683
4607
4725
4748
4729
4774
4605
4905
4605
4879
4629
4606
4723
4607
4618
4605
4675
4617
4605
4602
4698
4606
4603
4673
4672
4604
4602
4761
4633
4604
4784
4605
4604
4602
4883
4608
4603
4778
4606
4605
4602
4689
4606
4602
4613
4726
4606
4633
4670
4605
4603
4681
4772
4609
4621
4750
4734
4680
4604
4723
4607
4622
4606
4679
4641
4606
4625
4684
4753
4750
4948
4892
4880
4878
4807
4619
4888
4803
4729
4606
4778
4606
4606
4602
4681
4605
4604
4666
4628
4604
4612
4630
4605
4602
4613
4605
4603
4665
4750
4605
4602
4617
4706
4605
4672
4630
4603
4673
4606
4631
4602
4702
4686
4604
4602
4722
4606
4603
4614
4903
4629
4609
4739
4694
4605
4639
4606
4703
4681
4734
4630
4627
4616
4605
4628
4611
4605
4629
4610
4604
4604
4603
4637
4606
4602
4674
4636
4604
4720
4621
4604
4602
4766
4609
4602
4637
4605
4604
4602
4640
4606
4602
4743
4629
4603
4612
4603
4604
4602
4819
4737
4607
4661
4708
4716
4604
4661
4659
4604
4774
4814
4615
4673
4607
4720
4603
4638
4604
4707
5858
5538
5088
4956
4660
4735
4645
4606
4603
4758
4605
4605
4657
4674
4606
4603
4693
4605
4603
4634
4660
4605
4602
4654
4605
4602
4753
4682
4655
4603
4696
4604
4603
4840
4742
4606
4616
4665
4604
4603
4616
4631
4602
4636
4606
4629
4670
4604
4604
4602
4723
4609
4717
4697
4607
4666
4811
4604
4605
4753
4622
4605
4602
4711
4605
4602
4697
4642
4605
4602
4824
4605
4604
4713
4634
4605
4602
4816
4607
4603
4723
4773
4607
4741
4729
4607
4602
4623
4680
4606
5186
4679
4606
4618
4605
4676
4606
4707
4655
4605
4669
4606
4687
4621
4606
4665
4603
4791
4745
4787
4669
4605
4602
4872
4606
4604
4657
4638
4606
4602
4728
4611
4603
4761
4605
4604
4602
4714
4607
4603
4667
4607
4603
4602
4643
4604
4602
4639
4632
4603
4613
4606
4603
4602
4697
4691
4604
4617
4606
4703
4644
4604
4629
4603
4645
4606
4653
4700
4703
4627
4602
4614
4605
4603
4611
4605
4603
4676
4635
4605
4689
4616
4606
4602
4718
4608
4603
4667
4607
4604
4602
4695
4605
4602
4638
4605
4602
4602
4811
4604
4603
4699
4688
4605
4753
4707
4606
4603
4618
4654
4603
4695
4631
4603
4667
4791
4636
4604
4619
4605
4603
4642
4606
4603
6342
5980
4938
4843
4608
4605
4857
4605
4606
4737
4643
4607
4602
4642
4606
4603
4638
4604
4604
4602
4638
4606
4603
4688
4636
4605
4602
4761
4675
4603
4614
4750
4607
4673
4630
4604
4603
4866
4634
4603
4691
4635
4602
4614
4604
4604
4602
4701
4608
4684
4731
4611
4738
4647
4605
4604
4662
4613
4606
4628
4614
4605
4603
4629
4611
4605
4602
4611
4606
4602
4673
4687
4606
4602
4746
4605
4602
4672
4683
4604
4615
4665
4605
4602
4612
4629
4603
4638
4633
4603
4602
4613
4606
4602
4669
4685
4666
4641
4605
4739
4604
4659
4606
4663
4613
4606
4629
4673
4604
4604
4629
4611
4607
4603
4634
4606
4603
4603
4769
4606
4602
4752
4607
4602
4764
4610
4604
4602
4728
4606
4602
4635
4605
4602
4699
4631
4605
4602
4644
4605
4603
4670
4748
4604
4603
4639
4740
4604
4642
4667
4603
4614
4605
4629
4602
4611
4606
4653
4639
4606
4603
4664
4728
4604
4603
4736
4608
4719
4673
4606
4602
4752
4605
4605
4602
4676
4607
4603
4636
4606
4603
4602
4667
4605
4602
4612
4606
4602
4975
4633
4608
4602
4617
4720
4603
4710
4743
4605
4617
4605
4688
4603
4661
4631
4603
4684
4864
4670
4636
4604
4605
4602
4701
4610
4686
4968
6045
5131
4793
4606
4602
4883
4605
4604
4767
4670
4606
4602
4706
4606
4603
4675
4662
4605
4602
4804
4609
4603
4643
4758
4605
4602
4774
4676
4603
4633
4632
4604
4613
4632
4603
4603
4613
4632
4602
4845
4608
4602
4702
4638
4688
4603
4618
4606
4705
4649
4607
4627
4662
4604
4604
4630
4655
4606
4630
4668
4606
4602
4603
4613
4605
4602
4705
4609
4604
4699
4628
4604
4602
4730
4607
4602
4640
4605
4603
4616
4632
4604
4602
4612
4628
4603
4654
4605
4603
4602
4786
4692
4605
4615
4630
4714
4695
4605
4629
4604
4614
4606
4630
4638
4606
4629
4674
4604
4604
4602
4700
4607
4602
4665
4635
4603
4686
4617
4604
4602
4772
4608
4602
4673
4606
4603
4602
4639
4605
4602
4704
4638
4605
4655
4707
4608
4603
4680
4690
4605
4618
4703
4607
4616
4604
4628
4603
4615
4633
4603
4638
4606
4630
4602
4643
4606
4626
4611
4606
4603
4672
4637
4604
4690
4801
4606
4666
4697
4606
4602
4663
4604
4604
4602
4638
4605
4602
4669
4606
4603
4603
4730
4606
4602
4730
4608
4604
4764
4690
4605
4602
4615
4706
4604
4712
4632
4605
4643
4604
4654
4603
4638
4630
4602
4669
4769
4615
4604
4706
4658
4634
4616
4606
4702
4848
5866
4939
4891
4611
4604
4894
4680
4606
4668
4788
4607
4603
4782
4606
4603
4602
4706
4605
4602
4697
4605
4602
4612
4771
4605
4602
4777
4629
4650
4671
4689
4604
4667
4668
4682
4604
4616
4666
4604
4693
4610
4688
4836
4604
4742
4605
4639
4606
4663
4647
4606
4630
4644
4604
4603
4628
4613
4605
4603
4655
4606
4603
4603
4706
4605
4603
4725
4606
4602
4736
4631
4604
4602
4713
4606
4602
4639
4605
4603
4611
4630
4604
4602
4611
4605
4603
4676
4718
4604
4603
4617
4739
4604
4689
4666
4603
4637
4606
4628
4602
4642
4605
4629
4671
4606
4602
4660
4607
4603
4603
4707
4608
4657
4671
4605
4603
4778
4605
4605
4602
4676
4606
4602
4634
4605
4603
4602
4638
4605
4602
4611
4606
4602
4666
4722
4604
4602
4616
4740
4605
4673
4666
4604
4673
4606
4689
4603
4636
4669
4681
4617
4605
4664
4604
4613
4605
4651
4663
4609
4690
4615
4605
4603
4767
4617
4606
4662
5489
4663
4603
4722
4605
4603
4697
4638
4605
4602
4712
4609
4602
4641
4707
4607
4602
4786
4607
4603
4849
4879
4609
4625
4722
4606
4604
4694
4682
4606
4620
4678
4658
4646
4605
4676
4606
4845
4823
4666
4665
4606
4873
4626
4604
4603
4724
5672
5308
4881
4627
4607
4854
4743
4605
4602
4939
4608
4603
4722
4656
4608
4602
4783
4608
4603
4619
4873
4608
4603
4741
4607
4603
4688
4727
4745
4622
4674
4606
4604
4618
4675
4606
4703
4738
4670
4625
4606
4875
4609
4653
4605
4813
4843
4605
4882
4630
4605
4604
4725
4622
4604
4676
4615
4604
4602
4674
4766
4606
4629
4733
4607
4603
4698
4607
4604
4602
4700
4604
4603
4909
4609
4603
4623
4699
4606
4602
4686
4605
4603
4725
4786
4609
4626
4605
4879
4608
4627
4726
4608
4711
4605
4680
4621
4604
4674
4606
4617
4607
4673
4633
4606
4674
4606
4789
4605
4768
4621
4606
4602
4954
4606
4604
4720
4650
4604
4602
4690
4607
4602
4683
4606
4603
4602
4721
4607
4603
4785
4608
4604
4621
4758
4607
4604
4737
4689
4605
4620
4665
4603
4671
4607
4627
4602
4612
4633
4602
4612
4606
4603
4602
4703
4607
4741
4675
4608
4825
4643
4605
4603
4775
4669
4607
4663
4645
4605
4602
4695
4758
4606
4698
4616
4605
4603
4743
4634
4604
4623
4792
4608
4602
4908
4607
4605
4743
4725
4607
4621
4683
4606
4604
4749
4680
4607
4618
4605
4729
4672
4675
4774
4608
4695
4696
4887
4629
4604
4722
4623
4604
4604
4676
5559
5555
4932
4662
4606
4715
4968
4608
4603
4992
4615
4606
4602
5064
4607
4603
4740
4612
4603
4641
4629
4604
4602
4636
4605
4602
4671
4633
4676
4612
4605
4604
4602
4726
4693
4605
4722
4611
4704
4603
4620
4630
4604
4613
4606
4630
4655
4605
4631
4602
4812
4606
4603
4612
4605
4602
4695
4928
4607
4805
4644
4605
4602
4896
4608
4603
4792
4606
4603
4602
4737
4708
4606
4743
4605
4604
4613
4670
4606
4603
4692
4767
4607
4620
4876
4606
4605
4625
4724
4607
4621
4678
4605
5181
4621
4726
4656
4670
4705
4622
4661
4630
4705
4738
4689
4757
4789
4626
4615
4968
4671
4609
4610
4924
4627
4610
4737
4620
4617
4611
4744
4623
4612
4741
4632
4609
4612
4903
4620
4614
4864
4630
4615
4632
4967
4625
4636
4788
4630
4611
4922
4913
4909
4915
4922
4905
4913
4921
4903
4925
4921
4931
4617
4683
4619
4834
4646
4626
4668
4642
4621
4614
4668
4646
4619
4665
4670
4621
4616
4754
4776
4756
4777
4884
4617
4619
4818
4761
4755
4799
4797
4755
4790
4783
4758
4750
4789
4751
4752
4794
4692
4616
4698
4616
4642
4611
4784
4782
4661
4671
4621
4782
4690
4896
4803
4616
4656
4625
4671
4684
4626
4667
4794
5407
4925
4959
4772
4759
5060
4885
4758
4879
5060
4914
4900
5087
4766
4750
4981
4926
4967
4961
5070
4916
5019
4997
4828
4821
4732
4678
4839
4676
4770
4608
4644
4728
4729
4608
4624
4748
4608
4619
4607
4700
4617
4605
4699
4606
4623
4605
4673
4643
4606
4673
4808
4636
4605
4768
4620
4604
4602
4958
4608
4603
4738
4604
4604
4602
4708
4606
4603
4721
4629
4605
4602
4753
4608
4603
4816
4620
4604
4617
4740
4607
4602
4617
4665
4603
4640
4629
4603
4611
4605
4630
4602
4613
4607
4602
4611
4606
4603
4670
4639
4604
4717
4645
4606
4739
4678
4607
4602
4663
4642
4605
4630
4636
4608
4602
4637
4605
4603
4602
4643
4606
4602
4673
4633
4604
4617
4720
4605
4602
4721
4657
4605
4642
4666
4604
4602
4614
4630
4603
4611
4632
4603
4717
4607
4603
4602
4701
4722
4604
4615
4607
4738
4618
4605
4604
4687
4645
4606
4626
4641
4605
4603
4628
4613
4604
4603
4695
4606
4602
4673
4635
4604
4602
4732
4607
4602
5111
4635
4605
4647
4751
4605
4602
4828
4607
4604
4681
4903
4608
4629
4724
4606
4603
4711
4853
4610
4687
4723
4917
4651
4605
4723
4608
4712
4820
4607
4626
4607
4673
4617
4605
4603
4673
5862
5207
4886
4955
4722
4695
4669
4605
4603
4710
4607
4603
4602
4705
4606
4604
4664
4606
4603
4667
4631
4603
4602
4679
4604
4602
4716
4714
4680
4616
4649
4680
4604
4643
4666
4603
4613
4606
4628
4611
4603
4631
4602
4610
4606
4603
4614
4605
4603
4602
4708
4607
4690
4615
4606
4602
4987
4606
4603
4666
4615
4606
4602
4666
4605
4602
4638
4604
4604
4602
4612
4627
4603
4727
4700
4605
4602
4783
4604
4602
4637
4773
4606
4663
4722
4604
4603
4669
4743
4605
4617
4666
4604
4639
4606
4629
4602
4696
4608
4720
4616
4670
4742
4620
4604
4605
4663
4677
4606
4629
4611
4607
4603
4630
4655
4605
4602
4612
4606
4602
4677
4636
4605
4602
4732
4606
4602
4673
4712
4604
4616
4665
4606
4602
4612
4630
4603
4637
4632
4603
4602
4645
4605
4602
4703
4665
4667
4666
4605
4739
4604
4617
4606
4664
4656
4606
4628
4634
4605
4603
4629
4638
4606
4603
4611
4606
4602
4603
4707
4606
4603
4756
4606
4603
4762
4611
4604
4602
4733
4606
4602
4764
4644
4604
4635
4632
4604
4602
4741
4606
4603
4678
4749
4605
4753
4608
4799
4604
4674
4746
4627
4697
4608
4665
4661
4737
4682
4604
4644
4605
4629
4611
4606
4602
4602
7801
4916
4753
4607
4603
4871
4604
4607
4602
4832
4608
4603
4685
4605
4603
4602
4748
4605
4602
4639
4605
4603
4673
4720
4605
4602
4679
4765
4654
4616
4666
4604
4673
4604
4628
4603
4639
4632
4603
4610
4606
4603
4602
4616
4604
4603
4698
4610
4687
4643
4605
4602
4723
4618
4606
4663
4618
4606
4602
4887
4606
4604
4626
4612
4605
4602
4614
4606
4602
4602
4723
4627
4604
4751
4606
4603
4655
4739
4606
4602
4702
4605
4603
4613
4631
4603
4611
4605
4631
4602
4612
4606
4602
4786
4612
4718
4667
4605
4630
4682
4703
4605
4628
4692
4611
4603
4626
4677
4605
4629
4642
4605
4602
4611
4628
4603
4603
4695
4609
4602
4699
4607
4602
4611
4704
4605
4602
4640
4606
4602
4643
4632
4604
4602
4643
4604
4603
4611
4606
4602
4675
4635
4687
4603
4657
4743
4605
4617
4606
4663
4665
4605
4630
4602
4611
4606
4630
4634
4605
4603
4603
4614
4604
4603
4700
4608
4603
4732
4605
4603
4664
5952
4607
4603
4696
4606
4602
4638
4605
4603
4602
4639
4605
4602
4834
4675
4605
4921
4773
4607
4602
4664
4774
4604
4696
4662
4605
4671
4605
4628
4625
4641
4633
4603
4768
4882
4610
4756
4608
4616
4704
4673
4606
4823
5346
5923
5171
4772
4649
5083
5674
4852
4875
4819
4756
4824
4918
4734
4608
4604
4695
4606
4602
4740
4684
4604
4638
4687
4605
4602
4666
4764
4654
4617
4665
4604
4612
4604
4628
4602
4611
4634
4602
4638
4606
4603
4602
4697
4606
4687
4615
4606
4736
4644
4605
4603
4664
4616
4775
4690
4726
4616
4605
4693
4605
4604
4603
4837
4606
4602
4701
4634
4604
4647
4708
4604
4603
4764
4609
4603
4817
4980
4689
4693
4680
4631
4610
4699
4669
4612
4738
4679
4610
4750
4633
4751
4605
4641
4605
4682
4762
4612
4716
4640
4604
4604
4706
4645
4606
4626
4673
4606
4604
4731
4672
4605
4659
4945
4614
4603
4775
4607
4603
4602
4838
4606
4602
4675
4606
4602
4656
4631
4604
4602
4639
4605
4602
4644
4605
4603
4669
4637
4718
4603
4643
4740
4606
4616
4605
4663
4603
4647
4630
4602
4636
4606
4629
4662
4606
4602
4627
4643
4606
4603
4675
4633
4603
4728
4604
4604
4736
4645
4607
4603
4795
5303
5080
5173
5403
5202
4808
4870
5603
5256
5463
5105
5070
5041
4864
5431
5326
4964
4760
5311
4764
4866
4877
4632
4603
4668
4636
4626
4911
4818
5307
4976
4918
5740
8556
4798
5125
5256
4918
4914
6455
5926
5267
4913
4902
4900
4901
4897
4891
4925
4899
4892
4919
4900
4916
4920
4778
4749
4777
4854
4748
4745
4888
4749
4744
4783
4783
4760
4671
4661
4605
4639
4606
4660
4604
4670
4632
4604
4729
4682
4742
4604
4636
4606
4772
4670
4608
4661
4666
4608
4605
4658
4638
4606
4660
4673
4607
4604
4656
4606
4606
4603
4810
4610
4604
4844
4750
4745
4758
4896
4745
4744
4839
4749
4743
4780
4771
4746
4756
4770
4745
4783
4747
4746
4743
4812
4797
4745
4818
4751
4843
4781
4746
4727
4605
5198
4607
4659
4632
4609
4659
4637
4608
4605
4628
4693
4605
4630
4797
4610
4606
4798
4655
4606
4644
4746
4608
4604
4880
4895
4893
5024
5003
4898
4909
4988
4897
4907
4971
4894
4892
4809
4794
4749
4762
4845
4747
4785
4747
4771
4750
4744
4728
4604
4633
4607
4660
4633
4608
4629
4603
4633
4605
4629
4807
4610
4683
4690
4608
4605
4775
4636
4606
4605
4721
4608
4604
4688
4608
4605
4604
4714
4606
4604
4655
4607
4604
4656
4716
4608
4604
4660
4738
4606
4754
4825
4744
4785
4924
4995
4894
4914
4979
4895
4773
4772
4769
4891
4971
4920
5907
4931
4800
4824
4748
4831
4805
4746
4747
4771
6806
4967
4819
4751
4756
4800
4902
4899
4893
4911
4899
4895
4939
4776
4746
4780
4850
4747
4743
4895
4746
4747
4774
4767
4607
4661
4661
4760
4605
4637
4661
4605
4657
4662
4605
4719
4686
4741
4605
4664
4652
4732
4634
4608
4660
4635
4607
4606
4660
4663
4607
4658
4664
4607
4604
4655
4607
4605
4628
4791
4610
4605
4738
4609
4604
4659
4800
4607
4603
4881
4656
4604
4662
4660
4606
4604
4716
4607
4603
4632
4632
4604
4713
4766
4660
4604
4688
4773
4606
4634
4609
4659
4632
4607
4661
4603
4632
4607
4659
4661
4608
4629
4631
4606
4605
4629
4836
4750
4757
4879
4747
4745
4853
4771
4748
4765
4792
4748
4744
4749
4608
4605
4633
4662
4606
4604
4687
4608
4605
4780
4757
4607
4698
4739
4746
4746
4776
4813
4744
4798
4782
4745
4773
4749
4768
4772
4745
4750
4603
4660
4607
4629
4739
4662
4684
4795
4606
4606
4772
4660
4607
4603
4717
4608
4605
4716
4605
4605
4604
4745
4608
4604
4657
4607
4604
4603
4873
4749
4745
4865
4789
4745
4776
4828
4747
4812
4778
4747
4744
4775
4774
4745
4906
4774
4745
4807
4746
4769
4801
4836
4853
4744
4905
4874
4828
4783
4749
4779
4780
4747
4745
4719
5375
5199
4938
4752
4753
4895
4918
4749
4744
5019
4609
4609
4705
4794
4748
4744
4854
4748
4745
4806
4750
4745
4774
4769
4747
4803
4661
4655
4708
4632
4633
4604
4775
4780
4851
4777
4748
4835
4745
4775
4762
4765
4771
4750
4714
4632
4608
4604
4657
4665
4607
4628
4632
4608
4604
4725
4699
4607
4737
4664
4608
4604
4779
4609
4605
4666
4660
4607
4604
4687
4656
4605
4789
4658
4605
4662
4629
4606
4603
4790
4743
4606
4633
4655
4725
4632
4632
4660
4606
4658
4608
4659
4631
4606
4659
4602
4664
4605
4628
4668
4608
4627
4707
4799
4748
4854
4780
4750
4832
4815
4751
4744
4806
4770
4746
4827
4609
4606
4604
4689
4609
4605
4633
4631
4604
4603
4898
4608
4604
4663
4776
4606
4633
4660
4604
4604
4634
4662
4603
4632
4665
4603
4631
4606
4629
4604
4714
4607
4740
4715
4632
4763
4778
4745
4746
4801
4798
4747
4777
4774
4749
4744
4774
4607
4605
4662
4665
4606
4604
4689
4609
4604
4677
4694
4606
4605
4795
4608
4605
4697
4776
4605
4660
4662
4605
4603
4834
4769
4745
4773
4771
4744
4823
4747
4770
4744
4855
4743
4656
4661
4609
4772
4722
4913
4664
4635
4608
4606
4659
4658
4606
4659
6664
5727
4915
4799
4781
4748
4998
4777
4747
4962
4625
4609
4605
4780
4609
4605
4695
4609
4606
4753
4662
4608
4605
4642
4666
4606
4697
4632
4757
4699
4709
4741
4606
4642
4779
4605
4635
4608
4659
4634
4607
4662
4604
4637
4608
4660
4724
4610
4605
4738
4672
4607
4835
4778
4611
4605
4848
4747
4744
4858
4747
4746
4743
4788
4747
4743
4803
4748
4743
4752
4663
4653
4604
4686
4606
4604
4735
4878
4747
4779
4810
4761
4743
4774
4779
4745
4771
4760
4604
4789
4609
4660
4665
4605
4630
4605
4631
4606
4627
4716
4684
4607
4738
4635
4606
4771
4672
4608
4603
4717
4606
4605
4661
4716
4606
4604
4691
4607
4603
4636
4629
4604
4603
4772
4608
4603
4639
4740
4605
4669
4748
4634
4605
4667
4662
4605
4664
4632
4634
4604
4668
4660
4603
4636
4606
4627
4714
4690
4741
4605
4633
4606
4772
4672
4607
4659
4682
4607
4605
4657
4703
4607
4604
4801
4608
4603
4814
5269
5189
5307
4964
4745
4747
5430
4764
4744
5041
4747
4748
4730
4759
4608
4647
4707
4605
4605
4794
4706
4608
4643
4685
4606
4695
4828
4797
4746
4784
4883
4783
4908
4748
4773
4809
4954
4766
4666
4607
4608
4661
4633
4610
4628
4974
5286
5361
4988
4779
4751
5023
4750
4748
4745
4824
4750
4745
4752
4609
4605
4700
4666
4606
4605
4890
4748
4745
4758
4823
4747
4848
4765
4817
4753
4746
4844
4745
4752
4773
4744
4751
4749
4767
4709
4607
4660
4603
4635
4606
4852
4871
4750
4769
4825
4783
4746
4879
4748
4745
4822
4775
4747
4743
4760
4609
4604
4720
4608
4605
4603
4812
4609
4603
4688
4607
4652
4680
4857
4748
4742
4791
4809
4746
4829
4780
4746
4773
4782
4603
4631
4605
4659
4606
4815
4885
4774
4775
4748
4768
4810
4822
4746
4822
4832
4749
4833
4634
4607
4603
4747
4608
4604
4660
4635
4607
4604
4686
4654
4604
4660
4606
4605
4603
4763
4609
4604
4659
4742
4605
4661
4778
4606
4605
4633
4662
4606
4659
4661
4765
4755
4607
4659
4604
4658
4632
4603
4690
4800
4963
4664
4605
4619
4759
4634
4608
4658
4633
4607
4605
4658
4681
4608
4659
4633
4609
4604
4655
4606
4604
4628
4761
4608
4745
4808
4608
4606
4776
4856
4749
4822
4810
4751
4744
4814
4747
4746
4773
4708
4605
4720
4774
4817
4744
4885
4853
4744
4797
4773
4797
4803
4749
4707
4732
4607
4660
4603
4891
4857
4665
4673
4608
4606
4665
4606
4608
4629
7018
5136
4938
4905
4804
4747
4865
4750
4744
4882
4612
4607
4681
4772
4745
4744
4803
4747
4743
4756
4769
4744
4782
4839
4609
4614
4650
4775
4759
4641
4663
4606
4672
4610
4662
4604
4666
4661
4604
4632
4609
4628
4638
4606
4604
4628
4802
4610
4742
4672
4608
4603
4815
4608
4606
4660
4862
4746
4744
4781
5090
4992
4781
4747
4743
4755
4745
4745
4742
4855
4772
4745
4777
4906
4896
4901
4903
4895
4902
4908
4747
4744
4855
4774
4743
4772
4778
4604
4632
4608
4629
4604
4796
4608
4739
4634
4608
4771
5219
4609
4606
4689
4607
4606
4660
4694
4608
4604
4685
4606
4604
4628
4664
4655
4605
4782
4621
4605
4664
4741
4607
4603
4801
4607
4604
4661
4661
4605
4632
4662
4605
4603
4632
4662
4604
4731
4769
4743
4778
4827
4797
4744
4775
4766
4804
4773
4747
4712
4632
4607
4604
4660
4690
4607
4661
4680
4608
4604
4656
4606
4605
4628
4763
4609
4604
4773
4607
4603
4656
4752
4605
4603
4720
4609
4604
4632
4663
4604
4603
4750
4605
4603
4712
4741
4604
4794
4876
4729
4669
4605
4781
4605
4741
4666
4605
4660
4608
4661
4652
4663
4605
4660
4790
4837
4633
4774
4920
4897
5001
4905
4895
5034
5836
4951
4938
4746
4748
4742
4835
4609
4604
4814
4612
4604
4658
4675
4607
4604
4687
4607
4604
4723
4789
4607
4603
4688
4748
4605
4691
4662
4758
4633
4608
4658
4604
4658
4660
4604
4631
4606
4627
4631
4607
4629
4603
4761
4607
4739
4633
4607
4604
4834
4622
4606
4658
4633
4605
4604
4688
4607
4603
4687
4606
4605
4603
4656
4606
4603
4719
4685
4606
4603
4771
4655
4605
4660
4773
4606
4662
4660
4605
4603
4632
4663
4604
4696
4687
4660
4904
4606
4783
4605
4770
4608
4852
4775
4748
4828
4774
4747
4757
4793
4747
4746
4769
4685
4606
4603
4749
4607
4603
4628
4634
4606
4604
4817
4656
4606
4764
4608
4604
4603
4802
4607
4603
4684
4625
4605
4633
4662
4605
4603
4660
4662
4605
4661
4632
4604
4686
4708
4739
4605
4634
4657
4723
4661
4608
4659
4634
4605
4605
4660
4633
4608
4659
4660
4607
4604
4627
4681
4607
4627
4789
4609
4606
4769
4607
4605
4603
4803
4607
4604
4686
4609
4603
4632
4661
4605
4604
4717
4607
4604
4702
4632
4605
4678
4791
4661
4605
4758
5024
4747
4790
4867
4746
4810
4746
4850
4747
4793
4784
4745
4823
4749
4842
4786
4872
4775
4776
4754
4746
4773
4872
4746
4810
5330
5542
4784
4780
4608
4604
4799
4612
4606
4604
4750
4608
4606
4699
4608
4605
4715
4865
4748
4744
4845
4749
4746
4864
4782
4746
4785
4753
4656
4769
4606
4662
4605
4669
4631
4604
4638
4607
4627
4686
4717
4608
4742
4640
4607
4775
4785
4753
4744
4843
4747
4744
4769
4871
4748
4744
4804
4747
4742
4776
4607
4604
4603
4772
4607
4604
4793
4607
4605
4667
4775
4654
4604
4899
4609
4605
4668
4662
4604
4668
4606
4659
4604
4636
4631
4603
4749
4656
4740
4883
4607
4776
4605
4661
4606
4659
4692
4608
4683
4725
4606
4605
4783
4643
4607
4603
4724
4607
4604
4729
4800
4748
4743
4889
4772
4744
4898
4751
4745
4773
4779
4746
4743
4757
4607
4604
4632
4662
4605
4685
4634
4604
4603
4764
4741
4605
4633
4653
4728
4664
4608
4659
4605
4632
4606
4660
4656
4607
4658
4664
4606
4604
4628
4660
4608
4628
4730
4720
4606
4793
4607
4606
4603
4804
4610
4603
4720
4606
4604
4604
4722
4607
4603
4686
4607
4604
4663
4630
4604
4604
4849
4661
4605
4661
4779
4606
4746
4744
4777
4744
4777
4772
4744
4771
4748
4767
4807
4751
4769
4837
4605
4605
4629
4953
4964
5026
4906
4894
4978
5027
4894
4894
5089
5209
4928
4995
4608
4606
4603
4846
4748
4744
4837
4749
4745
4809
4702
4608
4603
4800
4607
4605
4667
4777
4607
4747
4687
4605
4604
4669
4661
4757
4633
4662
4603
4632
4608
4628
4603
4790
4609
4738
4633
4607
4772
4635
4608
4605
4658
4640
4608
4660
4663
4607
4604
4723
4607
4605
4603
4714
4607
4603
4745
4677
4606
4603
4799
4606
4603
4830
4608
4605
4693
4662
4654
4604
4716
4606
4604
4774
4665
4604
5296
4782
4745
4796
4840
4852
4744
4772
4778
4775
4776
4749
4703
4879
4607
4661
4604
4666
4607
4659
4665
4609
4604
4655
4605
4604
4627
4841
4749
4743
4910
4749
4745
4873
4771
4744
4742
4834
4746
4743
4772
4607
4604
4661
4663
4605
4603
5056
4606
4603
4791
4743
4605
4659
4655
4726
4636
4606
4778
4747
4773
4772
4743
4770
4748
4769
4771
4748
4768
4743
4647
4606
4628
4791
4611
4605
4767
4656
4606
4771
4635
4608
4603
4723
4608
4604
4690
4607
4605
4603
4688
4607
4603
4654
4608
4659
4807
4931
4608
4603
4697
4776
4605
4783
4875
4748
4867
4609
4662
4603
4662
4663
4604
4632
4609
4628
4739
4609
4631
4604
4902
4747
4851
4861
4944
4826
4775
4747
4743
4807
4748
4745
4750
7019
4992
4845
4835
4749
4744
4888
4751
4744
4902
4897
4895
4861
4912
4747
4779
4844
4748
4743
4798
4772
4744
4718
4667
4604
4658
4607
4657
4759
4635
4632
4604
4774
4650
4744
4662
4607
4710
4669
4669
4608
4659
4662
4607
4603
4688
4605
4604
4659
4663
4608
4604
4656
4607
4604
4627
4793
4608
4603
4745
4608
4603
4698
4736
4606
4603
4688
4608
4603
4631
4662
4652
4669
4659
4605
4603
4644
4632
4604
4739
4751
4650
4633
4606
4773
4605
4835
4621
4660
4633
4607
4661
4631
4604
4605
4659
4869
4608
4628
4631
4607
4603
4628
4779
4608
4682
4723
4609
4604
4778
4608
4604
4603
4669
4655
4604
4688
4608
4603
4630
4660
4605
4603
4855
4606
4604
4714
4820
4749
4775
4773
4774
4745
4779
4781
4744
4771
4773
4743
4776
4745
4768
4771
4745
4770
4743
4771
4747
4768
4868
4766
4815
4674
4606
4605
4783
4684
4607
4604
4688
4609
4603
4687
4605
4604
4603
4917
4747
4744
4837
4746
4744
4840
4877
4749
4819
4866
4749
4743
4779
4846
4746
4773
4773
4744
4822
4605
4629
4603
4616
4630
4603
4672
4607
4605
4686
4898
4899
4891
4912
4893
4900
4921
4981
4903
4901
4895
4891
4659
4607
4603
4658
6921
4969
4850
4609
4605
4604
4938
4610
4607
4778
4750
4746
4781
4803
4747
4744
4813
4749
4743
4888
4772
4745
4810
4857
4605
4674
4609
4786
4770
4783
4741
4746
4780
4747
4824
4780
4746
4777
4781
4745
4745
4768
4776
4746
4744
4666
4607
4604
4688
4607
4605
4629
4795
4610
4605
4776
4608
4604
4603
4814
4607
4603
4693
4609
4604
4668
4663
4604
4604
4722
4607
4652
4666
4632
4604
4677
4801
4768
4743
4759
4846
4746
4757
4771
4744
4754
4746
4767
4779
4745
4768
4742
4754
4747
4743
4719
4607
4603
4679
4777
4747
4793
4976
4748
4742
4884
4748
4742
4784
4748
4743
4840
4606
4653
4603
4722
4607
4603
4670
4631
4605
4604
4930
4606
4605
4640
4778
4606
4667
4663
4605
4603
4634
4662
4604
4691
4607
4737
4641
4607
4784
4605
4642
4607
4659
4758
4627
4743
4641
4607
4604
4773
4640
4607
4660
4693
4655
4604
4722
4606
4604
4603
4691
4607
4603
4688
4607
4605
4603
4773
4607
4603
4763
4619
4604
4638
4775
4606
4604
4671
4661
4604
4667
4663
4604
4739
4747
4767
4743
4776
4746
4743
4810
4749
4793
4828
4749
4826
4669
4657
4606
4667
4827
4811
4632
4619
4606
4603
4638
4605
4605
4604
5253
5097
5080
5027
4615
4605
4857
4748
4744
4792
4944
4748
4744
4800
4750
4743
4773
4773
4745
4779
4769
4744
4761
4757
4641
4603
4826
4830
4745
4835
4749
4822
4804
4749
4815
4607
4663
4607
4781
4635
4608
4658
4634
4608
4604
4659
4631
4608
4602
4763
4662
4605
4766
4608
4606
4603
4849
4747
4743
4803
4749
4743
4772
4775
4745
4742
4796
4747
4742
4702
4635
4652
4687
4940
4746
4746
4789
5021
4750
4763
4863
4747
4759
4749
4845
4739
4606
4705
4607
4616
4607
4676
4616
4609
4676
4674
4701
4606
4821
4681
4607
4729
5048
4610
4603
4815
4607
4604
4603
4739
4607
4603
4708
4607
4716
4636
4675
4607
4603
4878
4749
4743
4749
4848
4746
4752
4773
4746
4743
4843
4711
4607
4618
4705
4606
4615
4607
4676
4609
4617
4607
4678
4756
4623
4819
4685
4609
4604
4886
4774
4748
4847
4753
4748
4742
4776
4771
4744
4801
4606
4605
4602
4686
4607
4603
4693
4678
4606
4603
4800
4607
4603
4675
4731
4606
4633
4662
4607
4603
4692
4661
4604
4663
4661
4604
4686
4745
4768
4743
4775
4744
4606
4671
4609
4770
4741
4611
4662
4604
4738
4607
4657
4729
4856
4609
4686
4607
4605
4627
4631
4607
4603
6451
5273
4773
4891
4610
4604
4802
4649
4606
4603
4718
4607
4603
4960
4746
4745
4784
4841
4747
4813
4770
4744
4742
4886
4783
4606
4692
4659
4726
4785
4608
4660
4604
4645
4606
4659
4632
4607
4658
4634
4607
4605
4628
4631
4607
4627
4747
4750
4746
4954
4744
4744
4896
4886
4747
4742
4874
4748
4742
4851
4606
4604
4603
4737
4607
4602
4685
4605
4605
4697
4892
4721
4605
4849
4847
4744
4774
4776
4744
4772
4748
4766
4772
4746
4718
4603
4665
4607
4627
4631
4606
4628
4690
4708
4606
4740
4634
4608
4733
4678
4608
4604
4688
4605
4607
4603
4833
4747
4745
4801
4749
4744
4795
4747
4768
4743
4888
4746
4742
4775
4663
4605
4657
4773
4606
4604
4665
4662
4604
4631
4662
4603
4663
4608
4658
4603
4632
4632
4603
4750
4650
4738
4633
4605
4605
4772
4661
4608
4658
4634
4607
4603
4700
4606
4604
4658
4668
4655
4604
4743
4608
4603
4681
4824
4747
4743
5041
4749
4744
4806
4769
4746
4773
4779
4747
4743
4796
4607
4603
4694
4663
4604
4664
4607
4628
4603
4876
4910
4749
4760
4746
5018
4793
4748
4858
4844
4747
4850
4745
4806
4608
4699
4742
4835
4611
4944
4609
4606
4680
4776
4610
4603
5331
5528
4860
4929
4750
4743
4872
4750
4745
4774
4797
4747
4742
4699
4608
4605
4796
4792
4744
4818
4889
4745
4744
4781
4828
4745
4789
4779
4746
4845
4748
4767
4771
4745
4768
4743
4787
4747
4768
4772
4748
4768
4778
4674
4605
4737
4635
4607
4663
4786
4621
4612
4723
4620
4606
4602
4688
4607
4602
4829
4608
4603
4662
4783
4608
