2425
2584
2621
2486
2468
2464
2463
2603
2483
2402
2392
2390
2391
2390
2460
2485
2470
2464
2464
2464
2479
2472
2477
2472
2468
2465
2466
2482
2476
2470
2466
2478
2491
2511
2495
2484
2469
2460
2458
2469
2462
2471
2465
2461
2459
2460
2471
2463
2465
2460
2459
2458
2471
2463
2460
2462
2485
2469
2502
2463
2463
2547
2463
2460
2460
2493
2466
2462
2462
2460
2460
2477
2465
2461
2460
2461
2460
2472
2481
2395
2388
2386
2426
2390
2419
2390
2387
2387
2387
2486
2479
2466
2464
2461
2460
2466
2389
2479
2466
2460
2460
2461
2462
2471
2464
2462
2461
2462
2462
2470
2465
2463
2460
2459
2461
2462
2480
2468
2462
2461
2460
2460
2586
2485
2470
2463
2461
2462
2473
2468
2465
2461
2462
2461
2462
2471
2478
2469
2463
2461
2461
2478
2467
2470
2463
2462
2462
2466
2391
2414
2388
2387
2387
2387
2425
2391
2414
2389
2388
2387
2420
2391
2389
2412
2388
2387
2387
2474
2479
2466
2476
2463
2463
2474
2468
2465
2462
2484
2392
2405
2403
2392
2386
2388
2457
2464
2472
2468
2462
2461
2461
2463
2473
2466
2462
2461
2461
2462
2461
2470
2465
2462
2462
2463
2464
2475
2469
2462
2461
2462
2461
2479
2483
2471
2464
2462
2462
2462
2491
2466
2461
2461
2462
2462
2479
2452
2394
2389
2386
2388
2422
2424
2467
2463
2462
2462
2462
2429
2416
2389
2387
2389
2389
2420
2392
2414
2389
2388
2389
2387
2406
2392
2388
2387
2388
2388
2425
2484
2469
2478
2465
2461
2462
2473
2465
2461
2441
2394
2389
2397
2393
2389
2387
2480
2464
2471
2603
2470
2464
2456
2389
2388
2422
2393
2388
2389
2414
2391
2421
2390
2391
2414
2390
2413
2387
2420
2393
2388
2390
2388
2413
2424
2481
2469
2465
2462
2462
2481
2427
2393
2390
2387
2387
2388
2519
2487
2472
2462
2462
2462
2595
2509
2499
2474
2465
2461
2462
2588
2594
2470
2464
2462
2462
2485
2570
2470
2463
2462
2461
2481
2555
2467
2466
2462
2462
2462
2508
2482
2470
2466
2462
2463
2477
2471
2477
2470
2464
2462
2477
2472
2465
2471
2464
2463
2468
2475
2466
2464
2464
2463
2464
2472
2470
2465
2464
2462
2462
2488
2491
2559
2487
2475
2468
2476
2484
2481
2475
2465
2464
2464
2488
2482
2469
2463
2465
2465
4047
2493
2490
2507
2534
2573
2496
2482
2478
2467
2464
2497
2498
2482
2469
2467
2478
2472
2719
2482
2567
2507
2733
2483
2986
2494
2487
2477
2468
2463
2477
2498
2478
2468
2465
2465
2463
2504
2489
2470
2463
2463
2463
2486
2476
2471
2464
2465
2464
2483
2399
2448
2471
2466
2465
2465
2488
2468
2435
2394
2391
2392
2450
2473
2465
2467
2463
2463
2480
2467
2465
2463
2465
2465
2462
2476
2469
2463
2464
2463
2462
2490
2486
2471
2463
2469
2463
2482
2469
2466
2463
2464
2479
2467
2485
2470
2464
2464
2467
2468
2483
2471
2463
2463
2463
2451
2435
2396
2392
2387
2391
2388
2417
2434
2395
2390
2389
2391
2389
2456
2490
2476
2471
2462
2463
2462
2505
2442
2394
2391
2390
2388
2448
2499
2400
2391
2389
2388
2415
2449
2486
2473
2466
2463
2464
2483
2476
2395
2391
2391
2389
2431
2397
2418
2390
2389
2389
2389
2434
2397
2416
2388
2391
2389
2430
2397
2391
2416
2393
2390
2388
2478
2490
2474
2482
2469
2468
2488
2475
2474
2468
2474
2465
2475
2570
2491
2476
2470
2387
2385
2464
2466
2460
2458
2460
2459
2474
2464
2460
2459
2460
2460
2459
2479
2464
2459
2461
2459
2460
2474
2466
2460
2460
2459
2461
2477
2480
2467
2463
2460
2461
2463
2495
2468
2462
2467
2471
2466
2492
2478
2783
5516
2486
2551
2483
2475
2470
2469
2470
2490
3426
2487
2479
2468
4848
2809
2500
15891
3207
2493
2486
2503
2480
2482
2471
2465
2463
2482
2465
2464
2474
2467
2462
2481
2476
2470
2470
2466
2464
2461
2739
2484
2475
2588
2470
2469
2475
2465
2462
2461
2476
2468
2473
2468
2464
2462
2462
2467
2463
2473
2466
2463
2461
2462
2461
2511
2479
2472
2461
2462
2595
2487
2464
2462
2461
2461
2460
2683
2469
2466
2461
2459
2462
2563
2483
2465
2462
2460
2462
2460
2561
2467
2462
2461
2462
2461
2478
2490
2392
2387
2386
2386
2386
2433
2467
2392
2389
2388
2387
2595
2478
2442
2395
2388
2388
2388
2493
2471
2485
2467
2463
2460
2485
2466
2466
2465
2462
2461
2531
2470
2468
2465
2461
2461
2461
2471
2466
2462
2462
2461
2462
2474
2467
2463
2463
2463
2461
2486
2486
2528
2508
2565
2469
2464
2507
2477
2468
2462
2468
2463
2471
2466
2461
2461
2462
2477
4138
2840
2569
2579
2520
2499
2503
2482
2473
2464
2462
2586
2500
2468
2463
2463
2462
2461
2497
2477
2465
2461
2462
2462
2515
2603
2472
2466
2473
2466
2487
2486
2474
2464
2461
2461
2462
2473
2472
2463
2461
2462
2462
2474
2476
2474
2466
2463
2461
2476
2467
2470
2463
2463
2464
2463
2473
2468
2464
2461
2462
2462
2471
2468
2463
2463
2462
2463
2474
2467
2464
2463
2462
2462
2461
2489
2479
2469
2596
2468
2464
2499
2471
2466
2461
2477
2469
2485
2466
2465
2461
2462
2469
2465
2477
2471
2462
2463
2464
2465
2471
2469
2465
2462
2463
2464
2476
2470
2464
2463
2462
2461
2464
2481
2469
2464
2463
2463
2463
2488
2483
2473
2464
2463
2463
2475
2472
2468
2463
2464
2461
2464
2735
2476
2468
2464
2462
2550
2488
2570
2470
2462
2461
2462
2497
2471
2466
2463
2462
2461
2476
2467
2466
2464
2462
2463
2463
2491
2473
2469
2463
2463
2463
2494
2485
2470
2651
2474
2467
2486
2470
2465
2652
2479
2471
2488
2468
2467
2462
2569
2472
2464
2487
2471
2464
2464
2555
2469
2483
2471
2464
2462
2547
2469
2516
2514
2473
2465
2462
2552
2469
2490
2468
2464
2462
2463
2548
2502
2482
2474
2464
2463
2468
2480
2469
2466
2463
2471
2391
2427
2492
2473
2463
2463
2463
2463
2480
2474
2465
2463
2465
2463
2477
2475
2466
2464
2464
2463
2465
2475
2467
2466
2463
2464
2466
2494
2473
2468
2463
2465
2464
2478
2487
2477
2466
2464
2463
2476
2472
2468
2480
2470
2465
2465
2474
2470
2467
2467
2464
2464
2477
2472
2466
2457
2392
2391
2388
2425
2396
2391
2416
2389
2389
2446
2471
2467
2464
2464
2466
2481
2470
2465
2465
2465
2465
2464
2497
2484
2472
2468
2466
2468
2484
2468
2466
2464
2463
2474
2499
2476
2469
2465
2463
2464
2470
2486
2470
2463
2466
2464
2465
2461
2399
2400
2398
2394
2393
2416
2423
2402
2396
2395
2396
2396
2538
2555
2527
2489
2471
2461
2481
2471
2395
2387
2384
2385
2384
2479
2478
2463
2461
2460
2460
2479
2466
2457
2393
2387
2386
2417
2465
2462
2424
2387
2386
2386
2454
2467
2461
2463
2460
2460
2496
2470
2465
2463
2465
2461
2460
2480
2463
2387
2439
2474
2464
2587
2510
2558
2443
2461
2465
2477
2465
2461
2461
2460
2478
2485
2468
2464
2461
2461
2464
2465
4276
2689
3808
2490
2487
2504
2480
2478
2466
2461
2466
2490
2470
2462
2461
2461
2460
2644
2472
2467
2461
2462
2461
2461
2629
2477
2470
2463
2461
2461
2482
2472
2463
2461
2460
2460
2477
2472
2474
2464
2462
2461
2461
2494
2473
2466
2461
2462
2461
2473
2465
2465
2460
2461
2461
2479
2466
2462
2463
2460
2461
2461
2478
2463
2462
2461
2461
2460
2487
2479
2467
2475
2463
2461
2475
2393
2388
2387
2482
2468
2462
2481
2465
2461
2461
2418
2390
2404
2392
2388
2387
2387
2412
2387
2428
2390
2387
2388
2387
2410
2425
2392
2387
2387
2387
2388
2386
2402
2391
2388
2387
2387
2388
2448
2484
2468
2464
2462
2461
2494
2467
2464
2461
2461
2461
2461
2485
2400
2389
2388
2388
2387
2435
2478
2468
2463
2462
2462
2430
2434
2420
2389
2387
2388
2386
2424
2392
2414
2388
2389
2387
2387
2427
2392
2413
2387
2389
2386
2446
2482
2478
2470
2464
2462
2481
2465
2464
2480
2424
2390
2387
2471
2468
2462
2451
2391
2389
2429
2393
2390
2386
2414
2387
2388
2467
2468
2461
2461
2478
2464
2480
2467
2462
2462
2463
2476
2437
2390
2391
2388
2387
2408
2469
2519
2483
2400
2390
2389
2421
2444
2393
2389
2388
2388
2388
2430
2493
2470
2463
2462
2464
2462
2480
2396
2389
2388
2388
2388
2387
2447
2394
2390
2388
2389
2388
2427
2419
2391
2389
2389
2389
2389
2443
2417
2390
2388
2389
2391
2433
2483
2485
2466
2462
2462
2462
2473
2469
2455
2393
2391
2389
2422
2394
2416
2467
2464
2463
2473
2466
2464
2446
2388
2390
2389
2406
2394
2389
2411
2389
2389
2426
2394
2388
2391
2389
2389
2389
2428
2395
2388
2389
2388
2389
2432
2486
2472
2465
2463
2478
2463
2476
2467
2463
2465
2463
2441
2414
2395
2389
2389
2390
2407
2476
2467
2467
2463
2463
2464
2456
2461
2469
2465
2465
2463
2465
2473
2470
2466
2463
2464
2464
2471
2469
2466
2465
2464
2463
2463
2484
2481
2471
2462
2463
2464
2473
2483
2467
2463
2463
2463
2474
2466
2470
2397
2392
2391
2391
2456
2470
2438
2392
2391
2391
2400
2393
2391
2414
2390
2391
2391
2492
2475
2468
2466
2464
2463
2473
2470
2466
2464
2465
2463
2463
2566
2479
2471
2468
2466
2463
2491
2507
2526
2476
2476
2470
2474
2469
2464
2462
2464
2469
2477
2474
2469
2463
2465
2467
2402
4320
2710
2581
2499
2646
2638
2488
2470
2465
2464
2463
2617
2478
2471
2464
2463
2465
2467
2509
2488
2472
2464
2464
2465
2491
2478
2467
2464
2464
2463
2474
2483
2473
2466
2464
2473
2491
2476
2470
2464
2465
2465
2463
2488
2469
2464
2464
2463
2464
2485
2472
2467
2463
2465
2466
2484
2479
2471
2471
2469
2468
2469
2506
2481
2476
2472
2473
2483
2521
2497
2486
2496
2393
2388
2425
2389
2385
2384
2444
2463
2460
2431
2392
2387
2385
2412
2386
2423
2389
2386
2384
2386
2411
2385
2426
2389
2386
2385
2386
2412
2424
2389
2386
2386
2385
2386
2413
2491
2475
2464
2462
2460
2468
2485
2466
2460
2460
2460
2461
2492
2427
2392
2384
2387
2386
2387
2476
2469
2461
2462
2461
2460
2459
2413
2389
2387
2386
2387
2412
2427
2415
2387
2388
2386
2387
2424
2391
2390
2385
2387
2386
2387
2488
2476
2480
2462
2461
2461
2480
2466
2467
2427
2388
2386
2402
2390
2388
2412
2465
2463
2461
2469
2465
2463
2444
2388
2387
2425
2391
2387
2387
2414
2386
2387
2424
2392
2386
2387
2412
2386
2424
2389
2388
2386
2387
2411
2388
2469
2477
2465
2462
2461
2476
2468
2394
2387
2386
2388
2387
2476
2493
2513
2470
2462
2463
2585
2440
2395
2389
2386
2386
2414
2451
2590
2471
2462
2461
2463
2463
2581
2471
2463
2461
2463
2461
2486
2549
2467
2462
2462
2462
2483
2576
2509
2467
2463
2461
2462
2489
2666
2399
2392
2388
2388
2432
2394
2547
2470
2462
2463
2480
2465
2464
2493
2391
2387
2388
2405
2392
2389
2494
2392
2388
2402
2392
2389
2464
2393
2391
2388
2405
2390
2389
2466
2391
2391
2466
2481
2473
2464
2468
2465
2474
2465
2465
2463
2464
2476
2471
2475
2467
2464
2464
2462
2469
2478
2470
2464
2462
2463
2465
2483
2395
2391
2389
2388
2389
2411
2450
2396
2390
2390
2525
2469
2402
2392
2390
2388
2388
2389
2388
2480
2482
2468
2462
2464
2461
2474
2482
2468
2462
2462
2463
2471
2465
2453
2393
2390
2388
2389
2401
2393
2471
2464
2462
2463
2477
2393
2416
2391
2388
2388
2389
2421
2394
2415
2388
2389
2388
2431
2396
2392
2414
2388
2388
2388
2466
2481
2469
2476
2467
2464
2467
2396
2419
2390
2450
2473
2463
2543
2527
2506
2402
2469
2464
2473
2469
2463
2462
2470
2390
2407
2392
2390
2389
2388
2412
2388
4340
2935
2629
2498
2626
2501
2490
2398
2394
2389
2388
2582
2493
2474
2468
2461
2463
2464
2556
2478
2464
2464
2464
2462
2498
2485
2471
2465
2464
2463
2473
2484
2475
2467
2462
2465
2463
2496
2577
2471
2465
2464
2463
2485
2560
2468
2466
2464
2462
2499
2471
2466
2466
2463
2464
2471
2584
2405
2559
2397
2392
2388
2410
2395
2390
2655
2477
2465
2484
2469
2466
2570
2410
2394
2389
2438
2394
2391
2499
2394
2390
2440
2396
2390
2389
2496
2395
2429
2408
2392
2389
2389
2473
2395
2467
2470
2465
2464
2465
2547
2492
2477
2400
2394
2388
2389
2555
2409
2396
2390
2389
2388
2389
2689
2476
2468
2463
2463
2464
2582
2397
2393
2389
2388
2391
2391
2512
2397
2390
2389
2388
2390
2456
2493
2395
2392
2390
2391
2508
2435
2477
2394
2390
2389
2389
2449
2486
2617
2473
2465
2463
2502
2470
2468
2481
2466
2466
2464
2477
2470
2471
2468
2463
2463
2474
2470
2465
2438
2391
2388
2389
2411
2392
2389
2414
2389
2391
2407
2397
2389
2389
2391
2389
2390
2409
2398
2400
2396
2397
2397
2460
2488
2475
2471
2468
2483
2481
2523
2560
2527
2485
2559
2601
2497
2463
2459
2458
2459
2493
2447
2389
2386
2385
2384
2385
2557
2502
2467
2461
2459
2530
2464
2559
2465
2460
2459
2460
2459
2600
2466
2463
2460
2460
2460
2481
3089
2478
2463
2461
2461
2480
2467
2471
2464
2462
2460
2461
2479
2476
2470
2463
2461
2461
2482
2468
2467
2462
2461
2460
2479
2465
2462
2463
2461
2463
2461
2478
2465
2474
2388
2386
2387
2401
2391
2388
2388
2388
2387
2386
2505
2473
2465
2475
2462
2463
2478
2466
2461
2461
2473
2398
2401
2390
2389
2387
2387
2439
2464
2470
2465
2462
2478
2388
2411
2431
2395
2389
2388
2387
2386
2412
2429
2390
2387
2387
2388
2388
2425
2392
2388
2388
2388
2387
2387
2495
2477
2465
2462
2462
2462
2478
2475
2464
2463
2462
2461
2493
2522
2473
2464
2461
2462
2461
2483
2467
2476
2462
2462
2461
2480
2467
2464
2461
2463
2461
2479
2468
2465
2464
2462
2462
2460
2477
2467
2464
2462
2462
2461
2495
2483
2469
2467
2463
2463
2479
2466
2463
2462
2479
2464
2462
2486
2467
2465
2467
2464
2463
2500
2501
2544
2496
2476
2475
2488
2472
2463
2461
2461
2464
2477
2467
2463
2464
2463
2461
2462
4273
2741
2668
2494
2507
2486
2485
2470
2464
2463
2462
2663
2477
2467
2461
2462
2461
2461
2740
2474
2465
2461
2462
2461
2583
2472
2466
2461
2463
2462
2481
2526
2394
2388
2386
2388
2388
2464
2436
2392
2469
2468
2462
2471
2468
2481
2467
2464
2461
2478
2484
2476
2469
2464
2464
2464
2477
2469
2474
2469
2464
2462
2474
2468
2461
2468
2464
2463
2472
2467
2466
2463
2465
2461
2463
2475
2466
2463
2464
2463
2463
2479
2467
2462
2462
2464
2462
2480
2468
2463
2463
2462
2463
2462
2495
2477
2466
2463
2462
2469
2475
2468
2464
2463
2463
2469
2498
2472
2464
2462
2464
2463
2475
2471
2466
2463
2464
2463
2463
2448
2398
2390
2388
2389
2389
2429
2421
2391
2388
2389
2389
2388
2434
2420
2390
2389
2389
2388
2448
2488
2485
2467
2465
2463
2463
2477
2475
2451
2394
2399
2597
2428
2395
2430
2467
2466
2462
2477
2394
2393
2416
2391
2390
2389
2422
2395
2389
2414
2391
2391
2421
2393
2392
2391
2413
2391
2389
2423
2394
2390
2389
2416
2389
2419
2486
2472
2467
2463
2479
2464
2482
2468
2464
2465
2469
2455
2431
2397
2393
2391
2388
2421
2467
2423
2395
2390
2389
2389
2415
2426
2396
2391
2391
2391
2389
2414
2427
2394
2390
2389
2389
2416
2431
2488
2392
2390
2389
2390
2392
2502
2474
2467
2464
2465
2464
2476
2484
2466
2463
2465
2464
2479
2472
2465
2396
2391
2389
2391
2426
2418
2470
2466
2464
2464
2520
2473
2603
2470
2466
2464
2487
2471
2467
2687
2477
2468
2484
2468
2468
2570
2473
2468
2464
2503
2486
2471
2594
2398
2393
2409
2398
2390
2389
2684
2478
2491
2471
2467
2463
2462
2525
2394
2440
2398
2390
2389
2389
2506
2409
2396
2390
2389
2511
2499
2394
2512
2475
2465
2464
2463
2554
2453
2397
2391
2389
2390
2388
2524
2491
2477
2472
2471
2467
2466
2638
2484
2472
2469
2467
2507
2771
2509
2468
2460
2459
2459
2469
2446
2390
2384
2386
2385
2386
2479
2467
2461
2459
2461
2459
2466
2463
2461
2459
2459
2459
2467
2391
2401
2397
2386
2386
2384
2474
2476
2563
2502
2463
2461
2483
2469
2463
2667
2469
2465
2482
2464
2464
2460
2564
2467
2462
2488
2468
2531
2545
2464
2463
2497
2498
2530
2474
2554
2466
2480
2465
2461
2460
2460
2539
2493
2466
2465
2460
2461
2461
2462
4351
2619
2663
2497
2612
2505
2404
2391
2388
2386
2389
2538
2485
2468
2462
2462
2461
2461
2500
2475
2464
2460
2461
2461
2472
2471
2465
2461
2461
2460
2468
2465
2463
2462
2461
2462
2460
2470
2466
2462
2460
2462
2461
2479
2481
2604
2467
2464
2462
2483
2468
2466
2666
2471
2462
2596
2485
2530
2561
2470
2462
2461
2494
2471
2462
2466
2464
2462
2478
2466
2463
2461
2480
2470
2461
2472
2471
2473
2471
2470
2472
2480
2480
2463
2460
2446
2385
2452
2471
2392
2387
2384
2492
2387
2371
2318
2314
2314
2315
2470
2398
2320
2317
2314
2314
2314
2368
2354
2319
2315
2314
2314
2314
2370
2453
2323
2315
2314
2314
2314
2369
2348
2316
2313
2314
2314
2314
2379
2341
2316
2314
2314
2314
2314
2436
2448
2393
2384
2385
2383
2449
2388
2491
2385
2385
2385
2384
2423
2387
2474
2393
2385
2385
2417
2388
2384
2418
2387
2384
2383
2387
2317
2314
2370
2314
2316
2343
2341
2316
2314
2371
2313
2315
2373
2318
2315
2314
2339
2315
2314
2409
2395
2322
2315
2449
2315
2315
2354
2317
2314
2314
2484
2323
2348
2316
2315
2314
2314
2369
2317
2376
2319
2315
2313
2314
2369
2314
2375
2317
2314
2314
2314
2327
2387
2317
2315
2314
2314
2314
2314
2370
2318
2314
2314
2314
2362
2315
2460
2380
2319
2315
2314
2315
2372
2526
2390
2386
2384
2384
2383
2425
2493
2393
2384
2384
2384
2423
2389
2413
2387
2384
2384
2384
2513
2490
2422
2401
2394
2416
2531
2502
2430
2399
2393
2390
2387
2486
2445
2404
2420
2396
2394
2705
2488
2482
2536
2493
2522
2649
2674
2636
2524
2490
2474
2759
2533
2477
2470
2486
2468
2695
2590
2421
2459
2487
2723
2477
2704
2642
2776
2823
2788
2692
2510
2478
2477
2469
2469
2489
2493
2476
2468
2465
2467
2467
2884
2499
2475
2468
2489
2501
2837
2676
2623
2573
2476
2472
2854
2483
2474
2465
2462
2461
2610
2502
2470
2466
2461
2466
2494
2478
2478
2469
2493
2471
2469
2514
2495
2508
2613
2807
2526
2640
2533
2472
2470
2466
2467
2777
2484
2490
2473
2469
2467
2632
2546
2502
2667
2475
2621
2703
2512
2680
2925
2491
2550
2761
2500
2500
2574
2483
2471
2703
2495
2478
2499
2475
2470
2614
2675
2535
2735
2651
2560
3032
2498
2488
2490
2489
2491
2740
2710
2621
2476
2470
2539
4350
2515
3662
3517
2636
4155
3472
2584
2481
2473
2900
2504
2477
2479
2469
2463
2590
2682
2480
2465
2461
2458
2522
2476
2469
2459
2458
2458
2458
2489
2471
2465
2458
2458
2458
2494
2476
2429
2386
2384
2385
2384
2681
2621
2702
2396
2385
2486
2406
2389
2412
2386
2384
2409
2397
2412
2385
2407
2383
2384
2384
2392
2385
2385
2370
2314
2313
2375
2318
2315
2314
2338
2313
2313
2373
2317
2314
2313
2338
2314
2313
2460
2367
2321
2314
2452
2315
2411
2322
2316
2314
2314
2393
2440
2430
2393
2384
2384
2385
2431
2458
2395
2388
2385
2384
2383
2418
2419
2389
2384
2383
2384
2383
2446
2387
2385
2384
2384
2383
2384
2418
2317
2315
2314
2314
2314
2314
2478
2371
2318
2314
2315
2313
2375
2453
2319
2316
2315
2314
2314
2431
2368
2444
2320
2315
2314
2344
2316
2358
2330
2316
2314
2314
2370
2317
2315
2369
2313
2314
2313
2996
2327
2371
2315
2314
2315
2345
2317
2315
2314
2338
2314
2314
2408
2424
2395
2383
2557
2389
2402
2386
2386
2383
2384
2671
2393
2402
2387
2383
2384
2500
2390
2434
2390
2386
2383
2383
2484
2386
2398
2387
2383
2383
2384
2480
2426
2318
2315
2314
2313
2313
2387
2328
2320
2314
2313
2314
2313
2314
2500
2382
2321
2314
2314
2434
2358
2528
2320
2313
2313
2314
2313
2357
2641
2325
2315
2313
2314
2314
2540
2443
2391
2385
2384
2384
2423
2388
2410
2384
2383
2383
2383
2425
2411
2384
2384
2383
2384
2446
2464
2465
2385
2384
2384
2384
2501
2410
2484
2400
2385
2384
2423
2389
2385
2425
2434
2389
2418
2411
2386
2383
2405
2316
2314
2425
2327
2318
2315
2371
2314
2315
2355
2318
2314
2314
2370
2313
2378
2317
2316
2313
2314
2314
2338
2376
2319
2315
2314
2363
2314
2338
2458
2399
2393
2384
2384
2383
2454
2388
2386
2384
2385
2384
2384
2534
2399
2384
2383
2383
2384
2399
2415
2387
2383
2384
2383
2384
2399
2411
2385
2384
2383
2384
2431
2342
2316
2315
2313
2314
2314
2350
2317
2315
2314
2313
2314
2313
2426
2387
2427
2317
2315
2313
2374
2389
2386
2487
2393
2386
2384
2393
2388
2384
2410
2386
2385
2450
2417
2388
2383
2408
2383
2385
2736
2465
2426
2426
2314
2314
2403
2321
2316
2365
2314
2339
2314
2439
2440
2576
2425
2412
2385
2443
2482
2393
2385
2383
2439
2437
2424
2389
2385
2383
2383
2416
2514
2585
2599
2497
2551
2486
2672
2425
2392
2384
2384
2384
2384
2489
2400
2385
2384
2384
2384
2416
2421
2388
2384
2384
2384
2384
2421
2366
2316
2314
2315
2314
2315
2461
2486
2322
2314
2314
2314
2370
2317
2517
2322
2316
2314
2314
2346
2317
2392
2316
2316
2313
2314
2450
2390
2411
2386
2384
2439
2426
2388
2409
2409
2384
2385
2383
2418
2387
2385
2409
2385
2384
2415
2389
2385
2384
2408
2383
2385
2461
2372
2320
2314
2452
2316
2347
2318
2315
2314
2314
2482
2324
2349
2317
2315
2314
2314
2369
2317
2376
2316
2314
2314
2314
2370
2344
2318
2316
2314
2314
2313
2369
2377
2318
2314
2314
2314
2313
2314
2415
2320
2314
2313
2315
2313
2396
2501
2328
2320
2313
2314
2314
2357
2490
2398
2387
2383
2385
2383
2422
2447
2392
2385
2385
2384
2440
2388
2420
2385
2384
2383
2384
2422
2386
2357
2314
2313
2314
2377
2317
2314
2371
2315
2314
2314
2351
2318
2315
2337
2314
2315
2314
2476
2368
2319
2450
2317
2315
2345
2316
2315
2314
2484
2323
2318
2477
2402
2365
2316
2371
2317
2347
2316
2316
2314
2314
2370
2316
2375
2318
2316
2314
2315
2369
2315
2350
2319
2315
2314
2315
2327
2327
2416
2318
2315
2315
2314
2314
2437
2420
2322
2317
2313
2315
2314
2481
2320
2315
2314
2314
2314
2364
2554
2326
2317
2315
2314
2314
2457
2373
2320
2314
2314
2314
2314
2402
2374
2316
2314
2314
2313
2315
2501
2438
2388
2384
2384
2385
2415
2388
2410
2384
2383
2383
2385
2441
2417
2494
2388
2384
2383
2415
2387
2384
2499
2323
2315
2314
2346
2317
2314
2368
2316
2315
2377
2317
2316
2313
2370
2314
2314
2354
2320
2314
2314
2368
2314
2314
2345
2316
2314
2313
2339
2314
2351
2318
2315
2315
2313
2314
2338
2425
2412
2325
2314
2362
2315
2449
2347
2318
2314
2313
2314
2314
2520
2325
2318
2314
2314
2313
2313
2433
2319
2315
2313
2314
2314
2313
2400
2318
2314
2313
2314
2313
2376
2484
2319
2315
2313
2313
2313
2403
2372
2451
2320
2314
2314
2314
2422
2434
2422
2391
2384
2385
2425
2387
2419
2437
2386
2385
2383
2448
2389
2416
2387
2385
2384
2415
2388
2384
2409
2385
2384
2384
2464
2322
2315
2371
2315
2314
2374
2317
2316
2314
2338
2314
2314
2379
2320
2316
2365
2340
2314
2315
2550
2509
2526
2396
2451
2427
2418
2389
2385
2383
2383
2424
2432
2422
2388
2385
2384
2383
2417
4184
2762
2844
2543
2417
2589
2325
2319
2314
2313
2313
2313
2874
2332
2320
2314
2314
2314
2314
2672
2327
2316
2314
2314
2313
2443
2571
2399
2402
2389
2386
2400
2387
2437
2387
2384
2384
2383
2398
2387
2514
2390
2385
2383
2422
2387
2387
2400
2386
2383
2384
2515
2329
2370
2316
2314
2314
2395
2355
2366
2315
2368
2314
2313
2377
2318
2315
2314
2339
2313
2313
2441
2401
2322
2315
2451
2316
2315
2382
2318
2314
2314
2483
2326
2366
2318
2315
2313
2314
2369
2316
2353
2318
2313
2313
2314
2368
2315
2373
2317
2313
2313
2313
2369
2381
2318
2315
2313
2314
2314
2338
2348
2318
2314
2313
2313
2313
2314
2486
2380
2320
2314
2314
2313
2375
2455
2316
2314
2314
2313
2313
2350
2488
2325
2315
2313
2313
2313
2385
2375
2317
2314
2314
2313
2408
2367
2452
2315
2315
2315
2313
2400
2320
2455
2363
2319
2314
2314
2438
2318
2370
2317
2314
2314
2387
2421
2325
2440
2330
2316
2314
2381
2319
2314
2359
2447
2317
2314
2354
2317
2314
2340
2345
2315
2409
2318
2316
2313
2313
2368
2314
2375
2319
2314
2313
2313
2369
2314
2382
2318
2314
2313
2315
2338
2381
2317
2316
2314
2313
2314
2338
2426
2460
2393
2385
2384
2384
2530
2389
2387
2384
2383
2383
2383
2479
2398
2388
2384
2383
2383
2445
2420
2389
2384
2384
2384
2383
2962
2377
2316
2314
2314
2314
2351
2317
2373
2315
2314
2314
2313
2347
2317
2340
2313
2314
2314
2314
2452
2444
2498
2389
2385
2384
2422
2387
2386
2467
2393
2386
2384
2425
2388
2385
2417
2388
2385
2420
2387
2385
2386
2372
2314
2313
2349
2317
2313
2313
2369
2314
2314
2350
2317
2314
2314
2338
2313
2382
2322
2316
2314
2314
2338
2313
2429
2410
2324
2314
2314
2397
2373
2354
2317
2314
2314
2362
2355
2514
2321
2318
2314
2313
2314
2314
2405
2319
2315
2313
2313
2313
2313
2441
2319
2314
2313
2313
2314
2373
2369
2318
2313
2313
2313
2315
2348
2343
2314
2314
2313
2313
2313
2420
2526
2321
2314
2314
2313
2380
2317
2460
2350
2317
2313
2314
2439
2320
2374
2317
2316
2314
2313
2430
2389
2410
2411
2385
2384
2423
2388
2385
2414
2469
2388
2384
2472
2391
2385
2410
2388
2385
2421
2388
2386
2384
2408
2384
2383
2434
2400
2392
2410
2433
2385
2439
2487
2545
2480
2469
2482
2497
2493
2485
2485
2510
2481
2478
2485
2473
2466
2474
2484
2485
4299
2985
2650
2571
2490
2545
2476
2478
2467
2460
2459
2457
2499
2471
2463
2458
2459
2458
2543
2574
2472
2461
2458
2459
2477
2484
2467
2462
2458
2458
2457
2476
2473
2468
2460
2458
2458
2467
2461
2430
2386
2383
2383
2392
2317
2316
2369
2314
2313
2313
2586
2319
2316
2366
2313
2313
2397
2378
2317
2361
2338
2315
2314
2407
2424
2323
2316
2450
2315
2314
2346
2317
2314
2314
2490
2326
2317
2346
2316
2314
2314
2590
2458
2447
2398
2393
2396
2344
2374
2317
2388
2318
2314
2314
2314
2370
2369
2349
2316
2314
2314
2314
2340
2386
2321
2316
2314
2314
2314
2339
2457
2382
2319
2314
2315
2314
2402
2376
2318
2315
2314
2313
2313
2356
2481
2320
2315
2314
2315
2314
2378
2374
2317
2314
2315
2314
2373
2318
2372
2314
2314
2314
2315
2374
2370
2370
2315
2314
2314
2314
2345
2317
2338
2314
2314
2313
2314
2475
2362
2452
2316
2314
2313
2346
2317
2314
2418
2387
2317
2314
2409
2319
2314
2387
2441
2389
2425
2386
2385
2384
2422
2448
2388
2417
2388
2384
2383
2417
2386
2416
2388
2385
2384
2384
2409
2384
2389
2319
2314
2315
2314
2369
2315
2472
2368
2319
2315
2315
2393
2463
2320
2315
2315
2315
2314
2358
2460
2324
2315
2313
2315
2315
2313
2472
2389
2384
2383
2383
2408
2446
2389
2384
2383
2383
2383
2384
2440
2386
2384
2383
2384
2383
2414
2411
2383
2383
2385
2383
2384
2460
2448
2375
2316
2314
2314
2345
2317
2354
2449
2320
2314
2314
2429
2486
2358
2331
2316
2313
2344
2315
2314
2313
2370
2314
2313
2342
2316
2314
2313
2368
2313
2313
2343
2317
2313
2314
2338
2314
2314
2345
2315
2313
2313
2339
2314
2409
2425
2325
2316
2315
2450
2316
2358
2320
2314
2314
2315
2365
2440
2376
2318
2314
2315
2361
2368
2349
2318
2314
2313
2314
2313
2313
2430
2318
2314
2314
2313
2313
2313
2397
2317
2314
2313
2314
2313
2342
2339
2316
2314
2313
2314
2314
2423
2413
2326
2316
2314
2313
2315
2405
2452
2316
2314
2313
2313
2372
2317
2432
2372
2318
2314
2313
2373
2318
2368
2317
2314
2314
2314
2471
2322
2371
2315
2314
2314
2381
2317
2315
2314
2368
2314
2313
2402
2318
2314
2313
2338
2314
2314
2488
2426
2393
2385
2493
2385
2454
2320
2317
2314
2367
2482
2396
2474
2521
2472
2397
2396
2446
2422
2388
2384
2382
2383
2410
2329
2380
2319
2314
2314
2314
2313
2477
2637
2878
2618
2559
2490
2494
2404
2395
2318
2314
2314
2314
2613
2435
2395
2384
2383
2383
2428
2521
2325
2314
2314
2313
2313
2482
2450
2395
2384
2383
2384
2423
2390
2418
2385
2383
2383
2383
2393
2387
2385
2384
2383
2384
2396
2389
2396
2314
2314
2313
2314
2607
2319
2313
2314
2313
2312
2442
2426
2393
2410
2435
2385
2383
2392
2388
2384
2383
2511
2390
2400
2388
2385
2384
2409
2387
2385
2398
2388
2383
2383
2420
2314
2313
2353
2317
2314
2313
2313
2369
2349
2318
2314
2313
2313
2314
2338
2382
2319
2314
2313
2313
2314
2337
2464
2379
2318
2314
2313
2314
2487
2320
2316
2313
2314
2314
2314
2516
2330
2317
2314
2314
2313
2314
2409
2322
2315
2314
2313
2313
2350
2374
2316
2314
2313
2314
2314
2393
2344
2347
2314
2314
2314
2314
2486
2419
2411
2383
2383
2384
2435
2470
2449
2438
2385
2384
2383
2416
2387
2407
2448
2388
2383
2422
2390
2384
2414
2317
2314
2313
2406
2320
2315
2368
2315
2313
2348
2318
2316
2313
2313
2369
2314
2377
2317
2314
2313
2314
2337
2313
2436
2322
2315
2314
2313
2448
2316
2452
2342
2316
2314
2314
2442
2450
2391
2386
2383
2383
2383
2440
2463
2390
2384
2383
2383
2384
2456
2388
2387
2384
2383
2383
2383
2451
2388
2383
2384
2385
2384
2411
2374
2317
2313
2313
2313
2314
2378
2343
2314
2313
2313
2314
2314
2442
2502
2321
2314
2314
2314
2352
2317
2486
2322
2315
2313
2313
2404
2321
2370
2317
2314
2314
2313
2381
2317
2368
2314
2313
2313
2381
2371
2454
2402
2314
2315
2313
2349
2318
2314
2313
2339
2314
2314
2445
2317
2313
2314
2338
2314
2416
2419
2322
2316
2314
2451
2315
2382
2318
2314
2314
2314
2487
2362
2317
2317
2313
2313
2313
2368
2363
2322
2315
2313
2313
2362
2368
2351
2318
2313
2313
2314
2313
2367
2377
2318
2313
2314
2314
2314
2404
2318
2315
2314
2314
2313
2314
2437
2406
2323
2315
2314
2314
2313
2379
2453
2315
2313
2313
2313
2415
2318
2487
2324
2315
2315
2313
2381
2319
2370
2316
2314
2313
2313
2350
2317
2370
2313
2314
2313
2408
2318
2314
2366
2314
2313
2313
2351
2318
2314
2338
2314
2313
2313
2462
2424
2391
2438
2426
2384
2424
2390
2385
2384
2421
2432
2386
2452
2389
2385
2408
2417
2386
2443
2488
2572
2436
2360
2373
2316
2357
2318
2314
2313
2313
2369
2435
2323
2317
2313
2314
2313
2446
4288
3375
2792
2768
2460
2716
2405
2393
2384
2383
2383
2452
2492
2322
2314
2313
2314
2314
2358
2486
2322
2313
2313
2313
2313
2382
2373
2316
2314
2313
2313
2532
2321
2369
2315
2314
2313
2314
2379
2317
2369
2313
2314
2313
2314
2349
2316
2338
2314
2314
2313
2407
2481
2392
2437
2386
2384
2431
2426
2387
2386
2440
2392
2386
2422
2388
2387
2384
2417
2386
2384
2399
2388
2384
2384
2351
2314
2328
2317
2315
2313
2314
2337
2315
2327
2318
2315
2315
2313
2314
2314
2459
2318
2314
2314
2314
2314
2314
2443
2366
2318
2315
2313
2352
2399
2321
2314
2315
2314
2313
2313
2481
2325
2316
2314
2314
2314
2314
2416
2320
2314
2314
2314
2314
2329
2341
2315
2314
2314
2313
2314
2326
2342
2315
2313
2314
2314
2313
2382
2319
2315
2313
2314
2314
2365
2463
2442
2393
2385
2384
2383
2392
2387
2457
2417
2389
2385
2401
2387
2385
2409
2387
2385
2384
2392
2387
2385
2400
2313
2314
2313
2350
2317
2313
2369
2314
2314
2349
2317
2315
2313
2327
2314
2313
2348
2318
2314
2314
2313
2339
2313
2462
2383
2318
2314
2314
2454
2352
2318
2315
2314
2314
2314
2484
2360
2322
2315
2314
2314
2313
2368
2426
2390
2385
2383
2384
2383
2452
2392
2386
2384
2385
2384
2384
2464
2389
2385
2383
2383
2384
2446
2495
2395
2385
2383
2383
2384
2439
2478
2392
2384
2384
2384
2416
2388
2485
2388
2385
2384
2383
2425
2388
2410
2384
2384
2383
2398
2387
2384
2409
2383
2384
2384
2355
2317
2314
2370
2314
2313
2378
2316
2314
2313
2337
2314
2314
2380
2538
2316
2314
2339
2313
2314
2457
2386
2321
2314
2450
2316
2380
2319
2315
2313
2314
2483
2322
2355
2318
2314
2313
2314
2368
2316
2351
2318
2315
2313
2314
2371
2349
2317
2315
2313
2313
2313
2417
2381
2320
2314
2313
2314
2313
2314
2377
2319
2314
2314
2314
2313
2314
2445
2369
2321
2314
2313
2313
2380
2455
2317
2314
2315
2313
2313
2382
2495
2323
2317
2313
2315
2350
2381
2373
2316
2315
2314
2314
2379
2317
2372
2315
2314
2314
2314
2347
2318
2370
2313
2314
2313
2313
2411
2317
2339
2314
2313
2314
2414
2421
2322
2317
2453
2315
2314
2461
2322
2315
2314
2488
2320
2356
2317
2315
2313
2315
2368
2315
2720
2466
2447
2383
2410
2409
2453
2398
2573
2431
2386
2409
2383
2425
2386
2384
2385
2382
2408
2413
2387
2385
2384
2384
2383
2409
4501
2856
2730
2505
2484
2493
2406
2347
2318
2313
2313
2314
2510
2399
2387
2383
2384
2383
2454
2530
2326
2316
2314
2314
2313
2386
2475
2326
2315
2315
2314
2357
2318
2372
2315
2314
2313
2314
2505
2319
2371
2314
2313
2313
2314
2436
2354
2486
2316
2314
2314
2439
2390
2386
2484
2391
2386
2431
2401
2388
2384
2409
2386
2385
2421
2388
2384
2383
2407
2384
2384
2420
2386
2384
2383
2407
2386
2398
2389
2384
2383
2383
2385
2385
2397
2387
2383
2384
2383
2385
2421
2432
2325
2316
2313
2314
2419
2390
2322
2316
2315
2314
2313
2479
2342
2319
2314
2314
2315
2314
2472
2325
2318
2314
2313
2314
2313
2352
2320
2315
2314
2313
2314
2314
2373
2319
2315
2314
2314
2314
2317
2349
2317
2315
2313
2314
2314
2390
2425
2443
2388
2385
2384
2384
2415
2410
2489
2390
2385
2384
2423
2391
2387
2409
2386
2384
2383
2398
2387
2383
2363
2315
2314
2344
2317
2315
2314
2370
2314
2314
2349
2318
2314
2314
2339
2313
2314
2348
2318
2314
2313
2338
2314
2314
2449
2364
2317
2315
2450
2315
2353
2320
2314
2314
2313
2365
2465
2359
2318
2314
2313
2314
2368
2352
2317
2316
2313
2314
2313
2314
2435
2321
2315
2313
2314
2314
2314
2427
2318
2315
2314
2314
2314
2313
2407
2317
2314
2314
2313
2313
2468
2424
2324
2316
2314
2314
2313
2352
2454
2316
2316
2313
2314
2314
2439
2536
2338
2318
2313
2314
2380
2320
2376
2422
2317
2315
2314
2354
2318
2368
2316
2315
2314
2313
2375
2317
2369
2314
2315
2314
2350
2318
2316
2313
2370
2315
2314
2440
2399
2323
2314
2450
2315
2315
2552
2377
2315
2314
2485
2320
2353
2319
2315
2313
2314
2369
2315
2353
2319
2314
2314
2314
2371
2348
2317
2315
2314
2313
2314
2368
2348
2318
2314
2313
2314
2313
2386
2348
2317
2314
2313
2314
2314
2337
2454
2374
2320
2313
2314
2314
2387
2455
2317
2314
2314
2313
2314
2504
2540
2329
2315
2314
2314
2353
2316
2371
2317
2314
2314
2314
2371
2318
2372
2418
2317
2314
2314
2381
2318
2368
2314
2315
2402
2351
2317
2316
2338
2314
2314
2313
2444
2427
2391
2494
2386
2385
2383
2424
2388
2384
2463
2389
2387
2451
2391
2386
2384
2418
2385
2385
2422
2388
2384
2383
2379
2313
2402
2318
2315
2314
2365
2369
2315
2395
2501
2577
2342
2317
2338
2344
2316
2315
2313
2314
2313
2338
2417
2413
2323
2316
2314
2314
2449
4632
2836
2635
2518
2490
2618
2371
2325
2316
2314
2314
2314
2519
2400
2387
2384
2384
2385
2426
2460
2396
2386
2384
2384
2415
2387
2372
2316
2315
2314
2314
2421
2389
2413
2384
2384
2383
2384
2511
2422
2495
2385
2384
2383
2521
2323
2318
2491
2395
2385
2384
2457
2391
2398
2444
2392
2384
2485
2390
2385
2441
2388
2386
2384
2418
2387
2384
2409
2385
2384
2413
2387
2384
2384
2409
2314
2314
2374
2317
2314
2313
2338
2313
2399
2428
2323
2316
2313
2315
2451
2346
2318
2315
2314
2314
2315
2486
2384
2318
2314
2314
2314
2313
2424
2318
2315
2314
2314
2314
2314
2433
2319
2316
2314
2314
2314
2314
2398
2318
2314
2313
2314
2314
2343
2340
2316
2313
2315
2313
2314
2418
2496
2379
2317
2314
2314
2314
2374
2360
2448
2322
2315
2315
2375
2318
2378
2358
2316
2314
2315
2344
2318
2315
2370
2313
2314
2313
2373
2317
2315
2368
2315
2314
2363
2331
2315
2314
2338
2314
2316
2376
2318
2315
2314
2338
2314
2314
2444
2394
2321
2315
2449
2316
2330
2363
2317
2313
2315
2366
2437
2353
2318
2314
2314
2314
2356
2329
2345
2317
2314
2314
2314
2314
2371
2347
2316
2315
2314
2314
2314
2464
2318
2316
2313
2314
2313
2314
2402
2318
2315
2314
2314
2314
2313
2429
2380
2322
2314
2314
2314
2382
2462
2318
2316
2314
2314
2314
2374
2423
2388
2319
2314
2314
2314
2940
2375
2317
2315
2314
2315
2345
2317
2370
2314
2314
2314
2314
2345
2316
2370
2315
2314
2314
2315
2345
2315
2314
2339
2314
2313
2410
2400
2396
2386
2561
2389
2385
2432
2387
2383
2485
2579
2397
2433
2387
2384
2384
2502
2390
2387
2527
2411
2387
2384
2403
2314
2377
2320
2314
2314
2313
2369
2314
2380
2317
2315
2313
2313
2327
2414
2320
2315
2314
2314
2313
2362
2444
2413
2323
2315
2314
2314
2313
2459
2320
2315
2313
2314
2313
2359
2534
2322
2316
2313
2313
2314
2346
2371
2318
2315
2313
2313
2313
2445
2415
2386
2384
2383
2384
2445
2389
2411
2385
2384
2384
2383
2430
2392
2410
2384
2383
2384
2421
2478
2393
2467
2315
2314
2314
2445
2325
2318
2487
2325
2316
2347
2436
2323
2316
2462
2323
2316
2314
2369
2314
2313
2380
2316
2312
2314
2369
2314
2398
2319
2316
2313
2324
2379
2315
2434
2475
2573
2326
2315
2339
2392
2434
2323
2317
2313
2314
2479
2387
2321
2314
2314
2314
2313
2420
2725
3196
2815
2584
2418
2524
2424
2351
2320
2314
2313
2314
2371
2470
2393
2384
2384
2383
2383
2437
2439
2392
2384
2383
2384
2423
2420
2388
2385
2383
2383
2383
2496
2468
2390
2385
2384
2383
2424
2389
2438
2420
2387
2385
2383
2428
2388
2402
2317
2315
2314
2432
2391
2388
2411
2385
2384
2384
2472
2388
2385
2432
2384
2383
2418
2387
2384
2383
2408
2384
2384
2466
2463
2459
2458
2454
2386
2428
2402
2393
2384
2385
2549
2392
2421
2387
2384
2384
2384
2440
2423
2388
2385
2384
2383
2383
2371
2376
2318
2313
2314
2314
2313
2400
2316
2313
2314
2314
2313
2313
2368
2318
2315
2314
2313
2313
2313
2369
2316
2314
2314
2314
2313
2391
2401
2360
2318
2315
2313
2313
2344
2397
2372
2316
2314
2314
2313
2372
2317
2532
2320
2314
2315
2372
2316
2363
2370
2317
2313
2314
2345
2316
2314
2369
2315
2314
2313
2375
2318
2314
2367
2315
2314
2314
2372
2315
2313
2338
2313
2313
2380
2416
2322
2317
2447
2317
2316
2346
2317
2313
2313
2365
2441
2348
2316
2316
2314
2314
2357
2328
2376
2318
2315
2313
2313
2313
2369
2344
2318
2313
2314
2314
2313
2369
2346
2316
2314
2314
2314
2313
2431
2318
2315
2314
2314
2314
2314
2394
2406
2322
2315
2313
2314
2315
2481
2319
2315
2314
2315
2314
2375
2483
2375
2317
2315
2314
2313
2347
2373
2319
2314
2315
2313
2314
2371
2343
2344
2314
2313
2314
2403
2318
2316
2370
2314
2314
2314
2345
2316
2314
2338
2314
2313
2314
2417
2388
2320
2451
2316
2314
2344
2316
2316
2314
2485
2323
2315
2374
2319
2314
2313
2368
2316
2316
2345
2317
2314
2314
2371
2314
2356
2328
2315
2313
2314
2368
2315
2437
2491
2390
2385
2384
2438
2437
2420
2388
2383
2383
2384
2417
2506
2463
2392
2385
2384
2384
2487
2423
2389
2383
2383
2384
2383
2469
2398
2389
2383
2385
2384
2383
2449
2390
2384
2383
2383
2384
2426
2414
2386
2385
2384
2383
2384
2416
2386
2315
2315
2313
2314
2374
2320
2340
2314
2314
2314
2314
2436
2401
2455
2318
2314
2314
2313
2348
2316
2367
2439
2318
2314
2405
2319
2315
2369
2316
2316
2314
2381
2320
2315
2314
2370
2314
2314
2457
2321
2314
2313
2371
2314
2376
2316
2315
2313
2314
2338
2314
2375
2319
2314
2314
2365
2340
2314
2498
2562
2488
2408
2396
2494
2420
2387
2385
2385
2384
2384
2485
2393
2388
2385
2384
2384
2384
4123
2821
2740
2520
2418
2582
2416
2324
2316
2315
2315
2314
2353
2564
2329
2316
2314
2315
2314
2350
2483
2323
2316
2314
2314
2410
2403
2473
2394
2386
2384
2383
2426
2388
2468
2388
2385
2384
2442
2387
2400
2404
2384
2383
2383
2415
2387
2410
2384
2384
2384
2458
2318
2317
2370
2314
2314
2314
2569
2321
2315
2373
2326
2314
2313
2353
2317
2315
2314
2339
2314
2403
2425
2322
2316
2313
2453
2315
2346
2318
2315
2314
2314
2484
2323
2383
2319
2315
2315
2314
2369
2377
2318
2316
2315
2315
2314
2370
2380
2321
2315
2314
2314
2314
2438
2388
2317
2314
2315
2314
2314
2393
2460
2322
2315
2315
2315
2314
2596
2376
2327
2315
2314
2313
2314
2354
2449
2315
2314
2314
2313
2371
2316
2488
2320
2316
2314
2315
2372
2318
2394
2317
2314
2313
2314
2380
2366
2365
2315
2314
2314
2376
2317
2314
2367
2314
2314
2314
2344
2318
2314
2338
2314
2314
2314
2467
2374
2321
2450
2315
2314
2372
2317
2315
2313
2363
2441
2318
2372
2316
2315
2314
2354
2331
2315
2345
2316
2314
2313
2313
2370
2382
2318
2314
2312
2313
2313
2368
2343
2317
2315
2313
2314
2313
2338
2349
2319
2314
2313
2313
2313
2382
2486
2394
2388
2385
2384
2384
2504
2390
2385
2384
2384
2383
2414
2466
2396
2386
2384
2384
2385
2439
2420
2386
2384
2385
2384
2428
2316
2370
2314
2315
2313
2315
2344
2317
2371
2314
2314
2314
2313
2344
2318
2339
2313
2314
2313
2314
2473
2368
2443
2329
2314
2315
2372
2317
2315
2361
2477
2318
2314
2347
2319
2315
2352
2334
2316
2325
2335
2315
2314
2313
2370
2314
2344
2318
2314
2314
2314
2368
2314
2345
2319
2315
2313
2314
2340
2314
2405
2318
2315
2314
2315
2340
2406
2527
2328
2318
2314
2314
2450
2348
2319
2314
2314
2313
2314
2466
2398
2321
2314
2314
2314
2313
2448
2393
2389
2384
2384
2383
2384
2550
2390
2387
2384
2383
2383
2413
2429
2446
2388
2384
2384
2383
2430
2424
2387
2384
2384
2384
2419
2397
2458
2319
2320
2318
2313
2377
2317
2483
2324
2316
2314
2346
2317
2315
2369
2316
2314
2313
2403
2317
2315
2370
2314
2313
2313
2378
2319
2314
2370
2314
2314
2441
2333
2317
2314
2326
2327
2314
2381
2319
2314
2314
2314
2338
2313
2477
2432
2391
2384
2409
2493
2458
2409
2581
2416
2386
2496
2544
2389
2386
2384
2385
2383
2505
2402
2389
2384
2384
2384
2383
2495
2668
2555
2631
2533
2418
2326
2640
2320
2315
2314
2314
2314
2329
2662
2330
2317
2314
2314
2313
2427
2585
2397
2387
2384
2383
2402
2387
2489
2392
2386
2385
2385
2395
2388
2413
2386
2383
2384
2391
2387
2385
2408
2384
2384
2383
2391
2387
2385
2364
2314
2314
2325
2499
2390
2387
2410
2384
2384
2478
2389
2385
2408
2408
2384
2411
2501
2329
2320
2314
2499
2385
2416
2387
2384
2383
2397
2455
2417
2387
2387
2384
2383
2405
2398
2416
2387
2385
2383
2384
2409
2383
2414
2386
2384
2383
2384
2411
2412
2321
2314
2314
2314
2313
2338
2382
2316
2314
2314
2314
2313
2346
2421
2364
2319
2314
2314
2314
2344
2453
2317
2315
2314
2313
2313
2407
2474
2400
2387
2384
2385
2424
2387
2454
2395
2386
2385
2384
2422
2388
2420
2387
2385
2383
2415
2387
2409
2409
2384
2385
2384
2381
2318
2314
2369
2314
2313
2315
2474
2366
2320
2451
2315
2316
2345
2318
2315
2315
2484
2323
2316
2373
2319
2314
2313
2370
2317
2358
2328
2316
2314
2314
2370
2315
2412
2501
2476
2472
2467
2561
2515
2499
2395
2387
2383
2384
2473
2404
2387
2384
2422
2423
2390
2508
2424
2392
2387
2384
2383
2384
2602
2320
2314
2313
2315
2313
2326
2645
2389
2321
2314
2313
2313
2331
2468
2319
2314
2315
2314
2313
2442
2405
2318
2314
2313
2313
2325
2317
2410
2318
2314
2313
2314
2426
2388
2387
2384
2383
2383
2383
2433
2419
2438
2388
2384
2384
2394
2388
2385
2484
2391
2386
2383
2396
2387
2384
2378
2317
2314
2450
2320
2320
2315
2368
2314
2313
2378
2318
2314
2314
2370
2314
2314
2346
2315
2313
2314
2338
2315
2376
2319
2315
2313
2314
2338
2314
2431
2400
2322
2315
2314
2340
2424
2350
2316
2313
2314
2314
2314
2558
2485
2389
2385
2383
2383
2426
2439
2389
2384
2384
2384
2384
2439
2388
2386
2383
2383
2383
2383
2439
2386
2383
2384
2383
2383
2445
2341
2315
2313
2314
2313
2313
2402
2502
2378
2317
2314
2314
2313
2397
2322
2493
2399
2386
2384
2417
2389
2399
2440
2390
2383
2383
2417
2387
2415
2386
2384
2383
2444
2388
2385
2408
2384
2384
2384
2421
2387
2384
2410
2313
2313
2427
2323
2316
2313
2339
2314
2314
2407
2397
2322
2313
2313
2451
2314
2401
2318
2313
2313
2365
2488
2676
2413
2615
2333
2317
2357
2330
2348
2317
2314
2314
2313
2313
2399
2317
2315
2313
2314
2314
2313
4289
2795
2637
2539
2419
2429
2466
2399
2325
2316
2313
2314
2437
2536
2402
2387
2384
2383
2424
2401
2500
2321
2315
2313
2313
2348
2318
2462
2321
2314
2313
2314
2356
2318
2370
2316
2314
2314
2351
2317
2315
2369
2314
2313
2314
2348
2318
2313
2369
2313
2314
2314
2436
2394
2384
2410
2384
2383
2461
2426
2325
2317
2498
2316
2313
2345
2318
2314
2313
2470
2334
2316
2595
2319
2313
2314
2369
2317
2351
2317
2315
2314
2314
2369
2315
2369
2318
2314
2313
2313
2367
2315
2350
2317
2314
2314
2314
2313
2398
2316
2316
2314
2314
2314
2314
2460
2453
2394
2385
2384
2385
2423
2494
2388
2385
2383
2383
2383
2419
2470
2392
2384
2384
2383
2421
2386
2420
2384
2385
2383
2384
2420
2413
2329
2315
2314
2313
2314
2380
2318
2371
2314
2314
2314
2430
2321
2328
2485
2316
2315
2314
2453
2487
2526
2827
2487
2464
2484
2464
2472
2770
2415
2425
2398
2410
2411
2402
2469
2473
2470
2484
2482
2498
2496
2478
2410
2403
2390
2385
2383
2385
2409
2384
2457
2391
2384
2383
2383
2384
2398
2386
2384
2383
2384
2383
2384
2498
2474
2462
2459
2457
2461
2452
2392
2385
2383
2383
2384
2435
2431
2393
2384
2384
2384
2384
2416
2391
2385
2384
2383
2383
2383
2396
2317
2313
2313
2314
2313
2351
2419
2317
2314
2314
2313
2314
2344
2318
2339
2314
2313
2313
2313
2463
2375
2455
2315
2314
2314
2413
2391
2385
2490
2390
2385
2384
2400
2388
2384
2410
2385
2383
2391
2389
2384
2384
2407
2384
2382
2399
2388
2383
2384
2408
2383
2402
2409
2320
2314
2314
2314
2314
2331
2318
2314
2313
2315
2314
2314
2432
2380
2321
2314
2314
2419
2333
2317
2316
2314
2314
2315
2466
2343
2320
2315
2314
2315
2313
2376
2353
2319
2314
2314
2314
2313
2439
2479
2388
2386
2385
2384
2384
2437
2387
2384
2384
2383
2384
2415
2387
2387
2463
2461
2459
2458
2483
2481
2324
2316
2315
2313
2347
2316
2486
2324
2315
2396
2315
2384
2321
2371
2317
2315
2314
2314
2410
2320
2372
2315
2313
2313
2405
2317
2315
2369
2314
2313
2314
2425
2324
2315
2390
2373
2314
2315
2383
2317
2313
2353
2465
2320
2383
2484
2327
2318
2362
2430
2391
2426
2386
2384
2383
2407
2448
2432
2394
2386
2383
2384
2441
2387
2482
2505
2506
2401
2384
2410
2465
2319
2315
2314
2313
2314
2371
2377
2318
2315
2314
2315
2314
2338
2621
2744
2870
2574
2493
2508
2644
2423
2406
2395
2387
2384
2424
2537
2330
2317
2314
2314
2356
2317
2505
2323
2316
2314
2314
2375
2319
2373
2317
2314
2314
2314
2345
2317
2370
2315
2314
2313
2365
2328
2316
2369
2314
2315
2313
2345
2318
2315
2338
2313
2313
2314
2515
2448
2396
2434
2387
2384
2400
2435
2386
2383
2439
2393
2388
2402
2388
2384
2383
2414
2386
2401
2389
2416
2481
2456
2463
2423
2621
2439
2399
2394
2394
2566
2475
2400
2612
2886
2718
2635
2863
2590
2963
2855
3035
2518
2861
2712
2534
2538
2774
3656
2502
2495
2497
2464
2540
2608
2468
2453
2396
2391
2393
2434
2585
2491
2431
2485
2484
2497
2540
2456
2498
2501
2506
2474
2492
2489
2473
2403
2472
2524
2483
2473
2445
2465
2394
2389
2386
2440
2402
2448
2450
2392
2387
2417
2461
2408
2443
2395
2388
2385
2426
2388
2385
2401
2317
2314
2419
2321
2315
2313
2370
2313
2314
2415
2321
2316
2315
2391
2372
2513
2422
2624
2582
2535
2715
2485
2469
2454
2474
2479
2450
2500
2524
2564
2473
2467
2490
2603
2522
2472
2717
2466
2462
2461
2818
2486
2505
2568
2500
2444
2713
2578
2556
2553
2604
2604
2637
2615
2483
2464
2418
2476
2431
2453
2533
2474
2400
2388
2383
2440
2660
2561
2326
2316
2314
2314
2510
2534
2398
2322
2314
2314
2399
2341
2479
2381
2321
2314
2316
2792
2516
2594
2351
2320
2314
2414
2325
2320
2633
2334
2320
2313
2377
2499
2429
2603
2405
2363
2535
2525
2400
2468
2710
2547
2598
2549
2514
2356
2697
2662
2516
2524
2373
2644
2531
2505
2537
2393
2388
2481
2395
2401
2490
2358
2319
2315
2313
2314
2313
2482
2376
2319
2314
2314
2492
2352
2484
2393
2385
2383
4028
2822
2569
2361
2323
2315
2314
2314
2389
2523
2412
2388
2385
2384
2385
2470
2405
2328
2315
2314
2314
2397
2485
2438
2454
4039
3328
4391
3541
2516
2490
2454
2395
2654
2810
2529
2600
2477
2505
2656
2474
2467
2492
2464
2459
2458
2458
2460
2479
2475
2463
2459
2458
2458
2487
2480
2467
2462
2458
2458
2458
2627
2539
2399
2387
2385
2384
2532
2835
2591
2622
2632
2645
2631
2571
2531
2488
2491
2427
2468
2721
2554
2488
2488
2488
2487
2497
2592
2492
2480
2472
2471
2470
2396
2423
2385
2384
2385
4262
2584
2664
2571
2484
2504
2476
2476
2477
2472
2464
2458
2471
2462
2459
2472
2469
2463
2480
2464
2459
2457
2418
2388
2383
2400
2386
2383
2384
2371
2313
2349
2317
2314
2313
2313
2369
2315
2350
2317
2313
2313
2314
2338
2314
2484
2368
2319
2314
2314
2450
2546
2322
2315
2313
2313
2313
2471
2411
2321
2313
2396
2314
2313
2500
2498
2493
2485
2480
2481
2481
2500
2485
2470
2461
2458
2458
2474
2464
2460
2458
2458
2457
2469
2465
2462
2458
2458
2457
2458
2426
2474
2322
2316
2314
2313
2392
2322
2392
2431
2319
2314
2314
2363
2320
2376
2316
2316
2313
2314
2359
2318
2314
2339
2313
2313
2379
2388
2385
2384
2407
2384
2384
2415
2387
2384
2383
2384
2384
2397
2386
2384
2383
2383
2384
2383
2427
2422
2390
2385
2395
2426
2372
2318
2316
2314
2313
2314
2550
2389
2319
2315
2314
2315
2314
2394
2348
2318
2314
2313
2314
2313
2398
2318
2316
2314
2314
2314
2313
2400
2318
2314
2315
2313
2313
2313
2375
2318
2315
2314
2314
2313
2313
2473
2373
2321
2314
2314
2314
2344
2397
2372
2315
2313
2313
2314
2368
2317
2490
2320
2315
2313
2314
2346
2316
2371
2316
2314
2314
2375
2319
2315
2371
2313
2314
2314
2350
2318
2314
2367
2315
2313
2315
2382
2317
2315
2338
2314
2314
2408
2427
2324
2316
2473
2317
2314
2346
2318
2314
2314
2381
2425
2318
2349
2317
2315
2313
2370
2317
2352
2318
2314
2314
2314
2314
2369
2344
2317
2314
2314
2314
2313
2370
2372
2317
2314
2314
2314
2314
2372
2316
2315
2314
2314
2314
2313
2441
2413
2321
2316
2314
2314
2314
2482
2318
2316
2314
2313
2313
2343
2421
2386
2317
2313
2314
2314
2372
2372
2317
2316
2313
2313
2314
2352
2343
2346
2314
2313
2314
2313
2387
2317
2368
2314
2313
2314
2457
2463
2460
2460
2458
2458
2457
2492
2468
2464
2462
2459
2458
2470
2448
2389
2442
2394
2387
2426
2388
2384
2384
2388
2316
2314
2420
2387
2384
2384
2408
2384
2414
2387
2386
2384
2384
2408
2383
2417
2387
2385
2383
2383
2384
2419
2388
2385
2384
2384
2384
2351
2484
2391
2329
2315
2315
2313
2515
2319
2318
2314
2314
2314
2313
2490
2329
2318
2314
2314
2314
2314
2507
2324
2315
2457
2317
2315
2403
2374
2319
2315
2314
2315
2314
2378
2458
2541
2382
2318
2314
2314
2353
2342
2313
2314
2313
2313
2376
2426
2400
2376
2315
2314
2313
4119
2997
2902
2494
2484
2497
2475
2465
2596
2391
2387
2385
2426
2386
2384
2454
2423
2386
2418
2387
2384
2384
2383
2317
2315
2352
2317
2314
2314
2370
2314
2348
2317
2314
2314
2314
2369
2314
2440
2455
2395
2384
2384
2492
2429
2388
2386
2384
2383
2383
2464
2678
2324
2316
2313
2313
2313
2369
2350
2318
2314
2397
2313
2313
2435
2318
2315
2313
2314
2313
2313
2406
2318
2315
2313
2314
2314
2313
2374
2317
2314
2314
2314
2313
2403
2428
2460
2319
2313
2314
2313
2540
2321
2491
2320
2314
2313
2315
2372
2315
2370
2316
2315
2314
2410
2320
2315
2370
2313
2314
2313
2380
2319
2314
2369
2315
2314
2315
2351
2316
2313
2338
2313
2314
2378
2317
2315
2314
2338
2314
2314
2431
2407
2321
2315
2394
2373
2315
2347
2317
2315
2314
2352
2451
2379
2318
2316
2313
2314
2313
2423
2373
2318
2315
2313
2314
2313
2369
2373
2316
2314
2314
2314
2314
2399
2317
2317
2313
2314
2314
2314
2399
2317
2314
2314
2314
2314
2313
2451
2388
2323
2315
2313
2314
2343
2452
2318
2316
2314
2314
2313
2371
2364
2475
2320
2314
2314
2313
2373
2356
2333
2316
2314
2313
2367
2316
2316
2371
2314
2315
2314
2408
2317
2315
2372
2315
2315
2314
2381
2318
2315
2338
2315
2313
2314
2482
2363
2318
2449
2316
2315
2346
2317
2315
2314
2533
2323
2318
2376
2317
2314
2314
2368
2316
2345
2316
2315
2313
2314
2369
2315
2372
2317
2315
2314
2314
2351
2329
2350
2318
2314
2313
2315
2313
2339
2344
2316
2314
2314
2314
2313
2400
2423
2325
2316
2313
2314
2313
2433
2319
2316
2313
2313
2314
2313
2514
2328
2318
2314
2314
2314
2345
2370
2318
2315
2314
2314
2314
2345
2372
2314
2315
2314
2314
2313
2372
2371
2315
2314
2314
2314
2349
2317
2315
2339
2314
2314
2314
2394
2415
2324
2498
2315
2314
2314
2353
2318
2315
2484
2326
2315
2372
2318
2316
2314
2369
2316
2315
2400
2479
2388
2384
2410
2384
2384
2446
2387
2384
2383
2410
2383
2415
2388
2386
2384
2383
2408
2384
2438
2387
2385
2384
2383
2409
2456
2424
2396
2387
2384
2384
2558
2444
2390
2385
2383
2383
2383
2790
2396
2385
2384
2383
2383
2515
2387
2387
2384
2384
2383
2383
2529
2317
2315
2313
2313
2314
2314
2494
2390
2386
2384
2384
2383
2409
2421
2565
2401
2383
2383
2384
2431
2468
2391
2385
2384
2384
2395
2389
2494
2349
2318
2314
2314
2686
3166
2721
2472
2419
2405
2439
2403
2337
2486
2320
2315
2381
2319
2316
2313
2494
2323
2317
2356
2318
2315
2314
2371
2316
2378
2318
2316
2314
2314
2369
2314
2390
2390
2323
2314
2314
2451
2314
2346
2318
2313
2314
2313
2481
2362
2319
2317
2314
2314
2313
2369
2457
2393
2385
2383
2384
2383
2408
2402
2387
2383
2430
2384
2383
2422
2388
2385
2383
2385
2383
2384
2396
2388
2383
2383
2383
2383
2423
2413
2324
2315
2314
2313
2314
2330
2423
2317
2316
2313
2313
2313
2354
2376
2416
2319
2314
2314
2537
2320
2377
2317
2314
2314
2314
2445
2318
2337
2314
2314
2314
2313
2330
2316
2314
2337
2314
2313
2326
2317
2315
2313
2314
2313
2314
2429
2402
2321
2314
2419
2316
2315
2382
2319
2313
2314
2463
2322
2356
2319
2316
2313
2314
2375
2316
2385
2321
2313
2315
2314
2387
2315
2353
2317
2313
2313
2313
2336
2327
2317
2315
2314
2313
2313
2313
2352
2319
2314
2313
2313
2313
2313
2426
2386
2320
2314
2313
2313
2342
2434
2318
2314
2314
2313
2314
2351
2472
2324
2317
2314
2314
2313
2334
2401
2319
2315
2313
2314
2314
2331
2340
2314
2314
2314
2313
2326
2317
2314
2337
2313
2314
2313
2381
2321
2314
2315
2313
2314
2314
2436
2377
2321
2422
2316
2315
2329
2317
2315
2314
2467
2324
2315
2332
2318
2315
2313
2426
2316
2315
2330
2317
2314
2313
2338
2314
2328
2318
2315
2313
2313
2337
2314
2349
2318
2314
2313
2314
2313
2315
2377
2318
2314
2314
2313
2314
2314
2447
2369
2319
2313
2313
2312
2436
2320
2315
2313
2314
2313
2313
2558
2328
2317
2313
2314
2314
2314
2443
2321
2314
2313
2313
2314
2439
2344
2316
2314
2313
2313
2314
2327
2342
2315
2313
2314
2313
2429
2388
2387
2385
2385
2384
2384
2428
2425
2439
2389
2386
2384
2400
2386
2385
2534
2393
2386
2383
2416
2387
2383
2396
2316
2315
2313
2352
2317
2314
2338
2314
2313
2376
2318
2314
2313
2337
2314
2314
2426
2464
2463
2459
2460
2458
2470
2473
2465
2459
2458
2461
2458
2492
2473
2462
2458
2458
2463
2470
2464
2460
2458
2458
2458
2572
2322
2318
2314
2314
2314
2314
2433
2321
2315
2315
2313
2315
2313
2407
2322
2314
2313
2315
2313
2401
2424
2320
2314
2314
2313
2315
2400
2344
2316
2314
2314
2315
2313
2476
2704
2515
2412
2394
2385
2702
2464
2452
2392
2385
2384
2402
2386
2385
2417
2385
2384
2384
2496
2921
3021
3620
2488
2496
2477
2482
2418
2414
2386
2385
2396
2387
2383
2411
2432
2390
2394
2387
2385
2384
2413
2316
2315
2407
2370
2319
2315
2394
2370
2313
2373
2316
2313
2313
2314
2485
2409
2321
2315
2314
2314
2314
2371
2374
2318
2313
2314
2313
2314
