688
646
627
725
646
575
559
648
530
516
499
487
477
306
293
290
288
287
288
290
292
287
287
287
287
295
288
286
288
286
291
290
287
287
286
286
292
287
307
353
332
302
294
293
292
369
306
297
293
445
416
423
483
474
428
417
405
397
389
382
377
368
363
356
350
344
339
334
330
326
323
318
316
313
310
306
307
304
302
301
299
298
297
304
293
293
294
292
291
291
290
290
290
288
288
288
287
288
288
298
310
331
342
336
325
323
317
313
311
310
307
306
304
303
303
301
299
299
297
296
296
293
293
293
293
292
292
292
291
290
291
289
289
288
287
298
289
289
289
289
288
289
288
288
288
288
288
319
338
306
302
300
299
299
400
309
318
347
337
327
323
434
318
317
313
311
310
309
307
306
303
303
301
300
299
298
296
297
298
296
296
295
294
293
294
294
314
294
293
295
293
291
291
291
291
291
290
291
290
290
290
291
290
289
289
290
289
290
379
304
299
296
297
296
294
294
293
292
293
293
291
291
291
291
292
291
291
290
290
291
291
290
291
290
289
290
291
289
293
307
297
303
305
307
312
309
315
319
313
309
309
306
305
304
303
302
300
300
298
298
297
296
296
295
385
340
298
297
298
298
295
294
294
293
294
294
292
292
292
291
291
291
291
290
291
289
290
290
288
289
288
304
291
291
290
291
289
290
290
289
289
289
290
290
290
289
289
288
288
290
288
288
289
290
289
289
289
289
288
289
289
378
318
431
318
312
311
307
306
305
303
302
304
303
300
300
298
297
297
297
295
295
294
314
296
294
295
295
293
294
293
293
293
292
292
293
291
292
292
290
290
292
290
290
290
289
290
290
290
290
290
290
289
290
291
289
383
299
296
296
295
294
293
292
293
293
293
291
291
292
292
291
291
290
290
290
303
291
290
291
291
290
291
291
291
290
291
291
291
291
291
290
289
290
291
290
290
289
289
288
290
290
289
290
289
288
290
290
290
290
290
290
290
366
292
293
291
291
292
291
290
290
291
289
290
290
290
289
290
301
290
291
291
289
290
290
290
290
289
289
289
289
290
290
289
290
290
289
289
289
290
289
289
289
288
289
290
289
289
288
289
290
289
290
290
290
288
290
289
289
360
290
289
290
290
289
289
289
288
289
289
288
299
289
289
290
289
290
289
288
289
289
288
289
290
289
289
290
290
288
289
289
289
289
289
289
289
290
289
289
289
289
288
289
289
288
289
289
289
288
289
289
290
290
290
289
288
358
290
290
290
289
289
289
289
290
313
282
280
280
281
281
281
280
281
280
280
281
281
280
280
280
280
281
281
281
280
281
281
281
281
281
280
279
280
281
281
280
281
281
280
281
282
280
280
281
280
280
281
280
280
280
281
280
280
280
350
280
280
280
281
316
298
301
301
304
312
316
316
316
316
312
309
308
306
304
301
301
301
300
299
298
299
297
296
296
296
296
294
294
293
295
293
292
291
292
291
292
292
292
290
291
291
291
291
290
291
290
290
291
291
386
288
353
295
294
295
294
293
293
292
291
293
292
292
292
291
291
291
291
291
291
291
290
290
291
290
289
290
291
290
289
289
290
289
289
290
289
290
290
289
289
289
289
290
290
289
289
290
288
289
291
290
353
291
289
305
292
373
309
480
310
310
305
302
299
297
296
294
294
292
291
289
287
289
288
287
286
286
284
283
286
283
283
283
282
282
283
283
282
282
281
282
282
282
282
281
281
282
281
282
281
282
281
280
281
280
282
281
281
325
280
282
282
282
395
297
295
294
296
294
294
294
292
293
292
293
293
293
292
292
292
293
291
290
292
291
289
290
292
291
289
290
290
290
291
290
290
290
290
289
290
290
290
290
290
291
289
289
290
290
289
289
307
281
282
282
281
281
281
281
281
378
283
282
283
282
283
284
282
282
282
281
281
281
283
282
282
281
280
281
281
282
281
281
281
281
280
283
281
280
281
280
280
281
280
280
280
279
280
280
280
280
280
280
279
280
280
292
282
281
281
281
280
282
281
281
280
280
280
373
283
283
282
281
281
281
282
283
282
281
282
281
281
282
282
281
281
281
280
281
281
281
281
281
280
281
281
281
281
281
280
280
280
281
281
280
281
281
280
280
281
280
292
280
280
280
281
281
281
281
281
281
280
281
281
281
281
280
350
281
283
282
281
281
280
281
280
282
281
281
281
281
281
281
281
281
282
281
281
281
282
281
281
281
280
281
280
281
281
281
280
281
280
280
281
281
281
310
295
297
303
310
314
312
314
314
312
312
309
306
305
303
301
301
300
393
295
349
299
298
299
297
298
297
295
295
295
295
293
294
293
292
292
293
415
332
328
323
321
316
317
314
313
312
316
310
308
305
304
305
302
300
299
299
299
297
297
296
296
295
295
295
293
294
292
291
291
297
302
336
319
309
305
302
300
298
298
297
294
293
293
290
290
288
288
287
286
284
284
285
284
282
284
284
283
282
282
308
304
286
285
284
284
283
283
281
282
282
280
281
281
280
280
281
281
279
280
281
280
280
279
280
279
279
281
338
298
295
294
294
292
293
292
291
291
291
290
289
292
291
290
290
290
289
288
289
290
288
289
288
288
306
281
281
281
281
280
279
280
280
281
280
280
280
280
279
281
281
280
279
280
280
279
280
281
280
279
279
279
279
279
280
280
304
280
279
278
281
280
280
279
279
278
279
279
280
279
279
279
278
279
278
280
279
279
279
278
302
288
289
289
288
288
287
287
287
288
288
288
287
286
286
287
288
288
288
288
287
286
286
288
287
288
287
286
286
286
287
287
287
287
288
287
287
287
287
287
287
287
286
287
287
288
287
288
288
287
286
287
288
288
293
288
286
287
286
289
287
287
286
287
287
286
288
288
287
287
287
286
286
288
288
287
287
286
286
287
288
288
287
286
287
287
286
286
288
287
287
287
287
287
287
287
288
287
287
286
287
287
287
289
287
287
286
286
292
288
288
287
287
287
286
287
287
287
287
286
288
286
287
287
287
287
286
286
287
286
286
287
287
287
286
287
286
286
288
288
288
287
287
286
287
288
288
287
287
286
288
287
287
289
288
287
286
287
286
286
287
288
287
297
297
296
297
306
317
313
315
314
308
308
307
303
302
299
299
297
296
296
295
295
295
292
292
291
292
293
291
290
290
289
288
289
290
289
289
288
288
288
289
289
290
288
290
296
300
291
291
291
291
289
289
297
290
288
291
290
289
288
288
287
287
289
289
289
288
287
289
287
288
288
288
288
287
287
286
287
287
289
288
287
287
287
287
287
288
287
288
286
287
287
286
288
287
287
286
286
287
286
287
288
293
297
317
339
298
328
297
293
291
290
288
287
287
287
287
286
285
284
284
282
284
283
282
282
282
281
281
281
283
281
279
281
280
280
279
280
280
281
280
280
279
278
279
281
280
279
279
279
278
278
304
323
298
296
293
292
291
291
322
318
315
314
307
305
303
304
303
307
302
300
299
299
298
306
307
302
301
301
297
298
316
298
296
294
292
291
306
311
297
293
292
292
290
309
306
295
292
291
291
289
320
292
290
292
290
289
300
309
290
290
290
309
319
376
472
366
309
308
342
325
303
302
301
300
300
341
314
300
299
297
295
329
317
300
298
297
295
292
331
311
297
296
293
295
292
343
296
295
293
291
291
325
309
294
295
292
291
290
340
294
291
362
316
303
303
308
306
311
308
307
303
309
304
301
299
299
298
299
305
301
300
299
296
295
300
308
302
299
299
297
296
301
302
300
298
298
296
297
303
299
300
297
295
295
298
299
296
296
296
295
294
299
297
309
297
297
294
296
302
298
297
294
300
307
440
378
357
349
346
343
351
340
333
334
327
325
322
319
316
314
313
310
320
311
312
310
309
304
305
305
300
300
300
299
298
306
302
301
300
299
299
297
316
301
303
301
303
318
318
314
317
314
310
310
356
343
337
342
329
323
320
317
315
310
309
306
305
304
302
302
301
300
297
298
296
295
295
294
294
293
292
292
290
291
293
290
290
289
289
289
290
290
289
308
289
288
288
289
288
291
290
289
289
289
288
289
287
288
288
289
298
313
319
310
309
308
305
302
301
299
299
299
299
296
296
295
295
292
292
293
293
292
291
290
290
289
289
289
290
289
288
288
288
288
287
289
299
290
288
288
288
287
288
289
289
288
287
288
288
287
288
290
289
288
289
288
291
296
295
295
293
292
290
290
289
289
291
291
289
288
289
289
288
288
289
290
289
288
288
287
288
287
289
289
289
288
287
287
288
287
305
282
281
280
280
281
279
279
282
279
279
280
279
278
279
279
280
280
280
278
278
278
278
279
305
282
281
281
280
281
280
280
281
280
279
279
279
279
278
279
279
280
280
279
279
278
279
279
281
279
279
279
279
278
279
279
294
280
280
279
280
280
280
281
281
280
280
278
279
279
279
280
280
279
279
278
278
278
278
280
279
279
279
278
303
279
279
281
280
279
279
279
279
279
278
281
280
279
279
279
279
278
279
280
279
279
278
278
279
278
305
339
335
334
310
305
303
300
301
297
295
294
292
290
291
290
287
288
288
285
286
285
284
283
282
283
282
280
281
280
280
293
304
309
327
330
308
305
301
300
299
296
294
293
290
290
289
288
288
288
286
284
286
285
309
296
296
333
313
310
308
308
305
305
302
300
299
298
298
299
298
299
297
295
294
293
293
294
292
292
294
292
292
290
293
308
300
298
298
296
295
295
295
294
294
292
293
291
291
291
292
292
292
291
308
308
306
306
309
310
308
309
312
312
311
317
305
307
303
319
324
298
309
300
303
317
308
307
306
304
302
302
303
302
298
299
299
297
295
296
310
309
304
301
300
298
297
296
297
296
293
294
293
292
293
301
292
293
293
292
290
290
290
291
289
291
291
289
289
288
289
288
289
290
288
287
288
287
290
288
287
290
290
288
287
288
288
287
287
290
289
287
289
287
287
287
289
304
327
331
309
307
301
302
299
298
297
294
324
291
292
289
289
290
287
286
286
285
286
284
283
283
284
283
283
283
282
281
281
281
282
281
281
280
280
279
280
279
282
280
280
280
279
280
279
279
281
280
281
281
279
279
280
278
323
308
301
298
296
296
296
295
293
303
294
293
292
292
293
292
291
293
290
291
291
289
290
290
289
292
290
289
289
289
290
289
290
291
290
289
288
288
288
289
288
289
289
289
288
288
288
288
287
288
291
288
288
288
287
288
287
288
292
291
290
290
306
2336
669
665
623
607
619
580
571
560
536
519
538
459
317
295
291
289
290
291
293
306
296
289
290
291
291
297
349
355
313
294
291
311
325
300
297
312
296
289
290
290
288
289
291
299
297
290
290
288
289
289
330
313
295
287
287
287
286
286
287
287
291
287
286
287
286
286
287
286
291
289
286
285
286
286
287
287
288
290
286
286
286
286
285
286
287
291
304
287
313
317
339
333
297
292
292
289
287
286
287
286
288
286
289
291
286
286
286
286
287
287
287
292
288
285
286
286
285
286
286
289
289
286
286
286
287
285
286
288
291
288
285
286
287
285
287
286
290
289
285
297
296
296
294
300
303
343
356
400
395
385
358
352
346
341
338
332
326
323
319
317
314
310
311
307
304
303
300
300
296
296
295
295
290
291
289
288
287
287
288
285
285
285
283
284
283
282
284
284
283
294
302
291
292
291
292
292
290
290
290
308
306
304
302
302
299
298
297
296
295
294
295
296
298
297
295
294
293
294
292
292
294
293
292
291
291
291
290
291
292
292
292
290
290
290
290
289
290
292
290
290
289
288
289
308
289
292
291
290
290
290
289
289
289
290
291
295
303
322
320
313
309
308
307
304
301
301
299
299
298
296
297
296
296
294
293
294
292
292
293
293
292
291
291
291
291
291
290
292
292
291
292
291
290
291
290
309
296
295
294
293
293
293
292
292
294
292
292
292
292
290
291
293
303
303
300
299
296
297
296
296
294
296
295
294
293
292
292
292
292
291
294
292
292
292
292
292
291
291
292
292
291
291
290
290
290
291
292
292
306
292
291
291
291
291
291
293
292
291
290
290
290
289
289
292
291
290
290
290
290
290
290
290
289
289
290
289
289
288
288
287
289
288
288
289
287
288
287
288
288
288
288
287
287
286
287
287
287
287
288
287
287
287
305
293
292
291
292
291
289
289
289
289
289
289
288
288
288
289
289
288
288
289
288
288
288
288
289
288
287
288
288
287
288
287
288
287
287
288
287
287
288
288
288
287
287
287
287
287
287
287
287
288
287
287
293
307
324
315
321
324
324
327
333
329
337
334
333
332
334
337
340
339
339
335
338
343
340
343
339
335
336
329
323
320
318
314
312
311
309
307
306
304
302
301
300
299
297
296
296
296
294
293
293
291
290
303
295
297
298
301
306
304
305
308
316
310
319
315
316
313
309
309
307
306
302
302
300
300
299
297
296
298
294
294
296
296
297
295
294
293
292
292
292
291
292
290
290
290
290
289
289
288
289
288
288
288
288
302
289
288
288
287
288
287
288
286
288
287
287
287
288
287
287
287
286
287
286
286
287
286
286
286
288
286
286
287
286
286
287
286
286
286
296
303
317
314
306
306
304
301
301
298
297
297
295
295
294
293
292
292
306
295
283
282
283
282
280
281
281
280
280
280
279
279
280
278
279
280
291
298
307
282
281
281
280
280
279
279
281
279
278
279
279
279
279
278
279
279
278
291
299
294
292
292
292
291
292
293
290
291
291
289
289
289
289
302
295
297
299
296
294
297
282
281
281
281
281
280
280
281
280
280
279
279
279
279
279
279
279
278
279
278
279
278
278
279
278
279
279
279
279
278
278
278
279
278
277
278
303
279
279
279
278
279
278
279
279
279
279
279
311
279
279
279
278
279
279
279
279
279
278
278
278
278
278
278
278
278
278
278
279
278
278
278
278
279
278
278
279
278
278
278
278
278
278
278
278
278
278
277
277
278
290
287
286
285
309
286
285
284
284
283
282
284
318
282
282
281
281
281
280
280
280
280
280
279
280
279
279
279
278
278
279
278
279
278
279
278
278
278
278
279
279
278
278
278
278
278
278
278
279
278
278
278
279
278
278
278
279
278
278
278
278
278
278
304
278
279
278
279
306
298
302
286
286
285
284
284
283
283
282
281
281
282
280
280
280
281
280
279
279
278
279
278
279
279
278
279
279
278
279
278
279
278
279
278
278
278
279
279
279
278
278
278
278
279
278
278
278
278
278
278
278
279
303
290
306
296
297
299
302
308
307
309
311
308
307
306
303
302
301
300
299
298
297
297
296
295
294
294
293
292
292
292
291
292
290
290
290
289
289
289
288
289
288
290
288
288
288
287
288
287
287
287
287
288
287
286
314
282
294
294
303
309
307
283
305
305
283
281
281
282
280
280
281
280
280
281
281
280
279
280
280
279
279
280
280
279
279
279
278
279
278
278
279
279
278
278
278
278
278
278
279
278
278
278
279
279
278
278
277
279
278
303
293
280
280
280
279
296
298
319
317
310
308
306
304
303
300
300
299
297
296
295
294
295
293
293
293
293
292
291
290
290
290
290
289
289
288
289
288
288
288
288
289
288
288
288
288
288
288
288
287
288
288
288
287
302
288
288
288
288
287
288
287
287
294
298
284
285
284
282
283
281
282
281
281
282
280
281
281
280
281
281
280
280
280
279
280
279
279
279
279
279
279
279
279
279
279
279
278
279
278
279
279
280
279
279
279
278
279
278
315
329
320
316
312
309
305
305
306
302
303
301
305
307
308
305
306
304
303
301
301
299
301
298
297
297
296
296
296
296
296
298
299
299
302
308
307
308
306
310
308
308
306
305
302
304
302
302
300
298
299
315
298
298
297
297
296
296
295
296
295
294
293
293
293
293
293
296
309
328
364
361
359
361
363
367
352
344
342
341
336
338
333
342
572
363
356
348
346
347
339
335
330
325
323
320
319
317
353
337
328
337
360
358
360
357
346
343
341
339
343
348
351
350
354
491
424
377
378
373
365
356
348
343
339
334
332
330
327
325
322
318
315
315
310
309
308
306
305
302
301
300
298
298
324
302
303
307
310
315
314
316
317
313
312
310
308
306
305
303
302
300
299
298
298
297
426
325
330
343
334
326
319
317
315
314
310
309
308
306
304
302
302
299
299
299
298
296
296
295
294
293
293
292
315
290
291
291
290
289
289
289
288
287
288
288
288
288
288
287
286
287
289
286
287
286
285
286
288
285
287
286
297
308
329
315
313
312
307
308
304
303
301
301
300
299
297
297
295
294
294
293
292
290
290
292
289
297
290
289
289
290
289
288
287
287
287
286
287
287
286
285
286
286
287
286
285
286
287
285
285
286
286
286
287
286
285
286
288
295
294
291
292
291
290
289
289
289
288
288
288
288
288
287
287
288
287
287
286
287
286
293
286
288
289
286
286
287
286
286
287
286
286
286
285
286
286
287
287
287
286
286
286
286
286
285
286
287
287
286
286
286
286
285
287
285
287
287
287
286
285
286
286
286
286
286
287
285
286
286
286
286
285
286
287
287
307
282
282
281
281
280
279
280
280
279
278
279
279
278
278
277
279
278
278
278
277
278
277
277
277
277
278
277
276
277
277
276
277
277
276
277
278
309
294
294
292
292
292
292
335
306
297
296
295
295
298
297
294
294
303
296
296
302
301
297
297
294
294
295
301
297
298
297
295
293
299
303
299
298
297
296
296
299
299
298
296
294
293
293
301
298
295
296
295
296
296
300
299
297
295
301
306
568
407
347
344
336
393
330
368
322
317
316
312
309
308
304
303
301
337
319
302
300
299
298
296
295
294
292
292
290
289
321
314
296
293
294
292
291
327
306
294
291
290
291
289
339
292
291
291
289
289
457
339
336
357
322
318
339
349
339
326
326
323
416
342
341
338
334
329
337
329
324
320
318
315
319
314
312
311
308
307
305
311
308
305
304
302
300
306
303
301
301
299
298
300
305
300
299
298
298
296
300
301
301
354
373
337
510
339
332
328
325
343
323
319
316
316
315
311
332
312
310
307
307
306
327
309
307
305
305
303
301
326
305
303
301
300
301
320
306
303
303
300
300
299
322
303
301
299
298
299
317
303
301
298
299
401
372
471
359
349
342
337
342
332
328
325
322
318
322
317
314
313
310
309
310
311
310
308
305
304
302
307
303
303
301
300
298
299
303
299
299
297
297
295
301
302
299
299
296
296
296
301
298
297
299
314
297
297
326
389
315
311
310
335
314
310
308
305
305
303
327
305
305
302
302
300
321
306
302
301
301
357
345
341
338
334
355
332
328
326
322
320
338
318
315
315
313
311
327
313
311
310
341
325
318
335
311
404
318
312
309
335
309
308
308
304
303
321
308
304
305
302
301
300
323
303
302
302
300
299
317
304
302
300
298
299
298
322
303
301
299
298
299
316
302
301
300
300
298
296
317
301
315
299
297
297
297
320
301
298
298
387
310
363
300
297
295
295
292
292
291
290
289
342
294
294
327
306
293
292
290
290
288
337
293
292
289
289
288
318
311
293
291
289
290
289
355
333
309
304
302
302
300
317
305
302
299
299
298
302
302
300
299
299
297
296
303
389
301
298
296
294
335
307
295
292
292
290
290
341
292
293
291
291
289
320
307
290
291
288
287
288
286
286
287
284
335
289
288
335
292
289
289
289
288
467
370
354
327
329
330
403
338
336
331
324
321
329
320
365
332
328
310
346
311
306
305
301
299
312
316
299
296
295
294
292
323
294
294
292
290
289
289
323
294
293
289
288
289
301
309
289
288
288
296
287
302
304
291
289
287
286
285
286
285
284
296
309
289
288
319
292
289
289
288
314
306
367
351
342
333
328
328
330
324
320
318
314
312
318
314
311
310
309
308
310
309
307
305
304
304
303
309
304
304
320
301
300
305
307
305
303
302
301
300
307
303
302
301
301
299
299
297
297
297
306
302
300
304
309
309
308
309
305
303
302
300
299
304
302
301
299
297
297
298
302
300
300
304
300
299
299
297
298
296
295
295
316
331
312
306
305
305
302
305
307
303
304
310
306
304
302
300
301
300
298
298
299
308
305
302
301
301
308
322
322
317
317
313
313
311
307
305
305
304
302
302
307
304
303
303
301
300
301
306
303
302
301
322
304
303
299
300
304
304
302
301
299
299
299
296
296
295
300
301
298
298
297
295
296
301
300
299
297
296
294
296
295
303
305
302
299
298
301
306
302
301
300
300
297
298
296
296
296
295
295
294
302
300
297
314
305
301
300
300
298
297
296
296
295
294
295
293
292
292
293
292
291
291
291
292
292
291
290
290
292
290
290
289
290
290
290
290
289
295
302
299
296
295
295
294
294
293
293
293
293
292
292
292
291
290
292
290
307
291
291
291
290
290
289
289
290
289
289
290
289
289
288
288
289
289
289
288
288
289
290
289
289
289
288
289
289
290
289
288
287
289
289
289
289
288
294
300
297
296
295
295
295
295
292
292
292
292
292
291
291
308
297
306
307
309
311
310
314
318
317
312
309
308
305
303
301
301
300
299
299
298
297
295
296
295
294
293
292
293
294
292
291
292
291
292
291
291
292
291
291
291
305
300
295
294
292
293
291
292
291
291
291
305
294
292
291
290
293
290
290
290
290
289
290
290
289
289
288
289
290
289
289
288
288
288
289
289
288
289
288
289
290
288
289
289
289
289
289
288
288
288
289
288
288
289
289
289
288
294
302
329
332
301
300
298
296
333
293
291
291
291
289
287
286
287
286
285
284
284
284
284
284
284
282
282
283
282
282
281
281
280
281
281
280
280
280
281
280
281
281
280
280
280
280
281
280
280
280
280
281
280
280
280
279
280
280
305
297
294
293
300
296
293
294
293
293
293
292
292
292
292
291
292
291
291
290
291
290
291
291
290
289
290
291
290
290
290
289
289
290
290
290
289
289
289
289
291
290
289
289
290
289
289
289
290
290
289
290
290
289
289
289
289
290
301
291
289
290
289
290
291
290
288
289
288
290
290
290
289
289
289
289
289
288
288
289
288
289
289
288
289
289
288
289
288
289
288
288
289
289
289
289
289
288
289
289
289
289
289
288
288
289
288
289
288
288
288
289
304
308
312
289
287
287
285
285
284
283
284
284
284
283
282
284
281
283
282
282
282
283
281
282
282
281
281
281
281
282
281
281
281
281
280
282
280
281
281
280
280
282
281
280
280
280
280
281
281
280
281
281
280
281
280
311
294
292
292
292
292
293
292
291
291
292
290
290
291
290
289
290
290
289
289
289
289
290
290
289
289
289
288
290
290
288
290
289
289
289
290
289
289
288
288
289
290
289
289
288
289
289
290
289
289
290
289
288
290
307
299
297
301
306
316
313
313
324
327
323
304
301
297
296
294
293
294
291
290
289
288
289
288
287
286
286
284
284
286
285
284
284
283
283
284
283
281
283
282
282
282
282
282
281
281
282
282
281
280
282
280
281
296
282
282
281
281
281
282
281
282
280
281
281
280
282
305
303
317
313
309
308
305
303
301
301
299
299
298
297
296
296
303
311
308
303
304
302
301
310
307
304
303
303
301
307
310
305
303
303
302
302
310
305
321
308
306
307
317
317
313
369
371
361
355
350
359
442
356
349
343
341
345
341
335
332
329
327
336
334
332
336
338
332
329
325
329
344
340
333
334
330
325
324
321
318
321
326
352
320
318
318
321
322
319
315
313
312
312
319
316
311
311
312
315
331
401
447
540
364
483
390
369
397
2704
438
428
418
490
409
402
410
396
523
412
627
398
411
386
374
619
394
464
616
451
1077
461
499
466
788
542
506
553
575
488
463
566
468
444
440
667
450
435
443
429
548
425
411
420
652
412
410
397
620
413
405
392
671
417
403
394
480
413
654
740
633
449
450
430
616
460
414
404
403
444
385
400
374
378
489
386
374
780
691
443
425
670
422
409
399
994
392
488
598
1036
814
23991
721
1457
733
744
740
602
571
632
559
575
765
831
578
561
663
552
486
487
449
312
467
338
433
349
301
287
285
285
298
446
332
324
321
319
315
313
310
322
450
308
405
328
321
317
314
309
309
307
306
367
379
298
286
290
312
583
491
471
440
616
486
442
421
422
411
399
391
382
387
386
372
370
360
361
365
360
353
351
345
349
355
346
341
340
334
344
343
335
333
332
329
341
340
334
339
337
334
355
355
370
625
444
450
431
418
406
437
762
437
415
809
416
404
398
696
437
528
427
490
410
401
395
400
515
406
612
424
403
395
402
425
389
385
415
502
411
4233
815
1563
1494
1019
915
976
626
1199
862
611
589
560
819
1568
1427
609
643
870
718
626
583
584
503
490
541
475
457
384
387
328
311
652
673
489
444
430
422
411
384
308
937
933
543
380
311
292
288
288
287
286
289
291
285
286
287
321
504
342
323
319
314
312
312
310
307
305
307
304
302
301
301
301
299
336
448
340
298
289
285
285
285
284
284
299
290
284
284
284
285
319
331
332
336
342
362
347
338
338
331
473
371
301
286
289
286
283
284
284
284
284
289
289
409
325
295
286
285
288
287
284
284
285
283
284
289
285
284
283
283
283
285
289
314
453
306
287
285
285
289
286
284
284
284
292
308
646
554
390
295
293
448
347
310
451
345
418
331
324
321
319
318
345
529
334
324
321
319
316
314
311
308
308
349
326
319
315
313
311
310
336
306
304
303
303
302
345
319
315
312
311
309
419
326
327
342
359
502
370
353
345
341
337
365
336
333
330
326
323
350
325
322
320
316
315
338
317
316
314
311
310
332
315
313
312
309
306
362
432
327
329
336
333
410
399
335
330
327
326
479
349
468
364
345
351
339
337
332
327
325
331
323
318
318
316
313
316
315
312
311
310
308
308
314
308
307
305
305
304
309
309
306
304
303
327
305
315
307
304
303
302
301
309
306
304
302
301
300
300
308
304
302
302
340
320
559
408
388
371
367
373
360
356
347
342
344
341
335
334
328
326
327
327
322
320
319
315
316
321
315
313
346
321
338
320
315
314
310
312
309
339
312
311
308
307
307
331
314
309
380
306
304
435
346
343
360
356
340
354
346
336
330
327
325
330
328
321
319
315
312
319
316
314
312
310
308
310
312
320
314
315
315
316
345
338
335
338
335
329
335
329
325
319
319
319
325
318
315
312
312
310
315
317
313
330
325
316
317
328
319
314
312
311
309
315
315
311
310
309
306
310
311
311
309
307
305
304
321
308
307
305
304
302
309
307
305
307
303
302
302
308
304
303
304
301
301
304
303
303
302
301
301
299
306
303
301
300
303
314
322
572
358
347
343
340
336
330
327
323
320
355
333
327
322
319
316
394
343
329
328
321
316
319
323
317
315
314
312
311
317
314
313
310
310
308
313
312
310
308
307
307
306
304
304
301
299
299
298
306
388
328
320
318
316
316
312
310
308
306
304
338
326
319
315
313
327
308
308
306
304
303
303
301
328
314
313
308
307
305
303
301
301
302
302
300
298
325
309
306
305
303
302
321
308
304
303
303
301
300
300
297
297
395
315
308
334
315
308
306
304
304
301
329
307
304
301
339
301
326
307
303
303
301
300
301
299
297
297
297
295
295
296
295
294
293
293
292
292
321
317
310
307
306
304
302
303
302
300
300
299
299
299
297
298
296
296
382
308
304
303
301
298
298
296
325
310
307
325
304
302
301
299
299
298
298
298
296
320
307
304
303
302
301
299
298
297
295
296
295
296
293
295
294
293
293
292
294
292
292
293
292
291
291
293
292
291
290
290
290
290
291
290
386
302
298
298
296
297
295
309
293
293
293
292
293
293
293
293
292
292
291
292
293
291
291
291
291
290
290
290
291
290
290
290
290
290
290
291
291
290
290
290
289
289
292
290
290
290
289
289
290
290
290
290
289
290
290
289
373
307
291
292
358
333
309
308
318
319
316
358
347
344
339
334
330
326
324
320
319
318
314
312
311
308
307
306
305
304
302
301
300
298
299
297
297
295
295
294
294
294
294
293
292
292
292
291
292
293
291
291
293
319
298
297
298
296
295
294
294
293
294
293
293
292
292
292
291
291
290
292
290
290
291
291
290
289
290
292
290
290
290
290
290
289
291
290
290
290
289
289
289
289
290
290
289
289
289
289
289
290
290
289
289
290
289
303
292
293
302
311
321
313
308
307
307
305
303
300
300
298
299
298
299
296
295
295
294
294
293
293
293
292
291
291
292
291
291
293
291
290
291
290
290
290
292
290
290
289
289
290
288
290
291
290
289
289
290
294
305
293
292
291
292
291
298
296
295
294
294
294
293
292
292
292
291
293
292
291
292
291
290
290
291
291
291
290
290
290
289
289
291
290
290
289
290
290
288
289
290
291
291
289
289
290
289
290
291
290
289
290
289
303
290
292
291
290
290
289
289
289
289
294
292
291
290
291
290
290
290
291
292
290
289
289
289
289
289
290
289
288
289
288
289
288
289
290
289
288
289
288
288
289
290
289
289
288
288
288
289
288
291
289
290
289
289
304
290
291
291
290
290
290
289
289
289
325
285
283
306
282
282
281
281
282
283
282
280
281
281
281
280
283
282
281
282
282
281
281
281
282
281
281
281
280
280
280
281
282
281
293
309
318
297
321
316
302
299
296
294
331
305
292
306
321
321
302
299
297
296
315
322
304
300
297
297
316
322
327
321
318
312
310
315
313
309
312
314
315
311
309
307
306
304
304
305
321
500
322
315
310
312
316
314
310
308
306
304
308
375
462
443
323
501
352
348
342
348
342
348
323
318
313
311
322
331
364
330
324
321
317
326
317
312
310
310
309
313
309
307
306
304
301
302
308
308
306
303
302
301
306
304
305
303
301
300
299
352
320
308
305
305
302
310
306
303
302
300
298
300
308
302
299
299
298
298
300
311
310
305
342
316
336
594
377
373
360
362
355
346
341
338
336
341
334
330
326
324
321
324
328
321
318
318
336
331
328
324
320
316
314
314
316
313
311
310
308
305
312
309
307
306
305
305
306
312
308
305
304
304
306
333
363
391
371
357
356
355
345
344
337
330
332
332
326
322
320
319
320
324
318
317
340
333
343
324
320
315
313
311
332
312
314
311
309
306
306
332
308
306
307
305
302
324
307
305
303
301
302
300
327
407
314
315
330
489
357
342
335
330
327
351
324
324
318
315
312
335
315
310
325
310
307
306
332
307
305
303
303
305
328
308
304
304
303
301
301
334
310
306
304
303
301
324
304
307
303
302
301
321
306
303
302
406
316
313
343
311
309
307
306
305
329
309
305
305
304
302
302
302
324
324
303
301
299
299
298
299
296
295
294
294
293
293
292
293
293
293
292
291
291
291
290
293
292
292
309
302
299
298
296
297
297
295
294
294
294
294
295
329
325
315
310
307
306
303
302
302
299
297
296
296
304
296
294
295
294
293
294
293
291
291
291
291
292
290
290
288
288
288
288
288
289
288
288
288
287
288
287
287
290
289
288
288
288
288
288
288
290
289
287
287
287
287
287
292
309
355
345
338
343
329
326
323
321
345
341
340
332
333
333
330
331
338
329
326
322
321
330
321
318
317
312
311
320
313
310
308
308
305
307
309
305
306
304
303
303
301
299
300
300
297
296
297
311
311
307
331
326
392
323
314
314
312
330
307
336
307
305
303
304
304
329
307
304
303
301
300
300
301
298
296
295
294
293
319
305
304
304
300
298
299
323
302
299
299
302
298
297
296
296
294
294
293
294
294
293
292
291
291
291
379
374
363
366
382
348
338
335
332
332
325
322
325
331
320
317
315
316
314
320
314
311
309
306
305
306
305
303
301
300
299
299
311
306
307
304
303
302
300
298
299
298
297
297
297
295
295
294
294
293
295
295
308
311
341
323
311
308
308
306
303
302
300
298
297
296
295
296
295
293
293
293
292
292
292
293
292
292
298
305
299
298
297
296
298
296
295
294
294
294
293
292
293
295
293
292
291
290
291
291
291
292
291
292
291
291
309
300
297
303
311
315
498
373
356
348
345
356
354
351
348
340
334
330
327
324
319
315
314
321
329
328
331
325
319
317
315
312
310
308
305
306
304
301
299
299
297
295
296
295
293
293
293
291
290
303
292
294
292
290
291
315
320
309
302
302
300
298
309
301
300
298
295
294
296
294
293
291
291
290
290
289
291
291
289
289
289
288
288
288
287
290
289
288
288
288
288
287
286
288
290
288
288
287
287
287
288
287
332
309
305
302
299
298
298
297
297
410
320
331
341
330
322
335
329
324
333
335
334
330
324
325
318
316
314
312
309
308
309
330
332
331
326
321
317
315
314
312
309
307
304
302
303
300
299
323
325
329
331
337
333
326
326
323
318
315
317
363
342
343
348
338
331
326
326
322
319
315
312
309
309
306
305
304
302
300
299
299
297
296
297
298
296
296
294
294
294
293
292
294
293
293
293
292
310
296
294
294
296
294
293
292
292
292
291
291
293
292
290
291
290
290
297
300
314
329
325
321
314
313
310
309
307
306
304
302
301
299
298
297
296
295
294
294
293
293
292
291
291
290
290
290
290
290
290
290
289
312
302
304
304
302
299
299
297
296
295
296
295
294
294
292
292
292
291
291
290
293
307
302
301
298
297
296
296
294
296
294
294
292
292
291
291
291
292
291
289
290
289
289
288
288
288
288
288
289
288
288
295
306
349
325
332
331
330
326
335
332
335
331
332
329
354
362
368
374
382
372
366
364
433
416
425
426
439
422
420
401
399
387
374
363
359
351
349
344
339
336
331
327
323
319
318
342
323
320
320
315
311
309
308
306
304
302
302
301
299
299
296
295
295
293
292
292
292
291
291
290
290
289
300
309
325
336
326
319
317
314
311
310
308
304
304
304
301
301
299
300
297
296
297
294
294
294
310
296
293
294
293
293
291
292
292
290
290
290
290
290
289
289
288
288
289
288
288
288
288
287
288
287
288
288
288
287
288
287
297
304
340
329
324
320
317
315
314
314
310
307
307
305
304
302
299
300
300
296
313
301
298
297
296
295
294
294
292
292
292
293
290
290
291
290
290
290
288
289
288
288
288
288
289
289
288
288
288
289
287
288
288
288
287
288
299
293
293
293
292
291
291
290
290
290
290
290
289
290
289
289
289
289
319
307
304
303
304
309
306
305
306
306
302
302
301
299
300
298
298
297
296
295
294
293
293
292
291
292
290
290
290
291
290
289
288
289
289
288
289
288
293
293
294
292
291
290
290
290
289
289
289
288
288
288
288
304
288
288
288
288
288
287
287
288
287
288
288
287
287
287
287
286
288
287
287
287
287
288
287
287
287
287
287
287
288
287
287
287
287
286
287
287
286
287
287
287
286
288
297
306
329
323
316
314
311
309
309
306
323
304
301
301
299
298
297
296
295
296
293
293
293
291
291
291
290
291
290
289
289
290
288
289
289
289
288
288
288
287
288
288
287
287
287
288
287
287
287
287
286
287
287
289
288
288
296
295
293
293
292
291
291
304
291
291
291
291
291
290
290
290
289
290
289
289
288
288
288
289
288
289
288
287
288
287
287
288
288
287
288
288
287
287
287
288
288
287
287
287
287
287
288
287
287
287
287
287
287
288
286
286
288
288
287
287
288
300
311
289
288
287
287
286
286
285
284
284
283
283
282
283
282
281
281
281
281
281
282
280
281
279
279
279
279
279
279
278
279
279
278
280
280
279
279
279
278
279
279
279
279
279
279
278
278
279
279
278
278
278
278
278
298
311
300
294
293
292
292
291
291
290
290
290
289
290
289
289
289
288
288
289
288
288
288
289
289
288
289
288
288
288
288
287
288
289
287
287
287
287
288
287
287
288
287
288
287
288
287
287
287
287
286
287
288
287
298
305
302
299
306
320
348
348
313
312
308
306
304
302
300
298
297
296
293
294
291
291
291
289
288
287
287
287
286
285
284
284
284
283
282
282
282
281
281
280
280
281
281
280
281
280
279
279
279
279
279
280
279
278
315
305
305
310
310
314
322
342
337
328
326
321
317
315
314
311
310
310
307
305
303
301
300
300
297
297
297
294
293
294
293
293
291
290
291
290
290
290
289
289
288
288
289
307
324
325
323
322
315
313
311
339
301
299
295
296
293
292
291
289
289
351
334
310
306
302
301
300
298
297
296
294
295
294
292
294
292
291
289
289
290
288
288
288
288
287
287
288
287
291
314
320
321
321
315
310
308
306
306
303
302
301
314
323
323
321
320
315
316
325
325
322
319
315
313
371
340
332
345
339
496
349
348
341
336
330
327
324
321
319
318
313
311
309
306
307
304
303
302
301
300
299
297
296
295
330
319
323
320
318
313
355
303
301
300
298
297
295
295
293
292
291
290
289
289
288
287
286
342
365
325
348
443
327
323
321
317
314
313
311
309
308
307
304
304
301
300
300
300
296
296
295
295
294
294
293
328
314
324
325
323
341
317
315
312
309
309
308
306
305
303
302
301
301
297
299
297
295
296
294
293
466
494
465
425
412
392
382
376
372
364
360
355
348
343
339
335
334
327
324
322
336
337
333
332
326
322
347
321
317
315
314
312
309
309
306
305
304
301
300
300
367
372
366
359
348
346
398
370
377
365
352
346
341
335
334
331
324
321
318
316
314
311
311
326
329
330
329
323
319
318
314
320
310
307
307
310
321
326
323
321
317
311
310
308
305
304
302
302
300
299
298
296
296
295
294
295
293
293
309
314
319
336
329
325
316
313
311
308
306
305
304
315
323
323
322
320
316
312
310
308
306
317
312
311
311
314
318
317
316
318
314
311
308
307
304
304
308
329
333
356
349
344
339
332
327
324
320
319
316
315
465
377
351
460
338
333
327
326
324
362
335
333
332
329
323
320
317
314
336
313
311
309
308
306
304
344
323
322
321
319
313
312
310
307
338
326
328
325
321
319
318
313
311
310
308
307
332
392
325
325
463
390
352
356
454
337
330
364
341
338
336
333
326
323
318
446
340
319
316
448
335
332
330
326
323
335
317
315
463
357
342
330
324
319
315
315
306
303
302
301
307
315
318
315
314
310
312
326
324
456
358
358
624
564
428
445
426
406
420
386
376
369
363
358
353
350
345
342
336
367
348
346
343
338
331
329
327
322
322
320
318
348
332
329
396
352
340
335
332
327
323
321
317
327
331
470
381
396
379
365
354
349
346
360
335
333
328
325
324
320
331
336
336
332
329
323
332
330
333
329
327
326
339
343
337
333
332
330
323
323
320
317
314
312
319
326
330
325
325
323
325
332
330
329
418
375
367
359
352
342
357
374
347
345
341
335
333
365
339
339
337
330
327
357
340
335
331
328
324
320
318
316
313
311
310
341
327
329
326
322
322
348
332
328
327
325
323
318
315
314
313
309
308
504
371
2657
751
1438
1526
674
746
715
668
588
567
546
532
535
335
303
293
293
291
291
294
294
296
292
316
316
313
455
1468
522
503
492
664
492
463
453
452
434
422
462
412
400
391
385
376
370
366
325
286
284
287
286
285
284
284
287
283
284
283
284
286
284
284
284
286
285
283
385
335
489
412
340
360
361
320
315
313
310
307
289
287
289
287
285
287
288
288
286
287
286
289
289
287
286
286
288
287
286
286
287
289
286
286
286
289
287
285
287
287
288
287
286
286
287
288
286
286
286
308
294
288
287
287
290
288
294
314
305
333
343
303
292
291
290
287
287
286
287
288
287
287
286
288
288
286
287
287
288
288
285
286
288
291
311
326
310
304
305
295
291
289
289
290
289
288
290
289
288
288
287
289
398
361
319
316
316
311
310
308
322
448
380
395
403
390
373
362
354
351
351
361
358
354
348
343
337
334
329
326
319
318
326
336
333
328
326
324
330
336
333
332
326
324
327
333
334
332
334
326
349
360
341
334
332
333
354
348
343
341
391
510
462
449
427
425
428
411
395
387
388
394
385
373
374
368
374
365
363
365
360
358
359
357
355
353
347
350
357
385
368
345
342
364
344
348
344
340
349
351
347
344
339
336
536
504
665
448
469
452
426
408
452
411
395
385
379
380
382
377
369
364
359
370
364
356
353
348
342
351
336
331
326
325
321
319
317
314
313
310
308
329
329
330
328
326
320
316
316
379
396
363
511
380
373
362
355
349
342
338
335
330
329
324
321
319
319
315
312
345
325
336
332
328
323
324
613
345
341
339
340
335
336
332
325
321
320
317
314
313
313
309
309
308
383
305
305
444
323
384
499
337
330
327
327
320
318
316
315
312
310
310
308
306
305
304
301
299
300
298
297
295
315
296
296
294
294
292
293
293
293
291
291
292
291
291
291
290
290
291
290
290
290
290
289
290
289
289
289
288
290
391
307
445
334
329
321
319
317
316
313
310
309
307
306
303
303
300
300
300
298
297
297
295
317
299
297
296
295
296
295
293
293
293
292
293
292
292
291
291
292
291
290
290
290
290
290
290
290
289
290
289
288
288
289
378
304
299
297
296
296
296
294
294
293
293
294
293
292
292
291
292
292
292
291
291
290
306
292
291
291
291
292
290
289
291
289
291
289
288
290
289
289
289
289
288
287
289
289
288
288
288
288
289
289
288
288
288
288
289
288
288
364
290
291
290
290
289
289
290
290
288
289
288
288
289
289
288
288
289
320
314
294
293
292
292
293
290
291
290
290
290
292
290
289
290
288
289
288
287
288
287
287
287
288
288
288
288
288
287
287
286
287
288
287
286
287
286
287
290
294
291
291
289
290
289
290
287
289
288
288
286
287
287
296
290
289
288
288
287
288
288
288
287
287
287
286
288
286
287
286
286
287
288
288
286
287
287
286
286
287
286
285
288
287
285
286
286
286
287
285
286
287
285
287
288
287
288
296
319
341
333
323
318
317
313
311
316
310
304
304
302
300
299
299
297
298
297
294
295
308
305
303
302
298
300
300
296
296
295
295
294
293
294
293
292
292
291
290
290
290
290
290
290
289
289
289
292
290
288
288
290
299
295
294
291
291
290
306
298
302
302
304
308
309
312
313
313
310
308
305
302
301
299
299
300
297
295
295
296
293
293
294
292
291
290
290
291
290
290
289
291
290
289
288
289
288
288
290
288
287
288
289
287
290
288
288
288
294
302
285
319
328
311
305
305
306
301
300
300
299
297
299
296
295
296
295
294
294
294
294
294
292
293
292
293
291
291
291
292
291
291
291
293
291
291
290
290
292
290
292
290
292
290
290
290
292
290
290
291
290
290
292
290
332
322
475
397
385
383
382
378
370
360
358
352
363
355
367
363
356
353
349
344
340
339
332
340
345
342
343
336
330
344
342
340
339
332
325
337
333
333
353
349
343
339
332
331
347
326
324
334
393
370
407
389
398
385
377
367
357
358
360
355
351
343
339
345
345
343
338
335
331
343
336
333
331
327
322
333
330
327
328
324
320
325
328
326
342
348
342
338
331
338
328
321
320
327
329
334
517
561
470
444
417
413
411
410
400
390
379
376
382
373
369
362
355
366
359
355
352
345
344
351
350
350
341
335
339
344
346
341
337
330
333
448
372
363
355
364
346
346
343
337
346
361
404
420
416
400
397
393
379
373
365
355
351
346
343
340
334
332
328
323
322
317
316
314
311
308
308
305
304
303
317
325
334
329
325
320
335
317
313
311
309
308
308
306
305
302
301
302
300
300
364
337
329
340
331
327
321
316
312
310
308
307
305
303
302
300
300
298
297
296
295
294
294
294
293
293
291
291
291
292
292
290
289
289
289
290
290
331
316
316
321
320
327
328
327
328
327
327
320
316
314
313
311
311
328
328
341
344
333
330
324
321
317
315
313
311
309
307
306
310
330
334
333
330
323
320
318
315
313
309
310
309
307
304
304
301
324
312
309
305
303
303
300
301
298
297
296
297
296
294
295
295
294
293
293
291
291
306
316
317
334
329
323
319
317
311
310
308
305
305
303
302
301
299
298
297
297
295
295
294
294
295
295
293
293
292
292
291
338
324
325
320
319
317
318
315
312
310
308
307
305
303
303
302
300
300
300
297
297
296
295
300
315
345
352
343
333
331
326
325
321
318
317
314
312
311
309
306
304
303
301
300
301
298
297
296
295
297
315
296
295
294
295
295
293
294
293
293
292
292
292
291
291
290
290
291
292
291
290
290
290
289
290
290
290
290
293
302
323
357
339
331
329
324
324
320
319
316
313
312
311
309
307
305
304
302
302
302
299
318
313
330
329
322
322
318
316
313
312
311
307
304
304
302
302
299
298
299
299
297
297
295
295
294
295
294
293
293
293
292
307
316
311
307
306
304
302
302
301
300
300
298
298
297
303
1289
835
500
474
458
773
445
428
414
405
396
392
381
376
369
363
357
352
348
343
337
335
332
329
324
322
318
328
352
345
343
352
356
359
346
338
333
330
325
324
320
321
339
322
316
315
311
309
307
306
304
305
302
301
300
299
297
297
297
295
295
294
293
293
293
293
293
292
291
291
292
292
290
291
291
290
290
291
291
291
290
308
316
324
343
345
331
326
323
320
319
316
313
329
316
315
314
321
326
324
324
321
320
318
314
311
310
306
306
306
303
302
300
299
298
297
297
297
296
295
295
294
295
294
292
293
291
292
293
293
291
291
291
291
292
310
334
360
346
335
335
330
326
321
335
318
316
313
312
309
307
305
303
302
302
301
299
299
299
296
297
296
295
295
294
293
293
294
293
