7607
7733
7610
8012
7382
7664
7381
7447
7521
7669
7603
9657
8374
7882
7707
7648
7655
7672
7846
7848
7626
7640
7623
7648
7674
7727
7671
7612
7641
7631
7605
7703
7607
7992
7677
7667
7597
7610
7596
7628
7482
7377
7576
7376
7582
7377
7546
7377
8483
7376
7438
7376
7384
7399
7577
7704
7613
7679
7610
7631
7692
7602
7385
7374
7460
7375
7471
7598
7658
7486
7543
7448
7467
7572
7378
7464
7377
7648
7377
7437
7377
7406
7376
7542
7544
7412
7569
7389
7430
7418
7430
7374
7385
7428
7384
7400
7442
7627
7855
7923
7713
7715
7817
7719
7746
7679
8002
7790
7868
7792
7837
7792
7857
7839
7882
7794
7995
7960
7983
8248
8092
8210
7981
7928
8004
7924
7977
7861
7835
8141
8288
7774
7741
8459
7852
8132
7844
7864
7840
7860
7844
8173
8091
7895
7522
7444
7681
7641
7701
7659
7672
7661
7709
7848
7859
7856
7941
7831
7866
7896
7932
7849
7818
8068
7920
7987
7896
7996
8063
8046
7905
7994
7758
7798
7841
7820
7607
7656
7850
7846
7850
7901
7534
7506
7620
7413
7440
7460
7588
7406
7375
7431
7661
7401
7387
7402
7795
7658
7766
8183
7742
7683
7683
7707
7890
7844
7870
19015
12160
7615
7688
7839
7886
7841
7858
7850
7852
7849
7691
7634
7636
7523
7839
9448
7629
7640
7645
7664
9086
8304
8029
7970
7842
7886
7879
8037
8803
7878
8011
7876
8099
7835
8042
7839
7871
7839
7865
7849
7873
7652
7991
7598
7744
7599
7658
7664
7776
7725
7643
7625
7813
7922
7864
7835
7773
7652
7722
7897
7834
8036
7762
7847
7860
7838
7828
7848
7938
7843
7911
7839
7907
7837
7882
7853
8191
7983
7868
8139
8196
8003
7848
7895
7978
7857
7821
7866
7810
7850
7881
7847
7839
7815
7914
8019
7766
7839
7950
7614
7895
7603
7672
7652
7658
7604
7678
7604
7662
7602
7874
7835
7985
7835
7844
8026
7846
7747
7640
7732
7632
7699
7635
7921
7931
7856
8326
7983
8039
8067
7915
7842
8230
8662
8542
7999
8922
8023
8105
7874
8058
7867
7896
7855
7876
7858
7852
7855
7873
7870
7810
7767
7885
7915
7932
7902
7931
8140
7903
7965
7851
8085
7848
7916
7852
7972
7858
8777
9602
7933
8008
7850
7859
7847
7878
7930
7942
7957
7913
7830
7839
7869
7863
7885
8451
7882
8991
8566
8089
7856
7868
7839
7867
7840
7941
7839
7909
7846
7860
7838
8008
7837
7866
7841
7869
7603
7615
7630
7647
7511
7389
7528
7396
7435
7451
7397
7440
7375
7431
7375
7436
7373
7377
7546
7476
7385
7377
7609
7379
7461
7380
7533
7378
7602
7380
7570
7805
7800
7877
7875
7859
7951
7851
8034
7887
7936
7894
7837
7832
7898
7789
7977
7800
7938
7747
8045
7837
7944
7848
7903
8140
7970
7854
7951
7859
7947
7840
7879
7803
7810
7825
7850
7629
7603
7458
7378
7488
7378
7432
7379
7700
7380
7425
7548
7412
7434
7443
7433
7456
7622
7633
7600
7634
7599
7625
7671
7607
7480
7698
7939
8028
7889
8077
8080
8382
7999
8398
8213
8303
8403
8333
8172
8141
8047
8644
8110
8226
7825
7861
7850
7856
7865
7848
7844
7848
7849
7854
7845
7850
7840
7848
7793
7631
7693
7462
7380
7902
7769
7910
7872
8039
8362
7969
7760
7919
8032
8145
7841
8095
7886
7877
7759
7905
7867
7921
7955
7839
7891
7660
7824
7650
7631
7633
7605
7570
7484
7650
7603
7986
7802
7977
7790
7899
8325
7892
7897
7893
7781
7814
7601
7812
7602
7677
7629
7645
7658
7629
7685
7639
7764
7685
7690
7594
7778
7405
8971
7844
7621
7687
7602
7670
7602
7607
7375
11802
8178
8166
8403
7960
8034
7856
7874
7875
7866
7855
7857
7845
7891
7845
7874
7865
7855
7962
7860
7842
8101
7956
8178
7975
8417
7976
7899
7809
8067
7840
7859
7837
7963
7839
7996
7841
8597
7988
7956
7843
7922
7978
7983
8010
7922
8018
7626
7722
7634
7747
7401
7472
7409
7451
7400
7378
7635
7379
7652
7378
7704
7380
7586
7377
7510
7374
7439
7470
7435
7445
7378
7879
7378
7755
7376
8579
7374
7411
7475
7439
7475
7433
7452
7407
7453
7565
7382
7656
7379
7759
7380
7806
7603
7716
7602
7709
7599
7725
7663
7679
7883
7930
8115
7626
7748
7623
7636
7781
7435
7390
7373
7429
7439
7399
7543
7540
7387
7548
7386
7421
7398
7375
7439
7375
7484
7376
7493
7599
7633
7628
7627
7508
7386
7546
7376
7468
7376
7440
7376
7436
7429
7383
7399
7536
7516
7387
7544
7450
7380
7568
7597
7690
7601
7635
7598
7668
7756
7478
7485
7404
7683
7602
7710
7602
7676
7602
7653
7603
8415
7734
7684
7381
7533
7692
7615
7703
7615
7651
7611
7625
7634
7677
7526
7404
7384
7379
7533
7408
7577
7376
7606
7378
7468
7374
7376
7464
7377
7440
7377
7460
7378
7673
7378
7389
7600
7389
7442
7392
7432
7386
7430
7386
7401
7461
7600
7631
7631
7666
7598
7735
7598
7580
7412
7402
7439
7379
7793
7605
7625
7602
7748
7604
7681
7604
7783
7603
7631
7627
7636
7627
7655
7623
7630
7603
7655
7484
7441
7378
7561
7377
7498
7373
7401
7431
7401
7659
7626
7632
7602
7726
7602
7677
7606
7676
7381
7465
7382
7493
7379
7402
7431
7436
7413
7501
7597
7562
7750
7639
7598
7646
7596
7661
7786
7676
7612
7624
7633
7624
7881
7698
7701
7602
7699
7603
7854
7603
7658
7600
7633
7600
8532
7727
8207
7839
8008
7767
7611
7809
7447
7597
7410
7470
7383
7664
7413
7452
7566
7601
7686
7599
7868
7843
7848
7844
7777
7550
7435
7375
7382
7373
7557
7555
7448
7507
7375
7530
7374
7469
7374
7427
7400
7425
7374
7379
7373
7488
7429
7447
7373
7543
7373
7446
7373
7434
7372
7397
7380
7372
7406
7373
7610
7375
7581
7375
7539
7391
7450
7431
7444
7402
7443
7399
7383
7373
7371
7469
7484
7406
7512
8145
7442
7657
7442
7809
7436
7569
8342
7969
7469
7911
7689
7934
7861
7746
8492
8325
7605
7624
7377
7461
7373
7432
7397
7531
7505
7404
7507
7443
7434
7409
7398
7470
7603
7857
7815
8413
7672
8472
7796
8377
8487
8359
7693
7968
7850
8038
7935
8635
8058
7783
7606
11899
8197
8100
8506
8433
8276
7584
7806
7755
9184
8839
9077
7862
11607
7847
7600
7836
7836
7853
7833
7752
7597
7589
7374
7383
7373
7626
7427
7431
7486
7374
7528
7374
7508
7374
8836
7575
8717
8355
8208
7855
7981
7945
7417
8004
8283
7686
7379
7598
7378
7534
7470
7376
7670
7374
7680
7375
9019
7574
7997
7374
8254
7382
8103
7374
7449
7377
8432
8332
7683
7457
7396
7561
7395
7436
7421
7398
7429
7374
8022
7404
7394
7373
7449
7403
7502
7374
7495
7428
7373
7453
7373
7411
7374
7412
7374
7386
7375
7480
7458
7438
7511
7411
7435
7419
7398
7384
7373
7446
7372
7373
7418
7398
7635
7481
7443
7373
7809
7519
7549
7377
7458
7376
7430
7374
7381
7373
7439
7519
7679
9231
7794
7583
7393
7610
7446
7663
7443
7372
7458
7408
7428
7440
7603
7408
7488
7409
7375
7441
7375
7441
7373
7406
7373
7383
7373
7425
7428
7411
7486
7372
7559
7375
7410
7375
7381
7424
7412
7400
7411
7373
7469
7460
7433
7372
7511
7373
7409
7372
7399
7381
7397
7411
7374
7380
7373
7454
7377
7488
7375
7481
7378
7427
7451
7665
7403
7607
7395
7409
7372
7372
7550
7435
7384
7473
7438
7399
7534
7402
7492
7402
7436
7372
7409
7375
7481
7399
7502
7373
7588
7375
7375
7410
7372
7431
7373
7433
7373
7379
7373
7467
7491
7386
7473
7445
7398
7383
7399
7383
7371
7397
7380
7373
7407
7373
7470
7482
7610
7374
7513
7374
7518
7505
7509
7376
7456
7375
7413
7374
7498
7408
7373
7497
7373
9187
7553
7619
7374
7538
7651
7445
7485
7625
7420
7516
7426
7439
7557
7409
7374
7439
7374
7408
7374
7435
7375
7414
7372
7372
7500
7374
7465
7374
7483
7377
7452
7376
7383
7401
7410
7423
8027
7458
7520
7605
8200
7699
7407
7373
7546
7372
7509
7373
7443
7381
7441
7380
7373
7541
7376
7574
7374
7654
7375
7535
7374
7476
7426
7409
7440
7658
7444
7440
7566
7385
7638
7374
7409
7492
7382
7444
7435
7442
7382
7441
7379
7374
7523
7379
7544
7373
7651
7377
7552
7373
7383
7442
7373
7448
7373
7490
7372
7626
7375
7408
7642
7408
7488
7408
7442
7381
7441
7381
7442
7381
7372
7554
7416
7539
7384
7831
7500
7432
7438
7373
7604
7427
7479
7375
7454
7373
7488
7379
7385
7455
7481
7508
7653
8821
7485
7756
7434
7540
7392
7433
7375
7453
7477
7593
7616
7431
7673
7406
7466
7440
7373
7494
7374
7465
7373
7537
7379
7552
7373
7383
7640
7390
7487
7373
7479
7372
7453
7372
7404
7492
7468
7539
7384
7639
7385
7490
7383
7445
7434
7372
7450
7373
7450
7372
7440
7467
7477
7443
7373
7663
7375
7499
7373
7453
7373
7535
7372
7382
7439
7607
7477
7499
7456
7414
7433
7375
7406
7397
7379
7399
7406
7373
7460
7373
7470
7378
7496
7375
7520
7376
7485
7374
7428
7374
7384
7399
7372
7381
7374
7554
7375
7500
7378
7410
7436
7410
7401
7441
7400
7380
7373
7380
7372
7440
7406
7459
7412
7511
7385
7460
7449
7372
7441
7374
7667
7698
7501
7376
7561
7376
7508
7384
7780
7547
7387
7428
7688
9220
7768
7612
7409
7665
7585
7654
7469
7371
7476
7430
7433
7589
7465
7386
7400
7382
7373
7416
7373
7478
7380
7505
7374
7537
7379
7392
7434
7446
7400
7372
7414
7373
7388
7374
7445
7516
7428
7541
7392
7436
7455
7401
7385
7374
7424
7373
7454
7376
7388
7433
7487
7426
7374
7526
7375
7467
7373
7407
7374
7424
7372
7457
7373
7456
7484
7439
7585
7599
7427
7527
7430
7407
7373
7425
7404
7397
7402
7398
7543
7460
7438
7374
7486
7375
7411
7374
7407
7373
7429
7373
7381
7372
7371
7499
7373
7466
7373
7481
7376
7384
7401
7382
7401
7410
7399
7407
7374
7443
7403
7472
7372
7474
7417
7400
7382
7423
7514
7373
7404
7373
7584
7439
7636
7380
7538
7375
7492
7453
7387
7400
7383
7400
7371
9261
7589
7487
7443
7459
7469
7388
7502
7385
7423
7410
7399
7384
7452
7554
7373
7406
7373
7468
7380
7468
7373
7507
7375
7440
7400
7372
7437
7373
7452
7374
7413
7374
7473
7460
7386
7532
7409
7398
7383
7400
7407
7372
7451
7372
7371
7434
7372
7473
7460
7412
7373
7508
7375
7412
7373
7425
7372
7406
7373
7407
7374
7476
7506
7375
7507
7375
7704
7374
7383
7401
7423
7399
7641
7374
7384
7374
7463
7378
7471
7373
7486
7373
7453
7373
7399
7405
7372
7407
7372
7431
7374
7494
7375
7492
7374
7395
7464
7385
7399
7383
7400
7382
7399
7371
7413
7371
7474
7458
7407
7474
7426
7399
7425
7400
7517
7376
7596
7375
7381
7373
7513
7532
7556
7377
7372
7557
7374
7411
7374
7448
7374
7410
7373
8572
8028
7977
7514
7422
7558
7421
7432
7387
7422
7383
7373
7409
7374
7516
7379
7462
7573
7460
7389
7373
7578
7375
7448
7374
7412
7375
7409
7374
7394
7374
7481
7437
7415
7510
7394
7458
7407
7395
7373
7384
7399
7385
7374
7382
7374
7489
7389
7463
7373
7527
7375
7449
7375
7409
7373
7411
7374
7371
7384
7372
7466
7375
7535
7376
7428
7452
7626
7438
7388
7398
7384
7397
7383
7373
7636
7438
7522
7371
7541
7386
7427
7460
7398
7413
7373
7447
7374
7383
7373
7537
7378
7464
7374
7382
7511
7437
7438
7374
7410
7372
7406
7373
7380
7373
7467
7457
7386
7520
7420
7435
7406
7374
7432
7373
7408
7373
7442
7480
7373
7500
7374
7655
7379
7609
7377
7490
7376
7407
7374
7382
7400
7431
7372
9709
8447
7600
7503
7395
7462
7394
7427
7388
7373
7490
7373
7463
7372
7492
7445
7455
7392
7375
7719
7375
7497
7375
7412
7375
7410
7374
7383
7374
7421
7483
7425
7512
7454
7435
7373
7410
7397
7386
7399
7383
7374
7383
7374
8326
7537
7402
7373
7524
7374
7449
7373
7409
7373
7444
7372
7371
7548
7374
7517
7375
7502
7374
7543
7377
7390
7436
7628
7398
7386
7399
7383
7374
7413
7403
7503
7372
7538
7646
7437
7391
7399
7384
7399
7381
7374
7382
7373
7466
7376
7573
7374
7428
7497
7410
7426
7445
7399
7371
7408
7373
7383
7374
7470
7486
7411
7509
7387
7435
7383
7398
7379
7373
7432
7374
7382
7372
7395
7765
7482
7411
7373
7766
7381
7524
7376
7460
7375
7435
7375
7381
7373
7442
7482
7563
9211
7391
7457
7445
7499
7392
7373
7444
7372
7422
7381
7399
7474
7528
7386
7374
7517
7374
7408
7373
7583
7373
7405
7374
7404
7374
7441
7486
7373
7548
7375
7452
7374
7438
7373
7383
7423
7381
7374
7380
7374
7465
7391
7457
7373
7595
7374
7412
7372
7399
7384
7398
7411
7373
7379
7374
7493
7377
7464
7374
7428
7452
7436
7423
7383
7398
7572
7402
7371
7383
7372
7477
7454
7407
7473
7386
7399
7383
7399
7604
7375
7408
7373
7380
7373
7441
7404
7511
7371
7373
7548
7375
7411
7375
7409
7374
7407
7373
7406
7373
7467
7457
7386
7472
7445
7398
7385
7372
7400
7381
7398
7379
7374
7382
7374
7467
7378
7696
7375
7484
7375
7496
7530
7513
7377
7462
7398
7382
7373
7371
7551
7374
8029
7376
9487
8106
7572
7372
7407
7666
7408
7486
7426
7495
7448
7546
7382
7373
7912
7375
7501
7374
7452
7374
7510
7373
7435
7497
7462
7454
7373
7489
7373
7541
7378
7472
7374
7404
7399
7495
7425
7425
7374
7466
7460
7387
7373
7520
7372
7499
7371
7396
7380
7399
7379
7373
7412
7374
7467
7377
7519
7376
7515
7378
7408
7436
7385
7422
7381
7398
7371
7444
7372
7504
7455
7384
7511
7386
7418
7414
7398
7406
7373
7436
7373
7686
7376
7452
7403
7474
7372
7373
7535
7375
7556
7375
7459
7372
7407
7374
7379
7373
7464
7462
7386
7491
7411
7435
7418
7372
7397
7380
7399
7378
7374
7380
7374
7470
7378
7469
7374
7706
7375
7445
7374
7523
7592
7534
7377
7433
7375
7372
7557
7374
7545
7376
7447
7375
8847
7718
7714
7662
7431
7638
7409
7518
7433
7598
7382
7374
7698
7373
7694
7374
7452
7373
7451
7372
7448
7373
7371
7540
7375
7734
7374
7650
7374
7550
7374
7415
7443
7384
7440
7382
7493
7448
7446
7414
7371
7509
7372
7399
7407
7400
7404
7399
7380
7373
7407
7374
7503
7377
7486
7373
7481
7377
7385
7400
7383
7400
7372
7433
7372
7407
7374
7518
7455
7386
7475
7428
7399
7410
7400
7383
7409
7419
7372
7431
7373
7483
7467
7577
7635
7454
7454
7375
7467
7373
7429
7375
7406
7373
7422
7375
7505
7460
7389
7508
7437
7436
7438
7396
7372
7413
7398
7406
7372
7379
7374
7468
7456
7425
7374
7521
7375
7651
7373
7526
7373
7561
7633
7498
7455
7458
7477
7375
7544
7374
7652
7374
7502
7373
8714
7698
7411
7546
7465
7677
7434
7455
7446
7473
7433
7374
7432
7373
7506
7372
7464
7373
7372
7383
7372
7462
7375
7498
7374
7511
7378
7584
7375
7400
7401
7413
7400
7381
7374
7443
7516
7433
7373
7476
7413
7401
7410
7401
7408
7401
7398
7372
7381
7374
7466
7379
7499
7373
7530
7377
7386
7400
7372
7411
7373
7407
7374
7411
7397
7474
7456
7452
7476
7410
7400
7414
7401
7381
7373
7437
7372
7372
7381
7372
7475
7489
7384
7374
7589
7376
7669
7378
7437
7375
7406
7397
7407
7373
7472
7517
7430
7474
7375
7411
7372
7409
7400
7453
7397
7441
7374
7380
7373
7469
7379
7488
7373
7485
7375
7411
7373
7512
7520
7396
7381
7373
7688
7382
7602
7377
7544
7376
7480
7378
7389
7400
7382
7400
7882
8745
7415
7490
7468
7505
7439
7373
7542
7372
7422
7384
7398
7422
7488
7407
7374
7470
7377
7476
7378
7550
7373
7531
7378
7413
7401
7437
7400
7439
7519
7373
7413
7373
7475
7487
7385
7499
7389
7399
7383
7400
7410
7375
7410
7373
8680
7373
7442
7405
7500
7372
7510
7375
7373
7453
7373
7409
7374
7408
7374
7414
7374
7471
7481
7408
7475
7445
7400
7412
7400
7381
7372
7398
7407
7373
7379
7374
7471
7458
7387
7374
7486
7375
7409
7374
7408
7374
7693
7374
7405
7397
7439
7488
7374
7486
7377
7453
7375
7424
7401
7384
7399
7380
7373
7412
7374
7446
7403
7469
7373
7486
7373
7401
7453
7426
7450
7372
7582
7373
7413
7372
7691
7446
7641
7377
7474
7453
7393
7436
7473
7399
7404
7398
7371
8983
7703
7489
7476
7372
7580
7437
7401
7411
7424
7439
7402
7412
7374
7468
7373
7468
7379
7486
7373
7479
7378
7387
7401
7372
7468
7373
7406
7374
7384
7373
7640
7462
7386
7473
7387
7425
7384
7399
7380
7373
7407
7372
7437
7375
7372
7465
7458
7671
7377
7629
7564
7678
7609
7772
7651
7572
7378
7564
7379
7434
7461
7387
7497
7387
7400
7441
7399
7381
7372
7397
7382
7374
7380
7374
7470
7460
7407
7374
7521
7375
7445
7374
7405
7374
7406
7373
7411
7373
7372
7685
7373
7490
7373
7553
7378
7385
7437
7382
7398
7422
7399
7528
8427
7942
8525
7751
8118
8340
8116
7953
8001
9026
7946
7978
7615
7637
7376
7567
7377
8077
8068
8293
8401
10753
8152
8515
7823
7624
7642
7625
9591
8776
7865
7913
7638
7691
7636
7687
7636
7636
7659
7603
7659
7605
7684
7706
7717
7602
7690
7605
7636
7601
7631
7376
7413
7432
7411
7401
7377
7727
7600
7736
7601
7556
7514
7409
7481
7439
7432
7409
7402
7482
7405
7558
7382
7581
7380
7578
7378
7555
7601
7670
7604
7630
7622
7634
7615
7600
7663
7377
7593
7380
7475
7429
7411
7402
7468
7401
7434
7379
7402
7378
7516
7425
7544
7378
7589
7376
7505
7376
7402
7444
7378
7467
7379
7409
7378
7565
7382
7538
7430
7654
7479
7413
7440
7410
7401
7439
7401
7464
7613
7601
7747
7647
7691
7700
7634
7519
7469
7433
7651
7627
7613
7603
7848
7810
7736
7604
7589
7379
7698
7536
7547
7379
7440
7402
7476
7402
7411
7378
7472
7580
7375
9302
7748
7757
7638
7599
7740
7599
7640
7600
7686
7600
7623
7672
7710
7447
7378
7638
7378
7444
7379
7466
7380
7441
7380
7411
7380
7505
7674
7631
7698
7630
7625
7631
7621
7631
7713
7652
7597
7636
7599
7601
7720
7605
7442
7547
7438
7435
7438
7379
7465
7379
7427
7379
7462
7380
7579
7606
7637
7649
7635
7653
7635
7575
7411
7401
7470
7404
7377
7410
7377
7531
7481
7441
7510
7411
7441
7443
7380
7464
7380
7432
7379
7409
7378
7472
7467
7414
7482
7378
7614
7377
7452
7380
7653
7601
7613
7627
7610
7603
7664
7587
7406
7544
7434
7434
7510
7381
7503
7378
7466
7378
7471
7375
7402
7546
7377
7748
7379
7587
7379
7797
7739
7692
7604
7643
7603
7627
7602
7658
7650
7631
7744
9848
8062
7637
7614
7407
7586
7434
7435
7402
7379
7679
7601
7793
7602
7979
7599
7696
7600
7594
7376
7496
7380
7390
7398
7376
7677
7379
7590
7379
7442
7379
7410
7433
7386
7431
7386
7401
7719
7404
7500
7422
7581
7375
7580
7376
7520
7374
7432
7385
7378
7472
7379
7411
7378
7558
7381
7521
7380
7387
7547
7447
7433
7452
7478
7410
7431
7424
7410
7376
7547
7509
7410
7547
7387
7435
7387
7438
7440
7379
7438
7378
7408
7378
7494
7445
7591
7374
7419
7544
7377
7519
7379
7439
7379
7439
7378
7679
7626
7660
7706
7606
7681
7635
7544
7439
7433
7428
7378
7526
7377
7462
7376
7495
7470
7537
7376
7418
7764
7600
7645
7602
7888
7606
7693
7604
7505
7378
7675
7378
7389
7547
7454
7433
7805
8451
7624
7657
7611
7712
7613
7613
7571
7384
7565
7377
7633
7600
7692
7599
7660
7600
7653
7599
7601
7440
7376
7541
7376
7541
7379
7505
7429
7388
7434
7410
7434
7387
7432
7385
7403
7516
7451
7585
7595
7607
7374
7436
7443
7433
7412
7379
8477
7378
7413
7378
7550
7379
7568
7379
7576
7382
7391
7433
7387
7434
7412
7442
7423
7402
7376
7724
7704
7614
7683
7612
7635
7610
7552
7410
7429
7445
7379
7434
7380
7588
7382
7550
7379
7554
7381
7412
7434
7410
7479
7377
7463
7377
7467
7377
7606
7456
7661
7547
7412
7435
7410
7433
7435
7432
7406
7378
7490
7377
7471
7471
7547
7376
7544
7440
7379
7743
7602
7636
7601
7882
7608
7707
7604
7796
7601
7636
7658
7612
7636
7610
7490
8144
8581
7705
7577
7665
7688
7640
7691
7637
7604
7706
7602
7668
7602
7631
7379
7462
7377
7432
7378
7437
7632
7637
7648
7602
7761
7602
7660
7602
7468
7376
7440
7401
7408
7378
7566
7483
7461
7530
7411
7379
7613
7623
7658
7601
7659
7602
7638
7600
7681
7465
7412
7511
7376
7942
7602
7647
7601
7635
7599
7604
7377
7402
7450
8143
8233
7626
7881
7629
7716
7627
7702
7469
7475
7401
7378
7512
7378
7627
7382
7647
7378
7722
7377
7555
7376
7407
7497
7378
7632
7378
7477
7377
7772
7375
7405
7687
7434
7519
7648
7476
7403
7474
7603
7836
7822
7601
7691
7624
7677
7601
7646
7377
7491
7375
7482
7656
7601
7637
7600
7805
7606
7884
7600
7636
7377
7463
7378
7433
7433
7402
7430
9504
7904
7882
7512
7509
7571
7614
7656
7611
7603
7685
7600
7633
7601
7623
7377
7436
7377
7510
7439
7456
7509
7448
7865
7608
7709
7602
7703
7601
7815
7600
7627
7602
7741
7648
7628
7657
7432
7433
7402
7432
7470
7378
7710
7379
7454
7377
7516
7626
7793
7600
7896
7598
7631
7714
7638
7696
7630
7690
7628
7669
7660
7689
7478
7534
7553
7851
7840
7852
7838
7848
7838
7848
7723
7401
7401
7539
7456
7501
7378
7554
7379
7442
7379
7439
7379
7461
7379
7385
7448
7450
7592
7391
7542
7377
7444
7378
7885
7896
8022
7968
8240
7701
8014
7962
7848
7850
7835
7859
7837
7856
7835
7836
7600
7622
7566
7377
7430
7377
7877
7607
7705
7603
7747
7603
7906
7836
7852
7624
7609
7624
9003
8241
8106
7513
7411
7577
7389
7434
7410
7391
7502
7379
7441
7379
7490
7378
7552
7634
7681
7601
7635
7654
7612
7631
7633
7399
7377
7427
7377
7430
7376
7631
7648
7638
7701
7633
7627
7656
7581
7586
7625
7637
7599
7664
7601
7846
7601
7722
7599
7686
7604
7671
7601
7668
7600
7574
7428
7453
7401
7439
7619
7376
7531
7448
7385
7433
7445
7433
7474
7432
7449
7402
7384
7377
7556
7381
7646
7606
7714
7601
7669
7598
7635
7598
7608
7428
7375
7411
7376
7676
7422
7593
7378
7387
7434
7386
7431
7384
7430
7442
7403
7385
7375
7585
7626
7744
7598
7734
7598
7662
7598
7583
7417
7430
7430
7377
7628
7601
7694
7603
7890
7642
7787
7379
7498
7379
7411
7430
7411
7432
7385
7400
9729
8572
7744
7858
7604
7689
7630
7612
7437
7377
7758
8034
7601
7376
7601
7425
7569
7836
7931
7939
7852
7931
7850
7910
7788
7517
7438
7445
7443
7855
7515
7565
7507
7447
7525
7388
7577
7429
7473
7384
7452
7513
7379
7661
7603
7693
7602
7833
7837
7845
7841
7765
7600
7634
7601
7560
7398
7486
7676
7632
7725
7628
7623
7634
7623
7647
7374
7396
7401
7376
7438
7377
7568
7481
7409
7377
7561
7378
7465
7376
7431
7377
7463
7378
7407
7376
7436
7629
7605
7683
7600
7734
7602
7630
7601
7648
7376
7385
7431
7384
7401
7536
7515
7435
7430
7779
7602
7663
7601
7655
7601
7631
7600
7604
7377
7481
7654
7630
7647
7635
7877
7860
7714
7608
7648
7603
7661
7600
7450
7376
7541
7510
10075
8409
7597
7585
7375
7583
7390
7434
7409
7433
7436
7377
7776
7838
7567
7375
7604
7380
7500
7379
7463
7378
7384
7431
7386
7399
7433
7616
7376
7552
7460
7630
7635
7611
7626
7602
7636
7622
7624
8250
7686
7707
7768
7706
7599
7852
7601
7589
7379
7950
7662
7659
7599
7633
7600
7749
7433
7416
7545
7390
7430
7432
7432
7433
7428
7375
7447
7402
7408
7400
7537
7512
7409
7509
7423
7377
7463
7378
7436
7375
7435
7374
7433
7376
7435
7482
7376
7546
7377
7553
7422
7440
7378
7386
7430
7450
7429
7430
7402
7531
7515
7386
7375
7578
7375
7444
7373
7430
7819
7631
7632
7624
7607
7599
7924
7838
7757
7375
7618
7379
7778
7652
7676
7600
7654
7599
7601
7622
7626
7507
7429
7542
8213
8345
7725
7758
7434
7542
7536
7378
7468
7377
7601
7607
7683
7600
7759
7601
7667
7602
7609
7430
7409
7431
7376
7433
7375
7670
7376
7440
7547
7390
7433
7444
7429
7385
7433
7384
7391
7431
7378
7477
7463
7583
7375
7544
7412
7433
7433
7377
7440
7377
7674
7379
7661
7602
7759
7603
7627
7666
7611
7459
7403
7430
7408
7429
7491
7402
7438
7375
7400
7560
7508
7412
7546
7410
7433
7728
7379
7462
7378
7460
7377
7430
7376
7490
7628
7660
7623
7803
7543
7406
7476
7447
7428
7376
7462
7375
7439
7400
7567
7510
7410
7579
7754
7718
7637
7623
7670
7602
7657
7601
7731
7600
7689
7605
7717
7600
7737
7627
7666
7601
7671
7818
7672
7624
7638
7624
7634
7736
7636
7721
7376
7410
7431
8750
7727
7596
7652
7823
7726
7612
7563
7784
7649
7659
7624
7710
7601
7683
7600
7536
7377
7461
7377
7464
7376
7567
7512
7463
7545
7441
7431
7410
7431
7437
7375
7430
7439
7399
7406
7400
7669
7705
7612
7668
7648
7601
7666
7601
7498
7375
7462
7378
7407
7377
7485
7627
7719
7670
7390
7545
7388
7429
7377
7493
7376
7388
7478
7384
7402
7575
7510
7389
7576
7438
7376
7442
7376
7440
7376
7487
7534
7471
7375
7374
7564
7375
7544
7376
7556
7377
7441
7379
7440
7425
7384
7430
7384
7400
7487
7676
7605
7695
7612
7598
7638
7598
7667
7374
7398
7407
7376
7474
7377
7672
7602
7739
7601
7775
7603
7663
7624
7574
7378
7631
7603
7519
7401
7584
7651
7630
7648
7613
7628
7639
7584
7538
8416
7667
7603
7750
7596
7773
7606
7730
7597
7707
7622
7640
7598
7598
7535
7376
7714
7598
7698
7599
7889
7602
7933
7375
7550
7376
7403
7470
7433
7468
7433
7447
7435
7449
7473
7625
7704
7598
7728
7599
7679
7601
7621
7374
7430
7428
7375
7424
7376
7543
7380
7535
7377
7647
7378
7638
7715
7629
7695
7628
7693
7627
7668
7784
7520
7465
7386
7594
7375
7484
7373
7431
7401
7428
7426
7400
7400
7374
7620
7602
7768
7598
7890
7599
7739
7599
7721
7598
7625
7794
7547
7443
7557
7589
7402
7685
7403
7519
7433
7374
7471
7401
7469
7433
7447
7429
7449
7528
7381
7646
7376
7863
7599
7711
7599
7685
7621
7658
7600
7692
7594
7629
7764
7632
7818
7628
7712
7606
7615
7431
7470
9044
8601
7625
7427
7790
7621
7759
7599
7737
7601
7677
7622
7635
7598
7651
7597
7630
7399
7374
7541
7374
7576
7377
7553
7377
7389
7433
7386
7431
7383
7431
7436
7404
7478
7436
7545
7374
7656
7374
7431
7410
7432
7444
7430
7405
7377
7434
7377
7531
7379
7542
7378
7435
7497
7387
7432
7385
7429
7426
7713
7602
7629
7597
7666
7725
7611
7578
7470
7430
7408
7431
7438
7431
7406
7376
7430
7375
7555
7381
7567
7375
7571
7381
7437
7432
7373
7456
7375
7462
7376
7547
7422
7566
7508
7478
7576
7605
7638
7611
7624
7607
7624
7605
7599
7710
7605
7663
7629
7741
7599
7704
7599
7649
7375
7465
7375
7374
7801
7598
7633
7598
7833
7382
7689
7378
7474
7421
7438
7431
7433
7428
7438
7400
9651
8295
7783
7729
7410
7422
7546
7378
7464
7376
7461
7425
7472
7375
7458
7457
7402
7565
7375
7567
7376
7603
7392
7514
7386
7413
7431
7402
7428
7405
7399
7514
7523
7410
7375
7579
7374
7558
7375
7427
7439
7431
7474
7375
7463
7375
7619
7602
7714
7601
7686
7603
8028
7647
7578
7375
7382
7430
7384
7399
7492
7742
7614
7751
7612
7598
7662
7598
7637
7372
7399
7404
7375
7444
7377
7571
7378
7512
7375
7538
7379
7461
7376
7455
7376
7403
7400
7404
7375
7373
7672
7425
7558
7378
7409
7439
7433
7399
7404
7400
7406
7376
7404
7376
7481
7629
7684
7599
7761
7601
7660
7599
7635
7375
7372
7463
7374
7702
7598
7888
7599
8031
7670
7648
7378
7460
7431
7400
7426
7414
7398
7399
7397
10136
8306
7681
7815
7438
7434
7533
7377
7571
7376
7456
7423
7454
7374
7567
7443
7464
7506
7430
7540
7376
7470
7376
7486
7375
7399
7428
7399
7397
7526
7510
7431
7571
7436
7412
7454
7376
7501
7374
7454
7373
7397
7462
7400
7569
7376
7699
7599
7687
7602
7639
7601
7633
7600
7630
7375
7409
7400
7534
7513
7412
7543
7464
7651
7461
7373
7427
7432
7429
7381
7399
7404
7399
7534
7379
7555
7377
7553
7376
7486
7375
7438
7375
7381
7427
7406
7398
7373
7675
7376
7715
7422
7439
7378
7382
7430
7381
7428
7404
7399
7381
7399
7479
7428
7607
7641
7736
7840
7843
7597
7661
7645
7644
7374
7374
7454
7374
7704
7622
7713
7600
7884
7620
7678
7378
7500
7434
7385
7429
7441
7401
7734
7758
10543
9819
7858
7777
7640
7728
7853
7841
7851
7836
7844
7836
7544
7375
7641
7376
7651
7375
7439
7376
7527
7376
7442
7428
7383
7398
7541
7513
7387
7542
7412
7374
7442
7373
7428
7382
7427
7454
7399
7381
7374
7567
7378
7585
7376
7595
7379
7468
7376
7438
7375
7383
7427
7384
7397
7372
7806
7599
7703
7600
7635
7631
7636
7512
7680
7432
7432
7399
7408
7399
7537
7380
7519
7374
7581
7376
7504
7377
7506
7372
7372
7437
7374
7461
7375
7671
7377
7552
7378
7386
7480
7407
7429
7383
7428
7382
7397
7381
7372
7464
7475
7508
7446
7549
7410
7431
7383
7375
7503
7375
7526
7379
7408
7374
7566
7381
7591
7672
7611
7701
7660
7767
7670
7576
7463
7399
7374
7408
7373
7572
7480
7408
7529
8682
9289
7597
7726
7612
7726
7613
7596
7408
7375
7621
7376
7544
7376
7636
7378
7580
7378
7469
7377
7382
7429
7383
7400
7448
7598
7438
7727
7619
7631
7632
7625
7622
7600
7513
7430
7399
7483
7399
7558
7378
7599
7375
7603
8200
8042
7599
7662
7598
7630
7599
7661
7600
7703
7511
7419
7574
7478
7668
7865
7856
7853
7873
7841
7703
7720
7855
7919
7685
7790
7597
7847
7598
7665
7375
7524
7374
7373
7529
7376
7472
7375
7611
7601
7680
7600
7697
7627
7627
7922
7634
7457
7438
7429
7430
7398
7491
7680
7664
7596
7691
7598
7676
7596
7562
7374
7426
7445
7399
7637
7743
7873
7942
7807
7711
8091
7747
7662
7600
7979
7862
7922
7834
7812
7599
7746
7646
7633
7568
7409
7438
8378
8217
7655
7613
7635
7724
7625
7593
7769
7603
7864
7845
7771
7603
7666
7378
7569
7598
7633
7599
7638
7623
7667
7570
7417
7544
7417
7428
7387
7372
7504
7374
7431
7409
7399
7398
7398
7569
7458
7467
7376
7609
7378
7467
7374
7454
7374
7517
7375
7385
7397
7373
7674
7375
7579
7378
7467
7377
7407
7430
7443
7433
7503
7400
7429
7399
7584
7619
7862
7620
7693
7599
7660
7599
7761
7600
7637
7598
7631
7599
7625
7921
7845
7753
7612
7859
7598
7720
7599
7506
7478
7586
7373
7383
7442
7537
7589
7385
7686
7408
7522
7382
7375
7525
7374
7475
7374
7509
7376
7530
7629
7598
7662
7597
7712
7598
7630
7424
7410
7376
7753
7434
7473
7460
7692
7839
7846
7847
7841
7840
7841
7697
8218
8284
7641
7739
7647
7600
7726
7606
7729
7601
7708
7624
7663
7602
7687
7600
7661
7599
7632
7622
7689
7951
7842
7936
7636
7707
7610
7692
7562
7466
7407
7374
7455
7373
7444
7663
7650
7660
7698
7610
7627
7633
7599
7480
7376
7455
7374
7427
7376
7535
7379
7386
7511
8220
7633
7387
7430
7388
7429
7429
7428
7373
7409
7398
7578
7509
7596
7871
7601
7713
7717
7411
7401
7376
7434
7376
7405
7376
7491
7426
7452
7442
7417
7576
7389
7463
7376
7462
7375
7607
7424
7382
7400
7536
7512
7445
7544
7387
7431
7387
7375
7437
7375
7492
7375
7407
7374
7397
7540
7375
7543
7376
7551
7376
7438
7378
7615
7422
7384
7429
7496
7630
7552
7959
7820
7678
7614
7629
7670
7629
7385
7374
7507
8396
7715
7604
7787
7608
7772
7375
7523
7390
7377
7602
7377
7493
7378
7607
7377
7455
7376
7533
7513
7388
7545
7497
7432
7387
7430
7384
7428
7373
7385
7398
7438
7400
7621
7650
7611
7722
7660
7600
7655
7599
7582
7376
7463
7375
7433
7376
7509
7435
7413
7481
7438
7526
7375
7471
7375
7458
7375
7404
7399
7404
7376
7567
7484
7487
7527
7469
7377
7470
7374
7433
7374
7449
7688
7609
7597
7598
7666
7597
7661
7598
7621
7376
7440
7376
7506
7376
7442
7431
7382
7399
7583
7517
7388
7543
7390
7374
7443
7374
7429
7406
7428
7381
7454
7434
7376
7563
7377
7558
7375
7545
7377
7465
7378
7495
7376
7557
7430
7456
7398
7372
7919
7599
7743
7599
7656
7614
7608
7452
7435
7429
7810
7624
10436
8149
7596
7606
7596
7767
7388
7431
8014
7374
7490
7375
7461
7376
7523
7374
7722
7602
7627
7665
7604
7631
7639
7497
7407
7430
7434
7397
7399
7373
7398
7672
7705
7611
7678
7609
7632
7661
7605
7409
7375
7516
7375
7502
7376
7665
7601
7773
7597
7771
7695
7604
7710
7560
7467
7403
7466
7408
7442
7473
7599
7489
7372
7687
7510
7516
7620
7622
7609
7621
7606
7598
7629
7598
7775
7600
7734
7599
7708
7604
7634
7600
7591
7375
7399
7428
7436
7398
7490
7578
7452
7541
7431
7374
7431
7434
7430
7398
7428
7399
7399
7398
7374
7551
7378
7536
7375
7637
7377
7489
7375
7484
7373
7373
7488
7374
7878
7775
7769
7599
7827
7655
7723
7600
7638
7442
7382
7429
7381
7400
7381
7400
9870
8159
7755
7746
7439
7373
7563
7376
7441
7374
7504
7424
7437
7375
7476
7550
7449
7509
7387
7543
7375
7465
7378
7438
7375
7381
7431
7382
7399
7540
7514
7476
7429
7530
7375
7467
7374
7439
7620
7636
7597
7651
7596
7676
7689
7597
7562
7375
7596
7377
7494
7376
7455
7374
7399
7427
7437
7400
7556
7512
7405
7540
7432
7374
7545
7374
7519
7373
7426
7401
7400
7430
7389
7539
7377
7535
7375
7715
7600
7668
7603
7632
7599
7617
7612
7606
7622
7635
7552
7424
7574
7435
7428
7388
7372
7430
7381
7429
7380
7399
7404
7399
7532
7380
7543
7376
7554
7376
7502
7375
7468
7374
7448
7429
7373
7431
7373
7821
7624
7678
7603
7853
7604
7690
7418
7460
7431
7406
7399
7404
7399
7560
7461
9729
8500
7711
7633
7585
7378
8410
8249
8205
7959
7923
7910
7856
7844
7860
7845
7863
7847
7867
7846
7868
9988
8106
8902
7971
8492
8163
9286
7907
7856
7841
7851
7844
8095
7857
7863
7844
7854
7846
7877
7840
7831
7848
8151
7851
9493
8091
8272
8644
7932
11805
8190
12990
8665
7856
7858
7859
7854
7973
8043
7837
7843
7837
7848
7838
7728
7604
7693
7378
7559
7377
7571
7600
7745
7602
7863
7975
7922
8171
8069
7654
7639
7701
7640
7692
7695
7625
7649
7400
7439
7374
7434
7374
7448
7794
7650
7378
7584
7379
7578
7564
7638
8634
7875
7978
8223
7894
8188
7962
7840
7854
7837
7859
7838
7863
7811
7685
7557
7498
7376
7385
7398
7446
7598
7416
7542
7377
8936
8269
7667
7619
7620
7700
7597
7700
7596
7633
7746
7609
7446
7621
7388
7431
7437
7375
7486
7375
7504
7379
7431
7376
7522
7392
7411
7509
7385
7544
7411
7428
7375
7463
7375
7382
7430
7487
7400
7544
7513
7409
7544
7432
7376
7440
7375
7438
7375
7437
7374
7462
7373
7373
7716
7598
7717
7600
7712
7600
7640
7601
7537
7425
7404
7430
7468
7400
7531
7513
7411
7541
7411
7413
7423
7374
7461
7373
7427
7747
7624
7607
7623
7665
7598
7715
7598
7584
7375
7439
7425
7472
7376
7496
7376
7382
7399
7484
7560
7418
7544
7390
7429
7375
7409
7429
7474
7430
7630
7600
7625
7598
7719
7655
7662
7599
7741
7428
7470
7377
7531
7623
7452
7376
7463
7377
7457
7553
7414
7527
7377
7472
7375
9902
7650
7652
7665
7599
7741
7597
7461
7535
7506
7549
7543
7410
7433
7519
7377
7484
7377
7437
7376
7406
7375
7492
7423
7412
7512
7489
7547
7405
7427
7376
7495
7375
7405
7431
7382
7399
7581
7512
7447
7544
7445
7421
7449
7375
7437
7374
7436
7374
7410
7373
7397
7540
7375
7520
7375
7554
7377
7554
7378
7489
7374
7383
7429
7464
7400
7528
7750
7612
7675
7616
7619
7620
7597
7483
7372
7429
7429
7400
7403
7400
7698
7600
7678
7598
7779
7600
7650
7600
7653
7544
7431
7376
7413
7378
7504
7537
7412
7525
7444
7434
7376
7435
7397
7436
7400
7473
7377
7438
7375
9339
9123
7413
7524
7492
7375
7709
7599
7650
7597
7737
7723
7627
7599
7739
7600
7743
7600
7609
7679
7611
7631
10530
8572
7528
7605
7401
7733
7800
7770
7824
7699
7637
7627
7610
7600
7508
7376
7492
7376
7454
7374
7499
7628
7659
7601
7609
7702
7611
7625
7623
7398
7433
7397
7374
7401
7373
7630
7647
7636
7701
7634
7627
7626
7584
7432
7429
7436
7377
7431
7376
7512
7426
7545
7375
7430
7531
7374
7466
7374
7439
7375
7434
7376
7460
7422
7539
7512
7436
7545
7389
7429
7441
7429
7384
7375
7438
7373
7398
7443
7398
7538
7511
7388
7375
7838
7378
7440
7376
7460
7376
7436
7424
7381
7398
7466
7581
7420
7546
7388
7429
7376
7440
7375
7381
7430
7407
7399
7442
7400
7531
7456
7443
7375
7699
7600
7659
7597
7715
7425
7496
7373
7422
7844
7624
7504
7374
7572
7376
7576
7378
7441
7377
7408
7433
8093
8660
7776
7624
7635
7690
7611
7657
7711
7635
7660
7599
7634
7598
7577
7375
7456
7375
7493
7439
7488
7430
7409
7546
7374
7495
7375
7499
7376
7575
7375
7408
7400
7568
7512
7459
7548
7436
7431
7444
7375
7498
7376
7494
7374
7398
7384
7398
7538
7375
7610
7375
7555
7377
7457
7375
7496
7377
7463
7376
7477
7605
7672
7694
7708
7700
7620
7431
7446
7373
7430
7384
7428
7381
7400
7383
7399
7535
7391
7508
7375
7579
7377
7441
7375
7492
7594
7440
7376
7406
7398
7421
7668
7375
7556
7377
7443
7377
7418
7432
7384
7430
7382
7400
7406
7399
7473
7440
7544
7374
7614
7374
7432
7385
7429
7384
7375
7673
7623
7658
7598
7944
7700
7711
7599
7743
7602
7640
7600
7609
7624
7605
7482
9894
8470
7802
7679
7638
7692
7653
7632
7627
7624
7677
7624
7633
7598
7550
7377
7619
7603
7741
7600
7705
7603
7719
7686
7614
7623
7626
7621
7670
7835
7845
7844
7851
7844
7852
7789
7434
7376
7492
7374
7428
7405
7400
7429
7399
7541
7377
7522
7376
7901
7379
7443
7375
7494
7374
7490
7376
7382
7399
7462
7610
7376
7577
7424
7565
7375
7618
7700
7610
7691
7632
7670
7602
7669
7657
7651
7616
7626
7683
7600
7636
7600
7497
7376
7436
7376
7594
7426
7480
7445
7493
7508
7495
7544
7375
7465
7375
7439
7376
7417
7431
7442
7399
7535
7515
7447
7482
7508
7376
7442
7375
7463
7375
7439
7374
7398
7609
7374
7569
7376
7844
7447
7609
7379
7491
7379
7385
7431
7385
7430
7472
7401
9483
8779
7681
7853
7606
7690
7639
7606
7410
7375
7468
7423
7661
7376
7595
7448
7596
7375
7428
7520
7374
7457
7373
7475
7375
7487
7375
7423
7373
7561
7510
7432
7544
7406
7428
7409
7429
7448
7373
7441
8266
7928
7834
7919
7671
7722
7597
7723
7376
7430
7386
7375
7494
7375
7435
7376
8394
7415
7673
7378
7408
7545
7412
7431
7434
7428
7435
7431
7435
7398
7383
7373
7398
7538
7509
7411
7575
7410
7432
7387
7376
7437
7376
7457
7375
7408
7376
7469
7445
7421
7735
7434
7542
7375
7487
7375
7439
7376
7531
7433
7408
7400
7544
7512
7410
7543
7447
7376
7464
7376
7439
7375
7466
7375
7398
7407
7375
7830
7837
7853
7835
7912
7599
7644
7599
7520
7374
7493
7376
7382
7399
7534
7513
10004
8592
7644
7546
7388
7582
7388
7430
7387
7375
7463
7426
7585
7381
7872
7378
7607
7378
7434
7375
7372
7466
7374
7437
7375
7603
7598
7760
7599
7626
7666
7634
7459
7406
7431
7438
7433
7453
7399
7469
7375
7514
7454
7580
7375
7547
7409
7432
7474
7375
7492
7375
7585
7598
7633
7598
7685
7601
7727
7377
7401
7544
7416
7429
7433
7426
7434
7431
7383
7373
7397
7547
7509
7385
7543
7386
7431
7383
7374
7461
7375
7438
7374
7433
7375
7517
7438
7387
7510
7386
7543
7422
7739
7376
7438
7375
7435
7375
7382
7398
7534
7512
7544
7679
7650
7632
7641
7613
7645
7600
7519
7377
7533
7596
7723
7663
7798
7658
7708
7716
7665
7891
7846
7836
7850
7838
7847
7835
7838
7601
7425
7543
7377
8584
7751
7601
7771
7624
7833
7625
7598
7440
7473
7729
7650
7636
7599
7862
7601
7842
7835
7691
7599
7655
7599
7629
7598
7748
7378
7451
7546
7411
7429
7481
7431
7622
7428
7450
7372
7408
7421
7397
7543
7560
7449
7542
7427
7430
7382
7374
7435
7374
7433
7374
7469
7375
7498
7433
7387
7510
7410
7543
7375
7465
7376
7438
7375
7672
7429
7442
7398
7538
7511
7817
7840
8253
8110
7919
9988
7909
7870
8208
7864
7850
7926
7863
7857
7839
7850
7726
7599
7653
7516
7641
7375
7762
7600
7639
7599
7716
7649
7694
7594
7385
7430
7408
7431
7448
7416
7460
7373
7501
7510
7495
7449
7522
7374
7440
8145
7945
7822
7623
7921
7857
7861
7632
7613
7598
7767
7599
7735
7601
7646
7377
8490
7767
7645
7720
7415
7552
7387
7432
7513
7515
7577
7425
7553
7375
7519
7375
7497
7376
7646
7377
7385
7398
7427
7618
7375
8335
7599
7742
7601
7968
7681
7744
7596
7438
7445
7468
7447
7637
7586
7463
7690
7428
7506
7443
7375
7527
7374
7493
7375
7469
7373
7541
7464
7449
7594
7376
7706
7377
7544
7377
7495
7374
7400
7465
7540
7441
7566
7593
7487
7689
7432
7520
7400
7375
7598
7597
7668
7602
7609
7596
7633
7631
7658
7764
7598
7688
7599
7668
7598
7626
7557
7454
7374
7424
7372
7598
7510
7404
7543
7403
7429
7409
7431
7431
7373
7524
7373
7398
7438
7397
7561
7510
7460
7375
7602
7377
7766
7649
7654
7598
7742
7762
7662
7600
7853
7655
7604
7816
7604
7711
7613
7564
7720
8560
7644
7658
7637
7629
7965
7433
7964
7834
7856
7835
7853
7857
7921
7602
7688
7599
7649
7598
7654
7840
7850
7839
7851
7848
7851
7841
7791
7623
7629
7622
7640
7623
7656
7654
7774
7704
7888
7597
7744
7597
7723
7596
7719
7416
7451
7405
7375
7607
7376
7625
7377
7811
7376
7554
7376
7409
7468
7439
7466
7385
7442
7578
7657
7432
7506
7568
7374
7521
7385
7469
7381
7469
7678
8948
7982
7599
7671
7624
7635
7598
7732
7600
7611
7375
7432
7376
7428
7377
7486
7376
7566
7483
7521
7526
7488
7693
7634
7621
7629
7598
7654
7596
7448
7472
7399
7561
7510
7444
7417
7538
7376
7693
7378
7612
7427
7495
7376
7523
7705
7521
7551
7463
7545
7412
7429
7411
7430
7374
7405
7430
9267
7882
7749
7649
7746
7679
7444
7523
7652
7628
7654
7623
7629
7599
7699
7599
7491
7377
7527
7378
7539
7377
7708
7728
7613
7627
7625
7620
7607
7528
7406
7399
7444
7548
7492
7373
7544
7437
7430
7445
7431
7405
7429
7407
7375
7406
7374
7560
7380
7525
7375
7568
7416
7387
7431
7385
7429
7373
8357
7374
7407
7374
7537
7512
7435
7544
7435
7432
7385
7432
7381
7429
7381
7375
7430
7374
7468
7470
7580
7375
7429
7614
7375
7435
7375
7437
7376
7435
7376
7404
7375
7579
7707
7638
7679
7605
7632
7611
7553
7531
7670
7610
7598
7654
7597
7671
7668
7620
7373
7542
7388
7431
7420
7376
7440
7375
7614
7425
7407
7376
7635
8259
7774
7601
7635
7679
7611
7632
7533
7431
7406
7430
9292
8672
7724
7934
7411
7486
7470
7375
7495
7374
7500
7427
7455
7372
7396
7598
7373
7707
7599
7796
7599
7889
7600
7657
7377
7722
7376
7407
7430
7426
7398
7548
7761
7624
7859
7626
7707
7631
7749
7594
7375
7527
7374
7498
7374
7493
7478
7591
7401
7375
7718
7376
7544
7376
7494
7375
7524
7374
7406
7443
7546
7586
7403
7681
7520
7511
7467
7469
7400
7373
7467
7400
7444
7399
7444
7560
7591
7427
7377
7736
7375
7662
7378
7534
7374
7524
7373
7434
7444
7489
7653
7543
7678
7404
7514
7376
7495
7373
7406
7466
7435
7445
7665
7598
7608
7588
7467
7376
7804
7376
7545
7374
7494
7375
7533
7376
7619
7597
7684
7682
7619
7933
7620
7845
7376
7529
7376
7492
7375
7441
7430
7399
7398
10610
7904
7642
7855
7635
7697
7633
7564
7384
7431
7392
8066
7820
7597
7700
7377
7574
7376
7578
7378
7488
7378
7387
7432
7383
7427
7631
7620
7638
7735
7635
7628
7650
7604
7939
7641
7624
7663
7623
7630
7623
7460
7400
7643
7600
7791
7599
7911
7600
7722
7600
7577
7375
7492
7374
7401
7618
7736
7652
7629
7697
7630
7623
7636
7425
7457
7698
7630
7596
7706
7596
7685
7693
7694
7430
7777
7432
7522
7603
7375
7513
7375
7527
7375
7469
7375
7547
7602
7626
7648
7649
7699
7628
7623
7626
7547
7401
7426
7440
7373
7398
7564
7508
7653
7544
7463
7431
7434
7429
7399
7374
7484
7374
7459
7374
7600
7417
7574
7419
7461
8012
7412
7429
7429
7682
7599
7649
7645
7625
7597
7745
7490
9453
9255
7439
7568
7373
7650
7374
7431
7434
7429
7399
7460
7646
7600
7954
7598
7898
7599
7744
7599
7720
7598
7590
7374
7401
7443
7528
7586
7679
7696
7650
7628
7629
7621
7626
7597
7450
7421
7458
7373
7398
7571
7508
7436
7415
7600
7375
7457
7376
7455
7376
7452
7375
7457
7374
7482
7552
7436
7544
7413
7429
7409
7430
7375
7476
7426
7598
7622
7639
7625
7661
7705
7610
7719
7399
7375
7465
7376
7435
7373
7495
7373
7545
7376
7504
7742
7607
7751
7604
7811
7688
7624
7375
7494
7374
7401
7468
7407
7443
7561
7591
7402
7689
7429
7521
7617
7599
7656
7600
7647
7597
7625
7597
7672
7436
7651
7596
7693
7809
7651
8036
7854
7689
7672
7623
7714
7466
7376
7629
7417
7409
7528
10137
7813
7673
7771
7596
7811
7598
7537
7435
7429
7654
7759
7680
7598
8042
7601
7747
7598
7563
7376
7517
7375
7469
7373
7535
7586
7429
7682
7403
7515
7525
7621
7639
7624
7609
7596
7607
7512
7457
7487
7512
7447
7544
7458
7375
7438
7375
7504
7374
7453
7374
7405
7374
7520
7526
7388
7543
7388
7429
7441
7622
7601
7634
7597
7626
7620
7628
7622
7550
7510
7403
7543
7403
7433
7406
7376
7454
7374
7452
7373
7453
7375
7534
7628
7630
7754
7629
7858
7631
7707
7739
7477
7374
7522
7374
7429
7443
7630
7649
7614
7699
7639
7625
7632
7611
7443
7376
7576
7540
7410
7373
7506
7430
7544
7375
8126
8780
8002
7661
7807
7897
7851
7836
7809
7599
7636
7785
7631
7864
7626
7707
7771
8800
7647
7610
7761
7598
7737
7598
7599
7430
7837
7665
7891
7598
7726
7760
7637
7693
7610
7688
7599
7489
7376
7743
7376
7781
7374
7388
7522
7410
7467
7550
7620
7680
7601
7608
7600
7653
7463
7579
7377
7576
7375
7491
7373
7437
7374
7373
7488
7374
7435
7375
7666
7600
7739
7601
7694
7616
7612
7438
8366
7497
7383
7431
7429
7399
7568
7540
7411
7376
7608
7374
7464
7373
7430
7383
7428
7405
7375
7409
7376
7558
7379
7519
7377
7548
7382
7386
7432
7442
7431
7432
7428
7442
7398
7373
7538
7507
7388
7545
7411
7431
7413
7434
7407
7375
7495
7376
7466
7376
7527
7693
7719
7600
7677
7602
7642
7630
7570
7397
7376
7887
7601
7661
7599
7695
7374
7411
7548
7413
7432
7437
7432
7965
8252
7739
7828
7389
7417
7655
7383
7702
7596
7683
7623
7635
7621
7681
7373
7571
7596
7626
7667
7664
7823
7629
7859
7404
7517
7376
7503
7374
7409
7468
7432
7444
7400
7444
7586
7482
7412
7426
7621
7377
7500
7375
7508
8107
8160
7518
7406
7456
7442
7717
7636
7647
7600
7731
7601
7660
7600
7494
7374
7399
7428
7404
7399
7593
7510
7468
7545
7409
7413
7498
7381
7640
7381
7464
7374
7462
7373
7398
7571
7374
7548
7374
7579
7377
7730
7470
7489
7375
7399
7428
7490
7399
7486
7555
7405
7539
7413
7374
7464
7373
7429
7520
7450
7436
7400
7467
7400
7563
7379
7570
7376
7748
7602
7641
7602
7715
7598
7682
7599
7698
7824
7632
7733
7648
7701
7641
7434
7404
7426
7443
7374
7427
10263
7664
7476
7716
7602
7717
7372
7550
7374
7430
7401
7424
7480
7374
8077
7377
7483
7376
7585
7378
7570
7377
7401
7542
7404
7428
7402
7428
7401
7426
7432
7373
7398
7562
7508
7433
7543
7673
7630
7663
7625
7630
7598
7675
7598
7659
7598
7719
7603
7714
7601
7702
7604
7526
7429
7427
7428
7402
7427
7432
7398
7373
7562
7506
7451
7542
7461
7431
7401
7431
7403
7427
7424
7375
7455
7373
7513
7423
7538
7375
7511
7465
7407
7508
7375
7458
7374
7490
7375
7423
7373
7610
7509
7434
7571
7497
7429
7404
7429
7400
7373
7489
7372
7456
7372
7398
7532
7508
7433
7374
7570
7376
7462
7377
7704
7376
7630
7840
7804
7600
8061
7858
7840
7833
7641
7716
7613
7674
7646
7473
7402
7444
7594
8560
7719
7689
7735
7598
7738
7599
7552
7375
7439
7374
7476
7387
7373
7487
7375
7545
7376
7520
7376
7577
7404
7387
7433
7436
7429
7549
7429
7385
7398
7440
7474
7509
7388
7544
7409
7430
7385
7477
7715
7625
7625
7597
7629
7598
7660
7604
7611
7377
7578
7380
7436
7439
7409
7399
7438
7398
7372
7406
7373
7678
7620
7632
7750
7649
7626
7652
7531
7435
7431
7432
7387
7417
7375
7561
7605
7681
7599
7708
7602
7654
7602
7652
7599
7614
7398
7406
7375
7373
7668
7376
7586
7379
7407
7440
7439
7399
7404
7399
7400
7374
7404
7375
7471
7439
7540
7374
7588
7375
7435
7438
7374
7487
7375
7427
7376
7644
7599
7741
7602
7822
7712
7638
7438
7454
7429
7401
7428
7435
7400
7402
7373
7495
10293
7698
7598
7717
7374
7586
7375
7458
7374
7455
7373
7423
7452
7374
7632
7378
7560
7378
7595
7380
7480
7377
7408
7431
7400
7427
7401
7397
7474
7555
7474
7373
7546
7401
7430
7401
7428
7399
7475
7463
7376
7744
7599
7759
7602
7800
7599
7844
7600
7714
7376
7422
7468
7439
7463
7432
7442
7456
7693
7375
7684
7662
7633
7627
7649
7622
7652
7524
7399
7400
7399
7400
7560
7378
7541
7377
7608
7379
7456
7375
7492
7373
7400
7426
7374
7424
7374
7707
7376
7605
7378
7450
7431
7401
7428
7400
7427
7436
7400
7515
7374
7515
7453
7563
7373
7556
7457
7430
7439
7375
7455
7374
7488
7375
7456
7375
7691
7602
7956
7599
7742
8001
7480
7432
7464
7432
7408
7429
7408
7399
7423
7646
7647
9192
8135
7837
7829
7597
7675
7598
7643
7598
7650
7374
7477
7537
7375
7602
7375
7599
7377
7439
7377
7438
7376
7407
7430
7407
7398
7493
7562
7391
7529
7461
7374
7456
7385
7430
7407
7431
7381
7449
7477
7376
7567
7380
7761
7600
7707
7604
7633
7601
7630
7599
7578
7518
7829
7802
7832
7961
7808
7917
7632
7468
8220
7940
7790
7773
7834
7822
7844
7808
7833
7708
7904
7773
7986
8142
8340
8786
8340
8108
8139
8062
8217
8293
8502
8071
8284
8214
8274
7691
7722
7640
7728
7630
7622
7637
7596
7622
7651
7647
7633
7698
7633
7625
7647
7617
7431
7450
7537
7784
7815
7676
7822
7855
7830
7804
8075
7803
7929
7837
7884
7703
7739
7469
7411
7407
7538
7514
7387
7544
8044
8514
7639
7638
7735
7601
7764
7803
7626
7588
7597
7561
7514
7601
7755
7925
8015
7936
7893
8150
7898
7887
7761
7838
7686
7815
7616
7567
7780
7773
7637
7425
7698
7380
9542
7599
7733
7427
7811
7602
7891
7598
7701
7377
8228
18850
9189
22568
7856
23415
7895
9236
8409
8245
9614
8889
8475
18047
9455
10065
10097
11861
9840
10345
8288
9138
8185
8291
8833
8382
8249
8116
8340
8513
8238
8147
7956
9926
8507
7968
7972
7980
7955
7928
8033
7997
7921
8013
8061
7922
7864
8118
7861
7857
7862
7864
7877
7749
7819
7657
7813
7733
7639
7426
7469
7422
7974
8321
8444
8054
8720
7937
8284
7600
7757
7602
8017
7616
12946
7995
10532
7819
8613
7810
8132
8159
9057
7918
8164
7602
8186
7601
8098
7601
7951
7839
9034
8275
10703
8397
9177
7809
8151
7801
7993
7658
8031
7775
8044
7403
7829
7736
7896
7685
7516
7954
7597
8005
7833
8240
7600
8005
7912
7917
7844
7650
7711
7711
7838
7861
7843
7853
7838
7872
7873
7645
8033
7715
7934
7834
7904
7634
8051
7616
7783
7841
8096
7902
7718
7931
7640
7909
7780
8290
7838
7880
7704
7823
7602
8041
7860
8190
7799
8116
7899
7860
7641
7525
7934
7621
8098
7428
8112
7655
7922
7439
7818
7979
8166
7827
8042
8459
8240
8261
8602
8043
8960
7850
8044
8050
8221
9453
7834
8064
7736
8105
7606
7801
7483
7909
7635
8070
7662
11262
7680
7846
7412
7975
8151
8088
7640
7958
7645
8039
7791
7863
7843
7848
7756
7376
7821
7379
8064
7602
8301
7377
8239
7601
8192
7600
8047
7842
7954
7853
7849
7847
7850
7738
7686
7703
8102
7847
7627
7797
7627
7877
7634
7769
7842
7860
7774
7600
7832
7599
7877
7379
7772
7597
7879
7600
7700
7602
7680
7599
7718
7508
7438
7545
7554
7436
7540
7632
7610
7648
7674
7375
7788
7599
7911
7664
7827
7378
7696
7377
7758
7662
7640
7796
7615
7958
7668
7859
7629
7727
7600
7680
7603
7520
7375
7594
8013
7714
7948
7498
7981
7627
8107
7656
8195
7633
7769
7943
7911
7697
7636
8223
7837
8082
7836
9240
7939
8393
7685
8294
7844
7992
7852
7900
7895
8770
12970
10635
9573
8110
8564
8399
10087
8076
9946
8140
10138
7885
7905
7845
8039
7840
9220
7716
8184
7744
8081
8015
8135
7613
8334
7863
8274
7628
7952
7737
7828
7635
7878
7713
7755
8214
7957
7874
7600
7981
7600
7892
7596
8041
7840
8031
7601
7867
7605
7837
7484
7522
7769
7636
7924
7428
7814
7756
7895
7458
7666
7655
8145
7905
8066
7852
7844
7863
7834
7864
8101
7797
7627
7741
7598
8122
8048
8402
8188
8292
7883
8080
7743
8015
7829
8185
7923
8225
8054
7758
8332
7624
7863
7662
7879
7614
7632
7505
7403
7581
7653
7689
7656
7881
7609
7814
7608
7815
7606
7790
7627
7630
7596
7710
7795
7718
7604
7639
7681
7843
7675
7607
7623
7637
7625
9543
8414
7731
7719
7636
7659
7636
7627
7497
7605
7666
7626
7649
7597
7682
7599
7871
7657
7850
7599
7724
7477
7402
7793
7856
7676
7599
7689
7599
7710
7834
8119
7600
7659
7475
7386
7430
7458
7428
7923
7430
7415
7400
7460
7374
7572
7380
7593
7377
7620
7375
7724
7597
7659
7598
7648
7599
7639
7598
7595
7696
7599
8121
7601
7697
7600
7661
7597
7623
7621
7629
7599
7634
7602
7617
7483
7436
7376
7561
7377
7502
7379
7489
7376
7463
7375
7437
7375
7415
8018
7853
7731
7636
7731
7601
7670
7600
7698
7599
7654
7470
7432
7698
7721
7599
7464
7575
7436
7431
7461
7381
7485
7374
7454
7374
7567
7597
7727
7645
7780
7721
7574
8634
7527
7431
7444
7431
7375
7791
7598
7724
7597
10483
7668
7740
7404
7373
7626
7374
7464
7421
7428
7408
7477
7404
7400
7726
7602
7900
7837
7874
7840
7849
7838
7714
7599
7663
7600
7615
7599
7618
7480
7412
7527
17261
16972
8189
7860
7849
8201
11018
9594
7853
7895
7835
8005
7835
7879
7836
7883
7838
7850
7838
8265
7379
8006
7601
7772
7616
7778
7634
8048
7943
7933
7837
7857
7838
7846
7836
7660
7483
7426
7435
7499
7374
7469
7506
7566
7602
7601
7744
7603
7632
7599
7660
7768
7870
7578
7579
7377
7462
7377
7438
7511
7868
7897
7875
7902
7874
7846
7714
8959
8043
9783
7867
8490
7865
8230
7864
9191
8193
9619
10655
10763
9781
8164
8855
7934
10181
8238
10348
10753
8069
13626
11828
12004
10548
8845
8225
8367
8048
8323
7865
7855
7981
7854
7864
7848
7855
7834
7707
7597
7640
7597
7650
7616
7624
7634
7622
7571
7375
7657
7600
7798
7600
7661
7600
8132
7376
7500
7375
7533
7403
7565
7513
7450
7542
7413
7431
7656
7621
7512
7373
7691
7596
7691
7597
7750
7496
7509
7414
7374
7780
7598
7530
7427
7645
7598
7655
7599
7632
7600
7880
7608
7627
7861
7634
7629
7860
8409
8207
8235
8170
8142
8162
7951
8040
8085
7936
8048
7932
7936
7736
7796
7657
7598
7660
7597
7643
7598
7611
7375
7576
7378
7583
7404
7471
7433
7438
7431
7443
7553
7870
8023
8187
8033
7713
7980
8663
7784
7706
7381
7754
7603
7542
7376
7614
7607
7732
7841
9840
7993
8166
7655
7837
7933
7964
7704
7626
7710
7642
7699
7670
7649
7687
7958
7961
7925
7775
7828
7978
7855
7616
7598
7612
7599
7611
7379
7617
7378
7583
7657
7704
7605
7604
7631
7636
7625
7639
7399
7473
7810
7628
7866
7598
7737
7597
7631
7697
7623
7692
7623
7669
7623
7669
7744
7648
7895
7779
7994
7659
7678
7374
7690
7598
7718
7599
7689
7598
7832
7376
7437
8259
7626
7762
7613
7633
7611
7534
7444
7399
7496
7376
8146
7979
8019
7597
8022
7597
7849
7376
8031
7377
7801
7377
7417
7803
7441
8331
7619
8003
7620
7836
7435
7546
7378
7807
7798
7970
7888
7787
8244
7889
7988
8086
8069
7990
7991
7852
7911
7846
7836
7949
7824
7811
7968
7746
7955
7839
9624
10571
8640
7952
8132
7840
7820
7851
7830
7788
7872
8011
7897
8078
7977
8089
7952
8019
7993
7789
7854
7859
7801
7801
7636
7730
7602
7755
7630
7692
7777
7637
7807
7605
7872
7846
8432
7780
7857
7640
7836
7615
7684
7659
7432
7390
7372
7430
7381
7398
7408
7400
7660
7708
7748
7601
7716
7705
7735
7599
7574
7622
7500
7542
8320
8657
7972
7728
7858
7690
7971
7971
8017
7885
7601
7700
7751
7646
8072
7607
7710
7913
7623
7845
7676
7624
7639
7598
7659
7650
7884
7599
7781
7602
7973
7602
7775
7847
7979
7670
7663
7827
7629
7892
7644
7875
7638
7892
7809
8170
7627
7977
7655
7760
7643
7640
7754
7757
7773
7430
7494
7376
7555
7640
7746
7373
7426
7538
7374
9382
7921
7752
7663
7756
7637
7665
7654
7797
7634
7675
7614
7643
7621
7596
7533
7665
7623
7635
7599
7649
7600
7816
7844
7651
7602
7711
7601
7651
7599
7516
7377
7784
7601
7739
7540
7580
7693
7653
7709
7445
7739
7404
7802
7436
7689
7635
7603
7684
7374
7865
7658
7667
7376
7555
7373
7430
7612
7725
7894
7802
7692
7912
7718
7624
7595
7376
7761
7600
7720
7601
7641
7602
7608
7446
7405
7430
7561
7629
7716
7711
7611
7630
7664
7599
7560
7602
7633
7817
7669
7421
7519
7374
7441
7699
7596
7734
7598
7694
7598
7646
7598
7845
7600
7755
7699
7663
7812
7561
7816
7614
7926
7644
7842
7661
7879
7626
7832
7881
7649
7879
7838
7927
7600
7674
7599
7637
7379
7461
7377
9896
8164
7972
7601
