2469
2360
2335
2321
2322
2518
2436
2482
2397
2393
2391
2426
2391
2441
2449
2395
2392
2391
2474
2440
2405
2323
2321
2321
2392
2324
2324
2344
2323
2320
2322
2336
2326
2322
2345
2322
2321
2321
2397
2326
2322
2321
2322
2319
2419
2433
2330
2324
2322
2411
2323
2361
2324
2324
2321
2320
2479
2338
2397
2400
2393
2391
2391
2421
2429
2399
2393
2391
2391
2402
2404
2444
2396
2393
2390
2391
2413
2424
2397
2392
2391
2392
2390
2394
2586
2396
2394
2390
2391
2390
2471
2461
2397
2394
2391
2392
2429
2441
2397
2393
2391
2390
2391
2405
2480
2328
2328
2322
2323
2321
2362
2388
2325
2322
2320
2320
2433
2332
2350
2323
2322
2320
2322
2488
2397
2420
2391
2390
2416
2413
2395
2580
2499
2397
2392
2392
2509
2502
2533
2587
2401
2397
2411
2397
2394
2390
2687
2402
2443
2423
2397
2395
2393
2526
2398
2439
2396
2394
2390
2504
2394
2750
2582
2939
2731
2514
2467
2454
2413
2405
2401
2396
2393
2525
2486
2399
2394
2392
2392
2417
2543
2416
2404
2393
2392
2393
2437
2474
2472
2467
2466
2465
2468
2491
2476
2475
2467
2468
2465
2487
2476
2469
2468
2466
2466
2475
2469
2471
2469
2432
2323
2323
2479
2425
2394
2392
2391
2390
2429
2439
2421
2394
2392
2393
2392
2510
2448
2476
2394
2394
2392
2434
2396
2399
2516
2343
2326
2323
2362
2328
2325
2379
2326
2324
2380
2335
2329
2323
2381
2324
2324
2390
2328
2326
2323
2380
2322
2323
2358
2329
2323
2321
2323
2349
2359
2326
2327
2323
2322
2321
2348
2424
2430
2333
2328
2324
2323
2490
2395
2330
2325
2323
2322
2322
2564
2333
2332
2324
2326
2324
2324
2418
2330
2325
2374
2323
2322
2323
2411
2329
2324
2322
2321
2321
2379
2420
2398
2392
2392
2390
2393
2425
2423
2394
2389
2393
2392
2449
2491
2506
2396
2394
2393
2392
2431
2401
2543
2328
2325
2321
2367
2328
2328
2379
2325
2323
2323
2360
2329
2327
2380
2325
2323
2323
2361
2329
2323
2378
2323
2323
2362
2326
2326
2321
2348
2323
2324
2451
2401
2394
2392
2393
2393
2394
2505
2421
2398
2393
2473
2396
2434
2399
2395
2393
2393
2476
2443
2396
2426
2393
2394
2392
2398
2446
2331
2327
2324
2322
2322
2380
2388
2331
2325
2322
2323
2323
2505
2333
2328
2321
2324
2323
2323
2549
2331
2329
2322
2322
2323
2366
2474
2485
2401
2395
2392
2393
2433
2475
2328
2325
2324
2446
2496
2501
2761
2486
2481
2475
2469
2490
2471
2644
2423
2666
2481
2519
2509
2620
2435
2403
2396
2436
2521
2394
2742
2471
2474
2485
2466
2469
2462
2683
2470
2469
2436
2400
2396
2576
2403
2398
2506
2396
2392
2389
2677
2395
2417
2391
2396
2388
2390
2510
2396
2441
2395
2393
2389
2390
2496
2411
2392
2394
2390
2390
2388
2494
2464
2398
2393
2389
2393
2390
2518
2395
2392
2390
2391
2390
2389
2535
2426
2398
2393
2391
2391
2535
2451
2395
2393
2390
2391
2392
2543
2571
2398
2393
2390
2391
2409
2513
2396
2395
2388
2392
2406
2392
2501
2394
2394
2389
2391
2503
2329
2432
2327
2322
2319
2320
2453
2397
2474
2396
2393
2670
2658
2463
2506
2658
2449
2445
2545
2491
2565
2503
2670
2471
2549
2502
2475
2419
2565
2429
2596
2421
2419
2420
2516
2602
2424
2466
2515
2419
2419
2586
2615
2792
3140
2830
2595
2598
2579
2505
2490
2486
2478
2475
2542
2496
2482
2480
2469
2469
2466
2536
2479
2476
2492
2396
2391
2408
2542
2400
2399
2391
2393
2390
2466
2397
2396
2391
2392
2390
2427
2476
2470
2470
2465
2465
2464
2492
2506
2412
2396
2416
2391
2475
2399
2581
2397
2428
2394
2392
2638
2429
2526
2407
2410
2398
2504
2478
2480
3309
2668
2491
2831
2500
2464
2525
2494
2488
2511
2488
2455
2484
2493
2482
2498
2665
2575
2652
2735
17707
2508
2503
2497
2483
2473
2474
2471
2532
2481
2476
2469
2467
2482
2482
2474
2473
2467
2482
2491
2507
2496
2483
2476
2470
2468
2525
2396
2398
2393
2393
2393
2394
2506
2405
2399
2416
2392
2393
2436
2530
2398
2396
2391
2393
2391
2466
2424
2396
2392
2391
2391
2440
2412
2506
2397
2398
2391
2392
2460
2412
2469
2393
2394
2393
2438
2396
2423
2406
2394
2391
2393
2438
2401
2424
2395
2393
2391
2423
2396
2396
2418
2451
2393
2395
2437
2398
2395
2438
2451
2396
2448
2457
2425
2329
2608
2436
2409
2563
2503
2414
2463
2638
2454
2471
2480
2476
2447
2500
2513
2476
2454
2502
2449
2448
2491
2540
2455
2534
2430
2429
2429
2636
2526
2435
2430
2328
2329
2324
2549
2331
2331
2508
2325
2428
2427
2523
2466
2492
2413
2461
2489
2546
2482
2457
2454
2396
2450
2460
2447
2450
2402
2397
2393
2394
2429
2456
2400
2397
2461
2457
2455
2419
2536
2400
2438
2416
2437
2397
2434
2454
2395
2396
2393
2521
2475
2475
2468
2469
2464
2489
2473
2469
2429
2397
2393
2441
2491
2402
2400
2501
2394
2393
2435
2399
2396
2394
2481
2396
2491
2401
2399
2395
2407
2414
2393
2447
2402
2396
2391
2426
2323
2422
2329
2327
2323
2324
2322
2380
2394
2329
2325
2323
2323
2323
2361
2475
2401
2396
2394
2393
2392
2461
2416
2332
2327
2323
2323
2324
2548
2404
2395
2392
2393
2391
2491
2470
2400
2397
2395
2395
2395
2473
2329
2329
2324
2325
2324
2392
2354
2360
2324
2323
2324
2324
2425
2400
2421
2392
2393
2391
2426
2394
2414
2394
2394
2393
2392
2476
2403
2410
2414
2324
2375
2358
2328
2327
2361
2444
2328
2327
2468
2488
2532
2452
2396
2396
2435
2396
2398
2393
2486
2482
2468
2479
2340
2324
2321
2374
2319
2359
2321
2323
2320
2321
2344
2319
2526
2853
2779
2537
2466
2456
2518
2592
2485
2409
2393
2391
2523
2396
2395
2390
2390
2390
2410
2464
2397
2393
2388
2391
2389
2428
2467
2468
2466
2466
2464
2464
2482
2468
2465
2464
2464
2463
2477
2466
2468
2465
2464
2464
2481
2470
2469
2467
2504
2320
2321
2515
2553
2460
2399
2393
2390
2437
2393
2510
2522
2398
2394
2389
2473
2397
2605
2325
2324
2321
2434
2395
2395
2589
2434
2328
2386
2333
2327
2320
2477
2326
2324
2406
2324
2323
2319
2427
2325
2325
2435
2394
2393
2389
2497
2396
2441
2432
2397
2394
2391
2566
2396
2457
2396
2396
2389
2393
2542
2414
2392
2394
2389
2391
2390
2381
2394
2326
2322
2320
2321
2319
2362
2325
2323
2320
2321
2320
2321
2423
2327
2325
2346
2321
2320
2321
2362
2325
2322
2319
2322
2321
2387
2489
2396
2394
2392
2391
2391
2404
2446
2393
2391
2393
2393
2433
2397
2498
2396
2392
2390
2391
2423
2396
2424
2322
2321
2321
2420
2324
2326
2376
2323
2321
2322
2357
2326
2323
2377
2322
2321
2321
2417
2327
2324
2346
2323
2321
2376
2440
2327
2326
2401
2382
2323
2416
2326
2323
2322
2359
2461
2325
2383
2326
2323
2320
2324
2378
2389
2398
2392
2391
2392
2392
2416
2389
2375
2324
2321
2320
2320
2432
2395
2397
2392
2391
2390
2392
2752
2473
2429
2391
2390
2391
2532
2430
2333
2327
2323
2322
2321
2434
2412
2326
2322
2321
2320
2405
2385
2459
2326
2324
2321
2323
2360
2366
2346
2322
2321
2322
2323
2449
2399
2419
2391
2477
2397
2429
2396
2419
2393
2393
2391
2391
2383
2326
2348
2323
2322
2322
2416
2443
2330
2339
2477
2324
2324
2477
2329
2324
2323
2488
2396
2436
2477
2410
2394
2418
2445
2397
2494
2400
2396
2391
2428
2395
2437
2394
2397
2393
2392
2452
2603
2450
2399
2395
2391
2395
2417
2434
2397
2397
2391
2393
2391
2418
2476
2429
2398
2393
2394
2392
2569
2400
2397
2392
2394
2390
2393
2549
2404
2396
2392
2394
2391
2411
2425
2396
2392
2391
2391
2391
2455
2420
2394
2393
2394
2391
2392
2330
2349
2323
2323
2323
2321
2434
2399
2396
2393
2393
2393
2449
2485
2416
2433
2395
2392
2391
2439
2399
2422
2472
2393
2418
2411
2396
2395
2421
2325
2325
2324
2495
2496
2506
2426
2396
2391
2435
2399
2395
2392
2418
2392
2393
2391
2329
2324
2322
2348
2323
2385
2326
2327
2322
2322
2347
2324
2550
3617
2731
2682
2509
2495
2502
2455
2403
2396
2393
2449
2560
2336
2329
2325
2325
2323
2381
2489
2335
2326
2322
2325
2324
2447
2419
2328
2325
2324
2322
2322
2618
2402
2398
2394
2395
2392
2436
2421
2398
2393
2394
2393
2393
2449
2557
2329
2327
2374
2324
2415
2398
2506
2331
2328
2323
2323
2366
2331
2387
2324
2323
2322
2324
2409
2331
2382
2324
2324
2323
2380
2330
2326
2378
2326
2324
2325
2421
2331
2326
2336
2340
2323
2339
2376
2331
2324
2324
2350
2324
2479
2437
2411
2401
2397
2502
2396
2429
2401
2396
2394
2412
2481
2480
2491
2472
2469
2403
2429
2438
2390
2394
2389
2390
2388
2408
2356
2322
2321
2319
2321
2320
2376
2355
2323
2321
2319
2320
2319
2413
2322
2324
2400
2321
2319
2318
2449
2409
2328
2322
2319
2320
2319
2376
2490
2324
2321
2319
2321
2360
2321
2498
2324
2323
2319
2320
2383
2323
2379
2323
2322
2319
2320
2387
2323
2377
2320
2321
2320
2357
2323
2323
2376
2319
2321
2319
2383
2326
2321
2345
2320
2319
2320
2482
2376
2326
2457
2323
2322
2445
2326
2323
2323
2376
2476
2323
2376
2325
2323
2319
2377
2324
2363
2323
2326
2319
2322
2361
2338
2357
2326
2323
2321
2322
2319
2377
2357
2325
2374
2319
2321
2320
2391
2392
2396
2389
2389
2391
2391
2486
2454
2395
2392
2392
2391
2431
2502
2397
2391
2392
2391
2391
2443
2450
2399
2393
2391
2392
2430
2428
2396
2391
2390
2391
2390
2427
2422
2394
2391
2392
2391
2429
2396
2421
2391
2392
2390
2390
2423
2394
2416
2391
2390
2392
2442
2483
2471
2473
2468
2468
2481
2466
2471
2465
2492
2393
2392
2462
2329
2323
2323
2382
2321
2351
2321
2325
2322
2323
2378
2322
2397
2510
2397
2395
2391
2417
2390
2431
2395
2392
2389
2390
2417
2464
2397
2398
2391
2392
2417
2476
2516
2477
2472
2468
2466
2495
2607
2404
2396
2392
2391
2390
2475
2401
2398
2391
2392
2392
2392
2479
2327
2324
2321
2321
2321
2412
2419
2398
2392
2391
2391
2392
2428
2419
2395
2391
2391
2391
2406
2395
2395
2391
2391
2390
2390
2438
2432
2503
2323
2323
2322
2334
2349
2325
2498
2328
2327
2320
2423
2330
2326
2381
2324
2322
2372
2363
2327
2324
2377
2323
2322
2396
2498
2502
2518
2387
2325
2322
2361
2327
2323
2321
2348
2322
2322
2361
2325
2323
2322
2348
2320
2424
2432
2332
2324
2322
2459
2353
2567
2877
2881
2554
2499
2526
2487
2419
2337
2326
2324
2321
2527
2401
2399
2395
2396
2393
2408
2469
2402
2398
2393
2394
2392
2456
2453
2396
2396
2394
2393
2393
2459
2398
2396
2392
2393
2391
2448
2481
2400
2396
2392
2393
2392
2439
2507
2395
2393
2418
2395
2459
2400
2483
2395
2395
2391
2396
2615
2397
2393
2326
2325
2324
2365
2329
2324
2381
2323
2323
2322
2382
2330
2325
2380
2324
2322
2394
2327
2328
2324
2349
2325
2324
2408
2433
2398
2396
2499
2396
2424
2396
2398
2395
2394
2476
2396
2428
2400
2395
2392
2395
2429
2435
2396
2400
2394
2395
2393
2390
2416
2331
2325
2322
2323
2322
2490
2366
2330
2324
2323
2325
2324
2525
2383
2335
2327
2325
2324
2325
2467
2411
2402
2421
2394
2393
2412
2449
2399
2393
2394
2394
2394
2426
2502
2399
2396
2392
2394
2427
2397
2424
2396
2394
2394
2393
2412
2400
2417
2394
2393
2393
2410
2397
2399
2417
2392
2392
2393
2394
2332
2324
2323
2324
2322
2376
2489
2415
2397
2447
2396
2395
2492
2401
2397
2394
2499
2395
2432
2397
2398
2393
2419
2421
2393
2412
2401
2395
2392
2430
2323
2365
2327
2328
2322
2324
2323
2382
2360
2331
2331
2323
2324
2323
2350
2539
2431
2533
2399
2399
2437
2541
2487
2496
2407
2328
2322
2399
2449
2323
2320
2320
2319
2321
2401
2458
2324
2323
2318
2320
2319
2373
2369
2321
2320
2318
2321
2336
2371
2379
2321
2319
2321
2320
2356
2322
2379
2320
2321
2319
2319
2411
2324
2346
2320
2320
2320
2319
2481
2371
2460
2324
2321
2320
2385
2323
2323
2491
2327
2323
2320
2379
2324
2322
2376
2323
2320
2357
2322
2324
2320
2378
2320
2320
2386
2326
2321
2319
2377
2320
2320
2427
2323
2323
2319
2346
2320
2369
2393
2487
2392
2392
2390
2391
2436
2430
2397
2394
2391
2416
2454
2394
2395
2389
2392
2390
2418
2513
2400
2396
2392
2393
2390
2488
2398
2395
2391
2392
2392
2393
2477
2396
2395
2390
2391
2389
2400
2495
2398
2396
2392
2391
2391
2430
2424
2395
2393
2390
2390
2433
2414
2466
2327
2323
2322
2321
2361
2325
2496
2326
2323
2320
2322
2362
2325
2379
2323
2321
2321
2388
2325
2325
2379
2323
2321
2371
2357
2325
2324
2377
2320
2320
2322
2522
2449
2563
2355
2323
2323
2352
2325
2324
2320
2347
2321
2321
2443
2429
2400
2392
2458
2433
2427
2396
2394
2392
2392
2433
2418
2934
2929
2816
2530
2519
2453
2408
2360
2325
2323
2321
2354
2516
2400
2396
2391
2392
2390
2442
2444
2398
2393
2391
2392
2390
2466
2455
2394
2393
2392
2390
2450
2485
2416
2396
2392
2391
2390
2433
2503
2395
2392
2391
2394
2480
2398
2481
2395
2394
2417
2392
2571
2330
2383
2324
2321
2322
2361
2322
2326
2380
2323
2323
2322
2358
2327
2323
2379
2323
2321
2322
2357
2328
2322
2346
2323
2320
2407
2431
2344
2325
2489
2324
2324
2393
2328
2325
2321
2377
2449
2324
2363
2326
2324
2322
2380
2323
2393
2325
2326
2324
2323
2332
2368
2359
2326
2323
2321
2322
2321
2380
2360
2327
2323
2320
2324
2321
2423
2326
2326
2320
2321
2324
2321
2469
2413
2327
2324
2322
2323
2321
2529
2330
2325
2371
2324
2324
2426
2464
2460
2450
2449
2499
2448
2493
2504
2507
2453
2452
2451
2535
2476
2477
2449
2487
2464
2458
2434
2544
2508
2427
2426
2426
2603
2433
2475
2427
2525
2429
2579
2445
2523
2538
2430
2428
2555
2447
2354
2563
2537
2473
2500
2432
2455
2502
2439
2431
2427
2560
2434
2430
2428
2522
2455
2448
2432
2444
2515
2428
2518
2497
2535
2435
2427
2430
2498
2464
2469
2444
2431
2527
2428
2496
2600
2748
2523
2496
2491
2459
2695
2527
2425
2498
2495
2495
2523
2504
2406
2473
2480
2459
2886
2616
2650
2522
2645
2446
2587
2516
2587
2643
2561
2486
2588
2499
2683
2528
2637
2526
2538
2539
2594
2593
2525
2641
2527
2628
2809
2593
2469
2592
2516
2690
2518
2808
2519
2683
2748
2537
2553
2527
2537
2479
2477
2503
2483
2475
2685
2548
2505
2522
2527
2666
2612
2509
2531
2539
2498
2499
2524
2595
2501
2545
2575
2518
2520
2671
2514
2550
2482
2536
2500
2497
2534
2543
2592
2467
2478
2504
2461
2533
2487
2475
2404
2492
2400
2431
2707
2486
2479
2472
2469
2468
2505
2491
2476
2471
2467
2473
2519
2509
2481
2476
2470
2470
2470
2483
2511
2405
2480
2497
2511
2518
2521
2447
2331
2324
2320
2321
2431
2399
2453
2395
2393
2389
2429
2394
2497
2392
2325
2320
2320
2376
2323
2432
2368
2324
2321
2359
2321
2322
2376
2322
2321
2333
2427
2324
2321
2372
2322
2319
2319
2516
2489
2480
2447
2445
2391
2499
2448
2397
2392
2525
2366
2385
2323
2325
2399
2323
2468
2327
2426
2324
2324
2321
2323
2376
2321
2761
2971
2782
2509
2491
2655
2481
2483
2476
2470
2467
2666
2549
2400
2392
2389
2392
2389
2722
2398
2399
2392
2392
2390
2470
2512
2479
2474
2468
2466
2465
2468
2490
2472
2469
2466
2467
2485
2478
2473
2467
2467
2466
2489
2471
3709
2647
2418
2416
2544
2398
2584
2486
2593
2472
2495
2392
2396
2582
2406
2509
2396
2413
2396
2393
2514
2398
2394
2683
2402
2333
2543
3157
2915
5294
2520
2493
3150
2532
2405
2472
2400
2394
2764
2514
2406
2439
2537
2398
2398
2509
2475
2485
2508
2499
2498
2524
2517
2508
2502
2494
2503
2512
2502
2490
2482
2477
2479
2476
2554
2576
2504
2492
2483
2476
2500
2557
2602
2483
2474
2466
2511
2485
2735
2474
2476
2539
2486
2471
2471
2692
2402
2396
2439
2395
2398
2518
2396
2399
2391
2408
2396
2393
2475
2395
2396
2439
2397
2396
2391
2590
2326
2498
2541
2508
2404
2398
2824
2402
3017
2453
2451
2400
2453
2481
2443
2396
2394
2391
2393
2422
2472
2434
2397
2393
2390
2390
2432
2480
2471
2467
2467
2469
2466
2523
2402
2401
2392
2393
2390
2392
2419
2331
2326
2322
2324
2320
2322
2562
2431
2404
2395
2392
2392
2433
2487
2399
2398
2418
2394
2434
2391
2458
2396
2397
2391
2392
2469
2474
2476
2467
2468
2465
2489
2471
2471
2406
2393
2393
2393
2440
2396
2434
2448
2395
2394
2414
2327
2324
2379
2326
2323
2321
2470
2374
2330
2447
2367
2324
2394
2461
2399
2393
2512
2557
2485
2521
2552
2499
2484
2555
2686
2539
2492
2493
2599
2538
2496
2602
2496
2476
2475
2779
2485
2551
2487
2480
2476
2473
2476
2546
2506
2566
2510
2641
2550
2656
2982
2524
2532
2632
2522
2652
2502
2487
2484
2482
2480
2484
2733
2494
2479
2473
2467
2481
2504
2502
2494
2476
2474
2467
2486
2484
2485
2473
2469
2467
2495
2402
2720
2405
2406
2395
2393
2544
2525
2670
2509
2409
2399
2505
2455
2419
2511
2328
2326
2468
2328
2330
2351
2456
2398
2397
2456
2399
2395
2426
2447
2393
2428
2399
2397
2392
2426
2452
2397
2438
2400
2396
2391
2428
2395
2434
2398
2396
2393
2392
2417
2393
2561
2384
2327
2324
2322
2487
2398
2508
2547
2454
2405
2396
2550
2367
2333
2324
2323
2323
2324
2523
2334
2333
2323
2324
2322
2325
2473
2401
2398
2393
2395
2394
2469
2857
2656
2599
2486
2420
2467
2509
2644
2467
2403
2394
2394
2446
2712
2479
2479
2468
2467
2500
2487
2743
2479
2475
2468
2492
2477
2583
2711
2473
2475
2489
2474
2475
2572
2478
2472
2468
2496
2477
2470
2557
2476
2470
2455
2402
2394
2506
2459
2402
2498
2532
2404
2396
2583
2513
2405
2506
2403
2405
2396
2422
2395
2445
2414
2403
2398
2398
2443
2439
2449
2526
2482
2492
2472
2515
2481
2470
2466
2465
2465
2472
2473
2395
2394
2388
2391
2390
2426
2423
2394
2390
2389
2391
2390
2472
2324
2322
2319
2320
2319
2320
2444
2402
2320
2320
2320
2320
2410
2453
2503
2396
2393
2389
2392
2429
2476
2324
2322
2321
2320
2409
2336
2393
2445
2394
2392
2389
2423
2395
2436
2412
2392
2428
2362
2322
2325
2376
2324
2322
2321
2383
2324
2322
2377
2321
2321
2321
2389
2326
2321
2397
2379
2321
2379
2412
2398
2395
2452
2459
2326
2355
2324
2323
2320
2361
2431
2326
2445
2395
2392
2389
2427
2391
2425
2329
2322
2320
2322
2371
2434
2392
2326
2322
2320
2321
2320
2542
2327
2327
2321
2321
2320
2321
2443
2326
2323
2320
2320
2320
2321
2549
2434
2397
2394
2392
2391
2434
2498
2397
2392
2391
2391
2390
2445
2476
2395
2393
2417
2392
2434
2435
2325
2322
2322
2321
2321
2398
2338
2476
2322
2323
2320
2789
2857
2490
2403
2395
2391
2433
2395
2393
2428
2394
2392
2391
2440
2373
2326
2459
2322
2323
2412
2326
2323
2321
2472
2394
2392
2425
2397
2393
2391
2461
2395
2426
2395
2393
2391
2392
2430
2392
2425
2395
2393
2391
2406
2402
2461
2397
2394
2391
2393
2442
2445
2424
2397
2392
2391
2391
2423
2541
2469
2397
2394
2391
2390
2508
2324
2326
2320
2421
2390
2392
2641
2401
2403
2393
2391
2392
2412
2657
2401
2398
2390
2391
2391
2412
2522
2398
2397
2390
2392
2458
2556
2478
2398
2394
2390
2393
2405
2329
2551
2327
2326
2322
2390
2415
2401
2758
2403
2399
2390
2453
2398
2525
2584
2399
2396
2435
2397
2396
2516
2398
2397
2439
2399
2398
2391
2586
2326
2328
2337
2327
2324
2320
2662
2332
2332
2341
2328
2323
2320
2481
2330
2370
2328
2324
2322
2322
2428
2329
2509
2518
2397
2407
2392
2569
2467
2409
2569
2478
2398
2393
2530
2399
2401
2391
2393
2394
2394
2430
2400
2396
2393
2395
2390
2436
2447
2398
2392
2391
2393
2393
2594
3181
2743
2570
2510
2499
2503
2598
2417
2405
2396
2394
2441
2401
2504
2403
2398
2395
2392
2427
2420
2449
2397
2395
2393
2418
2329
2381
2327
2407
2322
2324
2355
2330
2376
2323
2325
2324
2379
2328
2326
2324
2378
2322
2322
2388
2329
2324
2322
2347
2322
2322
2670
2329
2325
2324
2351
2324
2399
2433
2331
2326
2323
2490
2324
2592
2399
2396
2392
2393
2480
2486
2400
2397
2395
2392
2393
2430
2435
2401
2394
2391
2394
2418
2461
2401
2395
2392
2392
2390
2419
2429
2400
2394
2393
2392
2393
2451
2397
2396
2392
2392
2392
2392
2514
2436
2399
2396
2395
2393
2437
2526
2330
2325
2322
2322
2323
2363
2467
2370
2327
2325
2324
2363
2328
2385
2325
2324
2324
2323
2445
2334
2384
2323
2323
2323
2372
2447
2401
2418
2392
2395
2391
2434
2399
2397
2393
2393
2394
2393
2499
2429
2399
2502
2396
2396
2432
2400
2397
2393
2525
2329
2326
2394
2329
2323
2324
2380
2325
2360
2329
2328
2323
2323
2381
2324
2384
2330
2326
2328
2325
2377
2324
2355
2327
2324
2322
2322
2336
2375
2373
2490
2463
2491
2360
2354
2467
2382
2325
2321
2320
2319
2453
2410
2326
2320
2320
2320
2320
2357
2512
2326
2323
2318
2320
2319
2444
2381
2322
2319
2368
2320
2386
2321
2381
2319
2319
2319
2319
2354
2323
2376
2320
2320
2320
2321
2356
2323
2346
2319
2319
2319
2403
2479
2475
2473
2466
2465
2464
2482
2467
2466
2476
2469
2467
2450
2396
2392
2391
2426
2390
2458
2394
2393
2389
2426
2319
2321
2357
2322
2321
2320
2320
2376
2321
2383
2324
2321
2319
2321
2344
2357
2323
2325
2320
2321
2320
2346
2441
2411
2327
2322
2319
2320
2487
2363
2325
2322
2320
2320
2321
2549
2331
2327
2334
2359
2321
2321
2443
2328
2324
2320
2321
2319
2320
2417
2325
2323
2319
2320
2320
2357
2379
2322
2320
2323
2320
2320
2463
2354
2322
2320
2322
2320
2321
2519
2484
2452
2398
2394
2391
2438
2396
2424
2451
2395
2391
2432
2392
2398
2427
2394
2392
2391
2442
2398
2392
2407
2322
2320
2321
2388
2325
2324
2377
2322
2320
2357
2325
2325
2319
2347
2321
2321
2359
2325
2322
2321
2322
2347
2321
2485
2379
2328
2323
2322
2488
2361
2323
2377
2322
2322
2321
2496
2422
2441
2558
2344
2325
2322
2421
2324
2326
2320
2322
2319
2322
2414
2327
2322
2321
2321
2322
2321
2473
2327
2323
2320
2322
2321
2419
2744
2649
2585
2474
2422
2444
2492
2455
2403
2396
2392
2391
2425
2428
2464
2396
2393
2391
2424
2395
2438
2428
2396
2395
2392
2434
2398
2429
2447
2395
2392
2431
2396
2396
2417
2392
2390
2393
2432
2397
2395
2417
2394
2392
2429
2346
2326
2323
2349
2323
2322
2489
2436
2330
2325
2489
2324
2356
2325
2327
2323
2324
2483
2338
2943
2327
2327
2322
2324
2380
2410
2563
2398
2394
2391
2393
2417
2411
2399
2394
2390
2392
2391
2452
2505
2397
2396
2391
2392
2393
2489
2474
2469
2465
2467
2467
2481
2483
2476
2449
2395
2392
2391
2461
2399
2396
2393
2391
2392
2404
2508
2356
2328
2322
2322
2321
2362
2386
2327
2322
2323
2323
2362
2326
2383
2323
2323
2321
2323
2360
2328
2364
2339
2323
2323
2371
2354
2328
2324
2349
2323
2323
2413
2439
2334
2326
2491
2326
2325
2389
2329
2325
2322
2500
2329
2324
2365
2328
2324
2324
2384
2325
2357
2327
2327
2323
2323
2380
2324
2389
2328
2324
2324
2325
2380
2323
2357
2330
2325
2323
2322
2348
2382
2327
2326
2323
2325
2324
2349
2456
2409
2332
2328
2326
2324
2406
2451
2332
2326
2324
2325
2321
2407
2495
2331
2325
2323
2325
2322
2436
2371
2327
2322
2322
2324
2362
2327
2387
2324
2397
2427
2397
2455
2426
2397
2393
2393
2391
2436
2396
2423
2391
2393
2392
2393
2504
2442
2507
2397
2395
2393
2416
2330
2325
2495
2329
2328
2323
2383
2329
2325
2379
2325
2324
2378
2326
2329
2323
2380
2325
2325
2417
2400
2399
2392
2419
2394
2394
2436
2400
2394
2391
2418
2391
2433
2400
2396
2394
2394
2416
2392
2536
2428
2397
2394
2395
2515
2423
2332
2326
2323
2324
2321
2500
2367
2334
2324
2325
2324
2323
2449
2328
2330
2324
2374
2436
2486
2520
2459
2338
2324
2320
2322
2393
2375
2324
2320
2319
2320
2321
2357
2348
2322
2318
2320
2319
2320
2447
2514
2372
2325
2320
2321
2466
2325
2377
2447
2322
2322
2321
2469
2462
2419
2392
2391
2389
2406
2391
2395
2412
2390
2390
2392
2405
2394
2392
2414
2391
2389
2436
2392
2395
2389
2391
2391
2390
2403
2395
2391
2389
2390
2389
2432
2439
2329
2323
2320
2427
2322
2339
2324
2323
2321
2321
2437
2367
2338
2325
2347
2322
2321
2382
2361
2410
2544
2495
2347
2322
2344
2339
2325
2322
2321
2321
2319
2344
2360
2325
2321
2319
2321
2320
2358
2325
2323
2320
2321
2321
2321
4347
2595
2537
2468
2413
2451
2403
2446
2408
2399
2393
2392
2424
2397
2496
2469
2467
2465
2480
2467
2477
2478
2468
2466
2466
2484
2469
2472
2467
2466
2466
2476
2469
2466
2470
2467
2464
2482
2468
2470
2465
2466
2465
2465
2436
2423
2395
2456
2431
2392
2436
2419
2398
2391
2435
2435
2435
2392
2397
2390
2391
2425
2394
2431
2395
2395
2391
2392
2417
2428
2393
2397
2389
2394
2391
2394
2586
2399
2392
2390
2393
2390
2459
2392
2396
2391
2392
2391
2392
2502
2483
2478
2470
2465
2467
2485
2475
2468
2466
2465
2466
2465
2462
2423
2396
2394
2392
2392
2498
2383
2325
2323
2321
2322
2321
2352
2383
2324
2323
2322
2320
2387
2322
2381
2321
2324
2319
2323
2357
2324
2323
2346
2322
2319
2370
2476
2387
2326
2488
2323
2322
2378
2325
2324
2322
2500
2328
2324
2362
2326
2323
2322
2382
2321
2322
2388
2327
2323
2321
2377
2321
2360
2325
2325
2321
2322
2379
2323
2360
2326
2323
2320
2323
2348
2322
2358
2326
2323
2322
2321
2346
2403
2437
2398
2396
2392
2393
2497
2424
2398
2393
2391
2393
2392
2472
2409
2399
2392
2394
2392
2393
2459
2399
2393
2391
2393
2392
2414
2381
2327
2323
2322
2322
2323
2390
2384
2325
2323
2322
2371
2323
2381
2352
2325
2323
2323
2322
2427
2432
2496
2326
2325
2324
2322
2355
2329
2377
2482
2326
2326
2363
2325
2330
2379
2325
2323
2321
2357
2328
2325
2334
2366
2325
2323
2389
2330
2326
2323
2378
2324
2419
2328
2327
2323
2321
2348
2323
2385
2330
2323
2323
2324
2348
2324
2435
2433
2398
2394
2391
2441
2441
2400
2396
2391
2393
2392
2496
2415
2400
2394
2391
2392
2392
2437
2399
2396
2391
2394
2393
2392
2430
2400
2396
2416
2394
2391
2420
2397
2395
2393
2394
2392
2395
2410
2400
2396
2391
2393
2392
2438
2475
2388
2330
2324
2324
2323
2481
2425
2475
2397
2396
2393
2426
2396
2424
2396
2393
2391
2394
2430
2401
2419
2393
2393
2392
2441
2488
2398
2409
2324
2323
2324
2394
2333
2326
2325
2326
2323
2342
2327
2330
2322
2325
2324
2325
2421
2426
2332
2327
2366
2418
2394
2405
2400
2394
2392
2421
2472
2406
2399
2399
2396
2393
2418
2394
2435
2400
2420
2394
2394
2415
2423
2409
2594
2374
2325
2323
2377
2358
2330
2322
2322
2321
2324
2415
2328
2328
2323
2325
2323
2327
2453
2423
2335
2327
2325
2322
2325
2715
2635
2640
2498
2420
2492
2527
2547
2334
2326
2322
2320
2392
2323
2537
2326
2325
2321
2320
2386
2324
2376
2320
2321
2319
2356
2322
2324
2376
2403
2321
2321
2380
2322
2322
2376
2321
2321
2319
2460
2394
2326
2459
2323
2320
2387
2319
2325
2319
2371
2450
2325
2470
2419
2395
2390
2425
2391
2433
2390
2394
2391
2390
2415
2392
2422
2395
2392
2390
2390
2416
2420
2392
2396
2391
2391
2391
2414
2408
2325
2322
2321
2322
2321
2347
2450
2383
2328
2322
2320
2321
2481
2326
2328
2321
2320
2321
2320
2435
2454
2326
2323
2321
2323
2320
2404
2341
2325
2321
2321
2320
2386
2324
2382
2322
2320
2319
2321
2386
2323
2377
2321
2322
2319
2322
2392
2326
2348
2321
2319
2321
2417
2432
2330
2459
2321
2323
2319
2444
2328
2322
2496
2326
2324
2361
2324
2325
2322
2378
2323
2323
2388
2325
2323
2320
2377
2326
2326
2365
2329
2325
2323
2381
2322
2382
2320
2322
2319
2319
2342
2319
2383
2321
2321
2318
2319
2329
2332
2451
2394
2326
2320
2319
2319
2524
2319
2321
2318
2319
2317
2320
2518
2326
2322
2317
2319
2317
2320
2414
2323
2320
2318
2322
2323
2357
2376
2320
2318
2318
2318
2317
2353
2375
2319
2317
2318
2317
2319
2382
2346
2320
2317
2319
2366
2388
2358
2439
2323
2320
2320
2319
2357
2321
2455
2323
2322
2319
2320
2394
2321
2404
2320
2321
2318
2355
2321
2320
2345
2319
2318
2318
2355
2321
2319
2318
2346
2318
2318
2331
2321
2318
2317
2319
2318
2394
2320
2322
2317
2318
2318
2319
2393
2357
2326
2321
2317
2404
2318
2384
2321
2320
2318
2320
2454
2429
2323
2323
2317
2320
2317
2381
2334
2322
2322
2318
2320
2317
2345
2353
2321
2320
2317
2318
2318
2320
2357
2321
2318
2341
2319
2317
2331
2320
2320
2318
2318
2319
2318
2396
2354
2325
2319
2319
2318
2319
2350
2407
2320
2320
2319
2318
2533
3128
2696
2934
2538
2553
2913
2623
2778
2447
2731
2561
2709
2397
2433
2398
2394
2647
2745
2383
2329
2376
2324
2406
2757
2488
2400
2398
2484
2693
2432
2574
2428
2401
2452
2448
2715
2693
2759
2488
2418
2583
2336
2911
2455
2404
2399
2394
2428
2697
2657
2754
2486
2468
2685
2926
2445
2426
2397
2394
2647
2686
2576
3129
2943
2500
2507
2766
2617
2521
2514
2526
2401
2721
2534
2438
2398
2398
2396
2509
2904
2400
2401
2393
2431
2642
5420
2676
2628
2421
2410
3006
3019
2704
2639
2811
2675
2667
2571
2333
2322
2319
2320
2907
2430
2482
2329
2326
2322
2785
2405
2541
2555
2431
2722
2800
2411
2405
2448
2397
2620
2860
2784
2923
2826
2615
2794
2691
2400
2396
2417
2395
2389
2808
3072
2838
2631
2556
2451
3036
2873
2470
2402
2420
2396
2452
2332
2327
2322
2322
2344
2418
2321
2322
2317
2320
2318
2345
2398
2411
2326
2321
2318
2320
2397
2441
2322
2320
2318
2319
2318
2519
2463
2327
2321
2318
2318
2317
2448
2321
2322
2317
2318
2318
2319
2364
2346
2319
2318
2318
2318
2384
2322
2348
2318
2318
2319
2319
2393
2321
2321
2318
2318
2317
2318
2432
2354
2443
2320
2320
2319
2375
2319
2322
2456
2322
2322
2318
2407
2322
2321
2382
2322
2319
2318
2362
2322
2319
2344
2318
2319
2363
2318
2320
2317
2346
2318
2318
2390
2321
2319
2318
2318
2318
2319
2361
2321
2319
2317
2319
2318
2362
2415
2339
2325
2319
2318
2461
2390
2321
2320
2317
2320
2317
2492
2391
2323
2319
2317
2320
2317
2445
2321
2322
2343
3191
2941
2987
3109
2633
2590
2407
2371
2536
2811
2597
2722
2614
2546
2678
2495
2404
2478
2423
2395
2591
2662
2460
2407
2396
2418
2393
2852
2935
2899
2498
2475
2717
2472
2405
2536
2401
2578
2755
2518
2508
2716
2801
2598
2477
3538
2485
2639
2509
2589
2632
2434
2787
2485
2427
2393
2411
2829
2875
2484
2473
2691
2920
2670
2584
2546
2690
2474
2674
2550
2403
2397
2392
2474
2393
2437
2393
2391
2388
2389
2393
2392
2320
2321
2318
2319
2318
2347
2755
2546
2326
2319
2320
2318
2392
2320
2322
2319
2320
2318
2319
2330
2321
2319
2317
2344
2319
2318
2422
2353
2324
2319
2319
2318
2336
2369
2385
2321
2320
2317
2318
2331
2345
2400
2323
2321
2319
2318
2434
2323
2347
2319
2319
2318
2394
2322
2322
2347
2318
2318
2318
2463
2326
2322
2343
2319
2318
2318
2359
2322
2319
2318
2319
2317
2398
2356
2326
2323
2435
2319
2318
2390
2453
2321
2321
2420
2324
2321
2393
2321
2319
2316
2345
2320
2361
2321
2323
2317
2320
2346
2321
2358
2323
2319
2318
2318
2319
2342
2331
2321
2319
2343
2319
2318
2331
2389
2384
2524
2325
2320
2319
2385
2356
2323
2320
2319
2318
2319
2447
2323
2321
2317
2319
2318
2334
2421
2327
2321
2318
2318
2318
2692
2946
3032
2739
2545
2346
2671
2439
2343
2324
2321
2318
2389
2321
2480
2387
2323
2320
2318
2336
2321
2384
2427
2321
2321
2318
2401
2330
2406
2355
2407
2557
2568
2332
2325
2431
2351
2322
2320
2336
2322
2319
2382
2320
2319
2392
2319
2322
2318
2346
2319
2319
2547
2347
2321
2319
2319
2345
2318
2356
2320
2320
2317
2319
2318
2356
2319
2320
2318
2319
2317
2320
2391
2359
2325
2320
2318
2318
2402
2432
2322
2320
2317
2319
2318
2524
2326
2323
2320
2317
2318
2319
2439
2323
2322
2318
2319
2318
2319
2584
2322
2320
2318
2319
2318
2355
2345
2322
2318
2318
2317
2320
2330
2320
2320
2318
2318
2317
2318
2396
2353
2405
2321
2320
2318
2379
2318
2323
2456
2321
2319
2317
2334
2319
2320
2381
2319
2319
2318
2357
2320
2320
2343
2319
2318
2331
2318
2320
2319
2346
2318
2319
2383
2321
2320
2318
2318
2319
2319
2331
2321
2320
2318
2318
2320
2319
2401
2352
2323
2318
2319
2403
2360
2319
2322
2318
2319
2317
2458
2359
2322
2320
2318
2318
2319
2381
2336
2320
2320
2317
2320
2318
2388
2321
2322
2324
2319
2317
2317
2446
2322
2320
2316
2318
2318
2357
2343
2323
2317
2319
2317
2319
2420
2420
2326
2322
2318
2319
2318
2388
2456
2321
2320
2318
2343
2332
2318
2384
2397
2321
2320
2318
2334
2319
2334
2370
2318
2318
2318
2410
2321
2320
2343
2318
2318
2331
2319
2322
2317
2346
2318
2318
2357
2321
2320
2318
2319
2317
2319
2394
2353
2327
2322
2404
2320
2319
2395
2321
2320
2317
2455
2323
2337
2321
2320
2318
2319
2403
2322
2381
2321
2320
2318
2319
2345
2319
2330
2320
2319
2318
2319
2317
2399
2320
2320
2318
2318
2317
2318
2330
2320
2319
2317
2318
2318
2318
2399
2353
2324
2321
2343
2319
2385
2405
2323
2319
2318
2318
2319
2330
2456
2325
2322
2319
2320
2318
2332
2383
2320
2319
2318
2319
2375
2320
2347
2318
2320
2318
2319
2434
2325
2321
2342
2319
2318
2319
2379
2321
2320
2319
2320
2318
2318
2463
2350
2323
2438
2320
2318
2334
2320
2320
2319
2459
2322
2320
2334
2320
2320
2317
2382
2318
2375
2451
2351
2321
2318
2422
2320
2341
2319
2320
2317
2319
2415
2320
2336
2319
2319
2317
2318
2390
2332
2321
2321
2403
2319
2321
2391
2418
2456
2627
2378
2322
2321
2508
2321
2323
2318
2318
2318
2319
2448
2495
2325
2322
2317
2319
2318
2468
2320
2322
2318
2319
2317
2394
2982
3153
2640
2825
2406
2372
2336
2572
2339
2326
2321
2319
2388
2321
2796
2330
2325
2318
2394
2334
2325
2714
2328
2324
2318
2344
2320
2318
2624
2495
2321
2343
2320
2321
2317
2442
2322
2319
2341
2319
2320
2317
2396
2321
2319
2339
2319
2320
2317
2394
2320
2565
2321
2386
2319
2319
2391
2321
2338
2319
2318
2318
2319
2394
2321
2419
2349
2321
2319
2318
2489
2894
2319
2322
2318
2318
2317
2625
2324
2324
2318
2319
2318
2318
2462
2321
2321
2318
2318
2319
2318
2423
2320
2321
2317
2319
2317
2320
2427
2321
2320
2317
2318
2318
2566
2394
2319
2322
2317
2319
2317
2380
2462
2389
2324
2321
2317
2343
2345
2437
2495
2325
2321
2317
2341
2320
2441
2323
2322
2318
2318
2389
2321
2319
2395
2321
2320
2337
2450
2324
2321
2395
2322
2320
2336
2320
2319
2317
2392
2321
2321
2334
2320
2319
2317
2392
2321
2366
2355
2326
2321
2319
2492
2321
2342
2320
2319
2317
2320
2601
2324
2343
2320
2320
2317
2319
2443
2341
2319
2319
2319
2318
2317
2396
2333
2320
2320
2317
2318
2318
2393
2334
2320
2319
2317
2319
2317
2334
2392
2321
2320
2317
2319
2318
2368
2433
2330
2322
2319
2318
2317
2344
2485
2321
2321
2318
2318
2338
2319
2604
2324
2326
2318
2386
2338
2320
2440
2322
2321
2319
2319
2337
2319
2396
2320
2320
2318
2336
2319
2319
2391
2319
2321
2317
2337
2319
2318
2392
2319
2321
2317
2375
2350
2323
2320
2488
2321
2342
2321
2322
2317
2319
2607
2325
2370
2322
2321
2317
2318
2444
2322
2337
2320
2320
2317
2320
2394
2370
2319
2320
2317
2319
2317
2394
2336
2320
2320
2318
2320
2319
2392
2341
2320
2320
2317
2320
2316
2487
2356
2328
2322
2319
2319
2319
2409
2323
2322
2318
2345
2320
2318
2383
2362
2323
2320
2318
2318
2334
2319
2382
2319
2318
2317
2318
2355
2319
2345
2317
2319
2317
2319
2329
2321
2347
2318
2318
2318
2318
2430
2322
2322
2317
2320
2317
2417
2357
2326
2437
2319
2320
2317
2363
2321
2321
2431
2350
2323
2335
2320
2321
2317
2383
2320
2320
2336
2327
2325
2323
2351
2432
2487
2589
2476
2472
2460
2523
2418
2451
2554
2328
2327
2391
2446
2489
2429
2346
2360
2420
2326
2350
2380
2360
2327
2374
2319
2320
2483
2458
2461
2531
2327
2320
2317
2510
2327
2323
2318
2319
2318
2318
2438
2323
2320
2317
2320
2317
2383
2374
2322
2319
2319
2317
2319
2660
3062
3232
2640
2524
2492
2433
2594
2397
2403
2324
2323
2403
2397
2576
2468
2328
2322
2318
2345
2320
2467
2460
2325
2322
2340
2318
2320
2432
2322
2492
2321
2340
2318
2319
2392
2319
2322
2318
2342
2319
2319
2391
2319
2466
2430
2333
2331
2324
2417
2329
2329
2597
2321
2389
2321
2396
2318
2406
2358
2326
2322
2320
2317
2493
2374
2320
2321
2317
2318
2318
2608
2346
2321
2321
2316
2319
2317
2461
2319
2322
2316
2320
2318
2319
2411
2320
2320
2316
2319
2317
2318
2424
2321
2321
2317
2318
2317
2335
2392
2320
2321
2317
2319
2318
2375
2532
2328
2323
2318
2319
2317
2528
2509
2421
2325
2320
2317
2374
2319
2446
2320
2322
2318
2318
2377
2319
2399
2320
2321
2318
2335
2319
2319
2393
2318
2322
2317
2392
2380
2321
2320
2390
2321
2319
2334
2320
2319
2317
2391
2322
2319
2382
2348
2322
2318
2490
2321
2342
2321
2320
2317
2319
2603
2346
2322
2326
2319
2319
2318
2383
2357
2320
2321
2318
2318
2318
2342
2353
2321
2319
2317
2319
2317
2343
2353
2322
2318
2318
2318
2318
2333
2319
2321
2318
2318
2318
2319
2414
2357
2325
2320
2319
2320
2318
2851
2344
2323
2318
2319
2317
2334
2382
2452
2322
2320
2318
2320
2334
2321
2384
2319
2318
2318
2342
2384
2321
2344
2318
2317
2318
2331
2320
2320
2344
2318
2318
2319
2329
2320
2319
2318
2319
2318
2318
2431
2350
2323
2405
2319
2319
2334
2319
2321
2318
2431
2350
2321
2385
2321
2321
2318
2380
2321
2320
2414
2322
2321
2317
2344
2318
2331
2319
2320
2317
2319
2318
2345
2372
2321
2320
2317
2319
2318
2319
2357
2320
2318
2317
2318
2317
2372
2357
2327
2322
2319
2319
2317
2418
2321
2321
2317
2317
2319
2318
2521
2329
2322
2318
2342
2318
2333
2407
2324
2319
2319
2317
2319
2331
2349
2319
2318
2319
2317
2318
2330
2321
2346
2318
2318
2319
2318
2331
2321
2320
2319
2318
2317
2389
2437
2326
2408
2320
2320
2319
2359
2323
2319
2458
2324
2322
2320
2382
2322
2319
2381
2320
2319
2332
2320
2321
2318
2346
2317
2319
2329
2320
2320
2318
2345
2318
2318
2362
2321
2319
2317
2318
2319
2330
2319
2321
2318
2318
2318
2319
2414
2484
2328
2321
2318
2319
2453
2392
2319
2320
2368
2321
2317
2559
2413
2521
2429
2331
2325
2320
2399
2323
2321
2318
2320
2317
2319
2379
2321
2319
2318
2320
2318
2335
2347
2319
2319
2319
2318
2318
2786
3300
2810
2493
2510
2387
2552
2616
2336
2324
2320
2319
2393
2321
2398
2399
2323
2320
2319
2360
2321
2349
2400
2323
2321
2335
2319
2323
2320
2346
2410
2319
2334
2320
2321
2317
2346
2318
2319
2384
2321
2319
2317
2346
2318
2318
2358
2320
2320
2317
2320
2317
2498
2423
2375
2323
2320
2454
2318
2362
2321
2321
2318
2318
2420
2362
2321
2323
2318
2319
2318
2374
2355
2321
2320
2318
2318
2319
2374
2354
2321
2319
2318
2318
2319
2374
2443
2323
2319
2317
2319
2319
2356
2321
2322
2317
2319
2317
2318
2400
2354
2326
2319
2319
2317
2319
2332
2407
2319
2318
2318
2319
2331
2319
2444
2322
2321
2319
2319
2548
2323
2345
2320
2320
2317
2318
2349
2322
2346
2319
2318
2318
2353
2319
2321
2345
2318
2318
2319
2362
2346
2320
2318
2319
2317
2319
2404
2351
2324
2319
2406
2320
2335
2319
2323
2318
2319
2421
2321
2336
2321
2321
2318
2318
2345
2318
2331
2321
2320
2316
2319
2345
2331
2319
2321
2318
2318
2318
2345
2329
2321
2318
2318
2318
2317
2319
2330
2321
2319
2318
2318
2319
2317
2421
2351
2325
2319
2318
2319
2357
2408
2323
2320
2319
2319
2317
2331
2423
2323
2321
2318
2319
2318
2361
2349
2322
2317
2320
2317
2332
2318
2349
2317
2319
2317
2343
2356
2320
2347
2318
2318
2317
2320
2372
2320
2319
2318
2319
2316
2385
2348
2337
2323
2403
2319
2317
2348
2321
2321
2318
2420
2322
2320
2375
2320
2321
2319
2345
2319
2333
2318
2322
2318
2319
2346
2320
2390
2320
2320
2318
2318
2346
2319
2329
2322
2319
2317
2318
2320
2319
2363
2322
2318
2318
2318
2318
2353
2356
2325
2321
2319
2320
2318
2419
2321
2320
2318
2318
2318
2319
2432
2327
2320
2318
2319
2319
2348
2345
2323
2319
2318
2344
2319
2393
2348
2321
2318
2320
2318
2319
2329
2345
2320
2318
2318
2318
2319
2331
2322
2319
2318
2318
2317
2388
2356
2379
2352
2321
2319
2318
2437
2325
2321
2444
2323
2320
2319
2361
2322
2319
2347
2320
2318
2357
2320
2322
2318
2347
2318
2318
2330
2321
2319
2317
2347
2318
2320
2354
2321
2318
2317
2320
2318
2436
2320
2322
2317
2319
2318
2318
2390
2358
2326
2320
2319
2374
2351
2356
2321
2319
2317
2318
2318
2502
2509
2325
2319
2369
2319
2332
2412
2436
2521
2325
2321
2317
2335
2345
2321
2319
2318
2318
2319
2390
2346
2322
2318
2319
2317
2319
2347
2320
2320
2318
2319
2318
2319
5352
2996
2494
2504
2468
2420
2565
2338
2326
2319
2319
2345
2320
2430
2540
2326
2322
2319
2341
2320
2441
2321
2321
2319
2339
2319
2320
2395
2319
2494
2321
2346
2320
2318
2317
2392
2321
2319
2335
2318
2319
2317
2393
2321
2402
2357
2327
2322
2319
2490
2321
2487
2321
2386
2320
2320
2699
2384
2320
2322
2317
2318
2317
2445
2338
2318
2319
2317
2320
2317
2396
2336
2320
2319
2317
2318
2318
2408
2319
2319
2317
2318
2318
2318
2405
2320
2322
2317
2319
2317
2319
2491
2357
2329
2321
2319
2319
2318
2738
2566
2356
2335
2324
2321
2367
2395
2435
2337
2372
2391
2452
2411
2430
2399
2393
2391
2392
2440
2437
2501
2493
2351
2326
2404
2336
2324
2343
2321
2319
2319
2360
2323
2324
2345
2320
2318
2413
2460
2329
2323
2455
2319
2318
2383
2320
2321
2318
2475
2324
2322
2463
2328
2321
2319
2433
2319
2350
2321
2320
2317
2319
2431
2352
2406
2322
2321
2319
2319
2376
2319
2358
2322
2319
2318
2320
2375
2355
2320
2322
2318
2318
2317
2318
2444
2354
2326
2320
2319
2318
2318
2473
2321
2320
2318
2320
2318
2393
2484
2326
2320
2318
2318
2319
2377
2383
2321
2318
2318
2318
2318
2360
2346
2320
2318
2318
2318
2331
2319
2348
2317
2318
2318
2319
2379
2319
2320
2318
2320
2317
2318
2396
2350
2375
2383
2319
2317
2349
2320
2320
2318
2457
2321
2320
2335
2321
2321
2317
2383
2318
2318
3588
2321
2320
2345
2320
2318
2331
2320
2319
2316
2346
2317
2318
2388
2320
2318
2317
2318
2319
2331
2319
2321
2317
2319
2317
2320
2387
2356
2325
2320
2318
2319
2436
2335
2322
2320
2317
2319
2317
2566
2325
2324
2319
2318
2318
2319
2395
2321
2320
2317
2320
2318
2319
2503
2497
2716
2671
2609
2597
2621
2608
2859
2845
2606
2743
2450
2420
2414
2468
2732
2797
2715
2787
2588
2493
2567
2535
2786
2759
2707
2622
2436
2600
2525
2876
2752
2517
2664
2595
2556
2340
2386
2711
2674
2462
2392
2373
2622
2562
2328
2323
2357
2322
2320
2318
2321
2318
2319
2625
2435
2464
2711
2594
2607
2542
2432
2398
2446
2588
2573
5511
2438
2413
2451
2755
2522
2479
2699
2498
2447
2534
2433
2396
2396
2391
2417
2390
2416
2466
2571
2580
2400
2396
2390
2520
2395
2394
2390
2391
2389
2410
2471
2393
2392
2389
2391
2389
2478
2478
2475
2466
2464
2465
4275
2602
2791
2637
2851
2512
2477
2521
2490
2488
2473
2489
2422
2327
2440
2399
2396
2391
2400
2392
2393
2492
2396
2392
2391
2407
2396
2392
2417
2441
2390
2398
2393
2392
2390
2414
2391
2390
2472
2365
2325
2321
2488
2321
2386
2322
2323
2322
2320
2493
2326
2476
2396
2394
2390
2393
2416
2407
2391
2395
2389
2391
2389
2415
2403
2395
2391
2391
2390
2390
2430
2391
2394
2391
2391
2389
2390
2373
2325
2321
2320
2320
2320
2320
2455
2425
2395
2392
2392
2390
2435
2445
2393
2391
2391
2390
2391
2399
2496
2393
2392
2390
2390
2422
2394
2417
2389
2391
2389
2391
2451
2380
2322
2320
2320
2320
2387
2323
2324
2377
2321
2319
2321
2396
2325
2322
2345
2321
2320
2321
2461
2423
2396
2498
2391
2391
2432
2419
2394
2390
2474
2392
2392
2741
2397
2394
2425
2392
2389
2424
2395
2392
2391
2419
2320
2376
2320
2325
2319
2320
2372
2320
2351
2323
2322
2321
2319
2321
2344
2412
2323
2322
2320
2320
2321
2376
2445
2368
2324
2320
2320
2320
2544
2401
2346
2321
2322
2320
2321
2548
2329
2325
2319
2321
2319
2380
2376
2325
2320
2320
2321
2321
2351
2379
2322
2320
2319
2319
2320
2376
2379
2320
2318
2319
2319
2371
2397
2348
2321
2320
2319
2320
2479
2409
2406
2382
2321
2322
2320
2355
2325
2363
2459
2322
2322
2350
2324
2323
2320
2378
2319
2321
2380
2322
2320
2320
2377
2321
2320
2351
2324
2321
2320
2376
2321
2397
2393
2396
2391
2391
2478
2394
2437
2396
2393
2390
2391
2473
2440
2430
2395
2394
2390
2390
2566
2432
2394
2392
2390
2391
2498
2546
2326
2327
2319
2321
2320
2464
2400
2325
2321
2319
2322
2319
2396
2424
2324
2320
2320
2321
2319
2364
2422
2324
2322
2320
2437
2324
2396
2400
2325
2322
2320
2321
2392
2432
2551
2327
2323
2320
2321
2431
2325
2656
2328
2326
2319
2384
2323
2324
2476
2325
2324
2319
2471
2327
2324
2426
2324
2322
2320
2497
2394
2396
2414
2393
2389
2427
2393
2393
2390
2393
2390
2392
2398
2395
2389
2391
2391
2389
2432
2426
2396
2393
2390
2454
2321
2382
2325
2320
2320
2320
2527
2443
2503
2397
2394
2389
2392
2426
2421
2396
2393
2388
2390
2401
2437
2393
2393
2389
2415
2389
2415
2485
2499
2497
2404
2398
2395
2465
2476
2474
2470
2473
2471
2501
2487
2473
2469
2465
2465
2466
2485
2477
2469
2470
2467
2466
5302
2912
2513
2672
2545
2636
2604
2743
2549
2474
2472
2487
2470
2589
2478
2475
2467
2475
2467
2467
2475
2468
2466
2471
2465
2468
2465
2415
2442
2391
2429
2405
2397
2391
2431
2321
2379
2321
2325
2321
2320
2492
2323
2382
2324
2322
2321
2320
2377
2320
2498
2394
2420
2390
2391
2415
2422
2392
2394
2391
2391
2391
2415
2420
2394
2391
2391
2389
2391
2446
2394
2393
2391
2389
2390
2402
2593
2430
2398
2392
2389
2390
2476
2444
2396
2391
2390
2392
2391
2466
2455
2392
2392
2390
2390
2422
2425
2392
2392
2390
2390
2390
2421
2404
2321
2320
2319
2319
2414
2321
2379
2320
2320
2319
2321
2377
2325
2345
2320
2325
2325
2373
2438
2328
2489
2323
2322
2320
2349
2325
2321
2372
2442
2323
2320
2546
2373
2323
2375
2322
2320
2380
2323
2324
2320
2374
2321
2320
2378
2326
2321
2320
2321
2375
2321
2351
2324
2321
2319
2320
2345
2375
2323
2323
2320
2320
2321
2344
2411
2401
2328
2323
2319
2320
2453
2356
2325
2320
2319
2320
2319
2500
2328
2324
2320
2319
2320
2321
2405
2324
2322
2319
2319
2319
2319
2410
2325
2321
2320
2320
2321
2379
2378
2322
2320
2320
2319
2321
2351
2323
2345
2320
2321
2320
2319
2462
2384
2458
2324
2321
2319
2378
2323
2323
2491
2324
2322
2318
2383
2325
2320
2376
2320
2319
2319
2353
2323
2320
2376
2320
2319
2351
2322
2321
2320
2375
2322
2320
2373
2323
2321
2320
2346
2321
2319
2351
2325
2320
2320
2345
2320
2381
2481
2397
2394
2390
2458
2428
2424
2395
2393
2390
2389
2431
2481
2419
2395
2389
2391
2390
2424
2424
2394
2390
2390
2391
2389
2429
2322
2324
2319
2320
2321
2320
2405
2324
2322
2319
2320
2318
2321
2401
2324
2322
2319
2319
2368
2411
2461
2385
2325
2320
2320
2321
2453
2367
2455
2321
2321
2321
2335
2367
2325
2377
2319
2322
2319
2382
2323
2322
2375
2322
2318
2319
2430
2325
2322
2378
2320
2320
2320
2404
2322
2321
2344
2320
2318
2351
2322
2322
2321
2344
2319
2320
2443
2401
2328
2323
2456
2323
2351
2322
2323
2320
2319
2438
2377
2416
2325
2321
2320
2320
2399
2322
2352
2325
2320
2319
2321
2375
2401
2337
2324
2319
2321
2319
2331
2422
2324
2321
2321
2371
2320
2321
2454
2443
2483
2327
2324
2321
2417
2438
2329
2325
2322
2321
2320
2384
2571
2325
2321
2320
2320
2319
2469
2498
2326
2322
2320
2320
4220
2810
2778
2558
2490
2533
2413
2478
2468
2398
2392
2390
2438
2395
2551
2516
2398
2391
2424
2393
2394
2492
2398
2393
2391
2435
2406
2395
2475
2470
2469
2478
2471
2467
2464
2473
2467
2476
2466
2469
2464
2468
2465
2464
2427
2394
2392
2390
2414
2389
2715
2323
2325
2368
2321
2374
2320
2352
2325
2321
2321
2322
2345
2353
2321
2323
2321
2319
2319
2321
2446
2420
2326
2321
2321
2320
2319
2520
2324
2321
2321
2320
2319
2352
2493
2329
2322
2320
2320
2320
2379
2377
2324
2320
2321
2320
2320
2534
2383
2326
2321
2322
2320
2362
2323
2380
2320
2321
2321
2320
2421
2324
2348
2320
2320
2319
2321
2466
2388
2487
2322
2323
2322
2387
2323
2324
2426
2393
2322
2321
2358
2323
2323
2375
2321
2322
2319
2395
2374
2321
2374
2321
2322
2550
2325
2325
2320
2378
2345
2320
2760
2390
2323
2321
2346
2320
2419
2326
2324
2320
2320
2319
2346
2466
2430
2396
2390
2391
2445
2484
2391
2394
2389
2391
2389
2415
2489
2396
2393
2389
2392
2389
2462
2393
2397
2388
2390
2389
2390
2438
2325
2322
2320
2319
2320
2320
2406
2323
2322
2320
2319
2320
2349
2335
2333
2320
2319
2320
2320
2436
2408
2466
2322
2322
2319
2320
2362
2325
2494
2324
2322
2320
2428
2323
2323
2376
2320
2319
2321
2385
2323
2321
2377
2321
2320
2322
2357
2323
2321
2376
2320
2320
2387
2324
2323
2319
2344
2320
2320
2385
2324
2321
2320
2345
2320
2320
2453
2374
2324
2321
2399
2378
2395
2394
2395
2391
2390
2430
2454
2410
2395
2390
2389
2390
2417
2408
2394
2392
2390
2389
2390
2414
2407
2396
2391
2388
2390
2388
2429
2393
2394
2388
2391
2388
2391
2407
2395
2392
2390
2392
2389
2431
2429
2326
2322
2322
2320
2372
2397
2429
2324
2322
2321
2319
2320
2358
2476
2352
2325
2320
2321
2392
2323
2385
2320
2322
2319
2319
2356
2324
2345
2321
2319
2319
2321
2499
2397
2416
2389
2391
2389
2433
2394
2392
2391
2392
2390
2391
2445
2419
2392
2441
2391
2389
2430
2394
2392
2390
2466
2392
2361
2322
2325
2320
2321
2374
2323
2387
2323
2324
2320
2321
2375
2321
2355
2324
2321
2319
2320
2319
2376
2357
2323
2320
2319
2321
2319
2412
2323
2324
2320
2346
2347
2319
2491
2507
2512
2402
2392
2390
2430
2499
2394
2390
2390
2390
2390
2426
2478
2394
2391
2390
2391
2432
2421
2451
2377
2323
2320
2320
4809
3318
2797
2576
2413
2420
2411
2451
2414
2329
2322
2371
2324
2323
2528
2328
2324
2321
2430
2374
2328
2529
2329
2327
2360
2322
2326
2321
2468
2403
2324
2413
2325
2321
2321
2376
2321
2322
2421
2325
2322
2320
2376
2321
2386
2322
2324
2321
2320
2378
2319
2398
2324
2322
2370
2320
2346
2319
2352
2323
2320
2321
2319
2345
2412
2436
2328
2324
2320
2321
2358
2489
2324
2323
2319
2321
2319
2320
2510
2327
2323
2320
2321
2319
2387
2380
2324
2320
2320
2319
2319
2385
2379
2324
2319
2320
2321
2320
2388
2418
2396
2390
2391
2389
2422
2395
2417
2388
2391
2389
2414
2490
2407
2488
2391
2390
2389
2421
2395
2419
2450
2322
2322
2375
2322
2325
2332
2366
2321
2321
2351
2323
2321
2319
2377
2319
2319
2349
2371
2324
2319
2377
2319
2349
2319
2324
2318
2320
2344
2320
2561
2324
2323
2319
2320
2344
2320
2431
2391
2327
2322
2320
2454
2377
2321
2325
2320
2321
2319
2477
2377
2325
2321
2320
2319
2321
2375
2378
2325
2320
2321
2320
2322
2407
2322
2323
2320
2321
2320
2319
2391
2338
2322
2320
2320
2321
2321
2376
2348
2322
2319
2320
2319
2362
2435
2499
2323
2321
2320
2321
2350
2323
2494
2322
2321
2321
2320
2350
2324
2377
2322
2321
2320
2350
2370
2325
2374
2322
2319
2319
2405
2324
2323
2376
2322
2319
2319
2351
2323
2320
2344
2321
2321
2350
2320
2324
2321
2345
2319
2320
2420
2419
2328
2324
2332
2445
2321
2376
2323
2322
2319
2321
2491
2417
2391
2396
2389
2391
2403
2412
2429
2393
2391
2389
2391
2415
2428
2392
2394
2390
2391
2388
2415
2426
2393
2391
2389
2390
2389
2430
2391
2395
2389
2390
2389
2391
2465
2400
2329
2321
2321
2320
2320
2897
2400
2393
2390
2391
2440
2406
2494
2395
2392
2392
2390
2407
2392
2421
2393
2392
2389
2391
2432
2393
2415
2391
2390
2389
2403
2322
2323
2344
2322
2319
2319
2463
2326
2322
2321
2321
2321
2320
2453
2426
2394
2441
2393
2390
2407
2393
2393
2390
2490
2396
2394
2401
2394
2390
2391
2416
2390
2423
2393
2392
2391
2391
2389
2320
2405
2324
2321
2320
2321
2372
2464
2322
2324
2320
2320
2319
2345
2379
2324
2322
2320
2321
2319
2346
2469
2383
2324
2321
2371
2321
2395
2418
2476
2400
2322
2322
2320
2515
2408
2325
2321
2319
2320
2375
2401
2323
2321
2320
2320
2320
2352
2378
2323
2320
2321
2319
2322
4259
2765
2710
2517
2490
2504
2478
2483
2421
2394
2390
2392
2450
2351
2569
2457
2396
2394
2436
2397
2393
2495
2326
2322
2320
2353
2325
2322
2374
2336
2388
2393
2322
2324
2320
2376
2320
2321
2357
2324
2320
2318
2374
2319
2320
2391
2324
2320
2320
2343
2319
2660
2324
2323
2369
2320
2344
2320
2433
2393
2326
2320
2320
2319
2499
2323
2325
2320
2321
2318
2320
2543
2328
2324
2320
2321
2320
2321
2385
2324
2323
2318
2321
2320
2351
2378
2323
2320
2319
2319
2320
2376
2378
2322
2319
2320
2320
2320
2350
2348
2353
2323
2320
2320
2406
2428
2474
2325
2321
2320
2320
2427
2325
2390
2432
2324
2320
2320
2388
2324
2376
2321
2320
2319
2351
2322
2323
2378
2321
2320
2321
2357
2323
2323
2319
2377
2319
2320
2356
2324
2369
2319
2344
2319
2380
2320
2323
2318
2320
2344
2319
2429
2412
2326
2322
2320
2488
2323
2580
2325
2322
2318
2319
2491
2383
2324
2324
2322
2319
2320
2373
2358
2324
2321
2319
2319
2319
2375
2358
2323
2319
2320
2319
2320
2410
2323
2324
2320
2320
2320
2320
2408
2323
2321
2319
2319
2319
2319
2480
2381
2326
2321
2321
2320
2396
2433
2461
2321
2319
2321
2320
2393
2326
2494
2323
2436
2321
2360
2322
2325
2377
2320
2321
2320
2390
2372
2324
2375
2321
2319
2319
2384
2324
2322
2376
2320
2319
2356
2321
2323
2321
2345
2319
2320
2432
2418
2325
2322
2456
2321
2319
2353
2323
2321
2319
2424
2391
2729
2838
2466
2320
2321
2375
2321
2417
2325
2321
2319
2322
2376
2385
2322
2325
2318
2320
2319
2377
2390
2323
2321
2319
2320
2319
2346
2352
2323
2320
2318
2319
2319
2417
2436
2328
2324
2321
2322
2319
2441
2379
2323
2320
2321
2320
2321
2391
2498
2324
2323
2320
2358
2458
2470
2470
2465
2466
2464
2465
2498
2469
2468
2464
2463
2463
2482
2469
2467
2465
2464
2465
2474
2467
2467
2464
2465
2463
2481
2431
2469
2393
2442
2390
2393
2424
2395
2392
2414
2470
2392
2425
2389
2394
2390
2416
2390
2390
2419
2394
2390
2389
2421
2321
2348
2321
2324
2321
2319
2377
2319
2435
2392
2393
2389
2391
2389
2390
2401
2396
2391
2389
2391
2390
2470
2471
2398
2393
2389
2392
2438
2408
2394
2392
2388
2407
2320
2472
2514
2549
2422
2403
2393
2389
2424
2396
2392
2389
2390
2389
2399
2416
2392
2389
2391
2388
2391
2421
2416
2391
2389
2391
2390
4191
3151
2659
2605
2418
2543
2559
2487
2422
2397
2391
2392
2437
2395
2420
2468
2393
2392
2432
2394
2394
2417
2321
2321
2321
2367
2326
2321
2378
2320
2402
2360
2322
2324
2320
2376
2319
2321
2385
2324
2321
2320
2320
2345
2320
2383
2324
2322
2319
2321
2344
2373
2483
2409
2394
2416
2391
2496
2426
2394
2393
2389
2391
2391
2516
2395
2395
2390
2390
2391
2405
2449
2394
2391
2388
2390
2389
2415
2327
2324
2322
2320
2321
2321
2412
2324
2323
2320
2320
2319
2320
2473
2394
2392
2388
2391
2389
2489
2512
2446
2392
2390
2390
2420
2392
2432
2438
2392
2392
2389
2454
2395
2412
2323
2321
2319
2321
2387
2325
2377
2320
2321
2321
2416
2323
2324
2377
2320
2319
2320
2355
2323
2321
2320
2345
2320
2321
2357
2324
2370
2320
2344
2320
2423
2427
2328
2323
2319
2487
2319
2352
2324
2320
2320
2320
2493
2364
2322
2325
2322
2321
2321
2376
2572
2326
2322
2318
2322
2318
2376
2388
2325
2320
2321
2319
2319
2437
2321
2323
2320
2319
2321
2319
2376
2324
2321
2319
2319
2318
2318
2463
2393
2325
2322
2320
2321
2386
2398
2380
2321
2323
2320
2319
2392
2335
2484
2323
2321
2319
2320
2402
2326
2377
2321
2321
2319
2418
2322
2324
2377
2320
2319
2320
2374
2372
2321
2376
2319
2319
2319
2356
2323
2319
2345
2319
2319
2404
2434
2328
2324
2455
2322
2321
2352
2325
2321
