7736
7802
7560
7606
7911
7697
7837
7398
7748
7400
7662
7396
7615
7396
7622
7394
7439
7467
7571
7617
7463
7778
7537
7732
7657
7718
7626
7617
8729
7871
8364
7669
7643
8668
8371
7695
7748
7687
7709
7626
7655
7647
7573
7395
7603
7637
7653
7642
7683
7787
7634
7896
7657
7735
7648
7723
7627
7616
7729
7617
7716
7904
8039
7909
8077
8028
7970
8179
7864
8433
7995
7825
7678
7801
7914
7618
7622
7913
7821
7680
7627
7876
7861
7876
7622
7650
7812
7679
7624
7747
7958
7691
7797
7916
7864
7868
7743
8256
7988
8208
7958
7980
7995
7872
7971
9684
8401
7856
7938
7856
7795
7619
7726
7617
7859
8228
7560
7419
7557
7669
7712
8205
7731
7451
7491
7862
8071
7449
7429
7692
7765
7624
7700
7760
7764
7619
7909
7620
7686
7851
7898
7591
8302
7398
7587
8154
7664
7769
7653
7698
7854
7896
7885
7891
7891
7882
7890
7900
7899
7885
7889
7921
7881
8179
7741
7663
7674
7657
7808
7832
7872
7722
7684
7698
7401
7743
7618
7736
7621
7562
7395
7490
7393
7429
7391
7407
7391
7394
7675
7619
7671
7621
7767
7618
7731
7621
7472
7451
7755
7938
7839
7643
7766
7726
8280
8158
7988
7795
7994
8033
7878
7895
8113
10149
7895
8119
7894
8061
7891
7971
8027
7886
8023
7877
7874
7863
9602
9134
7926
7921
8170
7874
8460
7879
7873
7863
7890
7858
7887
7860
7876
7863
7731
7397
7641
7395
7433
7549
7466
7458
7705
7645
7655
7642
7635
7620
7654
7618
7592
7439
7628
7393
7630
7399
7488
7394
7401
7460
7400
7563
7804
7755
7621
7847
7618
7739
7623
7680
7398
7454
7449
7456
7448
7424
7413
7424
7414
7561
7645
7733
7615
7736
7617
7690
7615
7636
7390
7482
7389
7396
7453
7395
7589
7395
7563
7395
7743
7621
7681
7695
7635
7643
7815
7641
7653
7638
7728
7668
7628
7718
7630
7669
7656
7615
7508
7391
7483
7391
7454
7391
7419
7654
7395
7595
7396
7628
7395
7498
7399
7595
7397
7468
7438
7549
7643
7765
7698
7657
7722
7654
7599
7431
7447
7431
7391
7506
7393
7501
8022
7813
7939
7870
7397
7475
7510
7395
8484
8773
7455
7398
7506
7479
7486
7396
7781
7619
7780
7462
7453
7553
7432
7450
7456
7449
7570
7644
7647
7645
7758
7621
7761
7618
7661
7395
7516
7393
7508
7392
7489
7435
7395
7519
7395
7591
7396
7563
7396
7508
7515
7458
7449
7455
7449
7485
7454
7429
7420
7489
7470
7589
7392
7627
7392
7452
7430
7453
7450
7448
7503
7399
7444
7398
7559
7401
7564
7403
7474
7522
7439
7687
7596
7449
7456
7438
7458
7413
7392
7728
7664
7647
7719
7648
7642
7627
7667
7649
7642
7626
7617
7626
7618
7625
7398
7509
7394
7832
7396
7534
7395
7516
7417
7486
7417
7490
7392
7443
7611
7394
7484
7492
7430
7477
7407
7417
7402
7415
7458
7395
7438
7393
9368
8224
7922
7918
7811
7619
7859
7857
7758
7620
7707
7618
7679
7618
7812
7457
7667
7765
7650
7649
7656
7642
7664
7640
7652
7643
7708
7858
7824
7624
7749
7618
7718
7618
7691
7616
7719
7630
7490
7391
7395
7476
7395
7642
7394
7618
7395
7598
7397
7443
7438
7611
7453
7434
7501
7430
7420
7505
7750
7655
7616
7740
7615
7690
7616
7593
7392
7450
7428
7474
7425
7396
7678
7621
7699
7622
7750
7623
7659
7622
7658
7619
7536
7420
7408
7395
7548
7503
7432
7544
7464
7454
7408
7392
7433
7390
7442
7676
7668
7654
7723
7593
7399
7739
7624
7611
7399
7513
7401
7693
7619
7687
7621
7650
7653
7739
7591
7565
7933
7426
7445
7458
7496
7430
7388
7480
7387
7416
7595
7418
7584
7558
8033
7961
7934
8047
7756
7621
7918
7618
7649
7398
7564
7394
7752
7397
7984
7393
7540
7542
7407
7488
7413
7488
7554
7471
7432
7468
7514
7677
7685
7615
7813
7618
7684
7616
7668
7408
7528
7446
7395
7615
7397
7723
7620
7688
7395
7711
7398
7485
7395
8138
7859
7869
7708
7678
7644
7766
7987
7871
8044
7870
7894
7653
7721
7624
7617
7731
7618
7646
7394
7731
7399
7719
7395
7733
7393
7439
7544
7439
7501
7397
7502
7397
7531
7396
7691
7484
7408
7716
7476
7544
7409
7497
7433
7496
7402
7394
7635
7395
7574
7462
7654
7395
7879
7396
7600
7412
7395
7648
7398
7912
7624
7923
7622
7801
7397
7811
7398
7448
7547
7411
7494
7410
7565
7408
7472
7404
7395
7578
7457
7627
7393
7849
8375
7924
7899
8010
7621
7916
7398
7645
7395
7473
7705
7702
8026
7708
7719
7641
7606
7403
7492
7400
7432
7705
7655
7641
7737
7727
7684
7696
7513
7446
7427
7394
7664
7620
7654
7615
7660
7616
7730
7859
7844
7616
7724
7715
7720
7858
7808
7641
7646
7637
7646
7555
7494
7602
7468
7391
7562
7460
7450
7453
7452
7445
7451
7424
7421
7427
7403
7642
7624
7762
7635
7591
7393
7481
7391
7442
7388
7428
7412
7402
7388
7514
7628
7392
7595
7391
7452
7445
7429
7447
7453
7418
7504
7392
7423
7388
7527
7394
7545
7390
7505
7392
7514
7392
7423
7421
7390
7432
7393
7462
7391
7651
7394
7682
7469
7410
7417
7429
7418
7459
7419
7402
7412
7571
8200
8469
7712
8571
8316
8063
7735
8173
8111
11012
7939
7860
7882
7928
8372
8879
8525
8028
7740
7884
8089
7650
7869
7945
7973
7860
7881
7624
8035
7865
8388
8286
7917
7549
7824
7722
7824
8554
7960
7862
8135
7828
8304
7489
8777
7868
8140
7787
8596
7885
8631
8157
8248
7816
7726
7683
7792
7613
8874
7949
7918
7594
7417
7437
7391
7460
7389
7392
7432
7390
7521
7447
7514
7392
8327
8071
7770
7397
7479
7392
7470
7389
7427
7389
7482
7511
7462
7525
7434
7611
7430
7414
7946
7413
7403
7386
7390
7454
7391
7484
7501
7430
7452
7511
7393
7464
7390
7425
7389
7426
7389
7401
7388
7491
7442
7393
7486
7390
7629
7394
7669
7391
7426
7414
7459
7475
7484
7576
7468
7508
7407
7388
7591
7391
7498
7389
7457
7388
7416
10252
7575
7401
7671
7402
7439
7648
7451
7561
7394
7488
7391
7505
7392
7426
7415
7808
7466
7459
7591
7413
7642
7437
7538
7455
7390
7480
7388
7475
7388
7476
7389
7461
7462
7391
7893
7394
7744
7393
7655
7392
7537
7389
7477
7388
7405
7457
7674
7565
7412
7661
7413
7509
7407
7387
7632
7391
7557
7404
7667
7411
7514
7442
7565
7405
7391
7682
7390
7581
7390
7475
7389
7513
7387
7582
7390
7484
7493
7431
7487
7395
7454
7391
7400
7418
7398
7416
7398
7391
7425
7389
7484
7405
7566
7389
7584
7389
7430
7389
7430
7389
7418
7400
7390
7399
7391
7664
7391
7568
7390
7486
7406
7598
7418
7449
7416
7759
7597
7576
7390
7461
7420
7514
7388
7491
7434
7416
7460
7510
7424
7418
7948
7393
7695
7564
10728
8287
7641
7397
7714
7397
7637
7395
7487
7393
7504
7391
7454
7437
7542
7474
7472
7545
7477
7421
7459
7389
7572
7394
7431
7389
7392
7399
7392
7489
7395
7540
7391
7557
7397
7754
7395
7452
7390
7426
7414
7424
7388
7464
7530
7452
7567
7910
7947
7815
7475
7617
7565
7445
7453
7416
7481
7390
7484
7508
7404
7391
7614
7394
7544
7392
7594
7395
7483
7391
7430
7443
7455
7480
7393
7604
7397
7427
7556
7565
7400
7585
7416
7427
7391
7423
7390
7482
7478
7404
7389
7530
7390
7506
7387
7427
7387
7417
7423
7390
7398
7390
7631
7392
7577
7390
7648
7393
7431
7445
7491
7416
7507
7418
7429
7388
7454
7676
7421
7401
7512
7404
7416
7404
7418
7398
7417
7400
7389
7512
7391
7772
7779
7583
7393
8960
9318
8076
8052
7870
7393
7730
7392
7737
7493
7465
7621
7411
7754
7412
7506
7407
7462
7409
7388
7500
7388
7462
7446
7460
7477
7560
7405
7390
7683
7393
7542
7392
7475
7388
7665
7389
7478
7441
7440
7578
7492
7664
7415
7506
7447
7464
7386
7455
7462
7402
7460
7402
7460
7457
7561
7404
7389
7684
7392
7528
7390
7479
7388
7544
7387
7507
7387
7390
7796
7394
7794
7394
7839
7393
7618
7390
7407
7460
7427
7460
7406
7457
7656
8946
7423
7680
7408
7389
7526
7390
7535
7388
7555
7387
7407
7388
7390
7534
7392
7451
7392
7642
7398
7487
7395
7457
7390
7493
7420
7425
7389
7483
7530
7406
7510
7460
7522
7455
7388
7417
7430
7417
7403
7392
7400
7391
7483
7394
7654
7689
7536
7394
7431
7391
7906
8752
7543
7534
7464
7653
7862
7698
7413
7569
7410
7448
7407
7387
7417
7398
7416
7442
7391
7462
7392
7485
7395
7489
7389
7538
7391
7486
7389
7452
7389
7429
7388
7434
7388
7391
7741
7393
7535
7393
7463
7391
7426
7415
7457
7412
7423
7390
7442
7389
7463
7418
7490
7388
7539
7389
7454
7401
7418
7401
7391
7425
7391
7448
7390
7485
7392
7489
7388
7404
7528
7407
7448
7453
7415
7455
7475
7390
7440
7529
7546
7509
7459
7527
7427
7452
7426
7416
7507
7391
7510
7390
7404
7388
7442
7417
7514
7387
7392
7592
7393
7462
7392
7487
7390
7426
7390
7505
7390
7506
7476
7455
7526
7409
7449
7404
7387
7505
7517
7412
7461
7391
7426
7391
7490
7396
7979
7710
8108
7627
7720
7394
7457
7392
9196
8506
7848
7399
7983
7392
7891
7420
7444
7564
7408
7460
7441
7555
7406
7752
7442
7388
7698
7396
7585
7387
7702
7390
7530
7388
7467
7402
7391
7511
7391
7472
7390
7539
7393
7574
7442
7616
7661
7414
7506
7444
7462
7404
7460
7404
7388
7500
7420
7557
7462
7669
7407
7511
7405
7465
7401
7390
7473
7390
7474
7389
7635
7395
7577
7387
7413
7658
7414
7506
7409
7459
7388
7615
7389
7460
7391
7530
7441
7404
7489
7449
7446
7736
7527
7459
7388
7585
7390
7597
7389
7543
7437
7597
7388
7431
7518
7391
7451
7392
7452
7390
7480
7390
7404
7390
7533
7507
7405
7532
7489
7413
7407
7417
7403
7387
7474
7386
7391
7586
7390
7506
7508
7590
7391
7507
7394
7591
7615
7434
7390
7455
7391
7401
7389
9626
8858
7463
7571
7544
7650
7461
7570
7410
7449
7409
7411
7401
7388
7468
7456
7472
7465
7525
7465
7507
7402
7393
7584
7393
7462
7391
7474
7391
7653
7391
7436
7522
7452
7606
7431
7442
7489
7570
7391
7427
7389
7421
7390
7486
7477
7452
7489
7407
7416
7455
7389
7429
7388
7427
7388
7427
7388
7390
7490
7393
7598
7393
7521
7392
7450
7392
7456
7390
7424
7417
7400
7389
7464
7501
7454
7489
7406
7389
7417
7401
7419
7424
7414
7459
7392
7398
7390
7541
7396
7545
7390
7531
7393
7431
7389
7482
7389
7402
7415
7389
7457
7391
7605
7392
7474
7466
7515
7417
7429
7507
7526
7416
7402
7389
7425
7388
7494
7624
7581
7520
7507
7392
7420
7404
7393
7728
7400
7458
7392
7442
7391
7506
7396
8304
8413
7938
7586
7697
7718
7415
7557
7447
7462
7407
7464
7477
7522
7507
7388
7708
7390
7532
7388
7466
7401
7462
7403
7391
7525
7391
7607
7391
7521
7397
7485
7394
7406
7472
7405
7413
7441
7415
7624
7390
7390
7491
7471
7433
7526
7404
7454
7400
7416
7426
7390
7480
7389
7401
7389
7462
7418
7517
7388
7489
7489
7392
7462
7392
7428
7390
7424
7390
7399
7391
7486
7475
7403
7523
7438
7433
7460
7412
7400
7387
7490
7390
7391
7397
7391
7489
7472
7458
7392
7538
7394
7488
7389
7426
7388
7554
7391
7442
7529
7517
7511
7458
7522
7393
7588
7392
7476
7391
7478
7413
7439
7391
7400
7413
7490
7450
7437
7390
7540
7389
7548
7482
7461
7388
7444
7842
7397
7408
7392
7509
7395
7541
7392
9029
8075
7700
7394
7592
7554
7490
7443
7402
7415
7450
7510
7420
7489
7435
7389
7490
7389
7430
7388
7428
7388
7391
7399
7391
7488
7394
7537
7392
7499
7393
7499
7393
7458
7500
7428
7488
7407
7413
7588
7483
7678
7415
7466
7402
7419
7399
7419
7441
7418
7398
7389
7400
7389
7487
7395
7487
7389
7502
7391
7456
7414
7404
7413
7391
7448
7390
7402
7390
7565
7394
7403
7534
7405
7415
7403
7417
7402
7415
7484
7388
7403
7388
7390
7641
7525
7495
7546
7524
7392
7514
7391
7474
7389
7476
7390
7419
7389
7486
7476
7518
8271
7411
7451
7512
7600
7433
7525
7666
7544
7458
7425
7532
7515
7556
7404
7525
7429
7453
7403
7389
7425
7389
7599
7388
7486
7651
7513
7419
7411
7504
7428
7522
7392
9197
7741
7586
7436
7673
7393
8351
7540
7424
7476
7403
7525
7405
7453
7428
7415
7458
7393
7424
7389
7401
7388
7464
7418
7483
7389
7520
7469
7433
7451
7392
7426
7392
7471
7390
7426
7390
7484
7475
7449
7524
8006
7553
7643
7551
7428
7391
7491
7388
7479
7388
7504
7421
7473
7403
7455
7535
7394
7463
7392
7449
7390
7449
7389
7399
7389
7518
7479
7421
7524
7430
7450
7404
7413
7391
7421
7416
7398
7391
7425
7391
7480
7477
7460
7390
7539
7391
7626
7390
8157
7420
7428
7414
7401
7388
7505
7469
7393
7484
7393
7590
7392
7530
7389
7490
7419
7426
7413
7425
7415
7557
7479
7460
7391
7687
7390
7653
7390
7467
7388
7417
7397
7391
7478
7389
7817
7589
7489
7391
7561
7395
7491
7391
10727
8954
7939
7570
7830
7505
7438
7688
7430
7473
7501
7452
7405
7415
7457
7389
7488
7390
7404
7388
7461
7420
7492
7389
7510
7466
7392
7763
7392
7482
7391
7509
7391
7445
7438
7483
7478
7430
7488
7431
7413
7403
7416
7443
7388
7702
7392
7391
7400
7391
7490
7505
7445
7392
7507
7393
7429
7391
7468
7390
7462
7412
7402
7389
7462
7530
7447
7487
7394
7450
7392
7427
7391
7442
7416
7424
7390
7397
7389
7484
7447
7469
7388
8115
7393
7432
7388
7484
7389
7428
7389
7391
7420
7391
7512
7393
7515
7391
7498
7394
7464
7415
7419
7416
7536
7414
7428
7389
7484
7422
7522
7388
7489
7403
7440
7424
7418
7841
7908
7458
7393
7483
7391
7547
7396
7660
7763
7767
7399
7462
7391
7428
7414
7722
8749
7662
7572
7489
7746
7410
7546
7458
7389
7452
7404
7415
7459
7417
7431
7391
7459
7391
7511
7396
7488
7389
7561
7393
7465
7390
7645
7392
7405
7415
7391
7402
7391
7563
7415
7462
7469
7404
7452
7428
7415
7426
7416
7426
7388
7456
7390
7637
7420
7489
7388
7526
7404
7453
7428
7391
7480
7391
7900
7966
8012
7392
8017
7652
7682
7391
7561
8133
7752
7559
8003
7485
7487
7469
7407
7463
7461
7564
7408
7391
7718
7391
7554
7390
7486
7388
7464
7460
7391
7477
7390
7530
7398
7575
7391
7684
7391
7464
7392
7459
7413
7401
7411
7496
7391
7463
7505
7428
7388
7527
7488
7454
7425
7438
7402
7417
7400
7390
7400
7389
7489
7395
7546
7390
7586
7669
7417
7450
7515
7783
7449
7696
7394
9233
7822
7631
7554
7612
7412
7388
7515
7427
7417
7419
7417
7458
7417
7458
7391
7535
7394
7519
7389
7502
7391
7431
7389
7430
7388
7391
7447
7390
7396
7390
7561
7392
7497
7441
7405
7414
7403
7416
7401
7415
7442
7389
7401
7387
7457
7421
7505
7423
7489
7636
7417
7402
7391
7426
7391
7452
7389
7401
7391
7572
7442
7456
7523
7423
7543
7510
7504
7449
7524
7392
7464
7392
7462
7419
7463
7478
7403
7526
7404
7451
7428
7388
7484
7389
7428
7388
7453
7410
7440
7439
7391
7510
7392
7534
7393
7489
7393
7610
7390
7487
7443
7452
7413
7550
7508
7437
7521
7481
7390
7468
7388
7415
7425
7440
7398
7391
7424
7390
7482
7396
7518
7391
7530
7391
7497
7709
7464
7390
7404
7415
7441
7521
7390
11280
7653
7773
7732
7770
7559
7745
7413
7510
7433
7389
7481
7389
7590
7420
7565
7439
7669
7407
7511
7405
7390
7477
7391
7473
7390
7549
7389
7596
7419
7503
7539
7412
7437
7406
7411
7403
7413
7391
7423
7391
7541
7394
7509
7479
7403
7488
7430
7391
7429
7390
7646
7390
7426
7388
7404
7388
7440
7461
7392
7508
7392
7499
7393
7468
7393
7403
7418
7400
7415
7399
7389
7543
7479
7428
7388
7509
7389
7421
7401
7419
7400
7419
7458
7392
7457
7390
7559
7395
7557
7391
7498
7395
7431
7390
7403
7416
7404
7413
7391
7460
7390
7568
7391
7499
7493
7449
7416
7454
7417
7458
7417
7400
7389
7423
7387
7461
7419
7492
7388
7492
7427
7394
7426
7393
7659
7443
7429
7390
7426
7389
7500
7480
8259
8900
7432
7535
7483
7606
7442
7449
8684
7416
7459
7444
7527
7400
7650
7389
7776
7392
7467
7388
7416
7424
7391
7424
7392
7398
7390
7478
7394
7486
7390
7403
7526
7486
7477
7434
7412
7401
7414
7427
7388
7389
7518
7474
7402
7524
7402
7454
7403
7390
7426
7389
7427
7389
7625
7390
7462
7419
7458
7453
7431
7547
7391
7489
7392
7425
7390
7469
7389
7402
7389
7486
7474
7403
7522
7429
7450
7404
7387
7426
7387
7496
7413
7474
7456
7528
7465
7397
7577
7392
7675
7394
7485
7392
7427
7390
7401
7415
7401
7387
7492
7501
7427
7522
7394
7587
7392
7457
7418
7425
7415
7401
7390
7455
7390
7506
7397
7509
7389
7566
7390
7464
7388
7455
7388
7390
7653
7397
7402
7391
7565
7392
7566
7393
9075
8197
7905
7483
7641
7674
7414
7646
8081
7747
8072
7577
7413
7674
7450
7390
7732
7392
7515
7391
7572
7390
7680
7394
7623
7398
7438
7551
7412
7660
7394
7529
7390
7479
7443
7404
7458
7488
7744
7504
7566
7409
7759
7408
7512
7406
7388
7479
7388
7475
7388
7475
7389
7461
7462
7391
7774
7388
7487
7394
7511
7392
7424
7390
7432
7416
7849
8107
7651
7500
7568
7561
7444
7441
7460
7390
7429
7388
7428
7387
7390
7401
7392
7558
7392
7927
7392
7839
7392
7547
7395
7565
7389
7720
7390
7415
7770
7482
7562
7436
7664
7415
7508
7504
7543
7393
7407
7465
7451
7463
7408
7462
7459
7562
7519
7390
7507
7391
7430
7389
7449
7390
7431
7419
7672
7531
7475
7447
7391
7505
7391
7499
7392
9294
7829
7580
7395
7652
7584
7477
7448
7463
7508
7462
7490
7406
7390
7462
7390
7688
7390
7426
7388
7403
7387
7500
7420
7392
7481
7392
7669
7393
7599
7394
7469
7391
7404
7439
7400
7415
7483
7475
7404
7522
7439
7389
7468
7388
7415
7399
7415
7398
7390
7397
7390
7486
7394
7517
7391
7533
7392
7679
7392
7404
7437
7403
7414
7444
7388
7390
7567
7390
7491
7529
7454
7451
7403
7417
7421
7415
7424
7390
7430
7389
7463
7419
7533
7390
7540
7391
7454
7452
7392
7449
7390
7448
7391
7401
7390
7600
7391
7489
7638
7452
7529
7409
7450
7450
7415
7504
7391
7417
7425
7391
7485
7472
7497
7530
7428
7537
7457
7390
7428
7389
7426
7389
7400
7388
7515
7748
7409
7502
7559
7486
7393
7427
7391
8946
7810
7665
7390
7686
7648
7692
7507
7469
7488
7635
7418
7461
7419
7459
7392
7638
7390
7425
7390
7463
7418
7523
7390
7430
7488
7392
7474
7392
7429
7391
7453
7390
7423
7413
7571
7507
7431
7488
7409
7414
7407
7388
7433
7388
7455
7387
7392
7398
7390
7489
7393
7510
7393
7546
7394
8340
8080
8364
7612
7627
7440
7446
7391
7538
7507
7429
7526
7429
7453
7404
7413
7443
7388
7485
7388
7391
7421
7391
7520
7511
7404
7455
7537
7395
7466
7392
7482
7390
7427
7389
7445
7387
7463
7505
7405
7524
7395
7505
7392
7485
7389
7423
7417
7497
7393
7481
7506
7480
7710
7414
7390
7793
7391
7539
7487
7392
7404
7390
7513
7395
7590
7687
7416
7525
7435
7450
7405
7412
7391
9354
7786
7560
7463
7567
7459
7448
7560
7578
7418
7429
7419
7400
7417
7458
7393
7577
7391
7491
7395
7476
7390
7497
7395
7689
7490
7467
7472
7393
7456
7391
7401
7390
7487
7532
7433
7505
7491
7453
7431
7415
7993
7416
7547
7391
7571
7388
7666
7442
7569
7388
7533
7391
7392
7462
7392
7514
7393
7427
7391
7429
7414
7675
7446
7430
7558
7425
7442
7429
7414
7402
7415
7425
7387
7391
7453
7391
7505
7509
7402
7525
7405
7392
7599
7391
7428
7389
7459
7411
7425
7389
7463
7420
7483
7505
7393
7613
7394
7490
7392
7492
7419
7398
7416
7832
7393
7494
7513
7451
7453
7480
7389
7467
7388
7544
7391
7589
7387
7516
7442
7393
7524
7394
7520
7393
7752
7475
7428
7393
7403
7415
7423
7415
7965
9129
8140
7572
7500
7642
7436
7445
7501
7390
8716
7392
7477
7390
7434
7388
7525
7420
7479
7428
7391
7525
7394
7426
7392
7427
7390
7452
7389
7400
7389
7484
7480
7428
7487
7432
7414
7405
7387
7418
7422
7417
7424
7390
7398
7392
7483
7395
7489
7391
7506
7391
7482
7390
7512
7389
7457
7467
7405
7413
7392
7691
7391
7552
7394
7648
7394
7552
7419
7460
7413
7400
7389
7399
7390
7462
7419
7539
7390
7527
7389
7418
7426
7418
7462
7392
7451
7390
7477
7390
7509
7394
7582
7391
7403
7492
7405
7414
7467
7414
7492
7412
7390
7423
7390
7643
7475
7432
7490
7427
7420
7515
7421
7429
7390
7713
7390
7428
7389
7462
7419
7597
7390
7513
7542
7393
7869
7399
7429
7394
7430
7390
7428
7391
10561
7665
7433
7615
7473
7525
7429
7468
7404
7414
7399
7415
7567
7390
7480
7396
7757
7391
7548
7391
7590
7445
7429
7415
7390
7451
7391
7422
7390
7595
7393
7425
7525
7404
7453
7402
7414
7557
7491
7410
7460
7429
7386
7561
7469
7558
7521
7674
7408
7512
7408
7391
7497
7391
7474
7390
7476
7389
7794
7391
7446
7797
7455
7677
7415
7505
7640
7465
7406
7462
7388
7404
7460
7497
7555
7405
7657
7407
7513
7462
7389
7479
7389
7497
7389
7475
7388
8083
7437
7460
7389
7428
7487
7405
7412
7392
7428
7390
7632
7391
7458
7391
7486
7510
7499
7487
7406
7414
7452
7389
7461
7388
7459
7389
7443
7411
7392
7518
7393
7545
7392
7542
7395
7430
7391
7594
7486
7429
7389
7484
7471
7466
7544
7826
9281
7668
7616
7412
7914
7416
7506
7515
7388
7502
7389
7562
7420
7564
7624
7473
7468
7391
7431
7390
7425
7391
7451
7389
7428
7389
7465
7475
7405
7487
7410
7413
7405
7416
7415
7400
7417
7397
7389
7789
7395
7712
7476
7403
7414
7477
7390
7429
7389
7455
7388
7433
7389
7401
7386
7390
7512
7390
7504
7391
7497
7414
7454
7392
7426
7417
7453
7474
7619
7534
7463
7479
7474
7389
7593
7390
7428
7388
7420
7422
7416
7457
7392
7460
7391
7491
7394
7514
7413
7498
7394
7407
7417
7407
7417
7424
7413
7389
7398
7389
7633
7421
7531
7489
7498
7417
7447
7416
7448
7413
7400
7389
7402
7388
7509
7430
7548
7390
7493
7426
7393
7426
7393
7425
7392
7754
7544
7466
7391
7521
7508
7405
7488
8106
9072
7651
7543
7463
7607
7431
7524
7466
7391
7565
7396
7594
7390
7606
7390
7451
7628
7444
7424
7390
7509
7392
7480
7392
7499
7395
7475
7451
7427
7526
7458
7448
7508
7418
7484
7505
7453
7446
7392
7656
7505
7539
7527
7513
7454
7403
7391
7423
7390
7469
7391
7400
7389
7485
7419
7478
7420
7430
7523
7392
7490
7415
7425
7389
7426
7390
7430
7389
7483
7476
7624
7527
7405
7432
7464
7390
7537
7392
7545
7391
7468
7389
7417
7518
7393
7487
7391
7588
7394
7485
7392
7452
7390
7400
7416
7400
7388
7611
7504
7485
7574
7410
7450
7393
7496
7419
7428
7416
7446
7391
7419
7390
7483
7396
7540
7391
7521
7392
7466
7390
7429
7389
7426
7414
7391
7553
7400
7571
7394
7586
7393
7430
7452
8661
7875
7471
7478
7428
7562
7431
7451
7493
7397
7509
7389
7598
7392
7563
7389
7624
7392
7458
7615
7388
7509
7389
7559
7394
7628
7390
7727
7390
7413
7511
7408
7462
7406
7459
7565
7624
7902
7974
7591
7431
7788
7586
7456
7390
7505
7413
7415
7425
7392
7398
7391
7483
7396
7481
7392
7540
7394
7488
7392
7403
7437
7401
7414
7401
7389
7391
7569
7583
7458
7525
7431
7452
7664
7421
7423
7417
7401
7389
7400
7389
7471
7393
7677
7389
7665
7392
7495
7496
7390
7486
7390
7426
7391
7452
7390
7537
7423
7405
7525
7495
7452
7403
7411
7504
7415
7403
7388
7477
7391
7392
7491
7475
7403
7526
7428
7394
7464
7391
7427
7391
7425
7389
7399
7388
7559
7718
7426
7524
7410
7450
7463
7415
7391
9688
7823
7517
7443
7438
7602
7396
7532
7406
7527
7431
7435
8655
7421
7434
7391
7609
7393
7402
7391
7884
7393
7571
7396
7428
7467
7462
7416
7428
7414
7404
7412
7425
7387
7414
7491
7476
7430
7489
7447
7417
7429
7417
7400
7389
7427
7390
7404
7389
7462
7420
7521
7389
7391
7498
7393
7429
7392
7428
7392
7426
7413
7427
7391
7490
7479
7405
7487
7412
7414
7405
7387
7428
7387
7417
7634
7392
7400
7390
7485
7392
7532
7391
7558
7392
7461
7391
7488
7413
7430
7388
7482
7471
7541
7620
7392
7570
7396
7486
7393
7464
7416
7400
7416
7494
7392
7402
7390
7588
7395
7605
7389
8712
8536
8029
7394
7538
7389
7540
7391
7484
7388
7471
7492
7414
7967
7450
7676
7393
7533
7389
7517
7388
9028
7738
7468
7579
7607
7765
7742
7470
7433
7453
7407
7391
7425
7389
7455
7389
7580
7391
7459
7418
7457
7419
7468
7646
7395
7510
7391
7532
7390
7589
7391
7455
7492
7493
7473
7430
7487
7404
7413
7439
7388
7430
7387
7454
7388
7391
7428
7390
7485
7394
7535
7393
7553
7395
7465
7391
7428
7391
7400
7414
7403
7412
7461
7537
7405
7522
7393
7504
7393
7400
7416
7398
7417
7422
7391
7398
7390
7682
7393
7521
7391
7547
7391
7531
7389
7485
7390
7391
7475
7390
8016
7392
7603
7392
7534
7394
7404
7454
7404
7415
7566
7508
7446
7526
7500
7452
7485
7397
7567
7390
7540
7391
7453
7456
7416
7561
7389
7542
7390
7472
7390
7529
7394
7603
7390
7414
7981
7422
7516
7414
7463
7406
7458
7671
9155
8043
7800
7413
7439
7564
7391
7478
7389
7419
7402
7419
7400
7391
7430
7391
7871
7394
7488
7391
7497
7394
7451
7392
7518
7478
7425
7415
7402
7388
7392
7575
7391
7402
7516
7407
7416
7487
7477
7425
7491
7406
7389
7428
7388
7504
7396
7505
7390
7505
7389
7392
7431
7393
7427
7390
7424
7390
7425
7388
7502
7503
7403
7490
7429
7415
7434
7415
7402
7414
7424
7387
7390
7399
7391
7485
7479
7402
7416
7699
7393
7430
7389
7641
7622
7924
7393
7491
7439
7529
7453
7453
7524
7430
7519
7393
7462
7392
7426
7391
7451
7415
7400
7390
7594
7478
7498
7560
7502
7391
7543
7390
7496
7389
7560
8300
7646
7392
7511
7424
7776
7716
7393
7561
8100
8504
8303
8364
8270
8419
8304
8302
11649
9003
9055
8543
8613
8459
8482
8560
8469
8517
8532
8339
7717
7963
8534
8149
8370
8218
8305
8238
8308
8274
8301
8242
8468
7487
7487
7479
7427
7903
7410
7416
7427
7414
8262
7422
7427
7389
7427
7389
7608
7397
7543
7388
7548
7391
7391
7450
7390
7446
7390
7424
7391
7419
7390
7533
7426
7405
7511
7403
7413
7407
7414
7400
7415
7388
7398
7389
7397
7390
7477
7478
7426
7417
7475
7392
7479
7389
7649
7391
7476
7390
7404
7388
7462
7443
7390
7482
7391
7521
7392
7485
7392
7401
7417
7428
7416
7461
7391
7483
7482
7498
7390
7507
7388
7453
7389
7418
7426
7418
7397
7390
7504
7391
7551
7396
7725
7394
7585
7396
7447
7390
7486
7752
7414
7412
7404
7388
7391
7638
7391
9204
7719
7439
7584
7502
7599
7455
7453
7451
7415
7443
7419
7483
7397
7521
7390
7595
7392
7467
7390
7427
7388
7402
7413
7400
7387
7390
7596
7391
7717
7394
7404
7453
7402
7415
7459
7416
7400
7389
7400
7388
7453
7416
7486
7387
7563
7391
7454
7528
7391
7449
7391
7545
7392
7536
7396
7587
7394
7407
7525
7405
7473
7487
7415
7402
7414
7402
7386
7390
7397
7390
7486
7476
7403
7524
7404
7454
7404
7390
7451
7389
7425
7389
7662
7389
7461
7421
7431
7496
7391
7556
7394
7462
7392
7425
7389
7440
7416
7401
7388
7515
7475
7402
7524
7759
8857
8827
7939
8794
7445
7832
7393
7762
7391
7614
7394
7521
7390
7537
7393
7515
7391
7460
7476
7480
7713
7410
7448
7395
7546
7390
7465
7526
9428
7923
7749
7772
7661
7713
7413
7506
7530
7465
7446
7394
7582
7392
8975
7395
7762
7394
7483
7391
7475
7388
7475
7388
7440
7577
7455
7657
7414
7508
7498
7752
7396
7547
7632
7664
7624
7748
7475
7538
7447
7404
7501
7418
7391
7530
7389
7488
7398
7510
7390
7579
7398
7451
7452
7409
7474
7392
7496
7391
7550
7415
7424
7491
7404
7414
7426
7417
7463
7477
7407
7414
7483
7390
7453
7388
7430
7387
7416
7396
7391
7424
7391
7514
7392
7706
7393
7528
7417
7428
7390
7610
8473
8181
8737
8007
8057
8440
8141
8087
8110
8276
7770
8214
7654
7683
7447
7480
7419
7927
8239
7793
9400
7974
8207
8552
7895
7620
7706
7643
7657
7641
7679
7775
7461
7624
7457
7591
7396
7505
7701
10325
8238
7926
7881
7856
7814
7617
7858
7865
7871
7857
7873
7857
7803
7616
7712
7618
7681
7616
7652
7640
7703
7605
7452
7558
7394
7506
7695
7645
7676
7645
7657
7706
7696
7661
7618
7688
7667
7668
7647
7519
7458
7458
7395
7449
7394
7426
7394
7404
7392
7555
7398
7479
7447
7433
7546
7407
7449
7394
7452
7443
7425
7394
7426
7393
7631
7668
7650
7785
7648
7719
7654
7637
7430
7393
7483
7392
7482
7390
7552
7454
7566
7393
7459
7561
7392
7662
7443
7473
7395
8071
7394
7478
7392
7583
7530
7494
7561
7481
7446
7430
7447
7496
7396
7505
7391
7505
7392
7507
7498
7527
7454
7436
7637
7396
7452
7394
7742
7859
7769
7620
7677
7617
7839
7739
7656
7700
7653
7650
7649
7521
9677
8542
7892
7853
7875
7849
7572
7529
7610
7721
7627
7620
7674
7618
7669
7617
7789
7393
7448
7394
7589
7397
7453
7523
7452
7575
7450
7446
7451
7446
7392
7538
7391
7450
7417
7778
7693
7651
7698
7647
7652
7654
7646
7427
7393
7475
7392
7446
7392
7554
7397
7556
7392
7429
7560
7423
7444
7396
7511
7393
7474
7439
7419
7418
7584
7530
7422
7560
7426
7447
7480
7449
7422
7391
7482
7391
7539
7392
7608
7479
7472
7689
7618
7693
7616
7654
7618
7673
7667
7726
7619
7649
7617
7659
7453
7536
7546
7465
7455
7459
7414
7516
7639
7699
7617
7646
7616
7769
7858
7829
7615
7728
7618
7681
7638
7661
7390
7422
7446
7397
7444
7394
7715
7397
7921
7638
7683
7620
7654
7643
7644
7642
9940
7798
7751
7658
7553
7689
7656
7674
7677
7650
7653
7619
7678
7619
7564
7394
7704
7616
7755
7620
7710
7394
7433
7561
7429
7447
7452
7446
7431
7447
7495
7415
7392
7587
7524
7475
7562
7681
7447
7420
7450
7459
7392
7491
7394
7451
7392
7571
7436
7590
7393
7430
7561
7430
7447
7394
7505
7393
7481
7392
7449
7442
7584
7528
7462
7594
7537
7451
7453
7446
7426
7391
7510
7391
7515
7390
7474
7501
7527
7422
7394
7579
7396
7540
7396
7622
7395
7623
7442
7483
7393
7551
7726
7656
7695
7648
7646
7674
7583
7479
7445
7426
7391
7545
7404
7418
7586
7528
7646
7718
7634
7644
7654
7618
7689
7396
7427
7393
7581
7689
7898
7857
7936
7624
7901
8021
7879
7672
7664
7689
7642
7642
9928
7987
7844
7864
7866
7868
7867
7793
7651
7625
7421
7394
7511
7395
7475
7393
7724
7396
7559
7747
7743
7787
7665
7805
7646
7708
7652
7650
7649
7561
7485
7570
7452
7393
7643
7392
7448
7420
7448
7764
7718
7654
7695
7624
7615
7912
7855
7728
7618
7775
7619
7646
7619
7544
7393
7473
7392
7421
7416
7548
7528
7497
7557
7425
7445
7452
7390
7448
7421
7449
7456
7420
7420
7418
7575
7396
7555
7394
7615
7396
7476
7394
7506
7392
7476
7394
7453
7416
7521
7635
7392
7659
7619
7769
7619
7663
7639
7671
7645
7479
7451
7419
7418
7616
7531
7506
8634
8307
7791
7504
7398
7509
7393
7517
7442
7445
7393
7532
7446
7496
7721
7649
7678
7683
7805
7427
7447
7396
7505
7394
7446
7420
10474
7901
7803
7679
7499
7623
7394
7452
7469
7452
7430
7396
7480
7393
7578
7399
8314
7393
7627
7397
7476
7396
7423
7448
7423
7446
7455
7414
7475
7670
7678
7636
7699
7615
7650
7679
7475
7404
7418
7426
7395
7677
7397
7556
7398
7508
7395
7594
7620
7651
7619
7648
7618
7630
7638
7575
7415
7526
7780
7658
7693
7699
7648
7647
7646
7421
7427
7452
7419
7418
7453
7420
7547
7528
7456
7395
7599
7395
7482
7394
7502
7394
7538
7392
7420
7414
7450
7633
7444
7630
7395
7482
7395
7857
7852
7748
7620
7647
7618
7709
7721
7663
7732
7517
7546
7457
7395
7535
7394
7483
7392
7714
7852
7869
7853
7873
7860
7864
7853
7879
7500
7429
7453
7471
7762
7435
7415
7406
7391
7395
7684
7665
9745
7862
7616
7854
7845
7708
7615
7582
7437
7448
7456
7447
7587
7395
7592
7395
7671
7621
7705
7620
7678
7618
7673
7392
7454
7417
7562
7724
7649
7700
7679
7649
7656
7635
7469
7393
7565
7393
7586
7391
7569
7539
7534
7746
7645
7708
7618
7662
7618
7680
7619
7573
7394
7474
7391
7663
7452
7458
7560
7566
7647
7678
7640
7653
7641
7647
7639
7643
7616
7688
7460
7595
7392
7624
7391
7449
7421
7408
7466
7393
7482
7396
7714
7893
7974
7966
8120
7809
7986
8069
8081
7780
7800
7618
7646
7641
7712
7642
7735
7668
7656
7666
7705
7650
7653
7618
7525
7393
7568
7393
7569
7397
7559
7641
7684
7615
7632
7669
7631
7645
7636
7496
7464
7792
7393
7405
7393
7556
7492
7405
7546
10154
7798
7638
7670
7649
7791
7649
7590
7469
7449
7536
7397
7586
7393
7619
7397
7797
7395
7486
7392
7421
7450
7435
7414
7513
7602
7453
7558
7425
7442
7394
7483
7449
7453
7448
7466
7418
7418
7417
7576
7398
7583
7393
7617
7394
7613
7851
7874
7853
7873
7858
7876
7854
7809
7512
7410
7717
7637
7638
7632
7637
7681
7638
7633
7392
7405
7389
7392
7877
7873
7863
7869
7862
7869
7853
7783
7392
7448
7452
7394
7449
7393
7705
7616
7755
7619
7724
7642
7683
7396
7491
7445
7463
7446
7421
7415
7488
7622
7510
7614
7914
7615
7799
7615
7764
7614
7772
7613
7646
7658
7617
7678
7618
7670
7443
7728
7617
7718
7621
7677
7619
7672
7618
7841
7545
7580
7531
7449
7563
7423
7447
9629
8461
7878
7751
7654
7756
7655
7646
7582
7396
7562
7393
7575
7394
7487
7392
7593
7618
7630
7730
7654
7615
7681
7649
7462
7585
7468
7444
7397
7458
7447
7508
7446
7457
7418
7474
7417
7578
7474
7512
7392
7598
7391
7511
7391
7483
7389
7524
7608
7458
7414
7393
7590
7395
7606
7394
7634
7397
7430
7451
7429
7447
7475
7444
7430
7416
7543
7521
7625
7391
7598
7392
7488
7390
7450
7426
7447
7457
7393
7478
7393
7579
7396
7581
7395
7597
7394
7593
7449
7475
7445
7458
7444
7457
7418
7475
7584
7445
7492
7564
7457
7449
7621
7449
7511
7449
7454
7393
7474
7394
7579
7396
7589
7393
7619
7442
7497
7641
7633
7636
7653
7638
7629
7613
7617
8129
7618
7748
7619
7648
7646
7621
7644
8387
8024
7693
7710
7658
7728
7738
7724
7669
7660
7689
7620
7705
7618
7668
7619
7704
7615
7683
7617
7781
7621
7658
7692
7633
7643
7649
7638
7625
7639
7646
7617
7681
7597
7598
7398
7586
7392
7622
7393
7510
7394
7476
8174
7674
7615
7619
7669
7620
7738
7616
7804
7622
7721
7619
7687
7619
7669
7393
7454
7447
7657
7781
7738
7807
7454
7538
7432
7447
7426
7392
7476
7392
7595
7392
7457
7390
7495
7508
7392
7587
7395
7674
7395
7476
7394
7519
7441
7450
7447
7454
7415
7550
7529
7450
7560
7568
7447
7480
7613
7738
7619
7799
7614
7745
7613
7727
7673
7666
7623
7619
7726
7622
7647
7476
7532
7395
7475
7393
7477
7392
7578
7532
7626
7972
7648
7732
7637
7714
7628
7712
9569
8203
7659
7765
7653
7717
7752
7620
7749
7644
7649
7616
7648
7615
7668
7617
7750
7615
7964
7670
7658
7696
7651
7502
7424
7445
7456
7443
7459
7389
7417
7484
7416
7660
7787
7742
7976
7645
7735
7656
7721
7623
7616
7780
7398
7489
7393
7641
7398
7623
7392
7662
7692
7630
7641
7649
7640
7624
7544
7422
7413
7547
7575
7466
7390
7562
7450
7450
7421
7448
7485
7526
7422
7393
7630
7393
7611
7397
7606
7391
7618
7394
7520
7409
7425
7446
7451
7445
7441
7503
7393
8213
7854
7694
7682
7655
7644
7654
7484
7493
7449
7421
7421
7525
7394
7652
7619
7782
7619
7725
7619
7762
7855
7951
7919
7941
7851
7965
7851
7774
7614
7437
7712
7596
7787
7639
7639
7631
7638
7830
7680
9435
8314
8192
7541
7459
7533
7903
7398
7545
7576
7589
7392
7669
7396
7506
7392
7523
7506
7396
7562
7394
7594
7396
7482
7395
7455
7448
7449
7448
7425
7416
7550
7530
7453
7392
7600
7443
7485
7390
7477
7389
7446
7451
7419
7419
7392
7600
7395
7553
7395
7591
7396
7505
7394
7615
7640
7650
7638
7628
7616
7699
7813
7656
7712
7634
7637
7659
7613
7511
7389
7450
7422
7418
7459
7417
7582
7392
7590
7396
7634
7618
7709
7622
7712
7619
7671
7615
7564
7448
7633
7529
7425
7562
7427
7443
8014
7448
7485
7391
7447
7479
7415
7419
7418
7636
7527
7456
7393
7799
7618
7751
7618
7757
7615
7725
7693
7695
7614
7880
7392
7533
7714
7637
7642
7658
7919
7698
7569
7453
7413
7458
7392
9268
9013
7776
7617
7804
7666
7716
7619
7672
7642
7673
7615
7675
7615
7706
7862
8018
7695
7650
7668
7648
7645
7632
7446
7422
7445
7393
7446
7418
7589
7528
7493
7564
7457
7449
7475
7447
7426
7392
7513
7391
7452
7390
7570
7666
7704
7616
7669
7684
7655
7648
7652
7445
7392
7476
7391
7700
7392
7724
7723
7650
7695
7657
7651
7657
7554
7421
7446
7477
7394
7451
7392
7563
7434
7565
7390
7634
7392
7460
7616
7645
7636
7615
7680
7617
7661
7392
7741
7440
7586
7410
7432
7447
7461
7449
7452
7444
7486
7415
7456
7391
7547
7458
7644
7393
7623
7391
7448
7665
7643
7708
7617
7646
7617
7669
7518
7552
7393
7586
7394
7499
7518
7442
7445
7593
7742
7431
7445
7457
7413
7479
7465
9538
8977
7652
7622
7655
7502
7601
7395
7505
7440
7504
7390
7487
7486
7457
7523
7396
7790
7617
7678
7620
7668
7617
7774
7395
7448
7568
7596
7577
7421
7561
7490
7447
7453
7447
7460
7440
7478
7390
7454
7390
7503
7504
7497
7450
7394
7590
7395
7474
7395
7510
7393
7499
7392
7422
7414
7578
7528
7606
7924
7658
7731
7690
7708
7626
7616
7748
7613
7674
7389
7538
7490
7627
7389
7715
7402
7396
7552
7394
7557
7394
7501
7391
7525
7390
7730
7619
7681
7749
7651
7645
7574
7445
7479
7607
7431
7582
7610
7392
7665
7623
7708
7612
7787
7617
7652
7615
7613
7473
7394
7477
7394
7665
7394
7588
7446
7551
7393
7474
7513
7449
7448
7424
7445
7544
7690
7423
7416
7482
7491
7529
7450
7565
10153
7768
7618
7909
7615
7755
7617
7612
7438
7529
7479
7395
7609
7395
7614
7407
7695
7412
7486
7396
7479
7394
7421
7417
7576
7528
7451
7565
7425
7448
7469
7392
7593
7390
7572
7469
7448
7449
7450
7532
7396
7588
7393
7568
7395
7480
7395
7511
7392
7450
7422
7420
7412
7511
7757
7659
7692
7657
7644
7652
7739
7394
7467
7446
7419
7418
7428
7417
7580
7530
7420
7394
7621
7392
7477
7393
7486
7390
7482
7390
7428
7413
7392
7799
7617
7776
7617
7729
7641
7681
7615
7649
7641
7648
7642
7656
7641
7609
7559
7453
7561
7459
7396
7764
7617
7737
7616
7681
7617
7677
7614
7723
7422
7758
7391
7475
7566
7461
7445
7426
7444
7392
7560
7392
7875
7418
7581
7526
7423
7563
7452
7447
9749
8005
7635
7752
7461
7553
7559
7395
7588
7446
7524
7393
7594
7396
7509
7393
7529
7637
7631
7635
7966
7736
7658
7646
7408
7541
7436
7389
7456
7405
7416
7455
7416
7461
7394
7453
7392
7557
7399
7571
7392
7615
7619
7747
7618
7654
7615
7645
7625
7606
7444
7486
7628
7392
7595
7398
7482
7393
7455
7447
7444
7444
7695
7641
7643
7638
7756
7729
7665
7617
7599
7394
7520
7391
7513
7390
7516
7388
7451
7389
7392
7587
7393
7621
7394
7592
7393
7507
7395
7477
7446
7425
7446
7538
7827
7865
7779
7857
7859
7864
7867
7510
7392
7559
7394
7431
7390
7456
7390
7456
7859
7876
7858
7877
7865
7874
7856
7874
7641
7820
7852
7873
7850
7866
7964
7866
7915
7652
7615
7660
7612
7747
8092
7912
7857
7909
7617
7799
7698
7744
7639
7669
7668
7619
7683
7618
7675
7616
7729
7616
7630
7616
7812
7617
7672
7693
7653
7643
7655
7641
7629
7639
7558
7418
7454
7418
7585
7446
7559
7390
7625
7394
7515
7392
7480
7389
7394
7480
7395
7640
7394
7757
7620
7707
7620
7683
7617
7651
7642
7517
7445
7428
7415
7473
7418
7598
7699
7702
7614
7735
7614
7720
7623
7723
7395
7487
7389
7444
7390
7393
7587
7392
7590
7396
7623
7395
7482
7393
7448
7446
7505
7445
7462
7414
7534
7584
7456
7391
8106
7389
7516
7390
7449
7424
7448
7503
7418
7513
7393
7702
7617
7750
7616
7735
7621
7685
7628
7503
7392
7546
7666
7651
7717
7738
7699
7734
7838
7433
7444
7460
7392
7510
7387
7520
8574
7938
7616
7940
7455
7730
7615
7707
7613
7660
7636
7618
7674
7618
7666
7616
7754
7615
7852
7616
7908
7617
7774
7406
7408
7489
7445
7486
7401
7462
7457
7465
7587
7395
7624
7501
7716
7393
7552
7391
7503
7389
7391
7557
7394
7475
7394
7632
7394
7621
7392
7559
7672
7409
7539
7463
7604
7468
7719
7432
7538
7500
7546
7643
7390
7813
7704
7686
7614
7650
7612
7642
7622
7612
7419
7393
7582
7397
7561
7392
7587
7395
7504
7393
7488
7447
7454
7443
7476
7414
7521
7595
7454
7389
7620
7390
7447
7482
7451
7447
7451
7417
7418
7526
7396
7667
7619
7760
7618
7701
7620
7677
7618
7668
7391
7480
7443
7428
7413
7530
7766
7659
7694
7651
7922
7687
7613
7531
7425
7573
7422
7449
10474
8403
7489
7663
7618
7766
7614
7691
7613
7684
7615
7654
7637
7618
7667
7616
7786
7619
7682
7620
7663
7619
7652
7411
7460
7415
7457
7393
7403
7392
7555
7408
7555
7390
7558
7442
7497
7390
7431
7388
7417
7401
7393
7404
7393
7633
7620
7700
7617
7748
7619
7654
7618
7541
7449
7462
7446
7419
7415
7531
7583
7486
7440
7730
7614
7725
7614
7693
7707
7706
7613
7642
7649
7641
7738
7618
7586
7395
7595
7395
7481
7397
7542
7392
7429
7447
7459
7414
7649
7726
7654
7744
7655
7646
7650
7624
7512
7390
7506
7392
7416
7416
7417
7724
7723
7646
7618
7713
7622
7683
7620
7562
7395
7481
7443
7447
7390
7582
7531
7432
7559
7506
7448
7545
7871
7436
7444
7427
7388
7416
7423
7418
10274
7980
7622
7916
7394
7755
7390
7507
7391
7444
7472
7394
7511
7391
7560
7398
7764
7614
7678
7673
7647
7648
7654
7498
7449
7444
7446
7415
7527
7444
7619
7390
7625
7390
7478
7440
7445
7425
7447
7515
7393
7481
7390
7588
7396
7578
7393
7625
7395
7424
7447
7430
7446
7429
7443
7532
7414
7392
7585
7525
7457
7589
7508
7447
7427
7446
7426
7448
7424
7391
7723
7616
7903
7620
7901
7620
7691
7619
7663
7395
7428
7444
7458
7442
7428
7412
7392
7720
7393
7491
7562
7422
7446
7456
7449
7420
7445
7451
7418
7449
7391
7565
7438
7660
7393
7592
7393
7506
7390
7395
7475
7614
7675
7615
7674
7640
7859
7618
7641
7394
7469
7435
7427
7447
7746
7763
7649
7642
7673
7640
7726
7676
8737
8936
7491
7395
7667
7511
7665
7395
7540
7443
7591
7391
7560
7653
7650
7523
7561
7690
7660
7645
7651
7569
7629
8257
7426
7414
7393
7684
7719
7646
7698
7648
7653
7644
7590
7424
7494
7419
7392
7475
7390
7577
7397
7561
7393
7575
7407
7423
7443
7457
7445
7424
7443
7392
7475
7392
7585
7525
7419
7559
7427
7447
7502
7443
7452
7446
7461
7392
7453
7388
7538
7463
7606
7740
7918
7615
7750
7615
7672
7854
7867
7716
7650
7639
7618
7663
7393
7612
7406
7480
7447
7421
7502
7420
7448
7419
7415
7489
7390
7616
7618
7802
7617
7777
7616
7680
7615
7681
7393
7513
7388
7392
7474
7392
7711
7446
7621
7396
7481
7394
7427
7448
7459
7446
7546
7628
7626
7418
7517
7436
7587
7391
9502
8332
7784
7619
7766
7393
7739
7394
7481
7393
7594
7446
7431
7523
7451
7557
7396
7694
7393
7636
7395
7461
7449
7420
7448
7532
7531
7454
7587
7429
7447
7462
7390
7511
7389
7482
7437
7487
7389
7417
7736
7615
7784
7618
7729
7621
7659
7620
7546
7393
7482
7392
7456
7390
7557
7498
7408
7521
7429
7450
7451
7389
7452
7440
7427
7389
7393
7453
7393
7652
7669
7623
7616
7744
7620
7770
7618
7582
7392
7481
7391
7462
7391
7625
7697
7657
7696
7662
7605
7479
7567
7423
7443
7429
7388
7449
7422
7448
7557
7529
7754
7718
7656
7643
7675
7619
7652
7617
7574
7394
7425
7391
7556
7397
7428
7493
7431
7538
7408
7452
7429
7918
7751
7471
7395
7866
7394
7560
7498
7645
7602
7406
7454
10299
7837
7633
7746
7647
7755
7690
7620
7571
7446
7560
7396
7591
7396
7529
7395
7620
7617
7651
7640
7652
7640
7760
7631
7488
7585
7460
7444
7533
7391
7552
7391
7514
7390
7450
7418
7465
7585
7395
7562
7394
7571
7395
7481
7393
7569
7615
7679
7616
7650
7641
7764
7564
7462
7559
7462
7443
7459
7402
7470
7388
7448
7502
7416
7454
7416
7576
7475
7513
7391
7602
7395
7514
7392
7451
7392
7616
7499
7426
7415
7491
7624
7430
7592
7395
7481
7395
7463
7437
7474
7447
7424
7415
7427
7414
7572
7671
7645
7616
7787
7618
7658
7613
7711
7393
7489
7390
7456
7392
7392
7689
7616
7670
7617
7748
7644
7654
7620
7512
7392
7425
7448
7452
7417
7685
7792
7650
7694
7649
7651
7701
7616
9922
8208
7493
7398
7742
7666
7814
7622
7757
7641
7731
7620
7681
7621
7676
7615
7873
7446
7429
7412
7535
7581
7453
7560
7432
7390
7477
7425
7449
7452
7448
7489
7416
7508
7472
7642
7643
7677
7394
7598
7395
7546
7616
7682
7615
7676
7613
7652
7637
7721
7589
7424
7561
7427
7444
7393
7456
7421
7418
7446
7514
7418
7472
7414
7576
7488
7464
7391
7592
7392
7476
7391
7479
7390
7483
7390
7456
7413
7392
7738
7616
7754
7619
7751
7618
7677
7394
7455
7447
7506
7445
7455
7414
7606
7725
7655
7646
7718
7616
7709
7615
7525
7390
7544
7394
7587
7390
7482
7715
7618
7548
7396
7670
7397
7482
7395
8740
8416
7703
7393
7451
7392
7585
7526
7716
7616
7433
7448
7459
7449
7425
7390
8152
8823
7688
7620
7913
7638
7750
7395
7572
7397
7531
7393
7450
7447
7459
7444
7513
7615
7654
7697
7617
7743
7620
7631
7448
7404
7418
7450
7416
7426
7392
7456
7391
7591
7398
7512
7442
7613
7394
7491
7390
7548
7445
7394
7696
7394
7517
7395
7641
7395
7608
7396
7408
7455
7404
7413
7405
7415
7545
7617
7624
7614
7656
7667
7679
7614
7651
7391
7478
7389
7449
7422
7391
7477
7393
7448
7394
7591
7397
7562
7392
7732
7514
7450
7445
7426
7445
7459
7447
7457
7462
7453
7498
7526
7485
7564
7429
7450
7462
7449
7456
7393
7482
7391
7533
7393
7581
7398
7590
7391
7475
7518
7462
7671
7659
7684
7800
7946
7963
7693
7837
7913
7710
7719
7850
7688
7652
7586
7704
7392
7512
7388
7500
8885
8218
7915
7873
7621
7746
7634
7650
7450
7523
7443
7393
7482
7558
7730
7545
7824
7592
7610
7562
7454
7446
7726
8055
7429
7445
7394
7475
7392
7484
7416
7695
7667
7631
7715
7631
7692
7802
7839
7616
7622
7636
7629
7613
7690
7617
7429
7558
7393
7715
7616
7659
7692
7644
7650
7650
7509
7423
7447
7555
7531
7428
7440
7596
7394
7517
7391
7482
7389
7549
7616
7655
7613
7657
7645
7625
7527
7393
7574
7394
7587
7394
7738
7617
7649
7639
7648
7617
7678
7526
7429
7561
7428
7448
7427
7391
7551
7390
7512
7392
7484
7391
7486
7494
7395
7648
7396
7627
7396
7481
7394
7483
7391
7612
7446
7508
7416
7550
7530
7540
7905
7642
7668
7935
7649
7649
7616
7759
7616
7673
7613
10720
8217
7806
7623
7845
7619
7755
7620
7677
7618
7669
7393
7448
7445
7556
7527
7685
7556
7431
7444
7460
7444
7459
7388
7481
7389
7416
7417
7416
7669
7787
7652
7618
7938
7615
7778
7731
7716
7615
7752
7614
7550
7390
7779
7392
7408
7709
7595
7639
7633
7637
7630
7638
7645
7590
7502
7392
7625
7436
7704
7614
7720
7642
7687
7613
7679
7613
7656
7417
7391
7479
7392
7583
7392
7562
7393
7477
7512
7454
7447
7440
7446
7488
7443
7458
7638
7483
7469
7593
7438
7592
7407
7450
7425
7450
7425
7404
7527
7392
7508
7393
7568
7393
7635
7393
7593
7460
7486
7446
7430
7445
7454
7443
7392
7447
7391
7638
7526
7453
7562
7452
7448
7457
7447
7649
7603
7510
7395
7561
7390
7725
7413
7942
8811
7928
7622
7714
7625
7802
7395
7460
7444
7477
7443
7495
7622
7453
7561
7392
7711
7642
7650
7638
7626
7640
7625
7616
7459
7391
7554
7395
7534
7393
7615
7393
7491
7390
7428
7389
7478
7388
7428
7389
7391
7735
7616
7750
7619
7655
7617
7662
7392
7419
7446
7423
7414
7418
7415
7579
7502
7486
7391
7599
7390
7514
7442
7509
7393
7591
7388
7394
8150
7876
7773
7617
7803
7618
7728
7619
7682
7618
7523
7392
7424
7446
7486
7416
7552
7531
7638
7695
7654
7672
7653
7614
7685
7614
7531
7390
7513
7390
7544
7646
7739
7626
7696
7691
7654
7645
7619
7529
7394
7479
7391
7448
7392
7625
7724
7680
7708
7654
7648
7651
7582
7426
7447
7601
7740
7652
7615
7690
7396
7586
7390
7714
8657
7792
7396
7566
7676
7703
7685
7726
7648
7720
7787
7657
7692
7656
7604
7395
7722
7615
7644
7642
7644
7643
7641
7641
7604
7530
7447
7441
7571
7396
7506
7392
7512
7390
7480
7390
7498
7388
7485
7665
7657
7715
7649
7690
7660
7645
7663
7445
7392
7423
7446
7422
7416
7578
7528
7418
7560
7749
7438
7438
7391
7700
7441
7482
7392
7485
7389
7549
7478
7482
7722
7670
7670
7395
7609
7397
7502
7396
7481
7394
7425
7447
7647
7693
7655
7693
7655
7648
7738
7551
7450
7390
7475
7388
7600
7392
7489
7590
7583
7392
7395
7595
7392
7547
7396
7501
7393
7512
7392
7457
7417
7546
7526
7525
7564
7425
7494
7423
7445
7422
7388
7480
7387
7416
7783
7419
7588
7560
7452
7394
7623
7394
10064
8568
7575
7398
7728
7619
7761
7622
7871
7618
7768
7620
7695
7650
7654
7650
7731
7449
7426
7447
7423
7415
7551
7476
7484
7392
7599
7393
7511
7391
7549
7389
7527
7436
7392
7449
7442
7589
7395
7586
7394
7602
7394
7430
7449
8260
7854
7866
7855
7870
7853
7865
7724
7406
7540
7407
7437
7423
7390
7545
7614
7646
7613
7670
7614
7657
7647
7727
7448
7425
7559
7394
7474
7395
7481
7394
7480
7392
7427
7415
7579
7786
7669
7856
7634
7736
7630
7669
7426
7500
7769
7454
7482
7389
7557
7473
7702
7614
7792
7616
7656
7639
7616
7649
7618
7564
7392
7504
7393
7718
7392
7423
7572
7457
7446
7502
7443
7456
7444
7421
7388
7483
7389
7504
7873
7760
7615
7727
7616
7687
7613
7652
11152
7907
7392
7656
7507
7737
7669
7516
7558
7481
7443
7637
7448
7393
7500
7390
7865
7931
7870
7970
7780
7708
7649
7672
8071
7650
7646
7643
7462
7392
7539
7394
7505
7393
7582
7395
7631
7389
7506
7516
7428
7446
7513
7447
7421
7442
7466
7689
7613
7687
7783
7668
7915
7655
7598
7403
7493
7400
7490
7400
7391
7472
7504
7621
7397
7691
7392
7822
7393
7622
7391
7435
7485
7404
7483
7405
7460
7392
7781
7391
7404
7712
7456
7539
7405
7490
7425
7488
7479
7697
7498
7390
8034
7858
7786
7617
7756
7617
7693
7622
7681
7393
7439
7433
7571
7418
7463
7631
7393
7621
7396
7681
7617
7679
7643
7674
7641
7644
7641
7492
7417
7586
7560
7643
7562
7598
7392
7482
7392
7484
7391
7884
8206
8025
7854
7912
7971
7917
7852
7872
7724
7655
7639
7631
7531
7591
7447
7563
7638
7710
7675
7753
7615
7733
7616
7550
7389
7447
7477
7527
7444
7393
7641
7396
7625
7620
7757
7616
7746
7618
7683
7616
7555
7435
7455
7444
7421
7413
7518
7588
7454
7441
7548
7388
7448
7423
7448
7444
7446
7422
7418
7418
7392
7609
7446
7589
7393
7573
7394
7475
7390
7457
7445
7453
7439
7437
8155
7793
7811
7649
7692
7737
7646
7395
7478
7607
7421
7448
7452
7548
7420
7465
7579
7563
7555
7393
7841
7394
7666
7393
7634
7736
7950
7617
7974
7617
7760
7679
7691
7762
7658
7639
7652
7636
7610
7447
7447
7440
7416
7418
7416
7581
7529
7419
7565
7708
7640
7430
7392
7513
7391
7480
7390
9871
8239
7848
7619
7776
7396
7699
7396
7423
7447
7501
7445
7423
7445
7452
7414
7612
7670
7657
7613
7756
7613
7658
7612
7641
7624
7640
7647
7617
7465
7394
7684
7621
7703
7617
7705
7618
7767
7619
7672
7619
7646
7617
7502
7444
7584
7529
7430
7559
7422
7444
7454
7388
7483
7388
7515
7389
7419
7423
7419
7547
7474
7502
7442
7595
7397
7458
7394
7511
7392
7480
7390
7427
7413
7487
7597
7422
7556
7458
7443
7394
7419
7447
7482
7449
7425
7417
7456
7418
7597
7695
7709
7617
7729
7617
7679
7614
7858
7389
7525
7392
7455
7389
7472
7485
7437
7741
7617
7737
7620
7915
7615
7956
7853
7728
7614
7687
7681
7733
7673
7402
7721
7404
7543
7728
7545
7425
7394
7571
7392
7479
7393
9712
7986
7759
7618
7730
7621
7730
7396
7431
7444
7468
7447
7456
7413
7490
7591
7531
7638
7805
7616
7658
7613
7676
7612
7640
7626
7616
7627
7615
7685
7617
7701
7617
7748
7618
7654
7618
7537
7393
7479
7391
7507
7524
7554
7664
7658
7671
7655
7648
7655
7638
7650
7645
7452
7390
7451
7387
7501
7506
7527
7457
7514
7479
7442
7480
7393
7509
7392
7480
7393
7449
7391
7586
7533
7430
7559
7461
7444
7431
7445
7427
7388
7449
7453
7417
7417
7418
7555
7530
7456
7497
7546
7393
7506
7391
7513
7389
7547
7389
7513
7707
7658
7646
7629
7660
7650
7725
7641
7651
7619
7674
7617
7746
7404
7423
7573
7610
7630
7652
7696
7651
7649
7650
7643
7731
7503
7592
7395
7485
7390
7608
7395
7963
8309
7890
7394
7474
7541
7540
7470
7424
7444
7425
7491
7393
7711
7394
7452
7559
7625
7647
7656
7643
7721
7645
7642
7640
7517
7393
7606
7395
7613
7393
7570
7394
7506
7393
7472
7433
7472
7443
7393
7474
7391
7713
7393
7476
7499
7513
7445
7421
7446
7485
7525
7421
7540
7479
7391
7558
7420
7558
7390
7591
7392
7498
7405
7455
7491
7392
7472
7392
7632
7728
8690
7838
7967
7627
8027
7873
7865
7862
7862
7857
7861
7856
7474
7416
7588
7530
7485
7591
7422
7496
7421
7394
7478
7393
7475
7390
7482
7391
7614
7645
7693
7935
7872
7653
7457
7444
7397
7532
7394
7507
7392
7419
7416
7585
7560
7446
7610
7532
7872
7880
7868
8124
8272
8331
7931
7906
8122
8045
7886
8054
7850
11422
8468
7961
7972
8035
7714
7671
7663
7754
7992
7983
7953
8026
8422
8049
7945
7996
7953
7951
7957
7971
8283
8019
7976
8564
8265
7942
8004
8165
7813
7832
7876
7866
7840
7898
7897
7813
7877
7816
7980
7857
7922
7862
8015
7978
7990
8104
7844
7784
7871
8178
7850
8127
8104
8162
8179
8270
8060
8341
7694
7925
7619
7761
7396
7764
7619
8089
7471
8037
8140
8125
7919
7449
7817
7842
8201
7926
8115
8020
8056
7892
7870
7873
7888
7953
8040
7873
7937
7809
8088
7881
7880
7793
7618
7896
7617
7748
7618
7929
7714
7839
7395
7832
7758
7592
7823
7848
7815
7893
8157
7954
8009
7870
7879
7777
7693
7755
7746
7967
7708
7875
7677
7704
7617
7715
7617
10166
8436
8212
8048
8075
7992
8022
7886
7688
7679
7722
7690
7776
7898
7947
8009
8076
7872
7945
7812
7724
7636
7399
7637
7395
7652
7394
7601
7556
7805
8457
8373
7940
8114
7791
8047
8020
7928
8140
7907
7834
7730
7983
7872
7990
7660
7885
7832
7819
7966
8014
7957
7910
7888
7815
7890
7703
7831
7700
8138
7927
7972
7858
7825
7394
7784
7396
7607
7399
7423
7446
7421
7446
7503
7525
7420
7586
9595
7567
7610
7516
7556
7393
7729
8861
11668
8598
7691
7831
7907
7848
7615
8751
7992
8217
7942
7783
7923
8061
8120
7913
7811
7872
7760
7654
7563
7546
7533
7427
7392
7602
7446
7505
7394
7609
7394
7653
7396
7482
7394
7590
7977
7690
7635
7455
7541
7578
7840
11559
9717
8212
8118
7812
7804
7721
7725
7628
7967
7878
8073
7977
8602
8135
8251
7939
8156
7821
8016
7895
8035
7786
7711
8030
7659
7666
7648
7774
7875
7918
7728
7660
7757
7705
7488
7391
7616
7391
7609
7388
7520
7390
7446
7489
7468
7505
7392
7708
7619
7603
7394
7666
8276
8251
7836
7898
7836
7859
7887
7968
7909
7877
7894
7781
7926
7798
7832
7949
7910
7978
7895
7820
7676
7719
7663
7741
7633
7540
7713
7629
7399
7515
7647
7916
7939
8038
8258
7860
7715
7778
7705
7667
8056
7728
7989
7957
7953
7877
7931
7910
7864
7981
7885
7969
7836
7788
7921
7872
7925
7854
7825
7916
7811
7806
7803
7921
7803
7952
7671
8008
7394
7476
7599
7854
7853
7870
8042
9023
7732
7523
7502
7894
7949
7809
7984
7809
7903
7795
7965
7787
7986
7797
7949
7841
7879
7854
7883
7856
7855
7844
7981
8056
8145
7885
8152
7940
7797
7909
7825
8054
7942
8056
8039
8015
7743
7779
7598
7391
7546
7777
7965
7864
7911
8106
8036
7942
8192
7877
8051
7858
8061
8030
7924
7834
7862
7862
7881
7869
7878
7908
8047
7782
7967
8217
7713
7595
7430
7448
7427
7446
7768
7623
7754
7619
7739
7618
7551
7394
7883
7396
7640
7412
7479
7447
7518
7574
7444
7559
7453
7459
7392
7456
7446
7685
7644
7700
7642
7679
7645
7739
7728
7745
7670
7678
7617
7744
7889
7902
7877
7908
7821
7777
7676
7639
7399
7522
7394
7964
7579
7413
7450
7458
7415
7405
7411
7554
9122
7893
7677
7650
7663
7741
7615
7567
7390
7531
7390
7483
7389
7418
7450
7391
7813
7619
7750
7618
7727
7621
7682
7618
7716
7620
7656
7643
7711
7619
7793
7764
7861
7922
7787
7859
7711
8218
7992
8072
8297
8385
8145
8419
7917
7947
7919
7554
8226
8099
7941
7851
7938
7638
7661
7659
7615
7619
7746
7617
7842
7619
7654
7644
7628
7483
7425
7448
7423
7417
7455
7416
7586
7396
7563
7390
7629
7393
7486
7390
7476
7615
7653
7639
7661
7639
7647
7693
7394
7587
7474
7479
7396
7492
7449
7451
7444
7484
7418
7581
7640
7760
7726
7672
7616
7724
7615
7687
7638
7678
7614
7679
7614
7686
7616
7688
