5027
4757
4889
4973
4760
4819
4813
4912
4923
4803
5015
4806
4755
4887
4759
4771
4758
4861
4969
4910
4911
4921
4907
4907
4930
4908
4907
4921
4905
4906
4919
4908
4906
4902
4921
4907
4904
4918
4908
4907
4930
4913
4905
4888
4798
4759
4795
4800
4907
4905
4922
4815
4757
4792
4785
4754
4784
4756
4781
4793
4758
4784
4754
4911
4910
4908
4918
4908
4910
4913
4907
4909
4921
4907
4907
4853
4758
4759
4778
4813
4759
4755
4855
4909
4905
4924
4912
4905
4922
4944
4925
4908
4931
4910
4904
4924
4910
4904
4918
4909
4904
4976
4919
4942
4941
4921
4909
4925
4920
4916
4906
4924
4916
4906
4914
4909
4908
4919
4909
4905
4832
4759
4758
4816
4757
4761
4755
4924
4910
4906
4930
4913
4905
4923
4911
4906
4928
4912
4907
4921
4912
4906
4903
4924
4909
4904
4921
4909
4905
4918
4813
4757
4837
4927
4905
4923
4908
4847
4757
4795
4837
4907
4922
4922
4756
4794
4761
4780
4794
4758
4760
4754
4773
4761
4757
4892
4912
4919
4921
4910
4906
4913
4913
4908
4939
4908
4908
4903
4937
4909
4904
4925
4912
4905
4919
4909
4906
4926
4914
4908
4914
4892
4811
4780
4915
4913
4911
4925
4926
5099
4938
4920
4910
4929
4930
4912
4915
4911
4913
4926
4918
4911
4906
4920
4910
4912
4925
4914
4908
4923
4913
4904
4922
4910
4905
4920
4910
4906
4919
4910
4906
4903
4940
4908
4908
4923
4912
4906
4921
4918
4906
4927
4914
4908
4923
4911
4908
4920
4908
4910
4904
4948
4805
4759
4892
4916
4859
4858
5011
4934
4797
4756
4777
4918
4904
4907
4905
4931
4908
4906
4917
4907
4903
4878
4757
4755
4810
4915
4906
4920
4923
4906
4904
5024
4940
4917
4935
4912
4906
4913
4909
4906
4911
4905
4906
4943
4958
4940
4920
4936
4944
4919
4916
5783
5653
5621
5438
4928
4915
4954
5108
4933
5157
5178
18208
5285
4911
4942
4924
4907
4943
4908
4909
5092
4977
4912
4907
4928
4908
4905
4931
4911
4905
4911
4911
4906
4916
4907
4906
4921
4919
4909
4905
4921
4919
4905
4925
4913
4905
4923
4912
4905
4919
4907
4848
4810
4906
4909
4902
4914
4908
4904
4961
4912
4912
4912
4909
4908
4920
4909
4906
4917
4907
4907
4912
4906
4907
4903
5022
4917
4917
4929
4912
4911
5582
4913
4909
4956
4919
4911
4924
4920
4913
4927
4911
4911
4909
4927
4907
4905
4928
4912
4905
4918
4909
4905
4927
4916
4907
4922
4907
4913
4929
4907
4909
4908
4921
4909
4905
4982
4911
4906
5010
4910
4905
5012
4909
4907
4916
4914
4907
4919
4910
4909
4905
4931
4907
4906
4918
4912
4909
4913
4911
4906
4998
5033
4921
4931
4916
5008
4937
4914
4912
4908
4933
4915
4907
4934
4911
4912
4921
4910
4906
4913
4910
4907
4913
4907
4908
4913
4909
4909
4904
4990
4912
4907
5062
4912
4907
4929
4915
4907
4939
4963
4912
4917
4907
4910
4903
4914
4908
4905
4923
4914
4908
6754
5697
4920
6037
5064
4937
4908
5242
4917
4925
5297
4910
5024
4929
4920
4947
4922
4949
5049
4918
4913
4931
4917
4908
4925
4913
4908
4927
4909
4909
4905
4927
4827
4759
4789
4761
4758
4836
4911
4908
4913
4907
4916
4912
4956
4762
4769
4922
5009
4958
4948
4867
4908
4914
4907
4905
4913
4906
4905
4927
4904
4909
4903
4920
4907
4904
4917
4908
4908
4921
4909
4910
4926
4907
4906
4923
4907
4905
4919
4905
4907
4902
4920
4907
4904
4919
4908
4903
4918
4911
4905
4921
4909
4908
4919
4915
4907
4903
4918
4910
4903
4925
4908
4905
4923
4912
4904
4919
4908
4918
4918
4915
4909
4921
4912
4909
4911
4919
4909
4907
4917
4908
4905
4917
4909
4904
4919
4908
4906
4913
4907
4908
4904
4930
4907
4905
4926
4911
4905
4926
4911
4906
4921
4912
4905
4918
4906
4908
4912
4906
4905
4904
4921
4909
4904
4915
4801
4758
4848
4909
4823
4807
4907
4874
4754
4933
4910
4904
4921
4909
4906
4917
4909
4905
4917
4908
4904
5001
4915
4911
4936
4907
4910
4909
5110
4910
4907
5029
4928
4905
5021
4958
4921
4925
4996
4911
4925
4987
4913
4936
4914
4911
4926
5021
4934
4987
4933
4992
4916
4933
4919
4916
4926
4913
4916
4924
4909
4916
4942
4917
4910
5109
4915
4910
5038
4926
4910
5108
4928
4912
4905
4918
4910
4905
4913
4910
4906
4924
4916
4906
4928
4908
4909
4904
5106
4965
4911
4914
4910
4907
4946
4914
4908
4927
4915
4906
4914
4906
4908
4914
4912
4910
4841
4823
4761
4756
4866
4912
4919
4913
4908
4911
4782
4759
4865
5228
5432
4913
4910
4917
4910
4904
4922
4910
4904
4914
4910
4906
4918
4916
4908
4922
4911
4909
4925
4918
4907
4905
4925
4911
4907
4914
4909
4906
4913
4907
4906
4920
4909
4906
4923
4918
4919
4906
4913
4865
4912
4927
4913
4792
4925
5004
4906
4797
4759
4779
4932
4906
4906
4873
4758
4759
4780
4928
4907
4905
4947
4907
4906
4925
4909
4905
4911
4906
4906
4913
4905
4908
4903
4911
4904
4904
4933
4997
4911
4955
4912
4909
4914
4912
4911
4911
4905
4909
4912
4904
4880
4755
4802
4759
4781
4784
4758
4781
4825
4905
4904
4918
4915
4908
4926
4905
4907
4910
4864
4762
4756
4874
4906
4906
4981
4759
4760
4813
5035
4922
4906
5005
4909
4905
4937
4908
4910
4921
4917
4904
4984
5087
4931
4939
4917
4910
4915
4907
4919
4907
4912
4910
4905
4920
4909
4807
4880
4912
4918
4957
4761
4759
4911
4908
4907
4929
4908
4909
4909
4932
4911
4904
4922
4911
4904
4914
4909
4905
4919
4913
4905
4913
4909
4908
4904
4919
4911
4907
4914
4911
4908
4840
4782
4756
4821
4907
4909
4915
4908
4908
4904
4925
4911
4907
4915
4910
4912
4913
4910
4908
4915
4919
4906
4916
4907
4909
4912
4906
4907
4906
4923
4909
4904
4922
4910
4906
4925
4910
4906
4911
4836
4760
4789
4839
4909
4905
4916
4760
4758
4796
4784
4780
4829
4909
4906
4916
4832
4797
4757
4764
4835
4906
4916
4910
4804
4852
4911
4906
4912
4908
4908
4921
4907
4907
4904
4914
4909
4885
4915
4765
4757
4894
4911
4904
4922
4766
4761
4794
4831
4761
4755
4957
4921
4918
4932
4921
4916
4927
4921
4917
4934
4941
4913
4930
4908
4915
4905
4914
4913
4905
4914
4912
4904
4915
4910
4908
4938
4911
4909
4920
4907
4907
4915
4915
4907
4908
4913
4910
4912
4917
4911
4908
4921
4910
4913
4880
4761
4825
4940
4841
4760
4755
4914
4885
4762
4980
4947
4908
4923
5100
4908
4925
5002
4908
4960
4951
4944
4941
4911
4921
4907
4914
4915
4912
4911
4907
4909
4925
4913
4908
4921
4906
4907
4932
4905
4908
4907
4920
4907
4904
4920
4906
4903
4910
4907
4904
4923
4909
4904
4927
4915
4906
4911
4918
4908
4904
4930
4908
4905
4921
4911
4904
4921
4910
4905
4879
4784
4757
4790
4756
4782
4754
4910
4920
4906
4930
4909
5046
5282
4918
4834
4928
4912
4915
4771
4756
4759
4777
4793
4761
4755
4799
4759
4757
4834
4915
4905
4934
4907
4909
4902
4853
4758
4756
4872
4910
4904
4852
4785
4757
4792
4784
4758
4755
4797
4808
4755
4899
4923
4905
4916
4913
4816
4794
4759
4861
4920
4906
4894
4756
4771
4762
4780
4870
4911
4905
4913
4907
4905
4926
4916
4907
4925
4907
4909
4908
4931
4911
4905
4925
4912
4905
4919
4910
4906
4916
4909
4908
4920
4921
4909
4905
4939
4908
4906
4914
4916
4906
4923
4913
4907
4913
4910
4906
4919
4908
4908
4922
4907
4908
4756
4917
4911
4905
4909
4763
4798
4771
4761
4758
4911
4908
4909
4892
4778
4761
4755
4820
4761
4758
4816
4763
4758
4769
4759
4759
4755
4945
4952
4913
4928
4912
4908
4919
4918
4907
4922
4912
4907
6631
6709
4926
4938
4808
4762
4798
4763
4892
4917
4814
4912
4930
4908
4910
5108
4931
4910
5007
4887
4762
4798
4923
4909
4905
4935
4911
4907
4915
4907
4907
4914
4916
4907
4904
4927
4910
4905
4923
4762
4758
4788
4908
4909
4921
4923
4912
4920
4908
4846
4760
4793
4928
4996
4911
4873
4755
4798
4756
5077
5014
4938
5008
4944
4919
4907
4908
4910
4907
4905
4913
4908
4906
4910
4905
4903
4916
4911
4906
4916
4904
4906
4918
4917
4908
4903
4915
4908
4903
4855
4758
4755
4785
4779
4757
4763
4755
4755
4755
4914
4919
4905
4912
4901
4758
4786
4757
4922
4910
4905
4851
4754
4785
4758
4780
4785
4758
4781
4785
4758
4757
4947
4830
4762
4800
4792
4760
4778
4921
4911
4904
4859
4759
4757
4818
4758
4759
4754
4814
4760
4755
4817
4784
4757
4886
5033
4911
4927
5098
4908
4929
5008
4906
4910
4978
4912
4906
4913
4918
4908
4915
4909
4909
4914
4911
4848
4831
4819
4776
4786
4786
4761
4852
4914
4908
4907
4787
4759
4756
4812
4757
4757
4798
4793
4759
4755
4810
4761
4756
4848
4913
4907
4922
5013
4924
4918
4910
4761
4757
4789
4915
4905
4826
4784
4758
6629
5350
4919
4841
4791
4776
4846
4916
4906
4805
4759
4836
4911
4907
4911
4806
4905
4910
4996
4984
4911
4991
4926
4910
4905
5010
4910
4908
4924
4917
4908
4904
4925
4911
4905
4924
4914
4906
4916
4908
4907
4912
4909
4908
4912
4907
4908
4914
4905
4909
4904
4934
4911
4906
4924
4918
4909
4856
4762
4876
4922
4909
4919
4915
4907
4911
4908
4922
4911
4906
4921
4912
4905
4934
4912
4908
4933
4912
4905
4910
4763
4760
4756
4944
4911
4905
4840
4762
4755
4803
4775
4757
4792
4783
4759
4754
4949
4910
4908
4920
4881
4781
4791
4804
4905
4922
4911
4802
4793
4759
4783
4754
4794
4768
4909
4923
4910
4909
4928
4914
4908
4913
4905
4903
5137
4905
4909
5017
4904
4909
4905
4786
4757
4755
4810
4758
4756
4827
4756
4756
4797
4912
4906
4905
4925
4907
4904
4914
4848
4758
4788
4791
4756
4786
4758
4781
4773
4767
4779
4754
4784
4757
4756
4856
4911
4912
4927
4909
4909
4921
4904
4906
4915
4920
4908
4909
4921
4908
4905
4918
4907
4905
4873
4781
4757
5174
4912
4773
4758
4810
4759
4755
4889
4960
4913
4922
4918
4911
4927
4908
4905
4919
4903
4904
4900
4989
4941
4914
4908
4811
4757
4793
4755
4831
4682
4615
4775
4614
4681
4615
4667
4702
4615
4667
4697
4615
4614
4637
4678
4615
4612
4831
4774
4755
4878
4754
4755
4767
4857
4756
4753
4815
4755
4753
4790
4665
4614
4666
4668
4614
4613
4674
4639
4613
4722
4808
4615
4679
4614
4784
4614
4679
4660
4624
4718
4617
4670
4732
4614
4615
4668
4676
4615
4637
4728
4823
4753
4789
4772
4615
4780
4682
4615
4612
5217
5603
4939
5076
4971
4913
5019
4953
4910
4932
4929
4911
5072
4909
5117
5030
5363
4918
4910
4945
4931
4911
4970
5202
4975
5348
5598
5467
5203
4915
4909
5122
4907
4967
5117
4949
4922
5205
5280
5104
5089
4910
4911
5320
5033
4909
5215
4913
4912
5250
4912
4924
5256
5018
4915
4911
4945
4925
4911
5357
4915
4928
4946
6268
5393
5039
4919
4909
5059
4926
4914
5046
5095
4934
5258
4922
4910
5376
5769
5253
5964
4922
5212
4973
4915
4923
5160
5039
5101
4948
4905
4908
4916
4908
4905
4902
5061
4908
4912
5020
4906
4905
4950
4804
4757
4896
4913
4904
5187
5930
4895
4803
4984
4793
4777
4863
4755
4757
4765
4852
4757
4796
4832
4755
6619
5536
4917
4771
4797
4880
4787
4757
4859
4774
4754
4808
4805
4769
4755
4778
4766
4755
4753
4830
4754
4755
4695
4780
4617
4614
4983
4757
4753
4890
4759
4757
4779
4769
4756
4752
4814
4757
4753
4890
4756
4755
4790
4755
4754
4794
4813
4780
4754
4794
4857
4755
4791
4781
4754
4768
4755
4778
4766
4753
4779
4803
5618
4713
4615
4626
4615
4614
4693
4785
4756
4805
4886
4755
4885
4771
4756
4754
4790
4757
4754
4806
4613
4614
4613
5185
4907
4760
4857
4762
4757
4841
4848
4757
4792
4853
4759
4755
4791
4806
4754
4766
4780
4739
4678
4614
4669
4613
4680
4639
4613
4645
4615
4638
4700
4700
4694
4671
4681
4615
4784
4747
4755
4754
4795
4756
4754
4810
4754
4756
4754
4812
4756
4754
4768
4754
4755
4792
4786
4756
4754
4882
4756
4753
4792
4856
4755
4771
4781
4755
4784
4670
4614
4613
4711
4669
4613
4750
4757
4755
4793
4786
4805
4754
4768
4755
4855
4815
4755
4816
4815
4756
4753
4790
4753
4755
4775
4787
4754
4754
4702
4615
4613
4739
4708
4616
4613
4794
4666
4615
4931
4619
4616
4651
4670
4615
4613
4913
4899
4762
4791
4849
4758
4792
4788
4756
4816
4845
4798
4614
5620
5495
4979
4929
5051
4755
4824
4757
4848
4796
4756
4836
4678
4616
4614
4669
4648
4616
4669
4777
4668
4616
4820
4616
4616
4652
5054
4620
4614
4701
4615
4615
4647
4672
4615
4612
4736
4615
4614
4673
4638
4614
4668
4862
4617
4615
4677
4786
4617
4667
4671
4615
4679
4613
4672
4613
4647
4615
4667
4641
4613
4639
4661
4678
4614
4638
4804
4618
4751
4653
4614
4614
4781
4683
4616
4626
4831
4723
4615
4739
4614
4613
4612
4699
4614
4613
4682
4617
4613
4714
4714
4616
4612
4811
4616
4614
4647
4785
4616
4710
4641
4826
4754
4792
4847
4780
4793
4789
4754
4789
4754
4779
4819
4705
4694
4700
4650
4615
4786
4653
4615
4614
4705
4613
4615
4670
4675
4614
4613
4735
4615
4614
4637
4710
4615
4612
4782
4621
4617
4689
4739
4616
4613
4822
4618
4615
4652
4670
4663
4650
4670
4615
4614
4678
4669
4614
4716
4640
4614
4677
4718
4750
4614
4879
4658
4745
4680
4616
4670
4757
4617
4614
4669
4703
4615
4671
4673
4614
4612
4673
4614
4615
4637
4810
4618
4615
4847
4618
4614
4684
4854
4804
4755
4792
4756
4753
4813
4755
4754
4773
5040
4640
4614
4684
4616
4615
4778
4808
4755
4808
4785
4831
6451
5676
5098
4811
4661
4903
4778
4756
4786
4832
4771
4756
4854
4783
4755
4777
4822
4655
4614
4810
4662
4616
4694
4769
4618
4614
4804
4756
4758
4872
4755
4757
4752
4863
4757
4754
4838
4754
4757
4793
4900
4618
4663
4753
4807
4618
4676
4761
4617
4685
4717
4614
4658
4613
4714
4615
4650
4616
4688
4628
4615
4688
4729
4778
4616
4832
4645
4615
5025
4629
4615
4614
4775
4614
4616
4714
4623
4614
4613
4872
4809
4617
4643
4700
4616
4613
4860
4621
4615
4693
4830
4618
4614
4973
4615
4616
4742
4768
4618
4980
4723
4615
4629
4755
4782
4778
4795
4757
4753
4826
4760
4805
4786
4756
4845
4800
4614
4619
4772
4647
4617
4669
4646
4615
4614
4707
4612
4616
4668
4682
4615
4613
4792
4781
4757
4828
4817
4757
4752
4863
4757
4754
4816
4754
4756
4760
4670
4662
4613
4681
4670
4614
4647
4639
4613
4693
4702
4781
4614
4671
4785
4614
4678
4615
4670
4845
4616
4673
4614
4733
4616
4672
4671
4615
4613
4668
4613
4614
4638
4802
4617
4615
4778
4616
4613
4790
4616
4616
4612
4729
4662
4615
4726
4616
4614
4641
4669
4614
4612
4783
4928
4622
4744
4810
4617
4670
4614
4784
4614
4644
4670
4613
6699
5816
4988
4908
4761
4862
4796
4757
4852
4827
4756
4853
4840
4846
4757
4871
4889
4906
4912
4919
4905
4904
4863
4757
4755
4837
4755
4756
4753
4784
4754
4752
4783
4755
4753
4787
4782
4756
4789
4778
4615
4615
4642
4784
4616
4899
4765
4617
4707
4614
4672
4612
4673
4670
4614
4678
4615
4638
4661
4728
4615
4780
4718
4617
4784
4677
4615
4614
4698
4614
4616
4671
4667
4615
4613
4728
4614
4614
4638
4672
4614
4612
4829
4759
4758
4846
4806
4756
4785
4834
4756
4754
4830
4615
4616
4643
4670
4615
4642
4613
4669
4613
4648
4640
4661
4740
4679
4751
4671
4616
4750
4651
4753
4616
4671
4644
4614
4669
4613
4648
4614
4669
5189
4952
4814
4850
4756
4754
4938
4819
4758
4858
4755
4758
4753
4871
4814
4757
4823
4756
4755
4791
4779
4755
4752
4726
4663
4614
4680
4639
4614
4724
4777
4672
4989
4927
4865
4776
4881
4996
4907
4893
4879
4914
4890
4926
4857
4759
4759
4829
4908
4910
4919
4782
4760
4756
4928
4921
4909
4941
5033
4762
4799
4846
4907
4934
4909
4998
4905
4757
4866
4824
4770
4760
4843
4802
4761
4903
7508
4952
4924
4921
4908
4920
4774
4761
4760
4934
4909
4918
5003
5380
7327
5065
4943
4891
4972
4903
4865
4888
4985
4844
4968
4980
4920
4880
4939
4914
4908
4914
4823
4843
5064
4930
5055
5001
4756
4823
4823
4907
4911
4920
4913
4908
4905
4920
4904
4912
4829
4756
4780
4792
4754
4753
4759
4628
4616
4665
4678
4614
4614
4784
4621
4614
4674
4726
4617
4613
4807
4663
4615
4680
4785
4615
4681
4668
4616
4613
4673
4672
4614
4641
4670
4613
4612
4657
4640
4613
4808
4698
4673
4683
4835
4785
4616
4650
4615
4670
4648
4615
4670
4681
4615
4614
4671
4650
4616
4638
4646
4614
4613
4739
4758
4618
4691
4832
4616
4614
4852
4617
4615
4650
4783
4616
4613
4736
4615
4614
4641
4669
4614
4766
4639
4615
4613
4778
4751
4615
4682
4664
4737
4713
4615
4672
4614
4711
4616
4748
4682
4616
4794
4656
4614
4616
4670
4700
4617
4669
4745
4653
4616
4850
4615
4615
4681
4786
4616
4614
4732
4615
4615
4649
4671
4616
4614
4787
4758
4754
4816
4780
4755
4820
4942
4755
4754
4783
4778
4617
4680
4670
4615
4679
4614
4672
4612
4648
4671
4664
4646
4615
4638
4641
4613
4639
4612
4802
4618
4748
4784
4950
4826
4836
4755
4755
4786
4790
4755
4779
4790
4756
4753
4991
5398
4910
4831
4766
4759
4802
4855
4760
4755
4886
4908
4903
4908
4908
4903
4918
4906
4903
4909
4904
4902
4911
4615
4669
4612
4766
4781
4753
4870
4782
4834
4791
4754
4833
4755
4823
4755
4841
4791
4755
4817
4819
4756
4754
4846
4754
4755
4777
4667
4614
4613
4862
4619
4615
4783
4616
4614
4613
4843
4665
4614
5501
4791
4615
4803
4673
4616
4647
4670
4615
4613
4669
4638
4614
4740
4685
4752
4614
4650
4784
4615
4654
4616
4670
4704
4847
4781
4788
4754
4754
4777
4786
4754
4778
4798
4755
4753
4820
4700
4616
4777
4725
4615
4614
4812
4619
4615
4705
4615
4615
4613
4733
4615
4613
4678
4669
4614
4646
4639
4614
4612
4807
4752
4616
4687
4785
4615
4645
4614
4669
4613
4708
4674
4613
4641
4614
4670
4673
4613
4614
4638
4646
4614
4638
4778
4691
4615
4748
4772
4614
4737
4786
4756
4753
4858
4757
4753
4831
4904
4904
4901
4910
4903
4901
4914
4757
4753
4850
4660
4619
4647
4746
4616
4613
4651
4785
4615
4652
4670
4614
4670
4615
4668
4612
4676
4672
4613
4699
4617
4639
4693
4785
4769
4850
4813
4756
4833
4865
4917
4793
4847
4755
4756
4769
4613
4615
4668
4676
4616
4613
6637
5445
4933
4992
4760
4758
4928
4857
4757
4786
4834
4618
4613
4721
4617
4614
4642
4669
4663
4734
4614
4671
4613
5084
5313
5199
5562
5060
4621
4652
4617
4812
4653
4615
4670
4613
4681
4614
4670
4649
4616
4670
4674
4615
4615
4637
4698
4615
4613
4890
4620
4615
4778
4759
4757
4752
4849
4756
4753
4822
4781
4755
4789
4779
4754
4839
4666
4614
4612
4649
4639
4614
4804
4896
4756
4794
4754
4835
4622
4803
4618
4617
4657
4796
4664
4616
4730
4614
4614
4677
4671
4614
4612
4702
4615
4613
4681
4639
4613
4611
4905
4617
4616
4652
4786
4615
4674
4660
4627
4614
4650
4673
4613
4712
4617
4666
4650
4613
4640
4612
4679
4615
4638
4727
4664
4738
4656
4662
4614
4783
4646
4616
4613
4763
4615
4613
4740
4686
4616
4613
4837
4755
4755
4959
4754
4756
4914
5029
4758
4828
4923
4757
4756
4871
4854
4755
4763
4781
4755
4760
4778
4753
4811
4612
4670
4614
4677
4615
4638
4864
4781
4931
4773
4754
4756
5035
4918
4909
4982
4856
4891
4773
4648
4615
4614
4699
4613
4615
4638
4647
4615
4614
6734
5820
5529
4961
4875
4758
5058
4620
4617
4700
4879
4617
4676
4668
4616
4614
4666
4669
4663
4642
4670
4613
4613
4811
4782
4615
4828
4867
4932
4777
4755
4874
4772
4755
4861
4754
4785
4755
4855
4765
4756
4830
4808
4754
4755
4874
4705
4618
4839
4654
4617
4614
4948
4617
4617
4749
4756
4757
4752
4847
4780
4754
4816
4836
4756
4764
4711
4616
4698
4781
4669
4615
4644
4783
4615
4674
4614
4669
4644
4614
4673
4613
4643
4614
4671
4643
4615
4639
4613
4672
4615
4638
4833
4757
4813
4837
4755
4754
4878
4757
4755
4787
5058
4676
4616
4697
4615
4612
4666
4645
4614
4612
4703
4615
4614
4751
4803
4619
4643
4781
4617
4615
4673
4670
4616
4642
4671
4613
4642
4613
4670
4613
4711
4615
4639
4646
4614
4638
4612
4773
4617
4749
4672
4615
4782
4673
4662
4615
4667
4643
4616
4669
4715
4615
4613
4735
4615
4613
4612
4735
4615
4612
4767
4663
4614
4750
4749
4617
4612
4837
4617
4615
4706
4814
4755
4819
4802
4799
4756
4784
4788
4755
4786
4781
4753
4791
4645
4753
4697
4615
4721
4680
4674
4616
4670
4645
4616
4614
4723
4807
4792
4668
4673
4617
4613
4736
4617
4615
4724
4729
4615
4613
5470
5428
4946
4990
4644
4620
4728
4824
4758
4796
4875
4756
4754
4877
4757
4755
4793
4780
4777
4891
4895
4755
4785
4755
4813
4693
4859
4789
4756
4789
4755
4780
4781
4754
4778
4782
4753
4754
4778
4683
4614
4639
4899
4781
4760
5018
4760
4757
5084
4755
4965
4906
4922
4905
4902
4854
4756
4752
4871
4756
4779
4782
4755
4753
4752
4848
4779
4754
4783
4885
4756
4806
4953
4754
4806
4754
4846
4755
4794
4789
4754
4791
4755
4700
4647
4615
4668
4612
4813
4617
4752
4652
4617
4613
4876
4845
4756
4795
4755
4756
4752
4789
4805
4754
4822
4757
4753
4791
4755
4755
4751
4777
4617
4615
4650
4722
4615
4649
4766
4616
4615
4627
4678
4614
4627
4639
4614
4649
4615
4638
4614
4773
4758
4754
4789
4782
4805
4786
4754
4780
4829
4794
4756
4714
4730
4616
4670
4647
4614
4614
4668
4715
4616
4613
4703
4614
4613
4757
4696
4617
4615
4778
4616
4614
4811
4686
4616
4717
4672
4616
4613
4692
4660
4614
4649
4670
4615
4738
4757
4779
4752
4902
4862
4754
4821
4756
4810
4729
4616
4773
4654
4616
4618
4669
4672
4616
4670
4717
4957
4760
4794
4754
4755
4753
4877
4757
4754
4818
4754
4753
5676
5855
4887
4867
4759
4760
4770
4879
4756
4752
4962
4758
4756
4679
4671
4615
4714
4792
4615
4699
4614
4784
4615
4676
4671
4614
4767
4757
4778
4768
4753
4777
4752
4771
4757
4756
4788
4755
4753
4810
4910
4905
4915
4904
4905
4947
4786
4757
4752
4822
4757
4756
4790
4755
4755
4766
4777
4754
4752
4760
4753
4804
4792
4830
4757
4760
4896
4756
4755
4766
4780
4754
4766
4744
4615
4684
4614
4669
4646
4613
4641
4613
4645
4615
4639
4731
4908
4909
4918
4901
4904
4914
4920
4903
4905
4918
4904
4901
4970
4614
4615
4650
4614
4666
4612
4655
4615
4613
4748
4783
4755
4759
4803
4754
4753
4894
4757
4755
4768
4781
4755
4859
4676
4616
4739
4615
4672
4614
4677
4641
4614
4777
4783
4862
4791
4754
4794
4797
4792
4754
4788
4790
4756
4769
4642
4662
4615
4668
4648
4614
4624
4728
4615
4614
4750
4700
4618
4614
4873
4756
4754
4869
4757
4754
4820
4790
4756
4785
4778
4755
4753
4695
4668
4616
4649
4639
4613
4705
4720
4748
4614
4692
4772
4630
4681
4615
4669
4701
4614
4671
4613
4642
4614
4669
4681
4614
4614
4649
4863
4884
4806
4881
4759
4755
4890
4618
4615
4883
4622
4617
4612
6944
5212
4778
4778
4622
4614
4813
4758
4754
4784
4904
4757
4851
4858
4617
4614
4643
4782
4662
4651
4670
4615
4683
4615
4672
4612
4846
4782
4753
4789
4755
4778
4855
4755
4779
4824
4833
4754
4808
4650
4615
4732
4730
4617
4613
4767
4615
4615
4638
4710
4615
4613
4696
4615
4614
4645
4639
4615
4612
4811
4618
4664
4649
4748
4614
4660
5748
4615
4614
4652
4670
4614
4792
4780
4755
4787
4754
4779
4787
4752
4778
4752
4860
4617
4749
4645
4615
4781
4647
4616
4614
4669
4642
4614
4670
4680
4615
4613
4784
4615
4615
4612
5000
4781
4756
4870
4779
4754
4826
4828
4755
4776
4848
4756
4754
4745
4629
4615
4748
4781
4754
4780
4613
4670
4613
4646
4640
4613
4752
4672
4749
4678
4616
4818
4616
4679
4615
4669
4707
4616
4672
4646
4614
4614
4670
4695
4615
4613
4673
4615
4613
4637
4781
4616
4613
4792
4615
4613
4877
4618
4616
4612
4705
4616
4614
4813
4616
4614
4701
4668
4615
4613
4648
4639
4613
4736
4792
4616
4651
4614
4785
4614
4680
4670
4614
4739
4758
4778
4791
4756
4777
4752
4788
4754
4754
4812
4756
4755
4842
4945
4762
4839
4755
4754
4851
4793
4756
4752
4791
4756
4753
6809
6029
4902
4918
4620
4616
4652
4818
4616
4712
4991
4617
4613
4644
4762
4615
4717
4819
4787
4936
4926
4979
4927
4809
4791
4965
5053
4846
4762
4788
4757
4780
4864
4832
4861
4786
4754
4754
4824
4648
4616
4669
4672
4617
4613
4772
4615
4615
4625
4722
4615
4614
4695
4614
4613
4707
4736
4617
4613
4803
4615
4664
4643
4781
4616
4676
4667
4701
4863
4795
4762
4620
4679
4672
4614
4728
4615
4640
4613
4809
4620
4780
4645
4614
4783
4647
4615
4615
4669
4677
4616
4672
4648
4615
4614
4698
4613
4614
4638
4647
4616
4612
4732
4679
4664
4615
5008
4754
4756
4861
4758
4754
4789
4737
4618
4687
4797
4615
4616
4651
4672
4615
4649
4673
4615
4679
4695
4751
4614
4671
4669
4729
4703
4615
4670
4644
4615
4614
4669
4681
4616
4671
4647
4615
4614
4638
4698
4615
4639
4810
4617
4614
4849
4615
4614
4661
4827
4756
4756
4845
4757
4754
4810
4756
4754
4812
4779
4754
4753
4756
4616
4614
4835
4866
4757
4791
4786
4803
4784
4753
4788
4754
4784
4776
4613
4684
4616
4670
4873
4617
4628
4624
5233
4616
4639
4807
4620
4616
4856
4883
4790
5163
4755
4759
4874
4796
4757
4754
4867
4755
4755
4919
5587
5105
4786
4947
4621
4618
4964
4759
4759
4843
4892
4755
4787
4862
4905
4922
4911
4913
4914
4904
4818
4753
4785
4781
4753
4857
4757
4781
4855
4798
4864
4787
4754
4754
4836
4786
4756
4750
4651
4616
4613
4730
4617
4615
4668
4717
4616
4613
4704
4616
4615
4714
4716
4618
4614
4778
4615
4615
4647
4785
4665
4689
4906
4906
4901
4910
4903
4903
4914
4905
4902
4908
4903
4901
4896
4674
4719
4628
4614
4677
4695
4631
4616
4676
4650
4615
4613
4636
4686
4616
4637
4624
4614
4613
4648
4615
4613
4613
4778
4617
4616
4728
4616
4665
4625
4768
4616
4613
4930
4615
4617
4626
4639
4615
4624
4639
4614
4613
4685
4616
4614
4768
4911
4907
4916
4903
4914
4909
4907
4908
4903
4913
4904
4649
4642
4615
4669
4675
4613
4614
4637
4681
4616
4639
4732
4712
4616
4817
4615
4614
4662
4837
4617
4614
4712
4615
4614
4712
4673
4616
4612
4702
4615
4614
4752
4643
4614
4669
4925
4758
4754
4846
4839
4756
4785
4787
4754
4790
4754
4681
4613
4673
4670
4613
4725
4617
4638
4720
4613
4638
4613
4857
4758
4929
4768
4755
4860
5024
4942
4763
4893
4754
4755
4856
4787
4756
4753
4811
4616
4613
4815
5626
5061
4855
4869
4758
4774
4899
4758
4760
4890
4752
4616
4646
4670
4616
4676
4614
4670
4663
4649
4670
4613
4702
4617
4747
4765
4831
4914
4635
4652
4617
4762
4794
4758
4793
4789
4754
4755
4816
4753
4756
4777
4786
4755
4752
4747
4615
4614
4730
4715
4617
4613
4804
4615
4615
4721
4748
4616
4676
4670
4615
4663
4673
4669
4615
4647
4670
4614
4678
4614
4639
4613
4806
4783
4616
4675
4614
4783
4659
4628
4656
4629
4649
4615
4670
4647
4615
4614
4669
4647
4615
4638
4640
4614
4612
4735
4707
4615
4692
4703
4616
4613
4809
4617
4664
4650
4670
4615
4612
4706
4616
4613
4760
4823
4755
4765
4756
4753
4753
4820
4805
4755
4793
4840
4616
4679
4615
4676
4613
4650
4640
4614
4672
4615
4637
4736
4616
4640
4691
4676
4614
4777
4863
4763
4756
4941
4905
4908
4921
4904
4906
4905
4918
4906
4902
4735
4616
4613
4835
4756
4759
4793
4829
4757
4754
4932
4758
4757
4767
4854
4757
4788
4780
4756
4784
4753
4777
4753
4658
4670
4613
4646
4615
4638
4647
4613
4639
4612
4859
4617
4748
4673
4615
4614
5036
4614
4616
4668
4814
4834
4617
4696
4616
4613
4721
4614
4614
4612
4681
4614
4612
6583
5684
4920
4896
4621
4616
4671
4828
4618
4675
4772
4615
4615
4641
4669
4613
4641
4670
4613
4689
4613
4638
4612
4771
4619
4749
4792
4755
4836
4788
4753
4756
4786
4784
4755
4779
4814
4755
4753
4805
4614
4614
4795
4672
4616
4613
4806
4759
4758
4841
4756
4754
4789
4836
4754
4752
4815
4754
4753
4715
4671
4663
4673
4668
4615
4612
4673
4639
4613
4790
4764
4614
4643
4614
4782
4615
5393
5015
4906
4934
4905
4990
4917
4905
4980
4916
4902
4980
4882
4755
4754
4867
4722
4618
4841
4650
4615
4614
4983
4620
4615
4793
4615
4733
4615
4752
4616
4615
4688
4711
4616
4626
4686
4615
4615
4910
4807
4759
4770
4855
4757
4770
4754
4781
4753
4823
4748
4614
4773
4616
4671
4678
4616
4640
4614
4649
4616
4638
4760
4629
4694
4708
4615
4614
4783
4651
4664
4615
4765
4616
4613
4845
4615
4615
4613
4860
4618
4616
4733
4617
4615
4716
4717
4618
4615
4882
4627
4615
4701
4785
4618
4653
4614
4670
4613
4648
4671
4613
4643
4614
4670
4676
4614
4641
4612
4779
4619
4752
4650
4662
4666
4772
4614
4616
4669
4681
4616
4613
4801
4954
4623
4705
4613
4615
4612
4672
4615
4613
4741
4693
4615
4612
7047
5214
4931
4936
4759
4794
4826
4759
4756
4793
4777
4617
4844
4673
4615
4653
4614
4671
4661
4782
4751
4615
4679
4616
4785
4741
4755
4783
4752
4762
4755
4777
4765
4755
4776
4785
4754
4753
4767
4752
4756
4753
4877
4757
4754
4835
4755
4753
4906
4619
4618
4613
4846
4621
4615
4737
4615
4615
4627
4639
4614
4664
4625
4639
4614
4729
4765
4615
5186
5088
4824
4631
4615
4677
4614
4835
4906
4906
4917
4904
4905
4909
4902
4905
4909
4902
4904
4808
4804
4617
4779
4645
4615
4612
4814
4616
4615
4654
5011
4907
4905
4921
4905
4902
4910
4903
4903
4914
4904
4903
4905
4813
4617
4615
4688
4769
4615
4863
4736
4617
4627
4614
4639
4613
4626
4639
4613
4730
4756
4755
4782
4756
4755
4753
4816
4756
4804
4792
4756
4852
4687
4615
4614
4669
4650
4664
4652
4716
4616
4614
4736
4616
4614
4612
4703
4615
4613
4815
4771
4756
4821
4861
4755
4804
4862
4756
4755
4791
4680
4615
4678
4671
4615
4648
4613
4669
4612
4647
4640
4613
4738
4679
4750
4684
4614
4616
4786
4702
4616
4671
4650
4615
4614
4670
4647
4615
4669
4832
4930
4758
4873
4756
4756
4826
4831
4757
4753
4897
4756
4753
5658
5527
4963
4873
4619
4617
4676
4794
4618
4651
4774
4616
4615
4679
4672
4614
4749
4654
4749
4701
4614
4817
4616
4677
4616
4670
4774
4756
4780
4766
4753
4755
4775
4764
4755
4754
4790
4755
4753
4792
4689
4616
4718
4654
4617
4614
4783
4616
4614
4709
4616
4614
4612
4649
4615
4613
4623
4639
4613
4702
4670
4615
4664
4806
4725
4615
4675
4776
4619
4633
4614
4677
4613
4627
4640
4614
4648
4615
4638
4612
4625
4613
4614
4624
4615
4614
4693
4783
4756
4803
4782
4754
4850
4768
4755
4753
4792
4755
4753
4792
4615
4614
4613
4730
4614
4662
4670
4615
4613
4665
4806
4617
4612
4648
4786
4615
4650
4670
4614
4648
4615
4672
4612
4837
4778
4754
4765
4755
4754
4763
4754
4754
4752
4795
4615
4750
4653
4616
4747
4715
4616
4614
4669
4649
4615
4655
4686
4664
4614
4703
4614
4613
4612
4737
4614
4613
4767
4675
4616
4708
4748
4614
4613
4753
4681
4614
4756
4673
4616
4665
4710
4614
4613
4677
4672
4614
4728
4615
4749
4613
4789
4758
4756
4800
4757
4814
4820
4759
4788
4782
4777
4756
4779
4787
4755
4740
5238
4618
4614
4743
4907
4745
4740
4720
4616
4613
4925
4757
4753
4860
4756
4754
6764
5930
4893
4807
4905
4905
4914
4887
4755
4787
4828
4756
4754
4802
4804
4754
4767
4848
4615
4703
4615
4677
4682
4614
4638
4612
4907
4617
4638
4626
4615
4613
4614
4624
4615
4614
4775
4759
4755
4810
4754
4753
4891
4756
4756
4752
4816
4756
4753
4777
4615
4613
4667
4670
4614
4613
4674
4615
4613
4727
4888
4755
4815
4820
4768
4754
4790
4787
4753
4782
4764
4613
4672
4615
4670
4612
4724
4693
4669
4678
4615
4793
4741
4667
4615
4879
4755
4755
4831
4796
4755
4753
4821
4756
4752
4812
4755
4753
4765
4672
4614
4613
4669
4615
4663
4723
4706
4616
4612
4782
4616
4614
4648
4816
4616
4652
4670
4614
4614
4647
4672
4613
4648
4615
4669
4666
4845
4780
4752
4876
4756
4861
4792
4756
4832
4801
4756
4753
4713
4615
4614
4669
4674
4614
4613
4701
4615
4663
4638
4642
4613
4613
4800
4620
4615
4760
4670
4615
4612
4844
4617
4614
4669
4669
4614
4747
4672
4615
4613
4680
4670
4614
4693
4640
4613
4687
4893
4750
4614
4681
4682
4716
4653
4616
4669
4649
4613
4615
4671
4765
4615
4748
4677
4615
4613
4861
4616
4616
4670
4895
4895
4757
4898
4755
4753
4846
4758
4756
4819
4836
4756
4753
7352
5604
4776
4783
4622
4613
4728
4743
4617
4791
4879
4756
4788
4777
4812
4793
4754
4789
4753
4813
4781
4758
4710
4616
4669
4730
4757
4780
4783
4753
4754
4776
4902
4757
4859
4790
4755
4753
4872
4616
4615
4669
4678
4616
4613
4764
4616
4613
4725
4615
4614
4613
4695
4615
4613
4763
4795
4616
4679
4784
4616
4662
4679
4671
4613
4648
4673
4613
4648
4615
4670
4612
4646
4627
4626
4678
4615
4638
4675
4853
4754
4860
4790
4755
4832
4792
4754
4754
4851
4756
4754
4816
4682
4614
4614
4866
4617
4613
4682
4615
4615
4613
4805
4618
4662
4808
4615
4614
4649
4784
4615
4613
4788
4616
4615
4648
4672
4613
4647
4615
4669
4612
4679
4640
4613
4756
4663
4751
4692
4833
4785
4614
4679
4616
4669
4678
4616
4671
4674
4614
4613
4670
4679
4615
4613
4666
4614
4663
4688
4723
4615
4612
4825
4617
4612
4831
4631
4615
4678
4671
4615
4614
4705
4615
4613
4753
4670
4614
4613
4677
4640
4612
4801
4753
4615
4707
4617
4784
4613
4947
5015
4906
4922
4904
4986
4919
4904
4981
4915
4962
4980
4913
4903
4904
4984
4711
4618
4839
4800
4783
4619
5111
4619
4615
4852
4755
4757
4767
4861
4758
4754
5973
5305
4920
4966
4784
4760
4791
4914
4908
4925
4913
4906
4911
4905
4905
4912
4902
4906
4902
4835
4780
4755
4711
4615
4638
4784
4754
4782
4803
4850
4756
4835
4785
4756
4808
4812
4756
4754
4730
4616
4617
4669
4675
4617
4614
4739
4615
4614
4678
4639
4615
4613
4812
4618
4614
4853
4863
4760
4794
4833
4757
4779
4785
4788
4754
4784
4740
4614
4775
4620
4667
4643
4613
4639
4613
4797
4617
4751
4675
4615
4667
4776
4634
4616
4668
4643
4616
4612
4700
4614
4614
4668
4643
4614
4613
4699
4616
4613
5118
4812
4758
4758
4891
4757
4780
4880
4759
4756
4790
4787
4755
4789
4745
4614
4613
4674
4673
4613
4673
4639
4614
4718
4709
4750
4613
4704
4660
4768
4782
4758
4882
4858
4845
4783
4796
4778
4756
4778
4783
4755
4779
4733
4615
4612
4738
4711
4663
4667
4755
4617
4612
4823
4617
4615
4674
4669
4617
4613
4752
4616
4614
4643
4670
4615
4688
4703
4616
4614
4803
4750
4616
4674
4656
4748
4702
4615
4671
4614
4679
4615
4670
4675
4614
4670
4612
4733
4615
4638
4643
4664
4639
4693
4693
4617
4751
4682
4615
4614
4925
4927
4700
4735
4617
4615
4613
4702
4615
4613
4698
4615
4613
6420
5606
4978
5218
4909
4618
4681
4789
4760
4792
4754
4855
4756
4787
4789
4754
4785
4767
4767
4806
4755
4723
4613
4674
4615
4638
4852
4759
4932
4768
4755
4755
5052
4756
4757
4873
4767
4756
4856
4798
4619
4615
4774
4614
4615
4612
4757
4619
4613
4858
4620
4617
4654
4830
4616
4614
5036
4615
4617
4656
4764
4618
4767
4714
4616
4616
4651
4711
4617
4625
4690
4615
4974
4781
4809
4774
4752
4781
4831
4770
4757
4780
4769
4756
4789
4641
4614
4614
4669
4679
4615
4613
4671
4614
4613
4727
4715
4618
4614
4810
4614
4615
4927
4631
4665
4673
4671
4616
4613
4752
4615
4615
4675
4748
4615
4680
4613
4796
4615
4777
4781
4757
4847
4757
4836
4785
4754
4787
4755
4784
4754
4778
4793
4755
4860
4884
4726
4618
4706
4613
4615
4637
4814
4617
4615
4796
4617
4663
4799
4756
4759
4752
4818
4755
4754
4808
4755
4753
4825
4993
4922
6085
4923
4865
5018
4955
4912
4923
4916
4919
4815
4805
4792
4758
4797
4755
4868
4788
4755
4780
4803
4613
4616
4637
4679
4615
4638
4733
4741
4616
4781
4649
4615
4785
4651
4617
4613
4768
4948
4622
4763
4675
4617
4612
4699
4615
4613
4708
4615
4614
4612
6728
7237
4910
4790
4621
4867
4777
4758
4799
4753
4930
4757
4819
4843
4759
4797
4756
4846
4810
4754
4731
4646
4721
4618
4749
4794
4756
5044
4772
4754
4874
4767
4753
4757
4856
4766
4755
4853
4779
4755
4753
4835
4615
4615
4761
4719
4621
4612
4876
4616
4615
4625
4937
4617
4631
4762
4857
4756
4793
4779
4754
4807
4778
4753
4760
4754
4755
4772
4741
4780
4615
4644
4614
4785
4653
4614
4668
4613
4650
4614
4669
4898
5149
5015
4975
4917
4911
4984
5050
5174
4906
4972
4922
5003
4925
4915
4927
4941
4964
4927
4949
4970
4919
4936
4934
4931
4934
4937
4915
4930
4915
4911
4919
4947
4974
4914
4921
5130
4913
4929
5025
4915
4961
4915
4947
4923
4916
5217
4940
4916
4946
4933
4912
4907
5110
4924
4916
4912
4929
4912
4914
4930
4917
4910
4930
4894
4920
4942
4870
4864
4937
4906
4900
4910
4913
4914
4909
4949
4914
4914
4924
4962
4877
4932
4887
4853
4931
4925
4910
4919
4913
4915
4908
4922
4914
4909
4923
4912
5006
4985
4925
4846
4872
4914
4910
4900
4834
4807
4916
4912
4913
4905
5040
4939
4762
4836
5128
4912
4918
4911
4907
4919
4913
4907
7968
4920
4924
5033
5350
5109
4930
4983
4909
4973
5163
4909
4919
5172
4933
5024
4924
4909
4917
4912
4910
4904
4810
4758
4837
4981
4905
5017
4784
4756
4773
4861
4755
4756
4816
4754
4755
4783
4650
4616
4614
4774
4783
4760
4820
4846
4756
4753
4863
4757
4755
4803
4767
4755
4792
4718
4615
4612
4642
4668
4613
4691
4639
4613
4696
4696
4752
4615
4644
4785
4616
4646
4614
4669
4670
4615
4669
4614
4644
4615
4670
4676
4615
4613
4730
4755
4757
4777
4908
4757
4755
4893
4757
4753
4861
4757
4758
4784
4786
4755
4753
4836
4756
4779
4796
4768
4754
4781
4778
4756
4820
4770
4728
4615
4642
4784
4617
4645
4615
4670
4614
4644
4671
4613
4642
4615
4670
4650
4614
4639
4613
4711
4615
4639
4792
4630
4615
4843
4615
4614
4771
4750
4782
4617
4810
4619
4664
4699
4615
4615
4612
4742
4616
4613
4727
4615
4613
4743
4890
4759
4753
4827
4799
4757
4849
4790
4757
4783
4771
4614
4701
4615
4667
4612
4681
4630
4744
4687
4614
4639
4695
4733
4616
4780
4670
4616
4813
4673
4667
4615
4699
4615
4615
4669
4642
4615
4613
4737
4922
4649
4670
4614
4614
4613
4781
4618
4615
4672
4779
4615
4613
6113
5566
4929
4974
4918
4759
4803
4920
4618
4676
4855
4758
4846
4906
4911
4929
4908
4910
4920
4902
4910
4907
4800
4755
4786
4820
4756
4781
4790
4755
4752
4809
4754
4755
4778
4787
4754
4753
4827
4759
4754
4835
4754
4755
4752
4856
4757
4753
4813
4755
4754
4765
4650
4614
4650
4639
4615
4612
4647
4616
4613
4767
4729
4671
4629
4614
4767
4614
4651
4615
4675
4625
4616
4638
4612
4649
4615
4636
4624
4615
4614
4680
4614
4614
4614
4862
4758
4780
4844
4758
4753
4867
4756
4754
4818
4754
4756
4752
4723
4616
4612
4641
4669
4613
4727
4638
4614
4613
4778
4751
4615
4650
4788
4615
4614
4651
4670
4613
4648
4672
4612
4677
4615
4669
4613
4647
4615
4638
4679
4614
4638
4698
4829
4754
4858
4790
4754
4832
4790
4756
4752
4823
4756
4753
4784
4836
4664
4613
4704
4615
4612
4834
4617
4614
4687
4882
4756
4753
4871
4755
4756
4838
4837
4755
4847
4791
4755
4793
4615
4672
4612
4766
4780
4753
4768
4755
4754
4817
4905
4863
4757
4788
4936
5270
5020
4758
4791
4791
4780
4793
4674
4615
4614
4667
4680
4615
4613
4756
4974
4617
4740
4687
4618
4613
4839
4615
4613
4834
4616
4617
6716
5009
4973
4963
4862
4762
4816
4830
4787
4797
4753
4847
4755
4907
4865
4755
4845
4757
4837
4786
4778
4789
4785
4614
4614
4669
4795
4756
4780
4791
4755
4754
4813
4754
4753
4777
4896
4757
4753
4814
4615
4613
4818
4619
4616
4613
4762
4615
4613
4735
4616
4614
4711
4748
4615
4614
4926
4935
4759
4808
4954
4757
4822
4832
4758
4794
4753
4700
4614
4650
4674
4614
4674
4616
4667
4646
4613
4614
4637
4647
4615
4638
4739
4666
4616
4790
4616
4615
4783
4679
4617
4615
4762
4617
4615
4679
4613
4616
4612
4733
4615
4613
4676
4639
4614
4662
4940
4615
4613
4649
4785
4614
4674
4670
4615
4614
4681
4668
4612
4647
4672
4613
4642
4614
4638
4612
4646
4615
4638
4762
4658
4780
4712
4616
4614
4783
4765
4617
4668
4733
4616
4614
4740
4615
4613
4669
4646
4615
4663
4790
4724
4614
4682
4715
4616
4613
5053
4869
4758
4734
4788
4616
4751
4670
4617
4613
4720
4748
5151
4681
4799
4617
4683
4616
4672
4664
4743
4784
4614
4680
4615
4791
4719
4616
4672
4682
4615
4616
4671
4648
4667
4614
4701
4615
4613
4637
4682
4614
4613
4852
4929
4758
4907
4755
4754
4795
4859
4757
4754
4910
4758
4756
5228
5532
4898
4782
4951
4757
4776
5003
4757
4828
4832
4972
4906
4920
4912
4906
4912
4908
4902
4874
4823
4835
4798
4755
4857
4814
4904
4905
4902
4915
4903
4903
4917
4907
4903
4830
4755
4754
4877
4616
4617
4613
5034
4756
4756
4881
4757
4755
4795
4828
4756
4794
4827
4757
4753
4913
4707
4620
4691
4945
4617
4747
4617
4761
4685
4767
4806
4753
4799
4755
4857
4851
4809
4782
5098
4878
4782
4694
4705
4617
4781
4644
4615
4613
4830
4617
4614
4700
4614
4615
4612
4705
4615
4613
4725
4617
4614
4612
4668
4614
4612
4791
4628
4617
4720
4747
4615
4614
4642
4784
4615
4672
4670
4615
4674
4614
4670
4612
4648
4670
4613
4677
4614
4638
4678
4785
4813
4806
4791
4756
4835
4743
4616
4672
4644
4614
4615
4670
4675
4616
4613
4697
4615
4613
4866
4617
4668
4613
4896
4759
4755
5034
4616
4616
4679
4785
4617
4614
4747
4617
4614
4683
4674
4614
4756
4670
4615
4613
4703
4640
4614
4799
4777
4862
4792
4754
4834
4755
4822
4755
4723
4682
4615
4794
4648
4615
4615
4704
4757
4783
4780
4790
4755
4753
4915
4760
4754
4935
4932
4623
4709
4749
4616
4614
4765
4618
4614
4643
4669
4615
4658
5057
4946
4913
4930
4910
4905
4926
4917
4907
4914
4976
4908
4912
4903
4907
4917
4902
4905
4901
4801
4755
4778
4840
4615
4639
4889
4618
4614
4727
4726
4616
4779
4650
4616
4613
4853
4617
4615
4735
4614
4617
4612
4729
4617
4614
4767
4615
4615
4612
4692
4614
4614
4806
4752
4616
4681
4785
4617
4614
4650
4672
4615
4698
4671
4614
4647
4614
4671
4612
4648
4626
4626
4646
4614
4637
4712
4763
4754
4803
4783
4754
4915
4805
4756
4753
4868
4906
4904
4875
4755
4754
4776
4765
4755
4752
4802
4757
4755
4794
4680
4615
4613
4789
4617
4666
4761
5030
4758
4773
4871
4757
4795
4858
4753
4758
4765
4853
4756
4980
4759
4756
4799
4784
4805
4771
4755
4806
4803
4785
4754
4708
4681
4616
4671
4650
4613
4615
4669
4672
4615
4613
4672
4616
4613
4733
4711
4628
4652
4811
4616
4614
4847
4642
4617
4692
4859
4757
4754
4846
4755
4754
4789
4780
4755
4801
4783
4755
4794
4719
4750
4614
4680
4670
4733
4683
4615
4671
4709
4614
4616
4670
4647
4615
4670
4646
4614
4613
4636
4709
4667
4746
4759
4619
4616
4851
4757
4757
4822
4982
4920
4908
4859
4758
4753
4809
4756
4753
4781
4778
4754
6416
5726
4982
5103
4953
4619
4655
4614
4763
4616
4680
4746
4616
4652
4615
4669
4689
4727
4674
4613
4649
4663
4638
4675
4615
4639
4785
4837
4759
4929
4798
4757
4886
4872
4757
4754
4889
4755
4755
4821
4613
4616
4613
4793
4619
4613
4759
4615
4615
4711
4927
4620
4614
4653
4935
4617
4629
4763
4618
4647
4614
4713
4616
4736
4711
4616
4626
4615
4689
4628
4615
4689
4616
4884
4757
4810
4793
4755
4854
4774
4755
4756
4779
4784
4755
4774
4672
4616
4613
4780
4615
4615
4667
4761
4616
4614
5006
4620
4619
4645
4857
4756
4798
4833
4759
4778
4784
4663
4616
4650
4671
4614
4642
4613
4669
4612
4648
4640
4613
4744
4685
4750
4612
4811
4794
4801
4792
4756
4786
4786
4755
4780
4811
4753
4755
4698
4678
4616
4638
4673
4614
4613
4710
4705
4616
4613
4808
4616
4663
4839
4620
4616
4710
4668
4616
4613
4737
4616
4615
4802
4914
4758
4768
4830
4756
4754
4834
4750
4622
4662
4761
4643
4696
4614
4670
4615
4646
4672
4613
4643
4615
4670
4642
4614
4614
4638
4642
4615
4638
4731
4658
4666
4777
4615
4614
4667
4792
4616
4614
4837
4849
4619
4781
4674
4616
4613
4825
4619
4615
4673
4669
4615
6474
5739
5122
4917
4973
4620
4679
4643
4749
4614
4672
4802
4755
4788
4756
4778
4788
4754
4779
4782
4777
4766
4766
4787
4617
4780
4819
4756
4754
4938
4756
4754
4817
4754
4754
4779
4782
4755
4752
4746
4615
4612
4668
4638
4615
4612
4773
4618
4614
4671
4746
4615
4642
4774
4628
4615
4674
4670
4615
4642
4670
4613
4612
4720
4670
4614
4668
4614
4638
4723
4695
4750
4614
4644
4614
4782
4671
4615
4668
4644
4614
4614
4669
4641
4614
4612
4734
4615
4613
4698
4614
4614
4612
4802
4617
4614
4779
4616
4614
4642
4781
4616
4613
4828
4755
4759
4808
4845
4758
4785
4787
4755
4755
4790
4781
4753
4786
4752
4616
10129
5626
4924
4907
4893
4944
4925
5004
4921
4901
4905
4981
4917
4905
4981
4912
4904
4979
4878
4758
4760
4846
4755
4755
4796
4833
4757
4778
4792
4757
4753
4830
4616
4613
4672
4669
4615
4613
4712
4640
4614
4774
4934
4755
4822
4758
4835
4754
4792
4786
4755
4794
4757
4630
4653
4615
4638
4612
4626
4614
4614
4624
4616
4615
4722
4698
4617
4713
4630
4640
4660
4735
4618
4614
4712
4615
4615
4613
4933
4844
4619
4676
4618
4614
4675
4615
4615
4613
4913
4616
4615
5004
5894
4895
4849
4873
4760
4797
4783
4854
4786
4753
4934
4755
4762
4781
4753
4766
4756
4777
4790
4786
4804
4754
4678
4614
4783
4819
4758
4779
4795
4753
4754
4865
4756
4756
4776
4788
4754
4753
4720
4617
4613
4694
4783
4755
4752
4832
4754
4752
4814
4830
4755
4769
4780
4754
4783
4672
4613
4612
4641
4670
4613
4729
4615
4637
4701
4722
4749
4614
4669
4614
4783
4682
4615
4669
4680
4615
4614
4669
4672
4615
4666
4646
4614
4613
4638
4646
4614
4613
4795
4617
4615
4767
4616
4614
4612
4817
4617
4614
4731
4617
4614
4641
4670
4614
4662
4646
4670
4613
4646
4640
4613
4708
4719
4750
4614
4707
4740
4756
4792
4755
4823
4794
4754
4788
4752
4834
4755
4779
4713
4615
4669
4705
4617
4613
4638
4811
4615
4693
4829
4617
4612
4882
4618
4615
4612
4684
4616
4661
4814
4618
4613
4679
4667
4613
4613
4702
4614
4613
4824
4838
4754
4793
4835
4757
4872
4836
4672
4615
4675
4672
4612
4671
4615
4667
4682
4615
4639
4612
4647
4615
4638
4751
4673
4614
4785
4614
4615
4783
4689
4616
4664
4704
4617
4613
4737
4614
4615
4613
4840
4883
4618
4675
4615
4613
4650
4744
4615
4613
4678
4749
4614
6662
5632
4927
4811
4968
4757
4797
4793
4820
4787
4754
4851
4614
4685
4670
4613
4751
4760
4931
4801
4868
4857
4956
4754
4758
4876
4927
4904
4872
4784
4755
4753
4786
4755
4753
4844
4754
4755
4752
4791
4616
4613
4839
4615
4614
4710
4783
4616
4613
4734
4616
4615
4678
4674
4614
4646
4614
4670
4613
4646
4640
4613
4744
4726
4782
4651
4615
4788
4614
4653
4616
4669
4648
4615
4671
4637
4627
4614
4665
5541
4740
4640
4649
4615
4612
4735
4713
4616
4612
4786
4616
4612
4845
4618
4614
4677
4669
4616
4613
4699
4614
4614
4677
4671
4614
4727
4640
4614
4613
4806
4751
4615
4650
4615
4784
4664
4631
4671
4614
4647
4615
4671
4640
4614
4669
4612
4647
4614
4638
4698
4616
4693
4753
4679
4616
4781
4792
4755
4767
4832
4756
4752
4821
4756
4755
4812
4755
4755
4778
4813
4756
4753
4829
4753
4753
4786
4855
4616
4612
4749
4746
4615
4649
4671
4615
4754
4618
4670
4612
4734
4834
4614
4675
4617
4639
4645
4615
4638
4612
4787
4617
4751
4737
4616
4658
4779
4614
4614
4670
4679
4616
4664
4701
4616
4614
4732
4615
4614
4613
4851
4871
4619
4768
4664
4614
4650
4780
4614
4613
4827
4720
4616
6834
5228
4791
4808
4939
4757
4772
4928
4870
4777
4754
5042
4688
4700
4841
4615
4694
4617
4943
4634
4729
4758
4688
4614
4616
4713
4825
4755
4780
4818
4756
4753
4831
4755
4756
4812
4915
4910
4903
4900
4618
4616
4996
4615
4619
4687
4762
4618
4615
4754
4615
4616
4687
4712
4617
4702
4757
4757
4752
4822
4805
4755
4786
4780
4830
4770
4754
4719
4652
4614
4616
4670
4648
4615
4669
4647
4614
4614
4637
4645
4615
4638
4809
4618
4614
4779
4615
4614
4658
4775
4615
4614
4696
4617
4613
4705
4986
4905
4917
4979
4905
4903
4994
4904
4904
5006
4759
4619
4631
4765
4617
4687
4614
4677
4614
4628
4640
4613
4626
4615
4638
4613
4624
4615
4614
4623
4615
4615
4712
4885
4760
4935
4950
4904
4911
4929
4920
4905
4916
4904
4903
4853
4616
4615
4726
4692
4616
4661
4855
4619
4615
4722
4704
4617
4670
4749
4615
4614
4702
4782
4616
4675
4670
4615
4714
4654
4673
4612
4673
4672
4612
4778
4752
4644
4698
4728
4615
4749
4643
4614
4780
4656
4615
4614
4699
4613
4615
4670
4647
4617
4664
4697
4614
4613
4638
4647
4614
4612
4823
4938
4762
4841
4807
4756
4957
4871
4757
4753
4817
4754
4754
5391
6402
4940
4816
4857
4618
4658
4757
4831
4728
4673
4858
4758
4770
4818
4791
4762
4756
4779
4760
4779
4777
4783
4615
4615
4670
4790
4755
4780
4791
4755
4753
4821
4690
4619
4690
4716
4615
4613
4808
4617
4614
4749
4913
4757
4757
4896
4757
4755
4784
4788
4755
4784
4724
4616
4705
4691
4749
4614
4667
4811
4616
4646
4663
4670
4673
4615
4670
4612
4648
4616
4669
4674
4615
4640
4671
4613
4614
4638
4806
4617
4614
4778
4616
4613
4793
4634
4615
4613
4727
4617
4613
4699
4615
4614
4612
4697
4614
4612
4666
4639
4613
4712
4847
4616
4613
4696
4784
4616
4643
4670
4614
4644
4614
4672
4612
4642
4672
4612
4674
4614
4638
4641
4614
4614
4639
4802
4619
4783
4672
4617
4612
4841
4615
4616
4668
4643
4616
4613
4731
4615
4614
4666
4667
4615
4613
4694
4615
4613
4791
4820
4759
4754
4914
4755
4754
4787
4820
4616
4685
4769
4619
4700
4616
4671
4614
4752
4673
4614
4672
4615
4670
4645
4865
4837
4759
4914
4616
4786
4705
4617
4669
4644
4615
4615
4670
4652
4615
4614
4698
4615
4665
4667
4614
4614
4611
4829
4617
4614
4796
4924
4621
4645
4784
4616
4614
4699
4615
4614
4671
4670
4614
4613
5734
5293
4935
4865
4813
4756
4796
4934
4760
4804
4758
4847
4654
4615
4671
4613
4680
4614
4669
4670
4663
4669
4681
4615
4614
4637
4844
4756
4755
4812
4761
4754
4818
4754
4754
4813
4803
4758
4753
4725
4615
4613
4705
4614
4616
4717
4791
4755
4754
4788
4756
4753
4860
4739
4616
4685
4615
4778
4618
4629
4678
4614
4732
4778
4779
4783
4753
4778
4753
4783
4753
4753
4765
4755
4718
4722
4678
4616
4884
4615
4616
4783
4708
4618
4614
4705
4616
4613
4722
4625
4615
4612
4732
4616
4612
4642
4638
4614
4612
4948
4618
4614
4674
4785
4618
4700
4670
4616
4614
4680
4670
4614
4675
4672
4613
4646
4613
4639
4613
4646
4615
4638
4764
4666
4751
4676
4613
4614
4786
4681
4615
4668
4709
4616
4615
4818
4755
4756
4777
4783
4755
4752
4809
4754
4753
4817
4676
4616
4719
4746
4616
4613
4768
4734
4616
4672
4669
4616
4676
4753
4859
4756
4792
4856
4755
4855
4810
4911
4924
4911
4914
4923
4904
4914
4903
4921
4904
4907
4898
4754
4780
4818
4755
4753
4812
4754
4754
4776
4793
4754
4671
4834
4619
4615
4847
4616
4615
4649
4949
4826
4756
4818
4756
4754
4790
4782
4754
4790
4778
4754
4752
7692
5182
4939
4822
4618
4687
4616
4786
4616
4705
4659
4756
4749
4619
4670
4651
4614
4614
4668
4648
4665
4638
4677
4614
4614
4697
4805
4617
4780
4652
4615
4613
4818
4617
4614
4668
4627
4617
4613
4705
4615
4614
4673
4669
4615
4612
4708
4614
4612
4822
4805
4756
4769
4806
4757
4769
4753
4785
4753
4760
4733
4613
4649
4665
4637
4727
4615
4695
4701
4673
4636
4795
4721
4653
4616
4799
4614
4617
4782
5379
4759
4785
4770
4757
4754
4819
4756
4756
4790
4753
4755
4752
4765
4755
4753
4798
4658
4616
4627
4719
4615
4613
4627
4823
4615
4736
4675
4616
4629
4613
4639
4613
4626
4638
4613
4646
4614
4615
4613
4781
4617
4718
4627
4615
4765
4629
4614
4615
4675
4652
4616
4637
4672
4615
4613
4649
4614
4615
4613
4648
4615
4613
4731
4783
4756
4784
4801
4755
4777
4863
4757
4754
4824
4783
4754
4751
4672
4614
4613
4679
4666
4613
4648
4640
4613
4699
4777
4750
4613
4651
4759
4641
4703
4615
4670
4649
4615
4672
4612
4713
4614
4749
4902
4616
4615
4836
4616
4616
4669
4762
4618
4666
4793
4617
4614
4799
4618
4616
4613
4956
4873
4758
4816
4756
4754
4787
4779
4754
4788
4779
4753
4753
7151
5249
4807
4620
4850
4758
4795
4858
4760
4784
4755
4798
4644
4615
4668
4613
4643
4615
4668
4641
4666
4638
4767
4689
4618
4750
4828
4755
4925
5013
4759
4755
4888
4754
4754
4887
4754
4756
4751
4861
4756
4754
4895
4755
4756
4803
4878
4618
4693
4938
4615
4619
4856
4782
4758
4792
4779
4753
4758
4754
4777
4765
4770
4640
4613
4642
4613
4637
4711
4677
4739
4656
4614
4614
4783
4647
4615
4612
4765
4616
4615
4749
5659
4630
4658
4763
4618
4614
4699
4616
4615
4705
4713
4618
4613
4779
4614
4615
4643
4784
4615
4674
4668
4616
4614
4720
4667
4615
4665
4669
4613
4642
4613
4639
4612
4800
4618
4749
4642
4614
4783
4614
4644
4613
4668
4644
4615
4671
4640
4614
4613
4669
4706
4614
4612
4667
4614
4612
4703
4707
4617
4612
4775
4616
4614
4815
4618
4615
4719
4669
4616
4613
4762
4614
4614
4678
4671
4614
4706
4613
4639
4613
4771
4755
4615
4749
4617
4781
4670
4615
4670
4614
4673
4616
4670
4642
4615
4670
4612
4640
4614
4638
4669
4614
4613
4741
4768
4618
4779
4732
4615
4664
4895
4758
4756
4854
4616
4616
4612
4953
4809
4755
4792
4755
4754
4765
4779
4753
4790
4811
4755
4752
7021
4926
4792
4939
4903
4759
4793
4856
4756
4763
4754
4797
4644
4615
4667
4643
4614
4615
4669
4804
4631
4787
4668
4615
4613
4868
4754
4759
4786
4790
4756
4752
4809
4754
4754
4806
4754
4753
4753
4806
4755
4752
4847
4759
4755
4807
4858
4755
4782
4830
4756
4753
4784
4787
4754
4880
4675
4614
4666
4614
4666
4612
4734
4689
4613
4776
4621
4751
4696
4615
4612
4782
4673
4616
4668
4643
4615
4612
4727
4614
4614
4668
4641
4615
4613
4819
4905
4905
4916
4910
4905
4912
4905
4905
4901
4975
4618
4618
4653
4677
4615
4677
4640
4615
4613
4734
4639
4614
4672
4617
4614
4692
4787
4804
4754
4760
4783
4828
4761
4755
4780
4784
4754
4780
4648
4614
4615
4666
4641
4614
4613
4735
4615
4838
4796
4787
4758
4753
4810
4755
4753
4859
4756
4755
4762
4675
4615
4664
4671
4616
4614
4681
4637
4614
4685
4616
4615
4612
4860
4806
4757
4797
4856
4757
4845
4758
4781
4784
4754
4772
4613
4679
4616
4667
4648
4616
4638
4612
4648
4616
4638
4808
4619
4615
4810
4615
4614
4782
4893
4757
4781
4824
4756
4753
4807
4754
4754
4795
4877
4696
4616
4677
4616
4613
4777
4798
4621
5239
4795
4620
4615
7550
4924
4773
4762
4809
4773
4754
4857
4757
4795
4756
4761
4628
4617
4639
4685
4690
4617
4720
4629
4615
4816
4707
4617
4616
5001
4617
4616
4637
4627
4616
4614
4648
4615
4614
4624
4615
4614
4612
4778
4619
4615
4677
4718
4615
4613
4872
4618
4616
4651
4677
4613
4627
4639
4613
4613
4627
4639
4613
4817
4617
4614
4692
4757
4720
4615
4652
4616
4765
4632
4616
4675
4626
4615
4614
4637
4682
4615
4613
4650
4615
4613
4624
4612
4615
4613
4779
4619
4615
4753
4616
4615
4612
4827
4617
4614
4689
4616
4615
4627
4637
4615
4612
4624
4639
4613
4714
4758
4615
4842
4813
4908
4915
4902
4913
4904
4912
4907
4902
4816
4755
4777
4750
4615
4671
4681
4615
4615
4637
4642
4615
4613
4838
4978
4869
4898
4756
4756
4767
4832
4757
4843
4817
4758
4754
4815
4614
4615
4714
4797
4618
4614
4671
4639
4613
4708
4923
4617
4673
4614
4786
4614
4672
4694
4615
4757
4617
4673
4651
4613
4671
4612
4676
4616
4639
4665
4614
4613
4637
4801
4616
4748
4645
4614
4613
4814
4615
4614
4669
4642
4615
4694
4915
4647
4614
4693
4614
4613
4613
4840
4797
4617
4790
4741
4616
4670
4785
4618
4615
4668
4669
4615
6980
5652
4915
4821
4866
4756
4789
4823
4758
4694
4614
4770
4820
4836
4801
4818
4787
4755
4833
4785
4755
4811
4783
4755
4754
4884
4755
4756
4777
4789
4755
4754
4808
4755
4754
4839
4812
4755
4784
4816
4615
4613
4721
4733
4617
4708
4669
4616
4613
4671
4670
4613
4642
4671
4613
4642
4614
4638
4612
4810
4780
4615
4855
4665
4783
4673
