23345
22625
22327
22331
22591
22893
22279
22569
22350
22045
22092
21596
21742
21746
21732
21858
21939
21804
22047
21723
22020
22121
21707
21745
21716
21988
22155
22163
23224
22441
36873
22324
22331
21923
21788
22214
22336
22325
22416
25025
23031
22343
22324
22331
21915
21799
21746
21698
21688
21929
22009
21943
21855
22123
21939
22039
22310
21795
21758
21768
21968
21652
21706
21751
21715
22380
22132
21625
21794
21885
22271
21765
21705
21761
21816
22015
21677
21712
21762
21989
22182
21830
21716
21776
22401
24909
21949
21824
21779
21482
21868
21718
22080
22298
22434
22400
21862
21691
21711
21940
22283
21921
22210
22271
22375
22177
22408
22185
21981
21942
22268
22269
21722
21763
21820
21863
22104
21708
21685
21773
21965
21955
21716
21761
21801
21834
21932
21728
21707
21734
23720
22239
22024
21753
21790
21916
21785
21847
21773
21777
21867
21780
21780
21824
21677
22349
22228
22054
21736
21657
21879
21925
21674
21732
21655
22153
22218
22051
21767
21621
21807
21997
21707
21737
21907
22014
22342
22098
22150
22038
21868
21879
21748
21717
21729
21696
24513
22192
22019
22184
22157
22233
22180
21969
21746
21741
21895
21740
21956
22231
22189
22207
22188
21751
21751
21731
21810
21815
21819
21658
21687
21876
22227
22136
21752
21571
21844
21843
21771
21812
22168
22579
22536
23053
22502
22235
22174
22291
21697
21769
21719
21870
24256
22491
22083
21885
21589
21424
21294
21576
21773
21683
21512
21422
21211
21689
21577
22122
22309
21864
21764
21763
21849
21779
21695
21715
21837
22197
22174
21888
21712
21794
22077
21694
21733
21732
21714
21984
21971
21844
22219
21969
22354
21865
21729
21744
21681
22119
24628
22369
22219
21565
21775
21724
21789
21900
21743
21883
21834
21757
21775
21919
22209
22271
22103
22328
22565
22254
22180
22151
21792
21695
21689
21961
21936
21690
21779
21794
21835
21845
21691
21779
21905
22010
21752
21735
21704
21859
21807
22247
22139
21866
21808
21826
21789
24526
22005
22190
22229
22158
22135
21731
21747
21703
21871
21740
21709
21750
21915
21799
21759
21693
21664
21958
21836
21681
21718
21837
21821
21705
21982
21674
21694
21831
21886
21708
21678
21805
22189
22103
21710
21714
21735
21920
21823
21623
21735
21738
22110
21835
23493
23316
22015
22087
21763
21753
21811
21696
21881
21887
21707
21707
21682
21869
21940
21706
21724
21652
21708
22043
21730
21955
22232
21944
21863
21889
21819
21798
21845
21868
21793
21880
21818
21662
22237
22307
22171
21922
21682
21770
21943
21789
21694
21801
21929
21932
24386
21809
22128
21643
21738
21714
21898
21740
21755
21878
21805
21722
21657
21939
21870
21758
21716
21655
21865
21808
21821
21745
21663
21727
21970
21716
22008
21711
21880
21834
21734
21780
21676
21896
22116
22194
22152
21776
21729
21842
21867
21950
21846
21676
21275
24269
22720
21401
21698
21942
21731
21662
21912
21702
21912
22204
21509
21500
21819
22072
21798
21713
21742
21717
22201
22212
21999
21717
21730
22080
21794
22014
21911
21853
22067
21852
21688
21685
21740
21896
22035
21752
21680
21721
21869
21820
21697
21754
21686
21773
21818
22623
22591
22178
22108
21989
21946
21860
21808
21785
21926
21764
21706
21712
22014
22291
22325
22280
22146
22109
22192
22162
21806
21722
21702
21837
21778
21940
21716
21792
21878
21688
22211
21960
21703
22152
22187
22148
21991
21712
21939
21855
21696
21742
21658
21852
21851
21728
24332
22033
22196
21895
21715
21879
21883
22039
22256
22033
21787
21923
22357
22161
21810
21739
21868
22202
22211
21685
21717
21794
22216
22162
21979
22106
22178
22131
21894
22150
22148
22253
22246
22189
22178
21745
21738
21896
22180
22211
21787
21702
21919
21901
21714
23101
21994
22020
21797
21685
21813
21881
21985
22248
22220
21883
22136
21864
21916
21739
21745
21744
21860
21912
21656
21764
21716
21893
22204
22198
21757
21983
21881
21792
21861
21762
21741
21999
22264
21766
21734
21843
21740
21829
21793
21762
21720
21691
21972
22037
21776
25524
21450
21755
21769
21618
21782
21921
21839
21841
21731
21723
21714
22150
22200
21977
21718
21742
21832
21867
21740
21651
21827
22358
22169
21838
21732
21965
21789
21862
22196
22144
21968
21869
21993
21706
21745
21843
21984
21992
21756
21673
21691
21744
21807
21834
22495
22474
21938
22187
21799
21771
21872
22227
22129
22208
22091
21714
21676
22352
22196
22066
21824
21743
22222
22167
21947
21825
21806
21961
21853
21687
21848
22222
22202
21911
21711
21699
21709
21976
21953
21686
21753
21805
21883
22073
22142
21948
21774
22083
22175
23743
22413
21865
21756
21931
21736
21687
21978
21737
21802
22202
22150
22105
22147
21910
22261
22146
22120
21808
22225
22203
21782
21755
21726
21914
21783
21845
21995
22170
22318
21685
21746
21747
21771
22258
22189
21951
22251
21704
21862
21838
21719
21928
22190
22012
21785
23805
21579
21880
21804
21876
21794
21876
21823
22068
22207
22191
21691
21758
21795
21736
21989
21871
21772
21882
21756
21737
21887
21693
22139
21975
21973
21662
22117
21896
21940
22152
22172
21712
22075
21845
21682
21749
21790
22113
22232
21869
21683
21710
21733
21957
22180
23571
21905
22260
22238
22175
21763
22147
22226
22207
21697
21790
21735
22364
22591
21970
21537
21335
21312
21813
21863
21688
21719
21804
21812
22025
21904
21765
22179
22118
21819
21703
21649
21822
22380
22173
21828
21737
21682
21892
21860
21753
21686
21739
21869
21802
24220
21990
21896
22005
21817
21690
22052
21709
21781
21962
21829
22147
22184
22115
21860
21840
22151
22155
21873
21807
21676
21695
21776
21849
22175
22226
21850
21861
22341
22179
21855
21718
21722
22755
21920
21716
22331
22198
21942
21867
21843
21753
21724
21754
22241
22078
23298
22216
22143
22215
22302
22183
22104
21752
21862
21869
21776
21781
21838
22274
22330
22163
21805
21684
21838
21888
21745
21868
21841
22217
22156
21763
21682
21916
22353
22015
21663
21750
21778
22089
21820
21792
21742
21755
22293
22251
21932
21700
21727
21866
21793
21923
23386
22112
22305
21789
21715
21777
21715
22033
22249
22295
21821
21815
22053
21567
21369
21795
21747
21760
21897
21702
21784
21976
22005
21839
21727
21697
21713
21995
22188
22033
21701
21986
22215
21820
21789
21690
21727
21883
21874
21699
21748
21678
21761
21809
21869
23407
21969
21760
21831
21717
21792
21766
21704
22059
21817
22053
22186
22061
22298
22161
21728
21676
21731
21858
21822
21650
21794
21624
21749
21995
21706
21737
21736
21918
21860
21794
21709
22103
22109
22064
21815
21985
22169
22078
21873
21940
22002
22147
22105
21846
24489
21947
21762
21821
22264
22172
21795
21711
21768
21999
21890
21769
21782
22171
22182
22131
21863
21680
21827
21864
21874
21674
21682
21725
22202
22169
21884
21682
21775
22215
22174
21856
21733
21825
22354
22296
21724
21768
21862
22094
22200
22153
21767
21649
21780
21945
24661
22141
21696
21735
21439
21399
21273
21187
21625
21986
21767
21709
21736
21791
21791
21951
22038
21706
21876
21801
21734
21747
21640
21751
21823
21897
21740
21757
21768
21874
21826
21763
21701
21860
22329
21801
21957
21732
21648
22199
22106
21947
21725
21710
21864
21769
23467
21985
22158
22166
22220
22141
21708
21772
21856
21943
21802
21687
21714
21823
21944
21742
21824
21679
21769
22031
22202
21717
21801
22067
21785
21717
21789
21798
21781
21841
22035
21288
21209
21796
21822
21910
21838
21693
21826
22501
22368
22023
21861
21875
22032
22296
23403
22068
21891
22198
22155
22044
21787
21728
21950
22175
21785
21972
22206
21833
21655
22062
21789
21689
21910
21782
21844
21840
21760
21872
21790
21763
21754
21763
22089
22287
21973
21741
21750
22121
22356
21902
22253
22095
21873
21856
21712
21755
21803
21767
21956
24328
22020
21787
21924
22239
21823
21739
21707
21850
21821
21844
21817
22099
21787
21905
22066
22150
22125
21769
21791
21772
22440
22756
22052
22230
22157
22030
21732
21714
22342
21799
22200
22151
22219
21781
21817
21872
22127
22144
22308
22169
21891
21752
21681
22038
21960
24580
22017
22162
22046
21987
21818
21707
21649
22046
21740
21912
21707
21966
22244
22149
21876
21876
21928
21942
21861
21727
21757
21766
21922
22248
21712
22067
22227
22147
21972
21974
21631
21614
21709
21966
21741
21733
21796
21709
21807
21870
21741
21751
21696
22142
24438
22563
21836
21766
21960
21868
22176
22153
21866
22031
22170
21719
21684
21829
22145
21775
21694
21735
21723
21922
22147
21741
21213
22329
22373
22263
21826
21806
21693
21958
21866
21772
21706
22128
22490
22131
21838
21739
21758
21895
21807
21681
21800
21682
22309
21906
24622
21914
22131
21954
21810
21770
21771
21790
21999
22190
21901
21706
22088
22209
22172
21898
21707
21707
22029
21718
21742
21698
22100
22181
22193
21705
21742
21656
22171
22083
21723
21791
22023
22239
22197
22071
21785
21680
21941
22127
21773
21739
21659
21856
21812
21795
23237
22213
21997
21906
21690
21746
21680
21967
22144
22130
22104
21734
21862
21984
22249
21718
21792
21693
21825
21872
21710
21656
21698
21937
21900
21888
21991
21446
21889
21881
21795
21706
21952
21797
21790
21782
21832
21646
21887
21830
21739
21719
21660
21932
22000
24590
22024
21513
21848
21837
21740
21810
21759
21882
21633
21604
21869
21862
22001
21781
21649
21827
21744
21757
21876
22191
22144
21966
21890
21779
21728
21792
21788
21865
22273
21868
21455
21296
21956
21813
22824
22342
22328
22014
22323
21999
21745
21716
21691
21783
21902
24710
22011
22188
21431
21458
21434
21239
21292
21936
21769
21948
21857
22001
21977
21831
21876
22191
21906
21801
21792
21705
21796
21651
21725
21957
21705
21697
21830
22033
22287
22176
21710
21977
21740
21924
22048
21740
21866
21851
22034
22310
22115
21726
22863
22177
22369
23090
22175
22164
22233
21976
21747
21768
21750
21794
21840
21930
21742
21980
21958
21920
21813
21789
21860
22344
22172
21990
21774
21948
22230
21933
21813
21800
21715
22046
22087
21901
21840
21958
22095
21842
21810
21732
21769
21800
21815
21707
21842
21778
21861
22161
24395
22262
22217
22014
21782
21770
21753
21647
21893
21750
21723
21890
21833
21802
21913
21831
21730
21715
21731
21792
21758
22167
21908
21429
21272
21342
21172
21194
21466
21925
21893
21814
21775
21824
21823
22099
21717
21275
21468
21565
21861
21849
21679
21710
21685
22013
24405
22431
21878
21939
22237
22175
22173
21957
21875
22024
22082
21987
21548
21454
21914
21903
21694
21794
21781
22001
21874
21677
21700
22034
21946
22031
21708
21785
21635
22058
21972
21805
21920
21680
21842
22292
21985
21840
21745
21776
21931
21764
21274
21174
21533
21939
24246
22036
22219
22197
22172
22097
21745
21710
21715
21953
21783
22002
22206
22189
22182
22182
21715
21730
21783
22060
21828
21727
21567
21738
21791
21889
21913
21799
21733
22065
22170
22153
22076
21662
21842
21918
21749
21810
21724
21882
21769
21788
21829
21680
21897
24822
22297
22413
22050
21983
22353
22150
22145
21815
21846
21833
21732
21967
21713
21895
21904
21816
21682
21803
21717
21767
21899
21654
21751
21825
21830
21701
21820
21673
21944
22498
21927
21988
22174
22204
21822
21787
21800
21792
21707
21985
21701
21763
22155
22168
21648
24173
22312
21848
21726
21819
21796
21739
22143
21842
21776
21994
21653
21985
21743
21834
21828
21770
21766
21653
21845
21819
21655
21717
21765
21710
21746
21904
21717
21835
21792
22089
22046
22092
21715
22490
21881
21861
21824
21656
21777
21920
22176
22116
21736
22150
22251
25109
22109
21814
21767
21877
21841
21751
21711
21779
21744
22008
22191
21688
21677
21972
21687
22048
22178
21985
21821
21780
21800
21693
21712
21860
21760
21765
21788
21684
21741
22254
21979
21969
21715
22027
21936
21982
21865
21767
21709
21926
21869
22147
22100
21741
22080
23668
22310
21758
21817
21799
22170
21951
21764
21686
21803
21832
21881
21908
22369
22010
21884
21737
21711
21829
22225
22150
21936
21924
21902
21825
21909
21793
21684
21677
22047
22127
21852
21818
21726
21863
22013
22177
21926
21718
21782
21740
21794
21652
21719
22031
22745
22678
22237
22165
22248
21776
21826
21361
21268
21480
21817
21798
21994
21718
21690
21861
21923
21753
21744
21719
21770
21761
21794
21685
21718
21986
21719
21831
22167
21935
21980
22044
22056
21802
21730
21830
21794
21717
21801
21780
21823
22162
22173
21959
21760
21880
22146
23246
22179
21960
21852
21894
21731
21212
21267
21365
21794
21914
21898
21750
21886
22159
22157
21923
21832
21799
21818
21802
21861
22143
21956
21741
21702
21407
21151
21146
21777
21980
21865
21751
21671
22198
22174
22185
21739
21694
21807
21944
22000
22223
21856
21704
21856
23463
21989
21769
21825
21821
21746
21761
21650
21718
21944
21840
21805
21751
21854
22209
22241
21798
21717
21685
22106
21827
21955
22170
22174
21855
21916
21744
21673
21716
21930
22042
21832
22524
21708
21959
21748
21877
21712
21650
22283
22179
21959
21714
21989
22257
25030
21792
21908
21798
22307
22179
21827
21762
21682
21862
21854
21985
21672
21739
22199
22172
21915
22208
22169
21951
21846
21800
22130
22262
22006
21863
21682
21697
21637
21689
22219
21971
21602
21764
21702
21824
22052
21703
21736
21712
21972
21737
21714
21781
21756
21789
24754
22198
22159
21627
21629
21766
21809
21660
21755
22131
21821
21895
21736
21613
21890
21803
21727
21593
21181
21772
21870
21745
21767
21676
22080
22235
22147
22099
21707
21823
22207
21721
21767
21684
21780
21878
21760
21689
21798
21807
21820
21664
21801
21754
21776
21954
23318
21978
21912
21930
22267
22175
21749
21776
21849
21973
22208
22225
21718
21750
21918
21786
21774
21773
21923
21822
21837
21859
21689
21710
21979
21867
22155
22255
21734
21972
22257
22173
21728
21739
21918
21907
21727
21788
21713
21874
21838
21706
21675
21764
22071
24062
22729
22157
22154
21971
21820
21813
22302
22057
21713
22037
21864
21916
21764
21962
22178
22175
21775
21687
21863
22267
22163
21746
21717
21871
22220
21872
21739
21744
21844
22187
22198
22179
21693
21772
21986
22251
22170
22167
21859
21816
21771
22164
22168
21855
21954
24646
22009
21804
21766
22185
22177
21905
21710
21775
22227
21795
21973
21677
21677
21836
21825
21743
21680
21732
21766
21821
21756
21745
21826
22001
22064
21776
21820
21773
22179
22324
21729
22732
22199
22267
22248
22208
21676
21687
21674
21901
21748
21834
21729
22133
22972
22097
21751
21672
21666
21817
22172
22199
21712
21668
21862
21990
21902
22236
22149
21997
21842
22137
22142
21821
21819
21727
21748
21768
21681
21810
21869
21771
21344
21741
21853
22035
21797
21813
21284
21443
21944
21823
21720
21738
21912
21801
21742
21818
21759
21758
23557
21981
22166
22202
22193
21987
21909
21713
21745
21808
22264
22181
22172
21700
22395
22238
21929
21770
21771
21651
21870
21866
21993
21897
21745
21900
21773
21701
21824
21713
22025
22050
21658
21775
21793
21829
21924
21655
21834
21915
21766
21919
21683
21734
21817
24498
22062
22070
21578
21806
21924
21758
21783
21697
21720
21766
21957
22112
21779
21264
21799
21815
22086
22178
22138
21780
21932
22000
21758
21739
21478
21840
21836
21791
21684
21690
22324
21773
21733
21796
21822
22256
21975
21650
21741
21645
21897
21895
22020
22164
21713
24842
21905
21774
21710
21762
21834
22159
22176
21988
21711
21929
21766
21690
21958
21709
21744
22108
22173
21954
21742
22089
21743
21681
21766
21677
21805
21963
21739
21716
21703
21850
22347
22190
21809
21767
21698
21900
22007
22152
22045
21678
21897
21878
21796
21775
21800
24900
22242
22041
21673
21716
21867
21829
21641
21778
21710
21994
21826
21765
21897
21757
21999
21879
21702
21788
21658
21804
22079
21771
21677
21716
21874
21820
21771
21741
21655
22074
22393
22463
21865
21768
21839
21806
21903
21684
21706
21710
21871
21757
21815
21729
21684
24547
21986
21575
21743
21766
21858
21874
21740
21737
21655
22025
21828
21752
21958
21735
22134
22193
22117
21732
21675
21837
22200
22134
22093
21753
21872
22329
22107
21711
21768
21885
21949
21901
21735
21743
21909
22286
22151
21880
21699
21752
21687
21876
21762
21710
24779
22208
21937
21807
21898
22184
22253
21787
21649
21728
21716
21809
21961
21922
22369
21696
21926
21805
21835
21753
21742
22083
21382
21164
21220
21163
21641
21752
21580
21912
21907
21719
22277
21704
22102
21822
22089
22239
22184
21742
21651
21891
22239
21919
22219
23910
22235
22348
22154
22183
21857
21946
22227
22134
21753
21799
21949
22041
21824
21870
21684
21862
22095
22195
21880
21735
21735
22210
22171
21853
21734
21711
21879
21868
21779
21687
22011
22146
21805
21775
21800
21792
21836
21736
21743
21767
21709
21839
21784
21798
21756
24501
22387
22149
22157
22175
21815
21849
22148
21910
21776
22078
21790
21859
21735
21891
21752
21923
21771
21724
21680
21765
21823
21793
21790
21686
21757
21972
21709
21719
21768
21897
21956
22017
21865
22131
22092
22029
21635
21302
21383
21221
21612
21860
21860
21711
21763
25086
22083
21818
21753
21723
21748
21965
21683
21685
21804
21849
21825
22298
21769
21853
21861
21861
21662
21767
21848
21818
21728
21774
21707
21769
21829
21830
21728
21753
21714
21887
21898
21848
22550
21672
21678
21891
21812
21668
21706
21656
21873
22181
22087
21836
23333
22225
22191
22134
22150
21960
22138
22197
22012
21747
21656
21947
21920
22175
22284
21847
21832
21835
21733
21705
21716
22010
22081
21846
21935
21801
21553
21528
21586
21779
21768
22508
21799
22064
21857
21621
21488
21965
21819
21814
21832
21742
21799
21834
21805
21705
24862
21910
22156
22188
22146
21846
21965
21860
21733
21709
21819
21878
22056
21817
22010
22154
21994
21884
22502
22372
21760
21939
21821
21715
21739
21783
22167
22188
22007
21771
21842
21683
22048
21685
22067
22242
22290
21998
21759
21730
21711
21917
21954
21963
21921
22401
22897
22080
22232
22126
21986
21807
21907
21649
21745
21824
21857
21893
21689
21796
22183
22120
21947
21844
21716
21800
21886
22185
22045
21713
21692
21804
21802
21886
21581
21172
21995
21285
21722
21856
21785
21650
21869
21847
21741
21691
21706
21793
21797
22044
21874
24451
22016
22155
22198
22196
21717
21903
21930
21707
21760
21799
22111
22175
22090
22167
22425
22573
22500
22275
22233
21971
21734
21895
22223
21795
21737
21926
22017
22022
21753
21892
22010
22030
22008
21768
21819
21841
21815
22168
22153
21974
22265
22137
22479
22196
21981
23327
22111
21728
21726
21722
21749
21844
21822
21734
21739
21843
21954
21655
21918
22146
21989
21829
21730
21712
21624
21757
22013
21737
21650
21668
21786
21846
21773
21684
21711
21920
22039
21951
22169
21851
21734
21805
21879
21685
21718
21890
21795
21695
21882
21656
23993
22769
22174
21875
21861
21834
22004
22219
21892
21718
21737
21898
21832
21740
21831
21830
22215
22213
21873
21744
21654
21878
22015
22023
21753
21812
21821
21856
21802
21790
21950
21822
21855
22132
21701
21720
21948
22226
22140
21718
21710
21717
21736
21955
21740
21715
23741
21984
22148
22189
22019
21880
22091
21849
21683
21759
21755
21804
21867
21807
22219
21824
22289
22179
21948
21658
21682
21847
22240
22176
22095
21999
22294
21752
21786
21712
22017
22141
21930
21921
21802
21734
21797
21874
21683
21731
21663
21840
21824
21771
21775
23767
22763
21931
21550
21547
21629
21700
21811
21916
21713
21815
22042
22202
22168
21851
21684
22010
22217
22198
21907
21678
21823
22225
22156
22148
22191
22098
22116
21896
21915
21729
21815
21796
21854
22225
22059
21667
21934
21921
21784
22089
22144
22265
22209
21949
21714
23904
22071
22155
22185
22166
22148
22237
21842
21737
21723
21744
21888
22160
22131
21969
21892
22171
22198
22061
21716
21657
22121
22183
22152
22171
22174
21803
21790
21752
21750
21838
21880
21854
21935
21769
21826
22034
21983
22317
21761
21736
21839
21811
21734
21742
21792
23515
22282
21880
21708
21717
21802
22022
22209
21840
22018
22287
22097
21957
22175
22152
21896
21953
21741
21681
21724
21763
22196
22176
21897
21761
21719
21883
21766
21746
21789
21761
21848
21856
22266
21884
22006
21866
21813
21687
21965
21673
21713
21954
21760
21676
24890
22214
21959
21734
21645
21679
21855
22104
22150
22006
21752
21782
21858
21782
21896
22221
22141
21804
21758
21759
21706
21812
21879
21688
21724
21842
21645
21847
21793
21754
21854
21656
21810
21813
22121
22214
21995
22190
22196
22136
21888
21774
21792
21315
21512
21859
22747
22122
21986
21763
21639
21712
21795
21816
21829
22144
22200
21965
21843
21754
22141
21890
21745
21826
21862
21795
21766
21886
21798
21443
21198
21219
21227
21813
21874
21325
21515
21582
21841
21835
22196
22210
22115
22127
22193
21945
21808
21720
21812
21874
21795
22220
23286
22277
22188
22130
21849
21634
21774
21907
21705
21740
21826
21872
22030
21975
21547
21587
21356
21614
21357
21212
21269
21335
21881
22227
22200
21996
21755
22214
22172
22011
21924
21714
21945
21845
21978
21844
21699
21881
21829
21735
21740
21660
21806
22056
21703
23310
22001
22164
21919
22191
22143
21968
21880
21797
21711
21873
22114
22009
21996
21699
21711
21860
21842
21531
21343
21229
21163
21304
21862
21795
21679
21764
21915
21948
22181
22286
21722
21716
21955
21774
21995
21806
21655
21926
21833
21756
21687
21650
21794
21810
21691
23564
22134
22046
21872
22003
22183
22196
21917
21818
21773
21825
21675
21839
21813
21689
21768
21934
21706
21762
21866
21938
22130
22176
21791
21749
21993
21868
21745
21523
21919
21928
21746
21842
22238
22517
22199
21688
21756
21965
21724
21753
22177
22172
21952
21805
24253
22052
22240
22361
22435
22465
22397
21551
22166
22534
22467
21796
21808
21707
21905
21767
21740
21884
21871
21813
21736
21683
21678
21838
21838
21940
21799
21749
21852
21835
21861
21842
21772
22022
22225
22194
21872
21659
21708
21814
22260
22144
21836
21834
21853
21734
24138
22228
22003
22279
22183
21853
21749
21787
21815
22010
22217
22156
21926
21839
22277
21706
21649
21910
21941
21730
21741
21720
21754
22202
22171
22011
21855
22143
22285
22192
22246
22173
21942
21876
22506
21949
21275
21170
21750
21865
21699
21741
21677
22060
22251
24984
21993
21884
22005
22224
22036
21744
21744
21926
21882
22186
22170
21926
21787
22224
22051
21756
21989
21827
21772
21761
21715
21672
21701
22574
22629
22206
22187
22251
22223
22033
22130
22161
22022
21838
21799
21952
22089
22103
22091
21716
21699
21767
22130
21600
21724
23776
22007
21900
21839
21675
21767
21685
21848
21838
21791
21842
21652
21870
22438
21834
21829
21869
21972
22247
22158
21792
21751
21843
21814
21850
22177
22144
21771
21886
21736
21811
21736
21860
22238
22224
22142
21684
21851
22255
22160
21856
21683
21778
21918
21782
23924
22680
22222
22224
22203
22035
21710
21816
22008
22189
22093
21879
21851
21862
21863
21739
21957
22182
22272
21925
21761
21757
21721
21858
21816
21996
21854
21640
21730
21827
22115
22158
22124
22055
22564
22114
22294
22199
21705
21933
21745
21745
21858
22016
22235
23121
23569
21718
21938
22198
22160
21731
21703
21718
22183
22161
22516
22236
22035
22317
22319
21958
22195
22308
22087
21740
21846
21764
21756
21741
21903
21793
21639
22126
22300
21927
22320
22174
22001
21927
22012
22366
21827
21818
21767
21753
21746
21669
21704
21928
21740
24322
22040
22190
22254
22132
22031
21751
21821
21850
21765
22308
21768
21472
21881
22072
22308
22278
21752
21975
21872
21704
21675
21663
21778
21835
21776
21729
21642
21837
21844
21892
21685
21703
21831
21810
21791
22074
21651
21702
21969
21680
21682
21736
21839
21831
24336
21985
21764
21696
21872
21735
21806
21772
21936
22246
22150
21813
21740
21857
22038
21874
21710
21771
21713
22062
21735
21724
21743
21767
22231
22185
22104
22017
22035
21488
21417
21934
21792
21743
21810
21901
21749
22040
21713
21868
21799
21756
21748
21648
21795
22098
23271
21567
21934
21785
21888
21943
22159
22153
21927
21820
21710
21790
21739
21753
21807
21880
21727
21758
21787
21960
22059
22188
22130
21784
21885
21705
21719
21763
21831
22001
21922
21903
21733
21725
22317
22208
21858
21966
21735
21962
21848
21716
21686
21737
21942
21795
24821
22072
22195
22453
22494
21946
21794
21876
21961
21795
21796
21732
21722
21830
21977
21707
22171
22143
21929
22117
21702
21718
21741
21876
21826
21811
21707
22137
22181
21750
22069
22158
22165
21795
21827
22705
21656
21966
21725
21762
21806
21731
21724
21810
22161
23501
24047
21976
21798
22225
22213
21968
21730
21720
21703
21762
22169
21835
21742
21732
21802
21856
21706
21658
21959
21803
21744
21747
21682
21819
21801
21679
21751
21970
22182
21969
21927
21718
21683
21914
21872
21862
21772
22000
21730
21884
21757
21772
22741
22639
23927
22867
22318
22312
22585
21865
21750
21799
21765
21682
21925
21823
21741
21846
21916
22007
22389
21837
21726
21718
22073
21714
21738
21767
21701
21822
21889
21752
21787
21821
22025
21588
21216
21404
21572
22047
21804
21743
22178
21963
22179
22247
22304
22144
21973
22231
24667
22382
22213
21839
22110
22157
21746
21736
21878
21947
22174
22258
21671
21756
21839
21873
21820
22090
21849
22050
22010
21631
21425
21744
22033
21891
21822
21246
21738
21815
21902
22212
22170
21864
21953
22024
22297
22380
21960
21832
21945
22263
22279
22164
22267
22201
22795
22332
22195
22028
21668
21779
21752
21724
21809
22018
22075
21735
21687
21871
21792
21687
21898
21720
21886
21829
21864
21754
21742
21743
21797
21734
21741
21710
21683
21807
21834
21717
21745
21732
21778
21876
22001
21765
22351
22355
22213
22264
22145
22047
21926
23437
22394
21836
22073
23060
22404
22254
22430
22346
22176
22194
21941
21749
21865
22256
22199
21976
21747
21845
21883
22106
21841
21783
21731
21950
21717
21794
21712
21804
22318
22369
21863
21803
21461
21411
21354
22231
21274
21116
21559
21289
21203
21824
21663
21635
21292
24904
22284
21852
21846
22249
22131
21757
21771
21858
21792
21807
21776
21711
21799
21905
21688
21914
22306
22252
22176
21981
21739
21696
21957
21950
22294
22552
23002
22883
22986
23939
21755
21859
22231
22234
22011
21676
21782
22116
21743
21717
21698
21669
22388
22153
21987
23936
23581
22724
22326
21974
21170
21638
21754
21842
21790
21848
21679
22202
22212
22036
22316
21680
21913
21838
21743
21909
21622
21769
21931
21710
21726
22010
22182
22260
22275
21706
21708
21837
22051
21730
21849
22057
22041
21856
21637
21724
21651
21764
21834
23269
23198
22193
22141
22249
22185
22057
22243
21817
21399
21991
21820
21748
21766
21838
21820
21767
21735
21754
22265
22216
22007
21692
21691
21892
21841
21845
21721
21660
22220
22017
22060
21858
21712
21880
21915
21810
21774
21640
21867
22270
22181
22024
21694
21769
21953
22635
22253
21907
21904
22204
22202
21844
21787
21892
21856
22138
22229
21946
21776
21823
21998
21686
21743
21786
21916
22066
21975
21771
21756
22025
21695
21798
21740
21674
22263
22792
22239
22227
21977
22203
21935
21772
21806
22864
22954
21667
21181
21205
21160
21367
21865
23442
21290
21322
21193
21393
21231
21206
21197
21239
21265
21258
21477
21251
22523
22375
21203
21286
21167
21199
21298
21312
21252
21441
21146
21995
21806
21608
21165
21214
21491
21477
21781
22298
21590
21383
21413
22489
21220
21232
21230
21364
21198
21215
21135
21187
21343
23177
21340
21251
21306
21179
21240
21229
21226
21190
21192
21374
21250
21169
21185
21459
21297
21282
21334
21188
21218
21286
21277
21454
21188
21109
21288
21203
21207
21180
21167
21367
21499
21422
21192
21185
21290
21275
21286
21223
21293
21356
21349
21264
21213
21160
21154
21349
22694
21816
21905
21592
21606
21585
21107
21046
21140
21127
21260
21355
21164
21211
21785
21784
21815
21907
21310
21206
21391
21229
21495
21155
21138
21303
21249
21251
21206
21172
21284
21671
21235
21196
21223
21194
22570
21404
21239
21162
21290
22146
21786
21461
21183
21200
21305
22932
21909
21542
21291
21188
21178
21131
21250
21164
21319
21300
21232
21219
21311
21245
21444
21212
21214
21236
21226
21797
21714
21908
21184
21165
21270
21318
21240
21216
21171
21338
21478
21168
21209
21163
21205
21307
21404
21200
21128
21439
21364
21230
21217
21266
21289
21738
23016
21648
21307
21080
21180
21263
21160
21215
21200
21387
21841
21968
21431
21184
21311
21237
21158
21211
21456
21657
21880
21409
21808
21710
21654
21365
21280
21159
21184
21141
21181
21497
21363
21132
21216
21303
21294
21320
21211
21129
21193
21435
21232
21206
21163
21160
21388
23607
21656
21634
21055
21144
21325
21192
21212
21161
21206
21759
21235
21167
21191
21299
21623
21805
21709
21129
21167
21280
21323
21198
21355
21298
21832
21754
21579
21197
21206
21452
21712
21233
21138
21153
21286
21223
21854
21224
21165
21214
21671
21598
21561
21316
21592
22180
22630
21460
21202
21114
21275
21588
21159
21228
21174
21232
21182
21155
21076
21038
21167
21225
21348
21581
21543
21437
21358
21256
21161
21463
21171
21203
21410
21245
21261
21224
21638
21245
21251
21169
21161
21283
21302
21326
21260
21176
21172
21410
21231
21165
21266
21136
24832
21524
21740
21581
21771
21439
21301
21208
21148
21102
21165
21315
21354
21209
21129
21300
21330
21264
21783
21201
21140
21369
21296
21217
21412
21168
21308
21373
21163
21188
21314
21696
21846
21828
21444
21207
21418
21319
21220
21133
21162
21145
21510
21261
21194
21214
21138
24670
21820
21712
21186
21072
21238
21258
21251
21325
21406
21344
21481
21150
21105
21170
21211
21281
21196
21269
21192
21172
21334
21299
21213
21355
21171
21272
21278
21180
21185
21167
21424
21502
21749
21738
21409
21402
21281
21259
21220
21193
21111
21428
21252
21170
21247
22677
22086
21225
21073
21090
21085
21268
21258
21306
21183
21202
21378
21317
21299
21229
21187
21165
21310
21305
21259
21162
21133
21309
21260
21136
21381
21130
21321
21260
21277
21190
21224
21358
21321
21226
21191
21186
21577
21339
21291
21277
21194
21220
21322
21447
21191
21212
22732
21752
21231
21088
21103
21204
21277
21240
21311
21182
21195
21328
21219
21299
21244
21328
21157
21465
21283
21164
21255
21138
21309
21283
21163
21377
21191
21270
21238
21884
21715
21417
21333
21303
21217
21212
21153
21358
22420
21648
21322
21306
21205
21490
21290
21196
21240
23026
21820
21377
21285
21129
21186
21297
21344
21266
21102
21219
21354
21162
21194
21210
21168
21156
21488
21407
21213
21190
21163
21295
21289
21177
21404
21161
21179
21402
21210
21160
21453
21362
21669
21567
21368
21178
21366
21282
21281
21202
21477
21539
21801
21527
21235
21197
24966
21836
21275
21619
21545
21388
21170
21047
21102
21100
21354
21303
21349
21194
21142
21231
21494
21659
21940
21189
21294
21691
21711
21707
21430
21133
21297
21277
21190
21172
21219
21453
21317
21262
21255
21138
21218
21424
21215
21191
21239
21204
21686
21665
21509
21308
21311
24450
21127
21078
21138
21049
21219
21230
21209
21220
21152
21370
21981
21719
21474
21196
21311
21423
21288
21354
21580
21178
21319
21374
21293
21391
21190
21358
21230
21159
21231
21192
21356
21247
21305
21165
21233
21783
21570
21267
21188
21183
21168
21250
21392
21440
21491
21170
24899
21290
21181
21098
21073
21220
21240
21099
21048
21082
21352
21292
21300
21190
21219
21194
21236
21378
21188
21440
21716
21976
21408
21220
21365
21679
21964
21758
21243
21193
21222
21620
21299
21253
21187
21245
21316
21272
21337
21190
21172
21291
21370
21214
21434
21351
23425
21277
21107
21155
21214
21177
21478
21715
21570
21217
21159
21374
21604
21746
21074
21074
21126
21287
21099
21131
21191
21162
21293
21267
21256
21418
21134
21495
21823
21483
21197
21493
21302
21225
21167
21193
21238
21382
21282
22431
21165
21166
21331
21247
21217
21421
21165
24948
21280
21166
21086
21111
21255
21282
21259
21212
21193
21239
21294
21312
21198
21161
21101
21645
21251
21264
21217
21592
21646
21610
21559
21573
21471
21246
21313
21130
21155
21105
21634
21747
21752
21574
21165
21452
21226
21220
21207
21181
21284
21312
21159
21163
21775
21742
23459
21960
21334
21083
21149
21155
21158
21170
21248
21264
21721
21654
21552
21125
21021
21270
21258
21261
21192
21712
21470
21772
21770
21194
21189
21442
21841
21750
21302
21130
21197
21414
21399
21183
21324
21301
21445
21328
21165
21197
21165
21404
21300
21249
21136
21853
24268
22131
21961
21734
21568
21362
21137
21167
21082
21052
21238
21694
21361
21418
21228
21111
21227
21424
21253
21143
21147
21387
21277
21163
21206
21195
21649
21896
21754
21433
21202
21428
21345
21511
21515
21350
21273
21292
21363
21317
21174
21232
21217
21280
21203
21282
21254
25205
21216
21171
21103
21052
21178
21368
21159
21214
21177
21308
21336
21230
21242
21161
21256
21403
21243
21207
21253
21137
21709
21833
21725
21323
21174
21653
21920
21544
21253
21225
21486
21336
21234
21195
21136
21249
21267
21389
21249
21237
21363
21347
21292
21200
21272
21169
25465
21642
21330
21220
21216
21236
21320
21225
21240
21159
21205
21307
21376
21196
21156
21246
21788
21773
21466
21238
21133
21324
21335
21171
21188
21128
21453
21254
21156
21191
21195
21329
21229
21310
21161
21195
21328
21375
21187
22461
21166
21134
21376
21293
21286
21369
21162
24728
21712
21610
21238
21055
21128
21273
21385
21161
21366
21336
21268
21210
21166
21190
21223
21276
21313
21301
21159
21423
21928
21664
21186
21246
21179
21649
21648
21541
21164
21249
21307
21364
21227
21159
21187
21299
21281
21240
21282
21387
21713
21881
21228
21230
21570
23113
21857
21199
21144
21108
21053
21208
21430
21213
21165
21198
21273
21256
21349
21281
21192
21254
21248
21403
21361
21558
21208
21292
21295
21310
21344
21135
21386
21375
21657
21590
21562
21272
21244
21181
21352
21187
22613
21269
21253
21161
21187
21222
21327
21227
21133
21360
22971
21869
21214
21086
21045
21115
21279
21259
21233
21198
21216
21290
21229
21244
21188
21170
21135
21431
21225
21186
21219
21159
21239
21311
21218
21188
21302
21465
21443
21166
21164
21359
21197
21222
21322
21218
21214
21231
21246
21259
21163
21270
21130
21585
21676
21594
21270
22743
21951
21325
21085
21131
21190
21282
21282
21282
21218
21135
21399
21215
21419
21418
21553
21500
21365
21288
21295
21272
21160
21415
21378
21305
21095
21107
21463
21244
21239
21258
21543
21147
21146
21613
21225
21218
21298
21469
21182
21232
21219
21363
21683
21673
21428
21398
23491
22218
21610
21249
21123
21072
21622
21414
21291
21162
21562
21420
21365
21197
21109
21132
21135
21154
21133
21212
21225
21187
21913
21199
21172
21218
21175
21482
21257
21175
21160
21577
21324
21469
21224
21162
21227
21302
21255
22535
21212
21197
21186
21283
21249
21240
22774
21901
21259
21141
21081
21134
21166
21193
21427
21245
21249
21322
21401
21259
21200
21184
21196
21213
21304
21424
21203
21152
21137
21317
21286
21155
21187
21216
21717
21805
21591
21350
21783
21420
21344
21336
21325
21256
21338
21251
21257
21279
21194
21106
21495
21267
21213
22847
22160
22191
21489
21291
21175
21067
21230
21195
21113
21097
21239
21085
21439
21579
21671
21258
21098
21307
21120
21625
21218
21591
21737
21595
21201
21167
21211
21431
21324
21167
21259
21443
21220
21490
21286
21263
21210
21380
21186
21244
21196
21266
21259
21320
21207
21210
21453
22862
21645
21527
21047
21050
21374
21448
21377
21131
21197
21350
21327
21213
21206
21249
21310
21542
21674
21494
21198
21544
21743
21731
21608
21102
21273
21260
21455
21153
21190
21384
21334
21238
21183
21252
21222
21293
21324
21279
21259
21284
21336
21491
21281
21280
21195
23738
21183
21155
21118
21046
21052
21237
21126
21124
21101
21195
21361
21339
21215
21168
21217
21194
21366
21282
21270
21196
21310
21828
21813
21695
21159
21138
21313
21506
21259
21189
21642
21762
21712
21351
21168
21245
21268
21341
21183
22013
21962
21479
21320
22512
22447
21671
24545
21386
21183
21072
21075
21141
21133
21115
21147
21078
21130
21327
21318
21159
21310
21216
21297
21355
21165
21187
21211
21529
21758
21682
21541
21143
21209
21237
21438
21243
21226
21490
21221
21327
21186
21205
21297
21281
22521
21175
21247
22258
22417
22043
21750
21479
21712
24144
21695
21234
21090
21079
21623
21212
21104
21088
21185
21221
21342
21284
21191
21299
21135
21272
21342
21239
21167
21241
21288
21282
21309
21255
21135
21286
21230
21517
21159
21375
21198
21355
21287
21183
21274
21207
21329
21284
21200
21184
21195
21539
21711
21670
21210
23163
21886
21215
21368
21079
21079
21109
21133
21221
21118
21228
21226
21478
21554
21284
21159
21091
21233
21238
21208
21699
21218
21312
21707
21870
21517
21164
21438
21534
21331
21216
21424
21138
21324
21230
21219
21301
21208
21209
21306
21160
21195
21214
21266
21337
21422
21240
22841
21962
21579
21081
21130
21159
21138
21194
21175
21072
21185
21214
21196
21391
21190
21195
21180
21262
21232
22073
22445
21461
21251
21413
21241
21243
21185
21156
21325
21467
21379
21996
21093
21186
21359
21176
21247
21312
21524
21761
21562
21173
21193
21216
21213
21392
21164
23878
22291
21564
21201
21209
21195
21311
21368
21278
21164
21213
21327
21314
21297
21188
21179
21212
21268
21251
21245
21164
21194
21398
21229
21163
21217
21211
21282
21283
21446
21218
21476
21252
21405
21221
21349
21247
21493
21264
21173
21243
21148
21275
21373
21211
21237
21726
23124
21625
21538
21529
21603
21156
21100
21203
21051
21074
21338
21502
21264
21214
21145
21180
21349
21292
21371
21237
21151
21179
21448
21715
21720
21627
21588
21804
21763
21618
21230
21454
21372
21262
21189
21245
21404
21431
21263
22489
21189
21106
21216
21305
21172
21244
23051
21917
21313
21113
21085
21079
21258
21278
21287
21171
21158
21318
21237
21309
21331
21130
21193
21308
21361
21125
21313
21109
21290
21304
21185
21252
21104
21287
21247
21249
21369
21448
21276
21277
21157
21185
21189
21245
21448
21230
21223
21220
21141
21264
21294
21138
21225
22935
22143
21532
21125
21049
21127
21076
21213
21149
21050
21123
21273
21251
21312
21233
21214
21278
21434
21338
21164
21765
21199
21345
21302
21166
21185
21163
21237
21189
21346
21395
21329
21269
21823
21760
21770
21234
21276
21328
21315
21167
21655
21844
21876
21448
21205
21294
23139
21487
21708
21392
21145
21173
21244
21235
21373
21263
21189
21241
21327
21354
21168
21226
21170
21288
21364
21288
21331
21209
21257
21222
21427
21188
21164
21320
21295
21233
21440
21477
21139
21879
21825
21696
21242
21243
21341
21232
21168
21196
21132
21604
21705
21643
21131
23565
21431
21243
21478
21192
21197
21302
21227
21395
21194
21377
21220
21403
21269
21212
21154
21162
21662
21690
21650
21419
21226
21259
21394
21160
21310
21181
21222
21241
21227
21412
21322
21103
21350
21327
21170
21343
21425
21971
21743
21219
21222
21365
21210
21481
21223
21184
23658
21806
21287
21438
21104
21104
21241
21453
21168
21125
21095
21446
21362
21177
21131
21161
21169
21270
21261
21192
21160
21267
21379
21259
21286
21358
21187
21245
21306
21217
21368
21423
21224
21377
21222
21162
21358
21292
21331
22506
21211
21165
21177
21340
21179
21258
22888
21894
21295
21331
21524
21196
21202
21255
21339
21191
21219
21249
21647
21751
21745
21808
21733
21696
21369
21281
21274
21160
21260
21231
21300
21251
21127
21323
21453
21359
21127
21510
21141
21268
21366
21186
21277
21270
21207
21256
21306
21197
21214
21294
21288
21181
21248
22738
21390
21182
21177
21276
21162
21149
21156
21199
21045
21154
21284
21242
21280
21383
21162
21190
21330
21727
21233
21171
21687
21183
21289
21396
21277
21162
21175
21185
21318
21249
21405
21449
21301
21260
21223
21234
22169
21180
21321
21217
21162
21165
21157
21313
21228
21180
22800
22351
21786
21494
21600
21604
21739
21635
21672
21612
21414
21251
21105
21176
21095
21264
21101
21317
21272
21241
21213
21164
21259
21260
21213
21133
21226
21275
21288
21215
21165
21334
21480
21635
21750
21698
21212
21330
21452
21186
21182
21130
21142
21271
21279
21228
21185
23131
21750
21671
21075
21211
21211
21203
21249
21310
21221
21255
21428
21376
21194
21225
21159
21141
21343
21377
21187
21378
21138
21234
21422
21126
21175
21216
21296
21232
21168
21163
21324
21455
21216
21341
21231
21285
21275
21345
21258
21169
21239
21172
21283
21330
21213
21184
23106
21689
21833
21717
21916
21229
21187
21228
21423
21226
21161
21287
21410
21285
21331
21277
21168
21351
21242
21232
21190
21169
21191
21465
21221
21183
21256
21716
21798
21780
21249
21410
21426
21343
21159
21245
21309
21137
21871
22522
21639
21191
21135
21183
21925
21663
21591
22899
21447
21396
21069
21240
21107
21083
21211
21095
21083
22149
22020
23070
23514
23159
22614
21921
22736
22495
23304
21588
21615
21836
21767
21715
21653
21808
21735
21892
21717
21926
21819
21802
21832
22107
22219
21732
21719
21934
22073
21882
21713
21721
21832
21818
23516
22280
22281
22267
22182
22233
22180
22261
22268
22166
22154
22343
22047
22465
21467
21307
21202
21731
21917
21978
22157
21907
21692
21839
21851
21707
21780
21961
22172
22131
22013
21806
21675
21792
21860
21754
21738
21771
21792
21901
21798
21683
21698
21862
21830
23825
22481
21943
21980
22225
22220
22147
22179
21922
21796
21788
21888
21679
21888
22200
22176
22016
21994
22218
22188
21747
21780
21751
22100
22177
22047
21742
21702
21743
21945
21746
21896
21922
22042
22179
22096
21891
21709
21692
21923
21773
21684
21713
21725
21820
21880
24768
21846
22135
22162
22069
21901
21826
21897
21932
21791
21724
21807
21871
22233
22174
21834
21681
21749
22012
21655
21712
21711
21653
22261
22107
22205
22175
21891
22240
22194
22164
21658
21858
21745
22103
21733
21817
21656
21874
21826
21740
21704
21610
22074
22249
24502
22031
22159
22300
22266
22157
21988
21765
21891
21826
21706
21808
21707
21900
22202
22153
21769
21779
21822
22200
22184
21763
21726
21726
21789
21793
21735
21834
21799
22072
22200
22263
22147
21970
21874
21767
22192
22131
21735
22514
21809
21742
21712
21693
21918
21892
24490
22207
21989
21847
21792
21828
22319
22154
22247
22219
21891
22303
22292
22045
21970
21552
21272
21318
21678
21697
21739
21790
21884
21996
21783
21739
21803
21805
21736
21770
22033
21750
21695
21990
21933
22092
22135
21949
21760
21829
21826
21737
21694
21715
21949
21891
24076
21895
21858
21918
21796
21723
21869
22025
22040
21764
21871
21725
21690
22152
22169
21995
21731
21686
21725
21819
21844
22197
21792
21912
21802
21711
21812
21707
21743
21957
21908
21710
21822
22149
21973
22315
22185
21733
21858
21854
21740
21667
21689
21779
21876
24456
21958
22174
21957
21843
21710
21944
22151
22230
21919
21673
21849
21805
21837
21792
21733
21762
21919
22505
22667
22362
22347
22214
22152
22327
22115
21732
21798
22003
22172
22263
21789
21653
21855
21874
22268
21936
21782
21793
21729
21888
21763
21711
21898
21957
21796
24600
21872
21991
21754
21875
21627
21965
21742
21841
21758
21868
21687
21818
22012
21735
21730
21686
21787
22231
22182
22042
21698
21771
21977
21827
21707
21810
21683
21681
21967
21890
21715
21710
22143
22183
22138
21763
21757
21915
22332
22059
21799
21912
21926
21843
22622
22662
22033
22046
21826
21722
21793
21858
21838
21902
21862
21763
22008
22217
22188
21846
21911
22182
22249
22358
22180
22162
21756
22168
21796
21796
21454
21172
21180
21854
21984
21747
21773
21664
22256
22261
22271
22175
21912
22615
21925
22828
23369
22607
23296
22660
25204
22386
22455
22413
22327
22320
22352
22578
22371
22474
22608
22320
22356
22320
22337
22323
22400
22551
22356
22579
22242
22184
22409
22822
22616
22208
22156
22198
21772
22067
21709
21726
21993
22190
22162
21898
21683
21714
21759
21880
21699
21989
22067
22253
24712
22059
21736
21272
21845
21817
21750
21709
21955
21864
21879
21777
21841
22168
22122
22196
22155
21834
21622
21761
21954
21683
21892
21816
21822
21813
21735
21730
21838
23222
21881
21847
21774
21673
21676
21823
21951
22149
21854
21730
21827
21900
21731
21679
21818
22004
23152
21988
22195
22162
22204
22213
21826
21689
22024
21830
21815
21897
21710
21655
21898
21941
21734
21728
21685
21786
21796
21732
21695
21657
22159
21545
21811
21742
21718
21918
22258
21851
21816
21716
21868
21930
21749
22105
22127
21953
21821
21828
21740
21744
21964
22176
23542
21934
21701
22135
22294
21719
21743
21768
21981
21776
22219
22152
22032
21882
22169
22149
21842
21725
21738
21825
21835
21765
21708
21697
21811
21766
21851
21824
21736
21880
22147
21925
21753
21654
22064
22274
21995
21702
21678
22096
22218
22141
21833
21680
21994
24938
22375
21793
21794
21819
21831
22048
21716
21946
21906
21830
21818
21728
21630
21714
21794
22332
22177
21833
21792
21768
21757
21806
21769
22211
22319
22173
22012
21724
21746
21966
21778
21692
21141
21101
21788
21945
21738
21892
21603
21885
21980
22146
22253
21969
21790
23365
22213
22158
22147
22287
22170
22135
21749
21987
22196
22163
22263
22151
21976
22025
22309
22028
21785
21738
21980
22143
21711
22643
22432
22241
22260
22202
21716
21739
21861
22013
21717
22179
22208
22289
22297
22224
21835
21710
21884
22036
22231
21711
21711
21879
24619
22212
22166
22067
22142
22087
22160
21918
21807
21986
22237
22201
22191
21932
21810
22259
21862
21970
21807
21756
21767
21899
22261
21802
21750
21431
21341
21202
21246
21112
21759
21934
21772
21662
21768
22006
22496
22143
21742
21889
21887
21387
21786
21775
21832
24338
22361
21999
22158
22156
21919
21773
21984
22174
22171
22109
22270
21839
21686
21779
21895
22028
22184
21743
21747
21750
21917
21653
21748
21746
21718
22180
22225
21987
21681
21694
22350
22170
22053
21672
21689
22193
21930
21840
21465
21603
21687
21883
21794
21809
21701
24580
21947
21855
21772
21697
21851
21848
21709
21781
21981
21901
21650
21199
21253
21152
21244
21356
21865
21802
21794
22211
22177
22179
22156
21847
21635
21931
21761
21750
22210
22215
22154
21824
21741
21963
22178
22108
21907
21899
21731
22026
21614
22076
21742
21674
23440
23752
22194
22160
22151
22192
21866
21705
21686
21782
22199
22217
22186
21724
21710
21719
21981
22172
22181
21818
21681
22262
21806
21710
21750
21711
21864
21888
21768
21710
21739
22230
22208
22078
21706
21682
21758
22249
22159
22037
22632
21825
21831
21696
22017
21966
24086
22397
21960
21766
21700
21739
21770
21824
21757
21817
22030
21914
21718
21764
21678
21730
21979
21780
21766
21690
21733
21898
21829
21964
22156
21977
21968
21770
21767
21743
21731
22004
21904
21773
21711
21649
22280
21778
21700
21896
21657
21840
21783
21716
21810
22178
25316
22300
22200
22018
21682
21908
21823
21689
21818
21905
22386
22748
21638
21654
21790
21829
21842
21750
21748
21701
21876
22305
22352
21854
21687
21966
22179
22205
21927
21658
22209
22025
21926
21861
21678
21816
21743
21961
21700
21805
21765
21803
21818
21703
21707
21691
25149
21759
21828
22229
22175
21897
21824
21751
21712
21838
22040
21836
21655
21740
21683
21916
21884
21762
21726
21679
21814
21857
21992
22158
22154
21851
21936
21968
22179
22194
21874
21834
21890
21681
21752
21840
22119
21749
21745
21722
21677
21858
21846
21746
21760
23797
21943
22187
22157
22004
21848
22221
21863
21756
21709
21896
22284
21985
21831
22147
22196
21882
21897
21734
21710
21673
21835
21831
21766
21780
21736
21893
21834
21995
22175
22299
22103
21775
21708
21795
21652
22022
22198
21763
21267
21397
21824
21864
21748
21802
21789
23633
21767
21594
21556
21596
21745
21747
21879
21857
21781
22189
22274
21948
21786
21788
21700
22279
22231
21925
21712
21643
21827
21792
22314
22190
21949
22414
22137
21761
21709
21877
21821
21779
22262
22108
22073
22490
22099
22004
22145
21784
22048
22298
22233
22186
23472
22353
22192
22134
22168
22207
22231
22154
21875
21730
21849
22107
22041
21681
21712
21758
21764
21933
21710
21711
21669
21856
22044
21709
21720
21789
21834
21879
21936
21707
21865
21944
21738
21770
21665
21705
21942
21974
21794
21773
21843
21836
21886
22184
22173
21910
24783
22414
21798
21719
21734
22172
22193
22116
21742
21646
22441
22488
22286
21466
21799
22074
21921
21888
21698
21748
21858
21867
22278
21743
21711
21713
21921
21781
21900
22169
21902
21823
21866
21694
21709
21862
22275
22208
21998
21823
21753
22183
22213
21924
21743
23671
22148
22094
21800
21664
21664
21885
21797
21771
21835
22150
22402
21905
21682
21719
21937
22243
22265
22103
22216
21722
21773
21955
21692
21650
21719
21773
21894
21746
21745
21951
21677
21937
21714
21696
21806
21771
21807
21915
21748
21653
21820
21989
22159
22116
22547
24442
22316
21684
21692
21734
21790
21772
21830
21811
21714
21621
22225
22030
21961
21790
21706
21940
22184
21824
21923
22285
22205
22021
22131
21653
21663
21774
21916
21770
21795
21830
21843
21807
21800
21676
21779
21957
22188
22060
21407
21769
21635
21796
22267
22207
25561
21820
21849
21814
21713
21663
21755
21905
21760
21683
22038
22303
22178
22138
21865
21676
21825
21820
22146
21897
21776
21745
22246
21982
21752
22153
22176
21949
21831
21758
21957
22154
22251
22222
22128
21850
21782
22258
22263
21999
22597
21680
21976
22041
22035
24003
22918
22354
22179
21793
21856
21694
21703
21991
21770
22097
22007
22185
21892
21985
22171
22238
21783
21904
22080
21808
22148
22033
21753
21852
21766
22168
22083
21876
21656
21857
22127
21710
21856
21775
21684
21846
21733
21702
21941
21457
21771
21833
21974
21720
21798
24590
22105
22230
22175
22445
22059
21972
21788
21867
21831
21655
21829
22667
22409
22043
21333
21194
21799
21857
21771
21700
21683
22138
22206
21954
21845
22012
22018
21917
22175
22175
21802
21863
21762
21713
21769
21728
22025
22105
21809
21807
21789
21872
21785
21750
21762
24904
22097
22085
21665
21799
21687
21796
21813
21838
21742
21663
22114
22046
21880
21343
21266
21390
21965
22130
22202
21976
21670
21840
22054
22199
22161
21687
21841
21795
21682
22271
22190
21919
21828
21687
21861
21697
21918
21804
21981
21752
21753
21684
21957
21705
22062
23485
21902
21698
21776
21713
21709
21951
21783
21760
21825
21959
21897
21896
21793
21773
21772
21983
21817
21754
21713
21684
21880
21882
21763
21698
21683
22026
21832
21722
21852
21825
21707
21907
22156
22164
21977
22053
22202
22195
21770
21694
22028
22208
22145
21818
24270
21854
22151
21717
21661
21774
21781
21831
21824
21724
21700
21983
22350
22188
21874
21768
21741
21828
21912
21638
21139
21145
21831
21922
21731
21699
21679
22010
22096
21872
21694
21746
21821
21779
21688
21909
21789
22122
22206
21950
22518
22175
22208
21940
21807
21859
23613
22323
22120
22133
22196
21758
21723
21974
21794
21714
21754
21813
21992
21861
21815
21801
21700
22005
21748
21753
21702
21807
22151
22207
21786
21149
21284
21794
21863
21763
22065
21695
21843
21845
21719
22191
22181
21960
21816
21883
21855
21543
21924
22247
21979
22969
22221
22090
22148
22087
21680
21680
21809
21793
21939
22177
22224
21859
22040
21645
21742
21762
21746
21928
21782
21775
21748
21697
21944
21978
21772
21839
21840
21803
21826
21955
21702
21718
21842
21794
21797
22335
21898
21923
22122
22203
21826
21924
21896
21793
21759
23362
22055
21947
22180
22134
21997
21723
21856
21795
21715
21782
21847
21814
22080
21663
21769
21754
21815
21992
21718
21690
22458
22140
21767
21948
21963
21762
21798
21921
21737
21923
21764
21742
21797
21844
21805
21765
21735
22204
21791
21942
21714
21683
21880
21870
21853
25205
21799
22071
22211
22126
21748
21940
22004
21824
21691
21986
21713
21967
22230
22146
21862
21700
21856
21793
21714
21715
21715
21767
22311
21988
21721
21786
21762
22182
22204
22011
21754
21893
21765
21665
21895
21718
21763
22037
22198
22200
21765
21782
21952
22299
23351
22168
22106
21910
21707
21713
21767
21751
22039
22092
21777
21810
21746
21970
22187
22137
21706
21708
21707
21790
21570
21742
21768
21831
21792
22038
22193
22185
21915
21776
21933
21779
21678
21864
21791
21740
21774
21714
22002
22153
21712
22389
21728
21799
22017
22664
22796
22059
21801
22021
22113
21713
21775
21933
21866
21690
21709
21800
21860
21992
22064
21755
21684
21859
22472
21990
21854
21721
21832
21953
21753
21734
21730
21869
21839
21814
21976
21890
22209
21959
21952
22169
22232
22080
22200
22112
21742
22205
22287
22177
21946
24121
22231
22189
22200
22129
21947
21764
21874
21876
21714
21775
21862
21867
21758
21633
21766
21798
21764
21884
21896
21701
21704
21831
22199
22366
21827
21724
21838
21809
21845
21882
21791
22290
22022
22174
22064
21842
21663
21819
21847
21783
21825
21725
21801
21844
21748
24497
22040
22074
22173
22095
21709
21658
21727
21912
21893
21972
21918
22090
21884
21859
22138
22108
22129
22172
22029
21761
21746
21698
22206
22125
21951
22137
22149
21937
21643
21935
21617
21788
22054
22149
22322
21810
21754
21834
21894
21748
21824
21862
21881
21737
24252
22207
22166
22109
22236
21891
21780
21713
21799
21773
22093
21819
23330
23991
23427
22315
22666
23071
22926
22738
22447
23020
22673
22296
22252
22155
21852
22054
21790
21840
22074
22319
22264
22324
22024
22430
22275
22168
22664
22294
22314
22315
22345
22803
22700
26854
23644
22429
22613
22769
23378
22184
22276
22202
22101
21908
21678
21856
22207
22158
23707
22319
21903
21829
21751
21709
21655
21860
21827
21901
22916
21737
21714
21963
21874
21849
21942
22232
21868
21717
21895
21644
21865
22490
21927
22526
22650
21799
21646
24070
22152
22145
22051
22257
22571
21719
21734
22136
22399
22389
21838
22976
22353
22320
22180
22203
22033
22409
22186
22364
21781
21747
21807
21906
21886
22031
23080
21822
21695
21810
21843
22076
22241
22165
21898
21892
21859
22372
22303
22324
22229
22415
22327
22237
22293
24164
22309
22323
22319
22570
22955
22361
22337
22295
22159
21902
22306
21993
23495
22836
25055
22538
22327
22315
22160
21986
21951
21848
22176
21714
21709
22029
22185
21918
21952
21714
21961
21748
21745
21696
21842
22216
22197
21987
22147
21926
22002
21850
21681
23415
22770
22285
22688
22443
22148
22059
22177
22059
21797
21712
21754
22113
21737
21694
21740
21931
22223
22489
21780
21686
21866
21859
21798
22181
22206
22062
21873
21872
22144
21787
22211
22249
22097
21766
21684
21764
22356
21682
21742
21770
21749
21916
22035
21722
21749
22931
22476
21815
22030
22217
21946
22079
22637
22160
22267
21721
22017
21804
21732
21807
21774
22207
21710
22225
21911
22174
21829
21907
21726
21715
21795
21920
22003
21759
21811
21957
21823
21948
23007
21813
21728
22289
21952
21821
21691
21665
21971
21747
21924
21677
21728
25125
22183
21689
21689
21847
22299
21780
21707
21760
21963
22183
22188
21717
21724
21677
21904
22255
22183
21874
21689
21827
21813
21668
21674
21770
21689
21886
22214
22171
22163
21994
21643
21321
21801
21804
21962
21855
21828
21693
21808
21962
21945
22602
21341
21597
24718
22368
21820
21691
21796
21876
22232
22214
21985
21858
21793
21977
22041
22179
22140
21767
22033
22017
22181
21518
21142
21895
21812
21870
21687
21686
21899
21928
21754
21826
22108
21980
21729
21350
21725
21769
21934
21895
21763
21790
21902
21765
21912
22229
22154
24630
22436
22198
22170
22151
22044
21931
21722
21716
21761
22146
22199
22003
21746
21732
21776
21826
21952
21831
21822
21687
21873
21906
21717
21742
22246
21847
21851
21787
21788
21680
22185
22247
21891
21749
21922
21967
22253
22143
21692
21748
22035
22173
22085
21916
21710
24605
22295
22150
21785
21799
21768
21706
21869
21649
21777
22210
22312
21883
21835
21827
21780
21763
22112
21727
21705
21730
21854
22037
21943
21543
21346
21969
21807
21752
21713
21858
21971
22027
22214
21748
21700
22479
22319
22181
22207
21755
22316
22204
22001
22113
22190
25154
22038
21770
21783
21746
21917
21792
21655
21845
21719
21726
22056
21656
21703
21776
21945
21918
21842
21800
21692
21731
22002
21701
21682
21707
21807
21927
22153
21781
21767
22303
22253
21861
21780
21730
21826
21882
21844
21715
21958
22163
22180
22152
22197
21777
24578
22304
22033
21745
21742
21880
21832
21770
21754
21705
21796
21991
21691
21717
21738
21734
21830
22051
21816
22064
22296
21839
21762
21752
21652
21759
21809
21954
21731
21771
21899
21864
21848
21805
21714
21657
22341
22172
21942
21719
21659
22162
22216
21994
22233
21995
24662
22009
21854
21738
21752
21794
21897
21688
21800
21733
21884
21969
21743
21714
21714
21830
21895
21809
21770
21778
21745
21831
22203
22077
21744
22005
22174
22184
21808
21687
21905
21923
21699
21711
21705
21869
21755
22100
22202
21996
21690
22047
22181
22149
22001
24532
23267
22162
22157
21928
21827
22199
22196
21812
21793
21725
21906
21800
21707
21794
21692
21857
21816
21989
21782
21582
21742
21977
21707
21891
21810
22073
22243
22046
21337
21543
21750
21857
21791
21747
21687
22036
22291
22114
21599
21767
21884
22234
22147
21707
23415
22570
22172
22014
22249
22184
21836
21896
21683
21713
21790
21734
21945
21873
21712
21691
21917
21993
21747
21963
21747
21698
21876
21932
21727
21711
21700
21946
22040
21795
21725
22024
22259
22181
21649
21691
21916
22014
21741
21773
21707
21674
21926
21907
21807
21946
24039
22010
22149
22167
22150
22170
22023
21727
21765
21707
21797
21788
22065
21685
21687
21747
21858
21798
22046
21695
21674
22073
21939
21814
21770
21676
21846
21836
21867
21742
21679
22049
22183
21879
21827
21651
21827
22307
22151
22143
21684
21833
21843
21739
21736
21872
24370
22245
21889
21711
21795
21718
21776
21875
21800
21844
21794
21900
21724
21790
21758
21765
21791
21849
22048
21877
21749
21745
21841
21791
21740
21717
21951
21751
21706
21734
22093
21846
21854
21911
21690
21753
21959
21821
21691
21775
21716
21912
21805
22356
22156
22208
24508
22016
21994
21782
21716
21785
21849
21688
21807
21707
22121
22283
22306
22205
22198
22239
22176
21717
22062
21716
21703
21948
21679
21750
21775
21810
21764
21781
21742
21654
21921
21951
21822
23602
22291
22424
22075
22065
21734
22036
21899
21780
21911
21726
21621
23301
22068
22175
22155
21928
21713
21817
21893
21998
21796
21689
22303
22199
21908
22025
22159
22209
21899
21810
22283
22220
21987
22175
21940
21748
22215
22167
22196
21889
21799
21799
21837
21891
21743
21742
21658
22099
22151
21853
21881
21744
21762
21958
21892
22081
22511
23170
21939
21865
21689
21818
21800
21831
21688
21797
21702
21798
21931
21870
21762
21676
21863
22105
21843
22037
21732
21603
21891
21808
21739
21718
21642
21822
22025
22011
21753
21802
21790
21803
21711
21801
21717
21964
21867
21762
21750
21736
22049
22096
21707
21746
22636
23005
22065
21661
21721
21781
21847
21794
21786
21738
21701
21759
21945
21711
21647
21770
21747
21788
21808
21959
21732
21925
22183
22169
21807
21735
21746
22200
22218
21919
21226
21956
21850
21824
21754
21685
21730
21846
21871
21648
21715
21678
21875
21922
21944
21712
24276
22614
22196
21825
21750
21724
21986
22258
22009
21761
21800
22008
21812
21761
21695
21715
21758
21879
21781
21899
22195
22071
21829
21857
22176
22150
22120
21825
21745
21837
22236
22182
21940
21656
21734
21708
21898
22201
22166
21870
21677
21661
21867
22167
21701
25372
22284
21779
21823
21709
21744
21734
21869
21787
21828
21712
21715
22028
21794
21624
21742
21744
22161
22190
22060
21930
21691
22116
22172
22034
22027
22158
21671
21849
21286
21245
21632
21565
21890
21806
21706
21774
21953
22194
22153
21845
21735
21745
22242
22736
22322
24287
22952
22223
22227
22194
22155
21765
21966
21713
21721
21779
21814
21797
21903
21718
21666
21783
21935
22150
22189
21801
21715
21817
21821
21537
21704
21585
21842
21820
21775
21894
21861
21805
21800
21693
21773
21891
22159
21743
21691
21708
21689
21827
21854
21755
22001
24569
21843
21585
21750
21687
21955
22138
21722
21799
21760
21685
21911
22117
22149
21983
21694
21906
22178
21908
21908
21654
21834
21865
21736
21705
21676
21860
21878
21730
21734
21860
21883
22143
21663
21757
21856
21880
21821
21747
21735
21714
22084
21824
21662
21785
21757
24471
22339
22180
21685
21798
21642
21771
22201
21908
22018
22183
22242
21706
21725
21732
21759
21775
21913
21773
21927
21768
21801
21797
21796
21739
21670
21875
21854
21743
22211
22280
22051
22197
22206
21899
21775
22233
22181
21935
21776
21655
21700
22226
22154
21929
24378
22536
22112
21774
21743
21686
21860
21855
21908
22226
22000
21775
21839
21881
21825
21794
21873
21828
21790
21899
22107
22196
22252
22153
21885
21708
21733
21790
21882
21778
22242
22172
21867
21825
21770
21901
22168
21977
21833
21683
21712
21702
21832
22381
22176
22238
24722
22061
22184
22158
22158
21737
21896
21819
21737
21686
21742
22283
22173
22151
21812
21719
21771
21874
21769
21354
21832
21846
21851
21827
21680
21687
21759
22001
21716
22005
22257
22011
21793
21899
21900
22198
22160
22002
22182
21807
21718
21765
21918
21732
21747
21753
24419
21878
21866
21641
21714
21687
21932
21745
21751
21732
21976
21882
21809
21925
22024
22171
21935
21787
21386
21830
21591
21845
21915
21748
22221
21845
21818
21723
21798
21937
21743
21895
21735
21749
21739
21946
21792
21795
21795
21717
21910
22158
22165
21998
21793
23395
23490
22059
21737
21676
21804
21762
21822
21850
21708
21621
22367
22400
22084
21775
21783
21841
21803
21808
22171
22306
22257
22246
21744
21768
21649
21800
21858
21744
21793
22273
22204
21847
21792
21777
21728
22147
22263
22131
21747
21720
21759
21900
22084
22150
23032
23537
22065
21752
21777
21691
21723
21909
21761
21760
21740
21831
21791
21898
21793
21666
21759
21936
21768
21778
21659
21967
21803
22135
21757
21749
21698
21879
21803
21740
21987
22278
22197
22013
21720
21743
22006
22219
22166
21776
21713
21703
21867
21792
21923
21739
24717
22284
22199
21725
21711
21921
22181
22131
21788
21752
21660
21921
21840
21741
21685
21696
21770
21791
21835
21650
21706
21893
21877
21702
21748
21906
21948
21814
21765
21741
21944
21825
21899
21707
21769
21762
21877
22056
21720
21711
21689
21850
21797
22424
21950
21859
24753
21830
21748
21798
21851
21714
21759
21849
21733
21743
21760
21984
21748
21691
21777
21784
22231
22202
21798
21691
21781
21729
21696
21867
21688
21721
22200
22310
22183
22209
21872
21912
21763
21740
21735
21792
22172
22170
22005
21735
21713
21845
21849
21729
21740
24361
22634
22010
21782
21784
21717
21765
22035
21690
21756
21761
21875
21779
21909
21717
22144
22229
22112
21783
21771
21716
22374
22297
22403
21858
21914
22452
22231
22072
21682
22932
22218
22112
22469
22361
22164
22334
22380
22160
21945
22193
22201
22179
22174
21957
21901
25072
21979
22294
22439
22136
21979
21980
21745
21844
22106
22037
21818
21838
21750
21712
21693
21868
21856
21731
21728
21664
22463
21944
21652
21876
22057
21944
21830
21660
22477
21622
22056
21883
21965
22159
21860
22025
22173
22146
21654
21744
21856
21819
21694
21763
21902
23366
22326
22039
21530
21619
21740
21817
21790
21781
21709
21915
21976
21808
21689
21737
