23015
22297
21966
22122
21709
21849
21605
22123
21789
21778
22118
21735
21681
22927
21845
21313
21532
21253
21557
21505
21963
25509
22779
22179
21825
21751
22014
22147
22017
21802
21868
21909
21730
21596
21619
21769
21798
21929
21820
22168
21446
21865
21957
21620
21825
22184
22191
22807
21861
22030
21744
21546
21668
21591
21893
21579
21831
21741
22077
21983
21935
21800
21689
21635
21874
21612
24781
22166
21775
22118
30122
38357
22386
22144
23031
21641
21841
22322
21320
21527
21367
21746
21395
21672
21632
21598
21770
21470
21645
21499
21712
21873
21280
21756
21961
21450
21771
22014
21210
21636
21721
22193
21767
21344
21989
21966
22291
23442
22064
22047
25018
22418
22068
21825
22061
22054
21955
22021
22093
21720
21836
21743
21846
21886
21539
22325
21700
21986
21773
21887
21596
21649
21309
21244
21388
21813
21945
21879
22244
21822
21647
22079
21623
21665
21710
21901
21794
21308
21399
21480
21408
21555
21740
21671
21683
22282
24853
22385
22385
22109
22214
22073
21850
21982
21682
21753
21637
22029
21131
21501
21841
21951
21665
21753
21893
21790
22312
21412
21545
21513
22102
21934
21975
22060
21540
22233
21722
21992
21546
21867
21770
22026
21281
21345
21503
21393
22103
21262
21662
21757
21809
21565
25097
21923
22319
22038
21728
22089
21990
22098
23123
22696
22232
21930
21662
21651
22036
21966
21920
21615
21851
22154
21627
21643
21778
21784
21880
21819
21719
21647
21949
22139
21967
21629
21801
21982
21826
22044
21414
21257
21751
21446
21880
21643
21933
21577
21712
22543
23002
21792
21777
22056
21774
21923
21527
21539
21984
21794
21968
22009
21567
21523
21766
22387
21654
21738
22259
22104
22242
22211
21956
21719
22495
21698
21711
21791
22192
21780
22306
21645
21376
21588
21924
21954
21507
21728
21979
22111
22524
22146
22083
22709
22084
22140
22573
22123
22129
22184
22475
22361
22277
22154
22323
22690
22150
22075
22292
22135
22309
22368
22111
22079
22105
22091
22170
22272
22106
22175
22527
22197
22181
22140
22294
22491
22324
22097
22085
22274
22116
22199
22442
22016
21858
22202
22145
21985
21764
21793
25308
22764
22269
22009
21953
22027
21830
21879
21647
22053
22025
21597
21707
21796
21895
21592
21357
21874
21649
21411
21836
21419
21681
22148
22448
22885
23252
22024
22354
23425
22308
23329
22073
22050
22090
22078
22565
22625
23114
23887
23373
22164
22059
22060
22120
25058
22383
22376
22203
22222
22257
22664
22085
22092
22160
22438
22253
22062
21958
21632
22134
22226
21973
21262
21762
21849
22017
21497
21383
21589
21406
21651
21845
22104
21739
21809
21627
21644
21386
21406
21950
21423
21600
21808
22037
22154
21548
22010
21600
21626
21882
24520
22202
22243
21811
21716
22058
21858
21744
21790
21901
23102
22119
21493
21658
21547
21682
21586
21763
21837
21730
21581
21941
21567
21564
22243
21719
21617
21695
21904
21861
22044
22271
21553
21916
21749
22918
22157
21918
21635
21674
22070
22028
21732
22360
22589
24496
22772
21700
21656
22265
21490
21600
21717
21581
22075
22146
21139
21639
21635
22918
21986
21753
22110
22024
21996
22157
21801
21748
21997
21864
21887
22222
21526
22073
22136
22038
22219
22073
21807
21817
21913
22186
22216
21984
22093
22438
21862
22095
21738
22050
21856
25303
22180
21873
21611
21939
22034
22030
21561
21834
21619
22026
22521
22059
21685
22172
22347
22239
22445
22406
22577
22607
22432
21940
22081
22070
21975
22078
21698
22103
21874
21997
22200
22110
21955
21731
22426
22061
21992
22205
22144
22068
21804
21699
21664
21690
25378
21879
22436
22089
21869
22697
22351
22091
22107
22635
22117
21986
21544
21596
22359
22427
22206
22080
21950
21915
24140
23215
21897
21719
21736
21749
22028
22000
21391
21397
21508
21415
21722
21720
21605
21855
21668
22042
21773
22110
22063
22314
22132
22014
22018
25303
22020
22007
21928
21651
21847
22390
21694
21628
21892
22200
21919
21540
21929
21591
21798
21866
21755
21949
21966
21439
21697
21342
21767
21544
21455
22030
21530
21790
21835
21664
21989
21894
21665
21511
21594
22075
21754
21633
21876
21812
21755
22059
21660
21763
24176
22811
21894
21866
21649
21750
21884
21695
21591
21592
21909
22416
22375
21767
21440
21557
22126
21731
21231
21796
21704
21408
21652
21526
21511
21402
21832
21844
21568
22092
21743
21763
22269
21946
21630
21651
21895
21675
21988
22020
21673
21547
22124
21510
21396
21685
23715
22743
22065
21555
21630
22023
22376
22052
21833
21664
21755
22017
21831
23160
22385
22293
22730
21934
21622
21345
21243
21546
21531
21506
21867
21239
21581
21411
21492
21538
21285
21513
21551
21221
21296
21310
21521
21113
21802
21159
20999
21333
21643
21780
21296
21123
21237
24838
21454
21294
21012
21087
21825
21271
21058
21120
21287
21145
21494
21304
21393
21218
21224
21665
21353
21307
21357
21372
21256
21196
21338
21255
21306
21380
21323
21279
21169
21349
21222
21286
21420
21372
20993
21138
21470
21295
21279
21120
21689
21253
21634
21280
21075
23461
23374
21301
21308
21085
21769
21444
21418
21508
21014
21038
21522
21707
21065
21314
21286
21589
21546
21547
21582
21403
21249
21729
21177
21186
21413
21478
21571
21514
21783
21527
21087
21190
21468
21441
21769
21569
21502
21279
21162
21477
20966
21016
21161
21341
21194
21846
23992
21343
21111
21627
21186
21516
21215
21700
21073
21016
21510
21557
21092
21220
21369
21144
21343
21299
21467
21053
21369
21702
21272
21320
21312
21189
21287
21355
22108
21255
22012
21567
21196
21266
21121
21577
21157
21177
21516
21291
21090
21008
21438
21390
21343
21180
21198
25049
21639
21643
21578
21177
21848
21139
21297
21152
21745
21180
21896
21839
21236
21226
21300
21397
21172
21037
21348
21205
21190
21210
21442
21069
21182
21531
21491
21379
21457
21478
21333
21136
21431
21293
21021
21137
21741
21052
21072
20984
21434
21197
21368
21276
21217
21122
22756
21824
21200
21139
21422
21667
21362
20989
21400
21166
21065
22172
21391
20974
21211
21610
21269
21312
21492
21318
21367
21217
21630
21091
21164
21189
21473
21199
21632
21731
21218
21295
21154
21427
21107
21238
21512
21498
21287
21028
21667
21278
21103
21418
21241
21053
21307
23993
21395
21471
21672
21422
21428
21373
21158
21174
21219
21499
21614
21002
21416
21775
21433
21754
22474
22880
21274
21603
21107
21206
21035
21304
21381
21147
21444
23219
21390
21483
21348
21294
21193
21597
21218
21359
21175
21363
21464
21626
21579
21153
20992
21252
21363
21133
23929
21752
21153
21160
21766
21210
21610
21008
21432
21225
21319
21609
21086
20972
21194
21544
21332
21566
21472
21630
21461
21523
21369
21794
21133
21283
21365
21495
21476
21406
21262
21443
21768
21436
21005
21266
21417
21258
21291
21084
21649
21404
21179
21716
20960
21107
21465
23857
21489
21432
21708
21359
21364
21324
21112
21259
21450
21752
21125
20968
21723
21276
21114
21487
21507
21301
21544
21337
21529
21300
21072
21723
21114
21259
21697
21406
21438
21172
21672
21038
20991
21342
21843
21177
21252
21263
21463
21491
21470
21753
21237
21162
21461
24315
21377
21592
21101
21540
21169
21651
21126
21098
21463
21262
21622
21507
21334
21236
21184
21524
21223
21257
21327
21603
21155
21137
21513
21594
21336
21185
21435
21316
21028
21223
21546
21222
21179
21561
21317
21169
21340
21495
21035
21117
21350
21647
21277
21420
21376
21404
23446
21963
21151
21395
21712
21526
21462
21417
21323
21263
21314
21121
21655
20958
21213
22002
21191
21024
21161
21688
21313
21182
21349
21172
21275
21130
21448
21691
21451
21264
21456
21099
21037
21511
20988
21304
21180
22115
21177
21262
21711
21122
21263
21275
21539
21244
21307
23851
21618
21417
21828
21862
22282
21772
21044
21254
21417
21420
21084
21253
21255
21608
21193
21068
21219
21445
21166
21318
21410
21088
21186
21297
21235
21162
21908
21471
21147
21438
21577
21513
21121
21250
21553
21136
21185
21087
21359
21167
21216
21527
21045
21265
21281
23944
21399
21389
21696
21573
21529
21541
21228
21199
21633
21507
21018
21570
21280
21428
21278
21348
21405
21115
21341
21677
21490
21430
21202
21411
21487
21287
21181
21695
21032
21355
21485
21080
21357
20996
21621
21295
21472
21558
21070
21049
21139
21873
21238
21074
21646
21242
24207
21542
21550
21275
21213
21815
21302
21139
21424
21546
21497
21434
21985
21228
21155
21518
21329
21184
21278
21552
21322
21171
21317
21262
21139
21142
21530
21272
21346
21158
21804
21325
21605
21667
21401
21274
21260
21345
21066
21025
21360
21353
21416
21129
21615
21290
21281
24294
21316
21375
21686
21300
21285
21106
21387
21124
21097
21261
22475
21395
21052
21788
21117
21093
21642
21231
21522
21167
21412
21245
21163
21010
21872
21147
21236
21359
21164
21142
21167
21539
21274
21385
21497
21288
21231
21280
21621
21142
21185
21526
21262
21124
21251
22167
23606
21212
21411
21017
21136
21469
21247
21018
21242
21312
21167
21380
21334
21712
21217
21056
21079
21391
21214
21062
21520
21316
20979
21505
21552
21293
21032
21789
21389
21763
21673
21372
21395
21011
21350
21384
21100
21380
21527
21110
21164
21469
21119
21089
21163
21717
23766
21201
21761
21364
21023
21294
21853
21037
21055
21723
21571
21219
21050
21696
21355
21391
21736
21464
21216
21299
21805
21095
21283
21456
21271
21282
21363
21476
21377
21431
21498
21292
21167
21151
21369
21280
21189
21227
21315
21159
21252
21808
21184
21118
21044
21461
21196
24415
21859
21224
21074
21434
21172
21281
21023
21293
21246
21300
21102
21380
21331
21273
21795
21065
21053
21066
22245
21573
21067
21281
21063
21212
21090
21814
21523
21329
21225
21494
21146
21375
21319
21310
21152
21166
21656
21171
21397
21746
21144
21104
21174
21388
21352
21147
23746
21585
21055
21271
21289
21221
21323
21424
20955
21163
21179
21582
21022
21544
21659
21376
21290
21151
21282
21404
21397
21827
21320
21049
21086
21613
21191
21637
21289
21196
21350
21114
21715
21474
21304
20989
21524
21178
21172
21581
21126
21397
21185
21437
21316
21055
24493
21609
21597
22039
21139
21267
21459
21316
21064
21067
21460
21567
22111
21108
21983
21392
21134
21366
21451
21096
21178
21435
21133
20996
21264
21309
21155
21178
21924
21120
20911
21533
21929
21409
21063
21292
21575
21556
21666
21292
21058
21176
21725
21091
20991
21018
21448
23889
21339
21528
21125
21210
21796
21221
21274
21047
21289
21256
21176
20953
21442
21567
21239
21577
21700
21522
21561
21455
21376
21384
21514
21341
21184
21504
21783
21265
21067
21557
21225
21145
21157
21414
20989
21564
21714
21909
21378
21239
21738
21149
21296
21354
21104
21176
25792
21196
21191
21100
21425
21195
21556
21713
21277
21280
21228
21423
21154
21158
21591
21375
21175
21171
21482
21070
21272
21144
21405
21139
21202
21336
21280
21575
21536
21567
21038
21245
21383
21025
21028
21099
21484
21093
21248
21093
21181
21351
21157
21201
21670
21185
21271
25399
21349
21174
21624
21190
21507
21713
21471
21312
21088
21425
21100
21098
21165
21794
21325
21501
21443
21344
21542
21768
21109
21212
21107
21763
21233
21026
21331
21344
21163
21215
21451
21137
21202
22890
21289
21387
21407
21392
21304
21266
21379
21334
21136
20962
21888
22812
22294
21639
21092
21134
21163
21347
21152
21408
21400
21322
21172
21176
21363
21386
21388
21260
21517
21030
21336
21993
21366
21421
21681
21328
21379
21102
21398
21289
21090
21139
21658
21145
21026
21156
21379
21082
21452
21691
21683
21225
21314
21318
21361
21051
21496
21512
23618
21800
21276
21228
21284
21450
21037
21384
21348
21199
21160
21010
21900
21134
21145
21864
21224
21075
21171
21464
21170
21244
21568
21529
21047
21212
21397
21488
21592
21485
21697
21418
21532
21591
21148
21085
21141
21579
20983
21011
21275
21325
21055
21082
21416
21016
21553
23753
21220
21211
21005
21437
21020
20977
21188
21184
21195
21221
21401
21318
22209
21349
21888
22012
22849
21213
21960
21432
21459
21553
22062
21418
21112
21303
21390
21230
20987
21295
21549
21231
21567
21357
21412
21507
20987
21454
21733
21423
21562
21951
21138
21473
21901
21807
22251
21503
21824
21554
21453
21609
21025
21235
21247
21591
21084
21095
21351
21033
21277
21539
21404
21309
22130
22409
21968
21941
21874
22210
22299
22259
22380
22135
22204
22192
22055
22065
21494
21286
21117
21594
21233
21172
21613
21601
21155
21193
21487
21340
21064
21972
21335
24350
21520
21521
21637
21561
21562
21340
21528
21684
21186
20999
21255
21619
21523
21615
21596
21352
21232
21195
21569
21241
21827
21325
21175
21199
21463
21837
21502
21079
21518
21089
21362
21091
21340
21571
21279
21508
21040
20989
21095
21423
21494
21683
21689
21290
21320
21317
23597
21456
21488
21748
21098
21038
21194
21404
21457
21111
21408
21210
21113
21268
21449
21346
21331
21668
21363
21398
21443
21721
21531
21117
21381
21651
21152
21086
21544
21153
21145
21013
21261
21121
21131
21305
21464
21159
21078
21530
21188
21348
21346
21520
21405
21546
21552
23584
21303
21680
21424
21451
21426
21411
21297
21186
21454
22043
21113
21347
21283
21344
21412
21295
21190
21418
21593
21245
21098
21057
21596
21325
21486
21129
21795
21224
21200
21612
21036
21031
21119
21852
21103
21018
21043
21250
21370
21241
21426
21226
20986
21631
21486
21056
24147
21986
21411
21587
21463
21249
21307
21317
21528
21276
21055
21376
21627
22199
21731
21541
21920
22436
21782
21269
21185
21339
21575
21556
21227
21581
21246
21250
21424
21220
21049
21078
21312
21170
21226
21339
21731
21381
22233
22897
21307
21029
21543
21709
21571
21592
22128
22676
21886
21784
21313
21478
21805
21405
21296
21237
21215
21119
21235
21702
21257
21362
21232
21710
21368
21323
21599
21199
21102
21266
21559
21672
21193
21256
21271
21086
21334
21521
21465
21080
21556
21226
21142
21139
21477
21206
21145
21016
21478
21657
21260
21402
21366
22969
21860
21377
21022
21337
21456
21026
21047
21425
21377
21488
21578
21917
21315
21156
21882
21244
21286
21137
21512
21278
21107
21165
21468
21213
21439
21356
21054
21243
21122
21587
21239
21020
21360
21623
21421
21186
21447
21002
21454
21679
21161
21015
21610
21584
21184
21229
22998
21616
21583
21262
21632
21250
21236
21352
21392
21329
21155
21572
21384
21507
21299
21590
21412
21158
21601
21235
21228
21179
21212
21220
21443
21802
21346
20956
21352
21570
21067
21108
21150
21340
21467
21497
21451
21286
21086
21424
21272
20993
21227
21754
21188
21305
21113
23488
21786
21532
21299
21236
21009
21390
21428
21374
20997
22249
21144
21081
21442
21508
21543
21138
21513
21163
21413
21242
21193
21271
21409
21854
21514
21564
21684
21547
21470
21254
21356
21070
21404
21604
21497
21070
21138
21639
21269
21178
21137
21426
21449
21176
21420
21391
23348
21823
21481
21453
21136
21361
21500
21312
21324
21154
20986
21112
21341
21245
21281
21475
21721
21380
21269
21512
21065
21080
21134
21434
21286
21368
21248
21313
21328
21301
21513
20972
21187
21440
21246
21165
21623
21447
21253
21242
21108
21497
21668
21369
21637
20988
21061
25012
21313
21523
21681
21232
21332
21250
21904
21109
20993
21086
21578
21062
21298
21824
21383
21293
21511
21648
21175
21593
21469
21174
21320
21579
21716
21037
21233
21630
21340
21019
21252
21414
21256
21180
21486
21118
21346
21114
21590
21174
21243
21218
21773
21218
21159
24472
22321
21624
21605
21173
21276
21308
21555
21221
21178
21544
21360
21068
21316
21459
21624
21206
21664
21079
21274
21007
21753
21242
21193
21769
21398
21129
21013
21654
21332
21113
21279
21428
21188
21428
21348
21099
21492
21555
21666
21231
21092
21515
21209
21230
21100
21407
25160
21620
21464
21091
21061
21775
21112
21595
21185
21156
21375
21344
21759
21425
21226
21645
21666
21279
21092
21426
21125
21155
21321
21349
21307
21334
21319
21218
21297
21354
21338
21474
21524
21915
21453
21213
20998
21574
21109
21434
21265
21238
21338
21096
21686
21407
21302
25751
21264
21455
21876
21317
21264
21229
21643
20989
22408
21448
21433
21287
21156
21972
21228
21175
21616
21020
21113
21165
21797
21086
21067
21593
21143
21283
21345
21637
21276
21117
21254
21520
21723
21613
21510
21517
21230
21079
21514
21078
21120
21492
21090
21059
21172
23808
22433
21269
21326
20938
21066
21768
21412
21027
21158
21259
21163
21136
21063
21595
21750
21497
21578
21108
21294
21392
21278
21369
21163
21560
21129
21311
21255
21279
21100
21093
21522
21354
21153
21237
21301
21097
21396
21089
21404
21186
21151
21481
21534
21387
21228
21540
23708
22386
22062
21990
21604
21330
21217
21646
21495
21359
21063
21268
21509
21087
21171
21363
21570
21246
21040
21267
21270
21306
21385
21555
21252
21103
21442
21369
21123
21053
21298
21037
21326
21296
21520
21116
20994
21446
21493
21060
21021
21405
21160
21152
21478
21096
21263
24851
22853
21240
21052
21634
21274
21344
21431
21458
21014
21229
22034
21102
21077
21610
21571
21326
21230
21602
20980
21393
21430
21804
21755
21837
21720
21072
21139
21318
21418
21004
21296
22299
21005
21333
21320
21291
21278
21108
21482
21397
21017
21105
21731
21263
21269
21611
25540
21356
21933
21326
21116
21334
21676
21138
21018
21437
21062
21345
21391
21189
21153
21331
21589
21337
21124
21570
21086
21317
21226
21760
21219
21253
21343
21508
21078
21154
21170
21145
21103
21184
21779
21869
21097
21370
21333
21126
21017
21265
21412
21181
21337
21479
21143
24337
22159
21133
21045
21280
21187
21314
21441
21236
21898
21168
21670
21279
21469
21178
21855
21197
21253
21611
20947
20996
21264
21554
21305
21156
21076
21288
21186
21259
21293
21060
21359
21405
21430
21226
21216
21239
21370
21159
21134
21403
21209
21150
21163
21285
21340
21042
25501
21319
21236
21213
21193
21036
21226
21273
21103
21304
21705
21529
21029
21372
21282
21535
21251
21328
21191
21154
21244
21557
21354
21605
21143
21579
21246
21388
21485
21098
21064
21066
21559
21055
21179
21091
21980
21541
21442
21327
22835
21155
21783
21419
21305
21462
21497
25257
21783
21232
21403
21289
21733
21267
21034
22087
21441
21248
21142
21754
21476
21449
21609
21155
21281
21068
21354
21458
21483
21704
21330
21098
21017
21688
21121
21110
21162
21539
21122
21216
21254
21010
21687
21733
21938
21799
21522
21601
21479
21430
21637
21459
21418
23110
23728
21235
21188
21738
20972
21564
21347
21354
21110
21042
21655
21639
21231
21270
21372
21261
21533
21789
21277
21289
21344
21405
21513
21641
22500
23189
23660
22582
22491
21926
21725
22977
26295
21932
22024
22188
22082
22120
22059
21964
21657
22048
21190
21445
21757
24011
23464
22406
21615
21756
21674
21978
21509
21460
21247
21572
21774
21406
21669
21628
21858
21751
21723
21777
22038
21838
21826
22820
22186
22208
21920
22152
22199
21520
21679
21524
22105
21709
21686
21917
21707
22124
22261
21738
21665
21771
21809
21805
22186
22021
21666
25369
22570
22034
21861
21748
21756
22235
22254
22798
21813
21617
21743
21215
21460
21388
21618
21473
21641
21580
21703
21764
21765
22764
22115
21970
22027
21909
21829
21614
22280
21683
21823
22144
21712
21569
22216
21865
22120
21841
21913
21834
21768
21923
21657
21550
22055
26445
22145
22045
21276
21262
21718
21563
21630
22299
21886
21869
21997
21708
21711
22519
21941
22059
22225
21981
21980
21848
22826
21572
21399
21412
21801
21681
21718
21163
21222
21795
21615
21304
21214
21969
21493
21466
21828
21616
21594
21950
21963
22008
21769
21642
24631
21938
21934
21266
21194
21477
21595
21436
21865
21579
21835
22318
22082
21943
22007
22206
21859
21687
21951
21849
22021
22259
22402
21682
21622
21644
21847
21937
21965
22013
22144
22009
22032
22138
22048
22103
22134
22110
22062
21587
21792
22011
21884
22090
22996
28021
23311
23357
22201
22335
22564
22521
22630
22190
22057
22054
21811
21297
21514
22151
22032
21563
21861
22082
21623
21851
22083
22585
21191
21862
21673
21456
21752
21832
21149
21196
22125
21576
21471
21654
21086
21405
21795
22131
21698
21710
21934
21749
21619
22056
22039
24847
22413
22058
21301
21614
21448
21690
21881
21671
21818
21993
21862
22090
21619
21877
22010
22295
21857
21452
21607
21473
21679
21980
21473
21359
21306
21724
21877
21586
21170
21455
21835
21645
21869
21826
21350
21462
22282
21273
21189
21686
21381
21126
21372
21958
21548
23908
21780
22047
21994
21780
21799
22033
22081
21319
22045
21743
22015
22322
22632
23490
21677
22471
22012
22065
22579
21680
22113
22944
21581
21495
21588
21611
22070
21455
21940
21692
21597
21773
21510
21157
21209
21912
21472
21197
21561
21673
21687
21749
22017
21833
21631
24676
22120
22307
21926
21833
21965
21911
21929
21782
21844
21576
21821
22049
21821
21641
22506
21816
21959
22017
21722
21760
22891
21999
21939
21997
21223
21621
21679
21826
21711
21645
21985
21981
21207
21253
21841
21571
21123
21808
21586
21626
21910
21235
21616
21804
21731
25193
22508
22126
21996
22165
21918
21920
21948
21182
21664
21700
22620
22078
22093
21900
22046
21890
22136
21902
21907
21981
22568
21594
22290
21632
21951
22273
21626
21593
21720
22208
22033
21858
21572
21508
21486
21824
21261
21134
21614
21639
21600
21907
21907
21560
23589
22952
22307
22488
21970
21521
21621
21423
21370
21472
21709
21589
21676
21684
21680
21724
22305
22123
21600
21801
21943
21595
22074
21961
21579
21802
21779
21866
21870
21613
21894
21907
21900
21826
21398
21391
21860
21560
21610
21996
22100
21949
22189
21927
21542
21392
22113
25276
22283
22056
22011
23093
21954
21934
22139
22091
21821
21878
22160
21457
21198
21831
21864
21663
21529
21603
21816
22399
21735
21799
21672
21812
22072
21852
21601
21952
21660
21889
21772
21616
21349
21307
21350
21644
22275
21573
21589
21918
21814
21644
21809
21730
25622
22142
21688
21605
21789
21581
21613
21606
22561
21537
21709
21660
21497
21696
21698
21845
22048
21567
21274
21560
21647
22362
21558
21777
21848
21791
21778
22100
22014
21842
22155
21947
21587
21783
21726
21818
21703
22144
21465
21580
22210
21974
21847
21517
21345
21944
23969
21477
21378
22227
21555
21891
21665
21893
21740
21794
22250
21994
22085
22207
21817
21845
21802
21459
21387
21728
22356
22097
21621
21702
21854
21606
21774
21544
21439
22115
22236
21669
21730
21740
21770
21615
22753
21964
21966
22212
21770
22074
22067
21902
21680
24226
21883
21555
21493
21265
21672
22174
21663
21562
22007
21981
21915
21757
22743
22845
22653
21975
22250
22229
22102
22026
22261
22009
21712
21592
21909
21550
22043
22174
21770
22037
22056
21337
21532
21476
21783
21608
21699
21900
21626
21837
22072
21762
21394
21237
21787
23163
22561
21354
21548
21760
21959
21757
22015
22095
21921
21822
21896
21668
21628
22114
21679
22022
21748
21706
21794
21770
22704
21298
21292
21884
21570
21885
21515
21352
21543
21605
22754
21768
22063
21688
22124
22002
22589
21956
21993
22178
22356
22132
22044
22037
22161
24511
21870
21986
22086
21787
22013
22213
21704
21937
21965
21645
21829
21896
21676
21589
21656
21990
21665
21660
22154
21611
22071
21613
21114
21493
21674
21831
22062
22016
22178
21881
22080
22030
21671
21703
21997
22159
21638
21812
21744
21847
22114
21932
21576
21755
24589
21954
21822
21704
21550
21586
22207
21610
21458
22095
21712
22142
21925
22120
21933
21926
21644
21620
21216
21468
21609
21535
22234
21729
21876
22126
21723
21993
22100
21877
21852
21811
21627
21662
21703
22056
21848
21711
21941
21567
21735
22057
21964
21989
22083
21973
25672
22013
22021
21854
21995
21610
21640
21845
21914
21973
21983
21904
21657
21987
22033
21892
21931
22397
21716
21640
22116
21800
21646
22410
22184
21951
22205
21706
21604
21983
22185
21414
21210
21435
21865
21654
21913
21631
21637
22240
21601
21658
21252
21414
21331
23967
23969
21874
21814
21986
21633
22128
21947
21830
21790
22111
22042
21823
21976
21744
21851
21905
21542
22026
21743
21748
21954
21699
21554
21232
21477
21869
21512
21666
21660
21886
21767
21617
22072
21653
21693
21766
21642
21569
21947
21675
21614
21663
21800
21559
21849
24538
21951
22194
22392
21970
22355
22097
21640
21558
22318
21847
21858
22321
22098
21973
21966
21667
21508
21691
21494
21901
22384
22087
21982
22132
21711
21968
21575
21818
21711
21927
22026
21682
21510
21825
22024
21440
21700
21878
21677
21630
22085
21604
21621
21864
21928
24594
21957
21648
21661
21851
21933
21542
21815
22196
22257
21920
21760
21735
21759
22057
21736
21785
22320
21605
21707
21916
21735
21660
21751
21873
21661
21254
21560
21145
21125
21745
22152
21847
21751
21487
21548
21717
21886
21629
21852
21821
22109
21941
21584
21343
21612
25002
21633
21480
21740
21782
22011
21903
21765
21777
22163
21910
22011
21954
22232
21737
21653
22315
22040
21347
27009
22933
22349
22603
24257
24525
24595
22847
22377
22723
24698
24349
26841
29427
22958
25249
22068
22074
21957
22080
21657
21729
22127
21734
23913
23948
23450
23185
22100
22116
22013
22011
21989
22234
21826
22058
22020
21934
22153
21936
21637
21568
22210
21828
21985
22285
21622
21712
21825
22129
22041
22258
22057
21989
21764
22138
22171
22028
21753
21872
22123
21813
21573
21763
21761
21907
22150
21759
21808
21857
23467
22274
22231
22319
21705
21773
21724
21769
21717
21891
22097
22265
22045
22222
22099
22037
22145
21362
21910
22170
21906
21995
21926
21718
21700
22273
21569
21214
21659
22335
21267
21704
21976
21713
22019
22119
21707
21610
21615
22025
21704
22001
22103
21993
22076
24723
22513
24380
22115
22094
22148
22123
21989
22143
22144
22283
22341
21456
21768
22353
21928
22149
22184
22033
22030
22159
22149
22032
21899
21877
21620
21590
22118
21734
22135
22533
22046
21837
21656
21679
21851
22187
21466
21149
21634
21785
21362
21314
21945
21791
21282
26806
21765
21961
21701
21619
21535
21864
21761
22013
22320
22069
21606
22018
21461
21909
21930
21743
21782
22177
22475
21801
22289
22062
21496
21628
21788
21634
21938
22048
22224
21759
21772
21589
21970
22027
22023
21924
22035
22090
21807
21785
21634
21521
21844
22179
21773
23678
21477
21016
21581
21589
21275
21090
21350
21408
21994
21966
21627
21187
21675
21316
21649
21649
21622
22008
21944
21401
21787
22037
21630
22327
21919
21866
22145
21758
21677
21712
21815
21566
21644
21742
21277
21769
21562
21858
21806
21519
21375
21498
21471
21300
21875
22890
21810
21910
22113
21803
21810
21595
21862
22042
21976
21261
21567
21635
21534
21962
22042
21592
21703
22229
22401
21969
21916
21533
21644
21869
21835
21770
22255
21705
21935
21718
22236
21535
21523
21820
21878
21357
21371
23055
21668
22386
22066
21668
22189
21807
21991
24010
21914
21969
22091
21798
21805
21870
21900
21970
22234
22377
21988
22001
22067
21607
21678
21769
22221
22619
22135
22046
21558
22078
22043
21827
21994
21640
21781
22188
21652
21686
21596
22053
21707
21461
21432
21143
21313
21735
21981
21145
21159
21387
21654
21767
21327
23425
21790
21788
21980
21487
21536
21998
22299
22086
22217
21858
21254
21811
21626
21860
21882
21717
21774
22414
21987
21723
21746
21943
21927
21497
21695
21713
21704
21972
21751
21851
21868
21744
21905
21928
21796
21810
21513
22472
22129
22162
22162
22000
21899
22238
22014
24285
22527
22176
22237
22152
21575
21892
21909
21874
21476
21836
21730
21758
21770
22025
21798
21748
21827
21948
21978
22211
22061
22056
22227
21936
21652
22067
21619
21662
22056
21743
22043
22147
21986
21826
22172
21742
21745
21887
21827
21625
21590
21713
21782
22092
21403
24531
21703
21863
21611
21907
22085
21938
21880
22540
21808
21863
21887
22339
21677
21828
21880
21812
22113
22113
22123
21698
22160
21952
21850
22002
21743
21823
22423
21170
21226
21193
21739
21497
21681
21631
21248
21123
21895
21925
21699
21567
21681
21781
21625
21706
21160
24785
21813
21986
21793
21704
21664
21948
21721
22083
21836
21720
22168
21834
21364
22212
21783
21710
22429
22168
21746
21404
21884
21288
21436
22132
21683
21642
22295
21554
21710
21873
21844
21990
22353
22077
22076
21756
21751
21793
21554
21704
21343
21504
21831
21199
22810
23941
21925
21636
21998
21735
22000
22048
21830
21676
21779
21791
21847
21930
21928
21558
21888
21956
21791
22114
22377
21997
21821
21972
21744
21107
21190
21867
21938
22186
22117
21954
21797
21802
21696
21653
21679
22111
22034
22143
22012
22005
22589
22349
21656
21293
24809
21804
21822
21225
21384
21337
21823
21525
21710
22365
21588
21629
21979
21699
21699
21620
22197
21598
21543
22052
22055
21834
22102
21861
21877
21541
21269
21522
22028
21774
21843
21991
22108
21979
21714
21952
21887
21761
22310
21685
21566
21285
21803
21943
21845
21837
23364
21993
22179
21513
21752
22122
21768
21888
22103
21997
21750
22369
21739
21963
22039
21967
21849
22464
22003
22243
22188
22079
22255
21843
21843
22009
21984
22135
21597
21564
22174
21669
21732
22173
22094
21993
22150
21575
21158
21151
21655
21777
21364
21516
21221
21150
24619
21464
21623
21729
21662
21825
21761
21806
21596
22510
22131
21883
21319
21398
21279
21565
21326
21873
21720
21932
22452
21845
21735
21749
21546
21523
21730
21758
21311
21312
21763
21667
21858
22135
21909
21528
21748
22054
21898
21759
21683
22013
21619
22660
22033
21908
25703
24934
22534
22416
21716
21998
22082
21745
21569
21686
22173
22128
21623
21563
21295
21717
21286
21679
22057
21760
21796
21915
21199
21207
21499
21582
21426
21825
22075
22017
21867
22080
21939
22174
22107
22002
21714
22132
21625
21534
22000
21922
22099
22193
21745
21685
26349
22021
21810
22177
21963
22038
22140
22089
22016
22208
21823
21912
21619
21562
21479
21748
22261
21732
21485
21915
21682
21366
21358
21271
21425
21586
21886
21789
21636
21874
21666
21421
21148
21506
21323
21624
21764
21560
21677
21868
21852
21702
21804
21900
21697
21772
25083
22047
21746
21707
21771
21941
22093
21848
21773
21776
21643
21731
21863
21959
21851
21820
21685
21780
21938
22225
21563
21856
22067
21340
21202
21941
21555
21754
21775
21780
21558
21575
22129
21811
21560
21750
21733
21791
21487
21217
21352
21753
21911
21623
21649
22163
26478
22461
22186
22050
21864
21949
21653
22084
21342
21751
21799
22204
21724
21914
21835
21638
21411
22088
21355
21677
22266
22080
21652
21750
22084
21692
21716
21949
21799
21712
21890
21998
21615
21303
21397
21911
21313
22080
21633
21570
22190
21812
21713
21846
21991
23688
23372
22070
21474
21439
21516
21434
21653
22477
21797
21532
21816
21900
21721
21910
21626
21780
22040
22252
21734
22108
22031
21547
21662
21841
21731
21955
22053
21331
21292
21775
21791
21692
21446
21934
21810
21889
22193
21811
21672
21945
21853
22069
21809
21245
21184
24414
21975
21651
21783
21623
21724
21963
22423
21707
21542
22042
21841
22124
21717
21499
21791
22140
21656
22103
22163
22024
21931
21215
21512
21367
21782
21919
21978
21800
21473
21699
21627
21420
21635
21741
21614
22024
21597
21601
21692
21662
21872
22407
21778
21505
21968
21996
24994
22075
21699
21358
21370
22252
21712
21710
21859
22070
22178
22003
21595
21634
22081
21584
21650
22035
22035
21965
21973
22176
22006
21817
22418
21573
21665
21825
22093
21718
21545
21229
21620
21825
21589
21681
21616
21771
21715
21694
23240
22137
21959
22373
21598
23969
23566
22095
21656
22263
21636
21596
21888
22040
22052
22048
21753
21903
22262
21348
21619
21663
21920
21483
21718
22247
21656
21746
21891
21658
21564
21832
21653
21583
21952
22010
21374
22550
21752
21666
21492
21443
21136
21342
21588
21788
21146
21410
21773
21729
21626
25976
22264
21498
22114
21621
21762
22130
21606
21852
22260
21969
21547
22231
21841
22161
21295
21872
22070
21794
22089
22005
21892
22037
21837
21601
21858
21613
21757
22200
21626
21568
21772
21919
21893
21669
22046
21955
22002
22126
21896
21689
21861
21693
21585
22060
21763
21618
26211
22361
22065
22228
22102
21731
22054
21972
22055
22153
21691
21957
21803
21762
21641
22023
22200
21982
22050
21855
21822
21796
22180
21266
21229
21938
21829
21634
21766
21757
21355
21893
21897
21640
21726
21712
21962
21844
22359
21706
21686
21958
21973
21884
21782
23928
22622
22289
22351
22386
22124
21191
21508
21881
21825
21729
21509
21714
21691
21155
21608
21877
21693
21919
22411
21975
21771
22363
22190
22063
22124
21753
21941
22177
21263
21106
21187
21531
21581
21648
21568
21336
21641
21838
21576
21656
21634
22071
21917
21628
21922
22913
22689
21854
22336
22230
21811
22045
21779
22251
21957
22072
22113
22008
21824
21803
21660
21965
21953
22176
21628
22017
21908
21941
21782
22115
21641
21582
21854
21868
21655
21808
22218
22082
21946
21998
21916
21684
22034
21748
22547
22003
21898
21709
22635
21660
21573
26067
21759
22046
21734
21626
21627
21775
22085
21941
21881
21893
21838
21704
21292
21598
21804
22038
21874
22210
22081
21989
22023
21983
21955
21946
22166
22051
21840
21473
21115
21237
21545
21694
21680
21596
21794
21647
21930
22120
21599
21639
22065
21869
21382
21195
21420
24600
21688
21442
21716
21541
22077
21593
21966
22046
21612
21762
22394
22119
21994
22172
22122
22061
22553
22077
21971
22118
21808
22071
22215
22032
21988
22408
21740
21203
21201
21758
21533
21439
21268
21304
21620
21549
21923
21415
21456
21897
21590
21573
22018
21776
23033
23659
22305
21858
21810
21292
21436
22204
21914
21920
21841
22079
22075
22055
22127
21981
22341
22725
22051
21772
21795
21537
21434
21791
21717
21770
21373
22041
21760
21699
22191
23746
22254
21999
21643
21595
22010
22249
21684
21920
21759
21849
21523
21657
21489
21907
25223
22553
22148
21994
22077
21993
22067
21934
22194
21871
21812
21939
21819
21130
21125
22093
21738
21871
22088
21142
21505
21718
21846
21618
21648
21895
21803
21625
21828
21561
21786
22441
21660
21661
21569
21883
21890
22083
21511
21364
21717
22430
21800
21165
21342
21303
24960
22092
22248
22071
21699
21998
22228
21833
21852
21738
21878
22001
21701
21308
21449
21948
21721
22221
22183
21873
21792
21783
21943
21870
22014
22139
21763
21836
21834
22040
22220
22131
22180
21840
21676
21924
22196
21588
21543
21654
22053
21921
22045
21886
22005
25140
23007
21875
21715
21710
21673
21718
22654
22028
22139
22082
21833
22429
21961
21832
22284
21737
21669
22034
22260
21997
22096
22535
21885
22128
22142
21638
21760
21894
21396
21750
21994
21803
21647
21548
22254
21775
21726
21579
21559
21589
21834
21742
22050
21776
21822
22665
21959
22209
22273
21890
21780
21666
21138
21616
21481
21595
21884
21562
21650
21758
22234
21742
21998
22126
21700
21726
21964
21611
21590
21665
21742
21787
21831
21818
21937
21884
21876
21638
21689
21763
21265
21738
21576
21332
21393
21585
21834
21611
21639
22238
21955
24266
23845
22420
22576
22163
22048
22496
22090
22137
22115
21757
21552
21637
21716
21714
21796
22345
21598
21625
22069
21734
22178
22237
21674
21677
21325
22111
21402
21647
21768
22118
21780
22600
21563
21569
22029
21586
21628
21796
21749
21799
21695
21933
21629
21607
22112
24704
22142
22674
22134
21997
22305
21817
22083
22137
21975
21879
21976
21677
21532
21988
22058
21858
21912
21957
21589
21775
22102
21607
21918
21970
21856
21631
21861
22003
21721
22049
22385
21137
21332
21330
21731
21830
22286
21196
21174
21896
21199
21337
21134
21437
23507
22302
22030
21144
21203
21783
21671
21888
22216
22145
21768
21983
22010
21453
21667
22327
22118
21686
21430
21542
21437
21989
21749
21560
21528
22171
21938
21854
22497
22096
22386
22332
22025
21840
22197
21504
21739
21918
21644
21134
21142
21828
21979
21850
21705
21494
24253
22334
21248
21312
21793
21695
21642
21931
21740
21347
21881
21838
21877
22069
21592
21965
21971
21894
21593
22037
21752
22015
21778
21811
21754
22148
22208
21787
21549
21685
22091
22012
22056
21838
21702
21472
22070
21952
21940
22092
22089
21839
21679
21361
21537
23747
23109
22251
22065
21657
21255
21606
21781
21187
21328
21684
21520
22094
21968
21691
21904
22346
22519
22106
21932
22275
22021
21937
21803
21693
21620
21853
21672
21735
21854
21607
21832
21873
22219
21840
21663
22235
21739
21820
21953
21672
21444
21986
21692
21583
21668
24589
22410
22363
22235
21726
21971
21554
22068
21553
21384
21804
21780
21841
21706
21556
22370
21895
22122
22504
22063
21964
21984
21154
21307
21661
21376
21655
21397
21943
21627
21884
22168
21917
21701
21717
21682
22076
21591
21464
21070
21502
22052
21945
21467
21602
21745
25520
22218
21687
21762
22083
21671
22226
22178
22068
22230
22246
22514
22358
22159
22155
22245
22497
22296
22105
22664
22168
22166
22187
22065
21456
21654
21790
21144
21168
21385
21697
21449
21393
21322
21145
21566
22014
22092
21785
21864
21604
22026
21950
21893
22094
21734
25887
21864
21834
21686
21284
21923
21575
21695
21670
21815
21782
21825
21884
21598
21981
22167
21851
21274
21260
21283
21955
21435
22066
21733
21659
21881
21873
21754
21323
21310
21680
21589
21440
21093
21108
21734
21852
21892
21633
21733
21793
21910
22180
21925
21967
22228
25274
21767
21919
21658
21604
21898
21542
21564
21698
22083
22872
23235
21921
21672
21935
21946
22169
21971
21945
22032
22222
21931
21716
21817
21776
22275
21827
21963
21611
21650
22115
21851
21330
21412
21524
21712
21863
21506
21142
21102
21940
21613
21916
22238
21698
23987
23822
21843
22071
22562
22510
21975
22448
22034
22029
22223
21653
21730
21949
21875
21845
22246
21763
21689
21742
22017
22056
22044
21656
21411
21497
21820
21682
21504
21815
21590
21536
22164
21805
21491
21300
21904
21671
21863
21802
21734
21524
22325
21398
21114
21117
25065
22649
21689
21682
21925
22355
21846
22454
22728
22482
22195
22126
22114
22559
22699
22253
22017
22112
21842
21953
22067
21430
21596
21667
21780
21939
21761
22158
21363
21694
21592
21959
21286
21586
21905
21732
21678
21536
21534
21678
21695
22065
21806
21276
21371
21327
24282
22345
21956
21715
21832
21689
21718
22216
21793
21471
21469
21980
21805
21673
22037
21876
22015
22253
21813
21287
21810
21841
22331
22141
21524
21552
22106
21715
21642
21667
22098
21785
22425
22335
21663
21515
21890
22025
21459
21945
21526
22355
22029
21814
22003
21697
24540
21631
22576
22092
22368
32644
25195
22048
22142
22167
22127
21906
21781
22048
21590
22932
21960
21694
21510
21760
21983
21536
21661
21684
22408
22240
21698
21686
21672
22978
21943
22006
21754
22030
22331
21852
21710
21385
21314
21729
21626
21412
21227
21133
21679
24216
22557
22631
22110
21997
22287
21783
21941
22177
21877
21710
22296
21538
21597
22153
21937
21697
22117
21572
21516
21865
22518
21818
21641
21845
22015
21998
21843
21917
21671
21897
21927
21368
21122
21497
21614
21597
21855
21602
21813
22065
21800
21561
21801
21802
21648
25792
22086
22017
21773
21610
21480
21708
22472
21676
21757
22348
21833
21597
22024
22078
22012
22088
21603
21784
21931
21904
21660
21459
21767
21546
21596
21705
21663
21644
21973
21917
21874
21727
21317
21293
21947
21762
21557
21659
21959
21852
21881
21762
21678
21725
25249
21879
21578
21845
21444
21375
21670
22669
21563
21511
22150
21824
21329
21778
21945
21922
22314
21500
21421
21382
22294
21979
21857
21830
21561
21655
22027
21489
21600
21703
21984
22018
21665
21545
21531
21728
21578
21590
21095
21422
21361
21636
21914
22506
21704
21702
25597
21949
21729
21797
21838
21881
21881
21306
21678
21784
21957
22064
22550
21994
22024
22402
21959
21737
21896
21992
21823
22358
21768
21539
21612
21875
21633
21804
21731
21525
21825
22150
22111
21343
21061
21536
21722
21979
21832
21588
21624
21726
21960
21588
21798
21707
24740
22092
22087
21584
21712
22125
21856
21954
22228
21991
21635
22361
21249
21785
21555
21568
21621
21551
21687
21783
21967
22143
21730
21633
21834
21573
21536
21915
21616
21717
21967
21786
21730
21611
21920
21888
21831
21493
21269
21224
21592
21955
21372
21428
21418
21280
26142
21946
21989
21772
21961
22169
21749
21988
22001
21771
22108
22316
21944
21952
21271
21665
22012
21348
21495
21560
22021
22169
21929
22942
22121
22084
22862
22094
21807
22000
21849
22010
22057
21548
21566
21861
21613
21600
21994
22083
22187
21907
21935
21763
21981
24903
21838
22546
21909
21928
22049
22150
21516
21698
21740
22170
21669
21763
21506
21634
21831
21560
21361
21177
21419
21645
21628
22549
21380
21593
22239
21666
22180
22302
21724
22183
22350
22127
21506
21563
21555
21749
21574
21596
21154
21182
21577
21803
21651
21543
22097
23976
22174
22702
22148
22154
22142
21968
22643
21842
21831
21744
22221
21857
21557
21899
22257
21799
22444
21700
21579
21842
22134
22285
21660
21856
21833
21937
21428
21198
21142
21743
22265
21862
22018
21209
21596
21431
21809
21832
21718
21913
21680
21648
21929
21721
21823
24839
22117
21666
22151
21572
21847
22319
21676
21627
21734
22053
21838
21972
22200
22058
22299
22345
22110
22075
22105
22162
22223
22352
22105
22231
22136
22105
22154
22113
22086
22100
22367
22224
22074
22153
22322
22190
22202
22115
22054
22182
22061
22103
22233
22091
24826
23020
22061
22116
21577
21524
21625
21945
21593
21538
21705
21770
21913
23416
21895
21770
21918
21866
21704
21572
21811
21782
21904
21871
21771
21827
22255
21674
22007
22241
22040
21973
21810
21964
21996
22021
22171
21858
22420
22038
21993
22086
22065
22004
22017
22015
24628
22296
22900
22013
22174
22030
21904
22115
21984
21811
21934
22147
22012
22834
21753
21853
21704
22357
21560
21613
22281
21677
21861
22041
21851
21670
21858
21587
21672
21681
21858
21765
22052
21897
21656
21568
22387
22119
21926
22282
21654
21944
22309
21708
21991
22800
22137
22416
22241
21792
21773
22484
22048
21755
21827
21660
21667
21949
22015
21694
21629
22186
22007
21878
21735
21621
21754
22388
21943
22008
22072
22117
21785
21747
21775
21672
21926
22092
22136
21927
22137
21937
21787
22161
21527
21258
21772
21377
21588
21751
21833
24722
21998
22054
22059
22083
22059
21790
22084
21716
21607
21740
22036
22160
22104
22121
21624
21644
22312
21214
21129
21507
21577
22284
21520
22249
21673
22081
22241
21982
22023
21859
21613
21858
21936
22069
21932
21850
22155
22074
21666
22135
21619
21846
21826
21612
22090
24616
21382
21145
21433
21502
21428
21321
22248
21909
21977
22441
22007
22404
22102
21626
21854
22109
21234
21172
21397
21467
21375
21711
21892
21604
21705
21747
21591
21719
21738
22007
21733
21897
22104
21964
21655
21956
22160
21732
21899
21718
22190
22457
22083
21626
23281
22309
21820
22104
21896
22086
22068
22261
21756
22086
21591
21619
21617
21916
21473
21713
22221
21959
21345
21422
21341
21712
21335
21830
21448
21274
21813
21716
21504
21366
21246
21415
21675
22190
21641
21802
21983
21917
21909
21924
21615
21805
22374
21634
21373
21148
21722
24886
22124
22065
21954
22091
22438
21993
21730
21692
21989
21761
22171
21669
21121
21564
21544
21531
21146
21473
21366
21865
22199
21816
21870
22107
22038
22140
21870
22032
21956
22086
21844
22079
21651
21896
21672
21747
22489
21633
21580
22140
21598
21887
22023
21914
23972
23546
23414
21512
22132
22031
21736
22115
21943
21818
21949
21849
22380
23222
22032
22025
22162
22132
21712
21596
22108
21749
22052
21724
21127
21479
22396
21783
21837
22116
21723
21856
22454
21680
21690
21919
21583
21762
21778
21721
21750
21846
22310
21198
21128
21751
24763
21863
22195
21939
21338
21732
21738
21822
21727
21663
21672
22014
22033
21564
21808
21991
21904
21709
22248
22051
22111
21936
21500
21710
21995
21977
21679
21838
21533
21331
21666
22305
21549
21255
22073
21256
21398
21186
21441
21353
21685
21549
21810
21994
22075
24207
22519
22466
22132
21783
22150
21734
21749
21956
21697
21816
22075
21897
21860
22386
21807
21654
21616
22146
21662
21707
21708
21658
21867
22118
21737
21786
22016
21726
21659
21707
21952
22455
21614
21851
21581
21659
22141
21657
21599
21713
22000
21994
22039
21760
21783
24800
21979
21751
21749
21687
21973
21623
22428
22042
21743
21908
21540
22331
21707
21617
21813
21813
21783
21496
21535
21828
21429
21505
21527
21937
21258
21720
21645
21476
21671
21874
22009
21800
21930
21660
21775
21876
22142
21598
22021
21987
21902
21819
22341
21730
21754
24549
22136
22531
21999
21816
21916
22233
21483
21134
21829
21309
21365
22999
21569
21717
21994
21854
21466
21683
21865
21368
21733
21916
22071
21685
22022
21668
21747
21466
21274
21267
21797
21811
21494
21296
21811
21463
21937
21969
21796
21551
21774
22554
21590
21794
21526
25484
22155
21960
21720
21791
21788
21839
21974
21629
21593
21748
21646
21754
21157
21196
21837
21761
21648
21842
21984
21946
21963
22117
22159
21938
21726
21676
21621
21939
21686
21663
22326
21866
21580
22333
21567
21796
21968
21578
21646
21743
21779
21501
21132
21644
22186
23781
21553
21205
21285
21368
21442
21955
22164
21652
21419
21482
22681
21818
21888
22273
21615
21608
22161
21212
21162
21450
21661
21912
21834
22756
22025
22141
21866
21618
21630
21797
21736
21982
21777
21697
21909
21677
22123
22068
21679
22415
21594
21828
21650
21165
21175
23552
21671
21571
21537
21727
21700
21868
22230
21722
21925
21779
21909
21740
21524
21128
21336
21684
21853
21732
21798
22028
21830
21886
21911
21664
21383
21793
21863
22059
22054
22115
22032
22160
21394
21169
21490
21578
21591
21435
21295
21537
21327
21412
21856
21582
21501
25999
22092
22078
21942
21668
21689
21806
21606
22015
21979
21971
22529
22065
21857
21740
21705
22161
21728
21394
21421
21642
21488
21883
21663
21943
21903
21796
21591
21675
22178
23062
21566
22286
21432
21129
21928
21291
21765
21750
21794
21795
21764
21710
21206
21104
21791
25021
21450
21924
21698
21730
21456
21902
22086
21480
21251
21513
21893
21946
21713
21751
21892
22015
21953
21926
21610
21664
22154
21707
21560
21929
22319
21686
21674
21696
21447
21472
21912
21857
21594
21764
22075
21741
21746
21403
21556
21635
22353
21621
21677
21606
21926
25524
22678
22197
22047
21880
21608
21589
22194
22001
22110
22440
21787
21625
21810
21602
21588
21834
21956
21702
21875
21941
21267
21340
21264
21716
21078
21492
21892
21140
21082
21794
21361
21663
21672
21855
21677
21913
21823
21635
21558
21951
21753
21762
22048
21832
21693
24884
22160
21850
22164
22044
21901
22303
21651
21563
21866
22083
22213
21872
21841
21539
21885
22330
21957
21300
21326
21709
21932
21725
21836
22136
21715
21921
21251
21148
21209
21853
21840
21682
21732
21463
21530
21890
21586
21630
21686
21762
21936
21686
21431
21209
22950
23138
21494
21237
21520
21709
21917
21906
21826
21740
21784
22210
22138
21743
21431
21448
22009
22010
21616
21663
22239
21890
21840
22245
21513
21816
22595
22293
22059
21309
21784
21557
21991
22470
21624
21133
21756
21682
21669
21778
22068
21767
21891
21970
21390
21612
24244
23405
23031
21802
21665
22750
22285
21780
22203
21990
21930
22371
22174
21736
21635
22099
21811
21498
22310
21806
21606
22150
21937
21557
21741
21526
21670
21506
21448
21199
21767
22102
21655
21706
21788
21698
21705
21735
21982
21625
21642
21820
22047
22115
22069
21914
25698
22073
22038
22017
22116
21905
21889
21853
21676
21745
22116
21466
21607
22086
21630
21951
21698
21696
21918
21944
22454
21990
21602
21815
21534
22019
22147
21467
21434
21772
21663
21671
21566
22051
21972
21852
22054
21378
21116
21438
21327
22004
21591
21763
21714
24049
22392
21871
21687
21420
21355
21711
22110
21364
21599
21804
22051
21420
21193
21467
21782
21800
21809
21763
21674
22163
21693
21372
21474
21891
21643
21599
21901
21901
21734
21846
21741
21999
22543
22024
21975
22173
22079
21647
21613
22005
21548
21994
22359
22141
21895
22117
25635
22111
22111
22089
21797
21782
21702
21791
21919
21641
21839
22649
21823
21971
22187
22205
21673
21911
21781
21808
21906
21899
21485
21509
21960
21697
22173
22188
21952
22025
22153
21456
21197
21418
21627
21449
21535
21733
21616
21623
22292
21497
21669
22081
21122
24756
22292
21605
21836
22221
22019
21940
21380
21248
21363
21812
22370
21778
21623
21878
21782
21876
22025
21715
21938
22077
21683
21433
21188
21401
21644
21684
22124
22165
22079
21900
21638
21920
22029
22016
21986
22032
22002
21712
21761
21877
21904
21747
21735
21801
21396
25429
21877
21693
21605
21629
21777
21873
21572
21379
21263
21952
21963
21757
21928
21666
21906
22057
21554
21725
21828
21811
21693
22126
21705
21629
21698
22339
21846
21747
22168
21771
21847
22037
21661
21574
22014
21839
21995
21666
21300
21295
21666
22091
21192
21294
21477
25045
21807
21653
21235
21099
21591
21797
21522
21431
22368
22253
21962
21822
21370
21365
21460
21812
21673
21580
21694
21995
21853
21891
21722
21656
21999
21994
21889
21213
21470
21619
21623
21721
21308
21658
21658
21852
21855
21678
21744
21660
22088
22382
21758
21604
22148
25171
22639
22043
21734
21549
21966
21673
21697
21972
21678
22108
22184
22257
21978
22163
21990
22250
21956
21480
21388
21743
22067
21262
21082
22080
22488
22158
21825
21608
21592
22137
21763
21696
22074
21718
21892
21768
22214
21588
21578
22270
21689
21536
21370
21152
23177
23154
21662
21410
21130
21458
21645
21845
21994
21733
22069
22353
21855
21910
21701
21964
21445
21616
21664
21669
21636
22007
21944
21671
21781
21588
21729
22357
21676
21568
21859
21915
21961
21844
22112
21842
21725
22400
21677
21994
22206
21764
21856
22298
21569
21598
26085
22072
22360
22244
22020
21893
21907
21916
21561
22162
21973
21880
22283
21585
21614
22289
21711
21948
22166
21744
21689
22047
22348
21678
23862
21793
22200
21888
21895
21065
21385
22178
22091
21726
22049
22031
22053
22248
21992
21389
21585
21812
21302
21523
21695
23423
22948
22505
21562
21609
21735
21607
21191
21477
21263
21289
21914
22063
21744
21624
21778
21731
21584
22138
21926
21657
21922
21768
21606
21192
21413
21778
21642
21780
21582
21136
21495
21535
21577
21558
21900
21649
22074
22410
22016
21938
22260
21688
21865
21786
22168
22568
22724
21837
21838
21679
21788
22079
21930
21914
21392
21356
22238
21957
21662
21728
21833
21843
21580
21958
21535
21657
22330
21746
21553
22251
21592
21667
22013
21633
21511
21489
21674
21541
21589
21502
21319
21572
21956
21903
21233
21178
21315
21578
21640
21796
21759
23101
23479
22256
22152
22188
22058
21656
22380
21701
21611
22053
21906
21758
21651
21709
21681
21724
22019
21476
21724
21982
22034
21706
22066
21767
22169
22234
21522
21262
21282
21379
21254
21580
22042
21649
21940
21884
22074
22302
21712
22143
22012
21783
22045
21273
21579
24414
22248
21897
22095
21686
21861
22256
22280
21936
22134
22379
21684
22209
21634
21636
22129
21743
21881
21705
21882
21781
21626
22422
21686
21714
21818
22059
21905
22118
21914
21736
22133
22090
21967
21827
21778
22018
21950
21523
21115
21709
21841
21839
21203
21100
21505
24340
22017
21785
21605
21760
21881
21977
22136
21946
21580
22272
22082
21279
21147
21245
21873
21683
21658
21575
21281
21555
21571
21990
21220
21196
21429
21638
22175
21877
21800
21694
22349
22402
21951
22149
21929
21928
22470
22017
21617
21673
21978
22018
21755
21734
21621
24631
22270
21428
21623
21768
21739
21795
22103
21498
21134
22208
21311
21680
21630
21874
21998
22174
22163
21989
21974
22042
22028
21556
21989
22026
21786
22434
21294
21304
21121
21766
21475
21619
21836
21617
21592
21778
21973
21648
21142
21498
21639
21965
22033
21969
21791
25283
21477
21942
21696
21555
21587
22134
21624
21584
21911
21869
21464
21657
21838
21603
21841
21875
21934
21655
22092
22605
21629
21647
21704
21911
21849
21692
22158
22028
22063
21785
21760
22280
22038
21950
22091
22001
21589
21762
21672
21868
22351
21893
21216
21263
21699
26172
22106
21762
21536
21581
22126
21507
21863
21917
22243
21776
22129
21258
21294
21506
21739
21791
21697
21570
21689
22249
22158
22177
21978
22139
21781
22442
21517
21464
21804
22228
22074
21695
21417
21623
21768
21661
22431
22081
21983
22370
22021
22206
21970
21931
24735
22551
21432
21420
21737
21727
21290
22591
21380
21171
21866
21663
21407
21675
21855
21640
21665
22144
21236
21170
21230
22034
22118
21614
21847
21586
21670
22307
21749
21679
21960
21533
21642
22293
21666
21807
21832
21868
21660
21794
22142
21871
21819
21728
21656
21190
21598
25130
21705
22580
22034
22007
22436
22116
21784
21852
21750
21946
22157
21728
21618
21987
22089
21606
21617
21899
21902
21910
22451
21339
21112
21852
21570
22257
21120
21537
21303
21631
22150
21284
21579
21792
22134
21892
21313
21410
21088
21550
21844
21436
21594
21661
21704
25593
22128
21170
21128
21101
21485
21897
21789
22213
21561
22017
22041
21708
21744
21720
22011
21582
21556
21675
21490
21667
22972
22946
22320
21910
21616
22472
21668
21508
21623
22167
21952
21606
21694
21754
22087
21917
22056
21637
21624
22156
21838
21425
22112
21803
24962
23287
21975
21637
21810
21661
21956
21986
21700
22306
22019
21768
21538
21486
21177
21706
21344
22383
21729
21991
22143
21373
21843
21492
21287
21379
22842
22154
21784
21522
21934
21939
21584
21908
21752
21666
22040
22186
21766
22128
21527
21749
21736
21691
21814
22619
23530
21986
21747
22321
21468
21431
21855
21694
21704
21832
21668
21892
22195
21655
21537
22187
22167
22014
21570
22093
21823
21451
21689
21234
21296
21989
21764
22271
21756
22038
21991
22162
22078
21625
21555
22184
21888
22048
21816
21674
21721
21447
21733
21661
21705
25670
22142
22114
21374
21163
21758
21489
22420
21708
22220
21825
21867
22245
21687
21566
21837
22004
21843
21692
21131
21095
21674
22209
21713
21589
21926
21846
21713
22303
21530
21526
21659
21726
21745
21898
21809
21927
22020
21812
21192
21363
21799
21610
21943
21333
21490
23982
23405
22106
22041
21657
21726
21696
21830
22274
22303
21501
21813
22097
21887
21757
21590
21465
21776
21612
21417
21524
22295
21756
21652
21570
21595
21732
21728
21704
21179
21125
21721
21938
21417
22168
21215
21185
21647
21762
21172
21133
21466
21826
21883
21249
21302
24876
21650
21583
21325
21674
21534
21533
21707
21774
21623
21577
22451
21987
21954
21833
21750
21739
21888
22387
21671
21555
22230
21871
21788
22055
21629
21928
22066
22457
21816
21851
21672
21527
22147
21871
21856
21871
21996
21710
21768
22015
21640
21812
21842
21688
21693
24866
22362
21934
21859
21897
21567
22048
22111
21518
21771
21333
21660
21301
21871
21661
21883
21801
21666
21479
21162
21506
21657
21716
21491
21162
21139
21720
21716
22451
22018
22114
21954
21735
22259
22152
21852
21823
21892
21964
22283
22082
21702
21925
22319
21831
21813
24430
22119
22584
22013
21954
22395
22003
22248
22524
21651
21626
21711
21699
21692
22142
22159
22262
22064
21743
21574
21558
21847
21905
21590
21834
21819
21936
22010
21848
22118
22649
22935
21914
22128
22095
21845
22233
22017
21983
21821
21959
21843
22455
22026
22024
21773
24944
21822
21946
22021
21983
23351
21290
21460
21919
21597
21387
21788
21903
21614
21533
21877
21788
21779
21539
22050
21554
21702
22227
21925
21925
21876
21627
21676
22171
21649
21975
21555
21691
21639
21691
22134
21977
21682
21486
21325
21608
22094
21262
21686
22077
25700
21966
22072
21904
21684
21880
21725
21682
21884
21765
21706
21577
21724
21445
21200
22073
21645
21381
21485
21276
21285
21696
21478
21279
21216
21100
21919
21864
21452
21660
21657
21507
22216
21177
21101
21189
21685
21444
21554
22026
21600
21704
21979
22016
22120
23246
24936
22546
22385
21480
21212
21555
21180
21770
21982
21730
21610
21656
21696
21826
21733
22234
22105
22308
22260
21972
21938
22124
21508
21252
21169
21848
21492
21623
21592
21503
21596
22093
21992
22221
21803
22253
22238
22305
21739
21564
21880
21965
22051
21875
22283
21748
26670
22519
22427
22563
22204
22341
21987
21978
21866
21403
21751
21941
22052
22084
21954
21676
22470
21615
21510
21875
21966
21566
22404
21373
21377
21741
21367
21912
21714
21681
21669
21434
22103
22031
22129
22306
21639
21840
21572
21140
21296
21582
22161
21567
21743
25126
22047
22240
21727
21554
21569
21888
21716
21934
22489
21351
22090
22817
22142
22147
22395
22047
21923
22177
21984
22039
21818
21571
21977
21858
21799
22802
24862
22257
21791
22346
21891
21729
21904
21573
21671
22281
21586
21521
21523
21363
21341
21895
21869
21864
23612
24213
21746
21746
21864
21619
21668
22285
21863
21819
22276
21578
21738
22220
21810
21560
21898
22378
21982
21661
21917
22020
21860
21786
21231
21149
21590
21771
21284
21404
21891
21544
21417
22141
21106
21388
21203
21861
21909
21694
21894
21721
21884
22092
21657
21670
22349
23228
21797
22017
21537
21492
22007
21917
21836
21631
21809
22011
21754
22107
21729
21840
22241
22220
22341
22369
22001
22003
22313
21958
21601
21256
21744
21798
21628
21923
21975
21622
22312
21836
21760
21793
21638
21941
22070
21600
21467
21875
22102
22043
21620
21690
23844
23718
22489
22092
23112
23291
22108
22448
22659
21744
21892
21949
21798
21583
21937
21890
22710
22773
21459
21545
21223
21430
21190
21356
20931
21122
21266
21461
21202
21224
21490
21411
21302
20988
21548
21164
21244
21187
21782
21402
21114
21404
21265
21073
21206
21364
24526
21590
21626
21416
21187
21293
21554
21707
21622
21625
21138
21324
21574
21148
20993
21253
21565
21220
21132
21450
21967
21096
21106
21578
21041
21407
21689
21512
21252
21123
21474
21712
21156
21195
21247
21240
21414
21415
20964
20922
21075
21522
21183
21118
21218
21061
23999
22759
21367
21097
21128
21379
21146
21409
21607
21567
21186
21274
21722
21214
21386
21390
21642
21112
21073
21463
21289
21422
21179
21423
21247
21058
21803
21571
21183
21112
21542
21291
22188
21529
21292
20977
21333
21764
21299
21073
21191
21030
21224
21270
21482
21227
21318
24611
21576
21272
21301
21863
22511
22218
22326
21280
21459
21687
21330
21547
21559
21217
21496
21223
21365
21053
21012
21166
21315
21289
21139
21495
21005
21437
21543
21419
21030
21107
21733
21126
21248
21117
21682
21385
21141
21858
21455
21215
21279
21464
21323
21111
21375
21110
25551
21852
21153
21228
20974
21388
21269
21159
21605
21193
21137
21081
21430
21159
21395
21843
21535
21155
21128
21361
21031
21215
21308
21766
21507
21237
21530
21230
20970
21005
21217
21210
21119
21916
21035
21093
21500
21754
21349
21273
21197
21489
21280
21339
21270
21212
20966
25955
21274
21073
21825
21717
21540
21294
21344
21454
20966
21447
21467
21117
21092
21394
21439
21442
21271
21144
21180
21123
21785
21249
21274
21464
21324
21516
21479
21628
21049
21164
21462
21698
21101
20999
21333
21252
21197
21262
21503
21091
21428
21696
21775
21462
21209
21257
25225
21174
21469
21043
21121
21688
21289
21056
21480
21600
21422
21437
21236
21221
21521
21270
22025
21279
20957
21292
21304
21135
21332
21764
21294
21107
21204
21695
21253
21088
21429
21763
21285
21032
21544
21160
21065
21522
21375
21002
21162
21402
21181
21368
21063
21418
21042
26053
21312
21448
21430
21740
21328
21312
21783
21331
21161
21055
21847
21137
21241
21510
21600
21459
21225
21401
20994
21143
21370
21566
21330
21196
21382
21484
21123
21396
21777
21212
21748
21739
21472
21129
21035
21356
21170
21178
21266
21252
21401
21442
21688
21396
21351
23324
23188
21568
21508
20966
21106
22620
21296
21437
21098
21725
21274
21104
21435
21174
21308
21102
22036
21599
21231
21049
21362
21191
21257
21377
21082
21204
21179
21461
21149
21394
21190
21552
21438
21038
21522
21173
21342
21207
21714
21148
21063
21582
21362
21105
21016
21171
23594
21109
21491
21069
21181
21118
21527
21278
21551
21331
21468
21373
21216
21496
21206
21305
21417
21416
21103
21103
21673
21241
21261
21265
21233
21344
21182
21491
21231
21251
22156
21385
21629
21694
21440
21645
21223
21357
21675
21088
21311
21467
21157
21223
21264
21616
21428
23076
21298
21027
21167
21299
21483
21390
21416
21863
20954
21015
21305
21406
21060
21282
21553
21285
21355
21080
21193
21051
21174
21369
21324
21052
21078
21485
21259
21485
21984
21149
21166
21563
21414
20971
21085
20992
21405
21456
21031
21305
21175
21266
21089
21653
21108
21172
24294
21218
21109
21273
21250
21104
21226
21894
21176
21035
21174
21641
21318
21335
21387
21333
21507
21494
21471
21441
21218
21637
21252
21067
20993
21216
21424
21238
21398
21331
21032
21348
21765
21135
21330
21030
21524
21342
21810
21769
21128
20959
21095
21904
21412
21462
23921
22538
21471
21676
21162
21238
21122
21517
21673
21069
21367
21111
21523
21228
21346
21597
21346
21593
21113
21280
21122
21241
21340
21196
21136
21198
21147
21518
21739
21425
21473
21619
21996
21250
21041
21716
21094
21081
21142
21434
21138
21085
21251
21288
21257
21126
21584
23991
21951
21662
21003
21082
21435
21333
22699
21326
21425
21269
21148
21725
20926
21041
21256
21577
21370
21202
21254
21093
21320
21408
21393
21277
21504
21266
21501
21477
21142
21232
21449
21764
21152
21341
21386
21133
21701
21170
21017
21392
21433
21636
21420
21300
21475
21066
24250
21255
21376
21202
21320
21035
21128
21542
21476
20974
21339
21595
21073
21172
21012
21282
21339
21174
21126
21621
21211
21170
21586
21144
20989
21134
21450
21264
21154
21224
21237
21115
21522
21558
21342
21410
21242
21382
21069
21148
21218
21072
21374
21127
21413
21090
22415
21914
21540
21436
21410
21518
21481
21501
22181
21430
21373
21906
21539
21092
21063
21385
21264
21145
21172
21298
21223
20932
21420
21245
21097
21176
21420
21323
21407
21556
21315
21458
21501
22053
21772
21245
21204
21415
21094
21360
21640
21051
21164
21296
21315
21317
21018
23928
22066
21184
21269
21363
21009
21047
21574
21372
21091
21497
21331
21190
21215
21303
21115
21287
21745
21299
21076
21138
21307
21297
21102
21317
21365
21130
21244
21303
21104
21071
21056
21472
21452
21208
21161
21385
21272
21379
22110
21380
20974
21055
21546
21845
21583
21408
24240
21499
21434
21022
21146
20939
21375
21512
21445
21131
21086
21327
21603
21455
21078
21191
21364
21343
21192
21058
21286
21067
21118
21163
21421
21066
21073
21131
21712
21139
21096
21265
21225
21949
21425
21602
21328
21401
21361
21465
21460
21266
21737
21247
21391
21878
21311
23646
22079
21426
21125
21185
21204
21295
22749
21430
21167
21210
21492
21408
21100
21259
21694
21155
21152
21004
21558
21136
21116
21474
21213
21005
21056
21354
21555
21522
21508
21374
21151
21845
21891
21533
21271
21409
21388
21794
21162
21458
21227
21317
21140
21114
20954
21155
24568
21409
21303
21474
21266
21267
21200
21741
21153
21016
21853
21257
21431
21117
21887
21230
21305
21396
21465
21434
21060
21452
21167
21271
21204
21258
21530
21534
21507
21036
21261
21287
21860
21795
22166
21601
21230
21373
21494
21129
21235
21069
21591
21178
21074
21478
23825
22297
22057
21130
21190
21201
21467
21321
21438
21135
21166
21055
21345
21609
21395
21340
21059
21659
21244
21340
21589
21366
21205
21136
21229
21114
21036
21493
21482
21013
21078
21414
21083
21508
21148
