20411
20071
19925
20081
20057
20035
20425
22019
20952
20580
20597
20584
20607
20243
20110
20059
20106
20318
20087
20042
20155
20031
20288
20077
20162
20855
19965
20383
20102
19976
20111
20066
20208
20215
20054
20370
21084
20401
20185
20169
20087
20034
20096
20144
20339
20101
20110
20051
20280
20647
21071
21407
20771
20761
20788
20459
21381
20526
23206
20317
20098
20113
20340
20186
20157
20151
20191
20111
20049
20031
20235
20259
20031
20056
20224
21259
21924
34900
21115
21052
20918
20574
20262
20094
20347
20167
20032
20431
20221
20104
20487
20420
20172
20043
20058
20223
20539
20530
20355
20430
20859
20362
20192
20040
21870
20236
20281
20366
20043
20425
20391
20006
20199
20297
20200
20053
20306
20110
20122
20061
20057
20032
20253
20127
20441
20954
21298
20946
21096
21328
20948
20494
20033
20676
20175
19985
19974
20032
20037
20227
20087
20150
19949
20124
20035
20191
20070
20086
20102
20713
20483
20272
20152
22130
20649
21416
20573
20540
20157
20109
20280
20234
19947
19973
19978
20038
20191
20093
20029
20047
19969
20723
20684
20844
20129
20164
20110
20129
20075
20075
20895
21021
21229
21204
20866
20855
20677
20826
21120
20711
20611
20510
20173
20087
20090
20116
19918
20055
20116
19921
19964
20550
24351
21665
21402
21076
21095
20608
21145
21114
20920
20763
20431
20135
20137
20118
20044
20241
20030
20226
20192
20024
20528
19979
20082
20143
20194
20207
20104
20089
20147
20149
20048
20043
20594
20070
20212
20076
20030
20043
20199
20243
20216
20084
20043
20060
20155
21492
22346
23281
22855
21437
21249
21255
21202
28364
21147
21294
21365
21172
20767
20580
20718
20810
20612
20616
20599
20963
20440
20070
20682
20579
20682
20671
20932
20265
20301
20277
20492
20383
20079
20105
20087
20188
20725
20586
20576
20527
20742
20720
20627
20556
20630
20506
20637
20805
20711
20445
20058
24948
20991
20167
20585
20605
20566
20176
20725
20608
20633
20556
20638
20590
20571
20555
20528
20818
20947
20948
21183
20927
20945
20667
20632
20540
20662
20540
20704
20650
20588
20654
20666
20557
20637
20693
20542
20532
20562
20850
20642
20630
20471
20065
20238
20397
20643
20375
20228
22173
21997
20229
20792
20610
20633
20647
20888
20626
20299
20250
20376
20658
20634
20572
20572
20529
20708
20886
21196
21041
20504
20562
20694
20696
20620
20315
20263
20650
20283
20557
20701
20150
20442
20225
20067
20083
20105
20219
20704
20679
20642
20781
20599
20788
21122
20541
20568
20564
23577
21234
21177
21440
20966
20662
20637
21094
20988
20966
20579
20615
20668
20366
20058
20119
20396
20628
20607
20891
20585
20466
20659
20739
20823
20676
20622
20647
20647
20715
20622
20235
20139
20724
20925
20332
20043
20042
20492
20680
20579
20533
20547
20609
20622
21012
20674
20830
20597
23299
20651
20615
21205
20548
20626
20631
20890
20589
20575
20588
20748
20814
20730
20556
20598
20610
21043
20723
20722
20627
20685
20171
20082
20223
20091
20088
20721
20568
20172
20111
20814
20630
20651
20690
20575
20532
20531
20780
20714
20556
20558
20567
20677
21086
20702
20638
20167
21892
22034
20377
20722
20608
20640
20747
20801
21056
20705
20563
20692
20632
20569
20558
20643
20544
20812
20675
20968
20578
20718
20642
20709
20680
20610
20586
20653
21317
20919
20678
20851
21037
21002
20643
20491
20612
20506
20633
20532
20683
20570
20532
20569
20841
20615
20381
20071
20086
23314
20575
20137
20133
20111
20219
20684
20477
20330
20612
20604
20657
20750
20542
20645
20550
20700
20703
21520
21114
20625
20837
20672
20626
20699
20636
20589
20706
20704
20652
20555
20528
20774
21093
20703
20438
20586
20883
20804
21030
20967
20699
20474
20837
20707
20593
20534
20554
22825
20941
20736
20537
20543
20639
20664
20728
20587
20669
20529
20660
20681
20614
20555
20536
20727
21303
21226
21045
20964
20711
20769
20663
20526
20723
20510
20753
20676
20556
20599
20623
20555
20376
20677
20604
20716
20852
20902
20669
20628
20676
20195
20656
20479
20211
20615
20629
22573
21690
21594
20323
20085
20516
21019
20222
20565
20633
20627
20633
20665
20503
20678
20588
20611
21016
20642
20906
20547
20533
20608
20806
20523
20581
20612
20792
20695
20535
20716
20555
20529
20697
20607
20586
20530
20559
20579
20617
20791
20620
20517
20330
20760
20681
20644
20628
20620
23898
20818
20853
20620
20989
20833
20446
20286
20252
20092
20250
20762
20791
20669
20516
20598
20752
20662
20831
20631
20504
20592
20664
20742
20670
20559
20536
20850
20661
20365
20071
20041
20771
20492
20041
20118
20068
20114
20267
20198
20068
20070
20259
20459
20827
20747
20442
20218
23332
21036
20775
20608
20602
20773
20646
20701
20638
20671
20583
20578
20693
20636
20550
20636
20638
20917
21241
20867
20673
20574
20705
20681
20658
20566
20559
20490
21116
20673
20583
20529
20468
20560
20589
20680
20568
20542
20602
20846
20496
20559
20538
20547
20727
20640
20621
20606
20608
22878
20600
20306
20642
20606
20559
20974
21014
21064
20967
20940
20644
20686
20631
20184
20341
20603
20675
20828
20991
20962
20710
20579
20764
20581
20568
20560
20740
20701
20535
20555
20617
20505
20698
20649
20628
20036
20139
20324
20605
20719
20505
20503
20902
21100
20793
20538
20660
23218
21153
21194
21126
20952
20939
20789
20776
20782
21481
20616
20677
20125
20181
20464
20623
20598
20979
21261
20976
20986
20767
20574
20612
20746
20678
20599
20612
20784
20729
20609
20628
20535
20742
20643
20561
20650
20574
20595
20684
20709
20536
20595
20633
20574
20935
20556
20556
24014
21049
21742
21022
21002
20640
20592
20260
20292
20517
20700
20682
20643
20246
20268
20084
20084
20131
20450
20323
20083
20195
20091
20561
20762
20607
20571
20677
20858
20631
20734
20569
20511
20575
20765
20556
20543
20537
20706
21064
20561
20881
20976
20960
21003
21003
20543
20604
21154
22175
20784
20550
20544
20259
20127
21190
20599
20360
20727
20651
20699
20674
20567
20612
20472
20670
21078
21071
20533
20478
20504
20757
20637
20649
20629
20643
20582
20171
20148
20091
20325
20624
20754
20862
20723
20583
20809
20739
20967
20765
20591
20494
20709
20749
20700
20624
20203
22919
20655
20149
20127
20072
20077
20654
20797
21283
21069
21225
20959
21097
20961
21055
21099
21080
20758
20814
20687
21015
20980
20613
20629
20214
20068
20057
20465
20926
21084
20958
20969
21015
20797
20663
20498
20619
20624
20694
20845
20549
20568
20496
20607
20805
20587
20559
20617
23663
21186
20701
20621
20559
20524
20728
20625
20602
20701
21175
20947
20784
20170
20612
20558
20626
20674
20755
20621
20601
20581
20974
21082
21243
20594
20696
20746
20617
20639
20626
20607
20533
20849
20529
20591
20561
20873
20679
20853
20540
20589
20562
20570
20895
20634
20613
20603
20564
23498
20926
20391
20667
20631
20664
20666
20556
20704
20785
20711
20673
20696
20703
20848
20551
20662
20897
20789
20975
21097
21101
21037
20781
20671
20502
20594
20637
20722
20608
20541
20527
20786
20648
20520
20085
20073
20292
20147
20431
20681
20354
20128
20679
20650
20583
20617
20606
23192
21248
20749
20562
20637
20558
20710
20631
20631
20790
20691
20739
20587
20554
20570
20597
20601
20598
21108
20608
20585
20612
20719
20620
20631
20586
20511
20698
20671
20499
20637
20524
20704
20789
20659
20610
20618
20575
20860
20976
20335
20086
20285
20682
20807
20631
20633
20593
20539
24049
20913
20651
20544
20560
20539
20793
20600
20506
21101
21002
20448
20079
20110
20048
20099
20619
20884
20597
21049
20967
20873
20588
20807
20445
20067
20112
20574
20251
20083
20108
20053
20523
20694
20632
20551
20604
20642
21077
21002
20585
20579
20582
20723
20658
20674
20609
20650
23112
21194
20685
20321
20051
20170
20216
20420
20251
20270
20198
20484
20831
20719
20659
20593
20718
20701
21428
20624
20544
20533
20708
20728
20552
20526
20585
20586
20581
20723
20623
20452
20090
20706
20652
20640
20621
20553
20633
20863
20545
20558
20533
20711
20642
20658
20590
20723
20643
23880
20593
20593
20534
20494
20519
20749
20580
20109
20530
20645
20203
20186
20094
20120
20134
20454
20728
20530
20094
20053
20116
20648
20707
20582
20585
20611
20904
21012
20802
20531
20537
20648
20631
20532
20280
20084
20116
20610
20675
20585
20583
20612
20534
20614
20703
20598
20470
20563
23482
20967
20438
20513
20616
20584
20588
20783
20667
20356
20125
20135
20190
20168
20094
20031
20543
20937
20740
20683
20667
20844
21041
20993
20629
20575
20672
20842
21173
21129
20854
20355
20704
20654
20657
20537
20605
20541
20794
20728
20557
20536
20672
20657
20630
20579
20649
20619
23632
21055
20320
20429
20642
20811
20806
20630
20589
20858
20705
20656
20678
20499
20603
20466
20566
20976
20699
20502
20503
20608
20952
20693
20445
20042
20047
20322
20202
20071
20375
20164
20331
20661
20650
20556
20584
20560
20665
20867
20525
20559
20609
20725
20941
20566
20300
20105
20026
23376
20986
20785
20649
20793
21042
21007
21014
20830
20859
20602
20710
20618
20395
20070
20042
20395
20400
20303
20631
20658
20563
20672
20737
20588
20567
20523
20717
20582
20724
20603
20937
20350
20738
20592
20500
20611
20650
20617
20832
20581
20571
20614
21054
21281
21067
20731
20605
23726
21330
20614
20494
20291
20774
20738
20722
20604
20853
21053
20865
20525
20553
20496
20592
20674
21007
20627
20515
20527
20653
20715
20499
20605
20590
20607
20613
20668
20552
20545
20568
20691
20631
20629
20525
20720
20627
20767
20667
20952
20648
20864
20693
20919
20973
20650
20572
23618
20675
20486
20075
20622
20686
20733
20663
20961
21018
20789
20724
20653
20556
20342
20042
20427
21040
20145
20079
20055
20197
20707
20678
20582
20579
20504
20687
20633
20551
20599
20581
20703
20639
20659
20081
20069
20330
20310
20446
20732
20621
20684
20631
20690
20618
20577
20582
20659
22462
20852
20599
20070
20453
20702
20877
20992
20873
20638
20839
20608
21292
20891
20618
20847
20735
20776
20547
20567
20700
20647
20759
20646
20641
20686
20692
20649
20651
20787
20644
20611
20816
20568
20465
20695
20903
20661
20441
20072
20357
20790
20713
20564
20554
20748
20599
20639
20705
24150
20673
20334
20612
20680
20516
20577
20528
20664
20684
21210
20798
20633
20853
20591
20611
20908
20612
20630
20666
20589
20514
20177
20087
20358
20469
20128
20113
20112
20078
20908
20648
20586
20499
20559
20586
20638
20638
20548
20553
20734
20756
20651
20656
20802
20693
20694
20666
21271
21328
20697
20703
20877
20555
20176
20157
20025
20597
20821
20795
20220
20108
20246
20962
20917
20632
20559
20524
20735
20664
20696
20642
20566
20376
20833
21223
21121
20677
20849
21104
20944
20574
20560
20528
20762
20698
20624
20215
20242
20729
20727
20642
20214
20093
20300
20697
20396
21641
20701
20622
20880
21125
20936
20593
20505
20567
21013
20832
20201
20109
20037
20502
20696
20848
20646
20664
20650
20734
20653
20669
20638
20643
20811
20918
20524
20611
20564
20817
20654
20516
20155
20007
20154
20688
20675
20614
20598
20716
20609
20682
20562
20606
20647
20671
20641
20519
21522
21987
20746
20715
20604
20643
20639
20505
20544
21000
20551
20566
20505
20720
21032
21121
20505
20313
20224
20684
20648
20622
20570
20523
20538
20692
20775
20649
20626
20599
20725
20647
20597
20525
20615
20616
20581
20583
20176
20088
20506
20888
20655
20565
20599
20519
20547
20759
20656
22922
20849
20873
20556
20531
20292
20123
20042
20558
20740
20623
20534
20814
20574
20618
20868
20633
20592
20532
20698
20755
20612
20611
20545
20729
20686
20535
20772
20727
21026
20660
20673
20124
20080
20089
20092
20315
20034
20046
20380
20731
20722
20475
20629
20412
20123
20570
20674
20892
20710
22205
20833
20665
20783
20700
20629
20629
20733
20814
20187
20077
20047
20554
21035
20616
20559
20670
20548
20611
20796
20607
20557
20502
20766
20693
20536
20650
20532
20737
20697
20645
20603
20532
20318
20658
20625
20551
20621
20772
20663
20698
20616
20535
20605
20551
20777
20546
22459
21363
20707
20658
20799
20798
20645
20602
20590
20718
20640
20054
20066
20104
20675
21017
20580
20579
20511
20676
20683
20621
20551
20576
20554
20862
20711
20654
20048
20049
20779
20677
20581
20533
20724
20570
20754
20573
20582
20526
20718
20713
20587
20589
20630
20527
20703
20643
20565
23743
20783
20725
20338
20799
20643
20092
20076
20746
20908
20113
20584
20507
21051
20698
20235
20136
20054
20028
20667
20224
20245
20097
20034
20378
20725
20616
20513
20589
20587
20666
20641
20564
20586
20574
20645
20699
20641
20697
20590
20314
20631
20634
20557
20546
20561
20687
20591
20510
23424
21058
20588
20226
20129
20139
20053
20167
20687
20774
20755
20137
20019
20434
20857
20716
20581
20542
20569
21327
20681
20588
20512
20126
20645
20654
20558
20589
20571
20837
20633
20989
20572
20543
20255
20723
20324
20045
20115
20594
20898
20613
20535
20154
20261
20180
20384
22151
24356
21500
21229
21029
20546
20245
20084
20078
20574
20699
20842
20595
20556
20597
20906
20606
20717
20616
20530
20728
21332
21129
20636
20217
20336
20651
20636
20534
20561
20566
20655
20681
20628
20607
20547
20606
20651
20720
20589
20788
20669
21126
21125
21006
21106
20652
20687
21591
20558
24150
20983
20645
20659
20588
20275
20079
20236
20195
20539
20110
20033
20373
20867
20663
20592
20552
20518
20705
20798
20594
20636
20623
20671
20656
20649
20533
20671
20653
20714
20593
20548
20519
20572
20656
21098
20718
20985
20688
20617
20608
20779
20555
20551
20744
20754
20590
20587
21307
21384
20785
20687
20856
20537
20083
20230
20606
20701
20671
20549
20565
20994
20652
20057
20097
20022
20332
20701
20717
20582
20628
20745
20865
20682
20328
20628
20613
20703
20657
20664
20614
21113
20620
20618
20311
20061
20065
20127
20625
20738
20610
20542
20580
20612
20664
20632
20790
22604
21075
21113
20677
20351
20083
20075
20467
20762
20782
20705
20618
20243
21249
21057
20620
20584
20694
20699
20660
20156
20049
20166
20705
20703
20666
20597
20562
20606
20826
20553
20493
20532
20656
20622
20476
20607
20605
20190
20805
20648
20633
20595
20552
20544
20611
20731
20556
20498
22518
20740
20661
20647
20538
20591
20764
20612
20559
20933
20543
20755
21121
20830
20520
20398
20176
21410
21206
20790
20542
20520
20675
20683
20551
20558
20584
20800
20790
20684
20564
20395
20536
20680
20654
20595
20656
20908
20554
20576
20606
20580
20624
20529
20651
20642
20607
20528
23861
20776
21343
21072
20688
20942
20714
20539
20676
20750
20657
20758
21283
20905
20725
20553
20667
20631
20849
20781
21104
21008
20778
20580
20558
20569
20542
20813
20608
20775
20776
20615
20633
20587
20640
20114
20060
20052
20717
20698
20423
20621
20523
20487
20812
20675
21070
20960
22832
21471
20831
20603
20582
20556
20596
20684
20609
20538
20482
20518
20824
20955
20979
20926
20599
20800
20817
20715
20501
20014
20414
20706
20782
20682
20618
20619
20797
20545
20656
20616
20663
20833
20659
20625
20173
20239
20825
20719
20481
20048
20365
20662
20736
20908
20619
20551
20063
23528
20707
20633
20637
20614
20629
20632
20635
20579
20666
20655
20665
20401
20710
20607
20575
20771
20626
20714
20632
20170
20092
20519
20227
20238
21077
20624
20897
20550
20720
20481
20530
20581
20719
20587
20882
20655
20618
21162
21106
20593
20646
20551
20608
20626
20699
20600
20535
22176
22749
20493
20450
20422
20399
20622
20557
20453
20041
20718
20657
20623
21127
20702
20518
20544
21126
20944
20815
20587
20598
20745
21029
20961
20813
20554
20587
20613
21123
21144
21000
20590
20813
20896
20556
20554
20568
20992
21107
21099
20453
20581
20653
20668
20634
20637
20507
20536
23103
20754
20539
20604
20491
20714
20696
20533
20532
20750
20628
20739
21040
20622
20647
20670
20659
20603
20637
20150
20078
20234
21067
20679
20650
20648
20571
20777
20652
20578
20617
20500
20645
20609
20637
20572
21009
20886
21386
21218
21071
20595
20159
20629
20633
20576
20472
20592
23696
20854
20810
20639
20627
20618
20699
20669
20453
20379
20053
20576
21134
20598
20595
20633
20746
20816
20668
20305
20084
20049
20355
20186
20510
20703
20598
20450
20380
20651
20603
20570
20664
21103
21140
20803
20698
20536
20839
21042
20917
20561
20587
20601
20637
20647
21432
20544
20567
24202
20636
20939
21008
20505
20918
20688
20655
20505
20685
20582
20794
20845
20560
20529
20561
20776
20702
20574
20577
20692
20907
20912
20685
20527
20979
20724
20152
20543
20600
20564
20558
20701
20667
20459
20591
20589
20631
20645
20782
20635
20540
20502
20681
20688
20647
20647
20630
23323
20873
20677
20587
21052
21042
20557
20406
20191
20334
20048
20626
20703
20117
20086
20123
20322
20637
20762
20598
20567
20513
20742
20695
20594
20970
21114
20915
21180
20564
20624
20508
20603
20643
20689
20560
20509
20612
20959
21128
20959
20621
20624
20651
20677
20647
20591
20503
20560
23441
20796
20701
20608
20562
20713
20737
20528
20612
20851
20554
20962
20700
20528
20079
20059
20674
20247
21060
20857
21101
21020
21114
20788
20500
20559
20791
20575
20577
20195
20117
20107
20268
20302
20081
20134
20046
20732
20461
20696
20607
20591
20555
20980
21330
20986
20612
20631
23330
20901
21076
20837
20701
20619
20671
20632
20397
20466
20176
20681
21368
21125
20421
20656
20774
20779
20875
20705
20714
20556
20651
20694
20559
20047
20052
20478
20555
20578
20529
20570
20835
20857
20555
20552
20555
20508
20954
20680
20620
20624
20468
20631
20644
20678
20525
20530
22282
21705
20947
20725
20586
20507
20684
20707
20503
20590
21065
21063
21105
21127
20972
20557
20503
20713
20700
20582
20582
20530
20734
20663
20541
20583
20568
20536
20769
21032
20606
20299
20809
21438
20996
20540
20355
20185
20464
20666
20656
20236
20103
20061
20263
20164
20075
21140
20046
22799
21125
21119
20836
20831
20814
20450
20113
20200
20415
20226
20973
20959
20694
20769
20072
20340
20712
20755
20428
20091
20090
20664
20657
20581
20594
20562
20665
20741
20554
20499
20637
20813
20608
20650
20766
20535
20636
20630
21039
20557
20620
20657
20993
20843
20612
20620
20545
20548
23987
20719
20792
20618
20606
20957
20872
20619
20576
20792
20895
20761
20589
20564
20582
20612
20642
20529
20085
20107
20189
20690
20657
20623
20036
20026
20399
21135
21315
20796
20736
21003
21035
20706
20588
20552
20877
20844
20657
20717
20664
20525
20655
20620
20727
20557
20506
22151
22138
20648
20756
20667
20602
20706
20642
20589
20612
20652
21040
20898
20723
21146
20634
20553
20788
20653
20630
20565
20616
20712
20641
20575
20563
20534
20580
20608
20598
20567
20520
20559
20889
20936
20720
20527
20602
20426
20662
20718
20661
20671
20596
20614
20604
20551
20566
20497
23927
21226
20539
20064
20120
20816
21326
20689
20535
20596
20917
21027
20601
21020
20760
20532
20689
20776
20592
20518
20372
20204
20628
20654
20544
20657
20531
20685
20610
20514
20101
20085
20161
20420
20157
20555
20680
20816
20969
21119
20831
20608
20557
20905
20643
20610
20223
20143
20037
23350
20429
20203
20188
20037
20344
20676
20802
20378
20073
20808
20825
20715
20533
20569
20569
20972
20939
20609
20628
20690
20753
20676
20628
20394
20550
20654
20626
20689
20622
20645
20540
20720
20677
20561
20561
20669
20541
20652
20821
20863
20522
20495
20564
20754
20703
21288
20638
23202
21052
20746
20610
20543
20542
20733
20654
20615
20616
20756
20957
20814
20522
20587
20850
20576
20665
20343
20653
20743
20374
20366
20554
20755
20759
20932
20596
20604
20699
20560
20611
20539
20941
20523
20293
20145
20016
20604
20828
20911
20651
20546
20585
20683
20640
20624
20521
20669
23214
21063
20997
21053
21062
20863
20711
20595
20658
20097
20760
20693
20650
20652
20506
20574
20710
20687
20555
20061
20143
20228
20611
20057
20082
20299
20729
20876
20651
20598
20317
20097
20236
20746
20663
20785
20670
20612
20710
20680
21477
20729
20571
20313
20315
20181
20076
20446
22395
21830
20814
20721
20550
20516
20593
20728
20580
20543
20642
21088
20909
20634
20521
20113
20522
20787
20612
20506
20624
20561
20643
20554
20616
20526
20508
20774
20687
20623
20632
20591
20634
20739
20588
20532
20640
20532
20720
20672
20846
20795
20901
20792
20634
20554
20379
20027
20204
20883
22432
20873
20632
20617
20610
21626
20555
20654
20534
20825
20636
20640
20264
20047
20666
20372
20277
20085
20105
20091
20475
20964
20826
20101
20085
20194
20691
20625
20535
20809
20663
20679
20691
20647
20342
20097
20695
20629
20712
20871
20553
20528
20659
20671
20524
20592
20608
20570
22438
20989
20831
21019
20937
20735
21134
20980
20867
20822
20870
20606
20633
20186
20177
20250
20660
20632
20615
20495
20576
21058
20606
20745
20888
20532
20952
20957
20583
20625
20533
20657
20606
20637
20989
21026
20518
20654
20634
20203
20235
20075
20134
20147
20206
21030
20066
20014
20520
23549
20705
20638
21270
20562
20614
20609
20527
20059
20606
20818
20442
20079
20125
20021
20382
20739
20634
20506
20616
20545
20659
20622
20517
20653
20740
21019
21012
20703
20563
20530
20516
20693
20674
20613
20560
20620
21111
20650
20554
20578
20224
20262
20640
20674
20547
20538
20496
23922
20897
20578
20591
20533
20644
20580
20587
20613
20865
20925
21064
21149
21152
20962
20767
20674
21034
21384
21205
21033
21178
21333
21227
21119
21146
21369
21254
21348
21141
21045
21237
21341
21168
21047
20923
20627
21479
21282
21169
21139
21127
21163
21144
21157
20948
20640
23279
21130
20739
20672
20563
20616
20660
20657
20523
20232
20490
20631
20665
20083
20047
20194
20531
20220
20580
20541
20144
20056
20511
20775
21078
21711
21585
21297
21430
21205
21112
21085
20959
20643
20675
20608
20613
20829
21526
21414
21468
21227
21166
21313
21179
21125
20442
20085
22338
21319
20740
20236
20069
20051
20616
20724
20589
20584
20718
20866
21099
20962
20694
20535
20805
20674
20605
20591
20825
20939
21834
21514
21740
21134
21117
20854
20730
20522
20830
21432
20669
20579
20719
21183
20671
20724
20617
20659
20537
20585
20602
20687
20376
20641
20795
21003
21400
21582
20586
20774
20649
20660
20665
20658
20567
20531
20836
20772
20600
20534
20324
20017
20577
20679
20608
20552
20612
20569
20654
20561
20877
21612
21116
20841
20720
20549
20676
20970
20759
20627
20516
20626
21097
20637
20704
20690
20617
20778
20888
20738
20653
21476
20780
20527
20712
22690
21707
20670
20685
20616
20657
20699
20597
20555
20873
21248
20612
20342
20139
20046
20485
20701
20739
20558
20581
20605
20854
20644
20560
21058
21034
20929
20680
20600
20123
20077
20171
20654
20704
20708
20535
20564
20742
20650
20639
20234
20386
20607
20405
20521
20612
20529
20030
20287
21625
21339
20232
20081
20720
21110
21032
20526
20508
21076
21090
20846
20552
20564
20650
20745
20639
20609
20556
20544
20572
20621
20683
20523
20531
20497
20848
20608
20538
20569
20616
20647
20587
20596
20673
20504
20540
20608
20629
20419
20318
20056
20443
20725
20586
20568
20551
20683
21116
23788
21083
21317
21023
20785
20741
20590
20540
20842
20799
20750
20538
20439
20212
20215
20690
20630
20553
20664
20507
20698
20675
20515
20595
20507
20586
20661
20590
20534
20259
20142
20725
20176
20124
20139
20605
20719
20732
20595
20561
20772
20578
20655
20620
20642
20602
20507
20867
21778
21480
20522
20662
20776
21013
20590
20245
20546
20171
20747
20237
20139
20144
20129
20198
20159
20340
20077
20136
20051
20276
20208
20076
20106
20184
20634
20738
20577
20610
20560
20528
20709
20603
20592
20632
20601
20649
20649
20742
20550
20709
20579
20686
20649
20563
20558
20509
20735
22884
21430
20912
20716
20989
20793
20636
20537
20860
20818
20900
20559
20593
20527
20832
20675
20583
20529
20570
20524
20653
20665
20529
20598
20486
20629
20629
20673
20639
20533
20601
20759
20537
20666
20550
20531
20934
20675
20572
20574
20791
20580
20615
20738
21614
20938
20934
21050
20963
22152
21145
21358
20821
20792
20923
20983
21098
20664
20611
20872
20751
20640
20709
20879
20535
20558
20553
20556
20663
20608
20564
20622
20571
20597
20613
20647
20696
20504
20540
20686
20709
20566
20675
20509
20838
20671
20612
20260
20073
20643
20634
20592
20531
20649
20478
20679
20750
23029
20941
20646
20789
21122
21000
20769
20698
20531
20699
20891
20966
20990
20719
21045
20779
20594
20556
20546
20602
20739
20523
20584
20539
20542
20761
20578
20217
20189
20156
20246
20745
20309
20289
20311
21214
21594
21997
22099
21622
22090
21370
21125
21124
21200
21156
21150
21221
22588
22602
21479
21356
21149
21103
21256
21269
21417
21289
21258
21133
21108
21373
20835
21174
21212
21223
21333
21193
21025
20596
20520
20546
20531
20766
20560
20612
20572
20539
20703
20620
20621
20644
20539
20942
20703
20702
20606
20601
20668
20616
20735
20738
20621
20333
20353
20252
21311
20634
20761
20664
20667
20628
20598
20419
20565
20699
20914
20996
20648
20473
20416
20732
20535
20559
20515
20725
20568
20663
20539
20652
20614
20601
20537
20681
20528
20543
20713
20684
20552
20635
20510
20833
20705
20550
20147
20440
20718
20642
20623
20577
20589
20494
20666
20722
23296
20787
20552
20532
20684
20621
20456
20762
20819
20661
20670
20741
20613
20495
20451
20690
20611
20674
20660
20632
20632
20699
20778
21729
20987
20799
20564
20565
20658
20582
20671
20591
20541
20204
20432
20675
20675
20795
20531
20597
20477
20600
20786
21305
20658
20569
20640
20699
20680
22109
20613
20251
20771
20655
20601
20598
20803
20632
20801
20782
20564
20527
20796
20700
20538
20656
20663
20468
20679
20651
20594
20794
20944
20969
21081
21027
20720
20530
20618
20716
20615
20685
20535
20571
20677
20631
20583
20612
20537
20655
20649
20677
20629
20537
20530
20768
20650
23251
20819
20354
20682
20667
20628
20623
20828
20617
20694
20693
20812
20555
20579
21024
20703
20358
20095
20189
20288
20732
20826
20621
20591
20541
20965
20769
20720
20628
20764
20641
20784
20586
20610
20542
20616
20983
20619
20990
20790
21036
20939
21084
21061
20575
20559
20551
20690
20927
22050
20726
20444
21117
20977
21040
21293
20700
20663
20542
20631
20560
20672
20700
20689
20626
20611
20642
21153
20755
20474
20563
20531
20815
21086
21141
20696
20565
20491
20789
20647
20725
20671
20478
20243
20275
20164
20049
20071
20022
20686
20631
20554
20568
20560
20602
20584
20561
21334
20759
20700
20618
20655
20559
20556
20802
20524
21314
20565
20706
20659
20708
20852
20588
20618
20557
20354
20651
20472
20474
20510
20454
20318
20650
20614
20126
20062
20039
20663
20169
20169
20047
20616
20638
20697
20577
20537
20563
20523
20749
20626
20631
20631
20350
20141
20229
20284
21563
20745
20735
20252
20068
20099
20358
20198
20464
20702
20583
20679
20796
20765
20704
20657
20604
20582
20529
20691
20729
20622
20317
20094
20319
20659
20635
20638
20538
20561
20721
20647
20670
20229
20037
20334
20655
20705
20475
20374
20607
20784
20222
20816
20631
20599
20736
20723
20529
23544
21044
20900
20644
20668
20605
20805
20580
20651
20682
20513
20775
20607
20759
20664
20525
20512
20347
20169
20661
20331
20234
20037
20313
20676
20563
20110
20075
20034
20181
20655
20685
20642
20500
20511
20738
20557
20485
20009
20127
20739
20463
20151
20097
20126
20344
20481
20181
20073
21721
20487
20845
20785
20788
20409
20488
20160
21004
20712
20617
20794
20648
20964
21120
21062
20640
20229
20258
20725
20966
20586
20545
20570
20846
20610
20114
20091
20104
20450
20812
20705
20507
20559
20518
20644
20737
20569
20667
20578
20843
21051
20674
20582
20309
20272
20751
20672
20799
21828
21140
20932
21053
20986
21004
20496
20480
20592
20676
20765
20726
20656
20820
20575
20651
20638
20283
20525
20535
20159
20118
20170
20626
20701
20589
20666
20564
20508
20698
20669
20623
20655
20617
20863
20996
20775
20532
20616
20608
20710
20384
20042
20161
20257
20687
20645
20583
21708
20699
20424
20776
20631
20588
20952
20847
20743
20491
20045
20759
20799
21056
20992
20792
20710
20534
20577
20686
20657
20593
20732
21182
21217
20721
20116
20086
20119
20203
20628
20960
20665
20078
20033
20584
20745
20131
20059
20069
20220
20669
20173
20100
20082
20069
20656
20782
20374
24392
20800
20371
20650
20607
20890
20536
20753
20612
20699
20599
20915
20594
20631
20558
20567
20569
20528
20714
20632
20490
20582
20539
20715
20584
20671
20705
20630
20468
20635
20674
20685
20557
20468
20737
20604
20622
20536
20230
20319
20655
20702
21015
21083
21015
21032
21033
20779
22906
21025
20862
20589
20569
20889
20665
20583
20639
20653
20641
20597
20519
20691
20686
20586
20657
20479
20575
20807
20537
20619
20540
20733
20634
20591
20674
20682
20661
20624
20613
20591
20143
20125
20231
20766
20737
20426
20074
20044
20670
20700
20627
20668
20542
20679
20675
20611
20561
23639
21117
21060
20702
20701
21071
20355
20680
20696
20569
20559
21035
20819
20609
20555
20626
20649
20732
20600
20766
20567
20558
20470
21309
20721
20584
20529
20355
20539
20858
20423
20612
20653
20656
20612
20626
20635
20555
20253
20746
20629
20806
20476
20548
20529
20856
20581
20536
22410
21494
21080
21023
20987
20944
20687
20781
20710
20566
20630
20554
20772
20744
20618
20612
20629
20180
20684
20651
20581
20625
20525
20612
20647
20742
20606
20530
20630
20669
20648
20680
20541
20543
21154
20697
21041
20609
20624
20580
20717
20780
20502
20058
20056
20734
20688
20605
20660
21998
20783
20662
20623
20859
20214
20750
20627
20590
20627
20846
20590
21028
21217
20976
20964
20600
20539
20803
20628
20534
20565
20584
20689
20653
20570
20591
20538
20552
20648
20768
20539
20564
20550
20648
20743
20664
20531
20564
20693
20697
20771
20044
20157
20183
20608
20630
20683
23849
20846
20382
20214
20068
20747
20652
20832
20558
20564
20528
20563
21150
20673
20622
20589
20642
20647
20605
20582
20584
20494
20596
20672
20692
20569
20528
20526
20690
20664
20542
20525
20621
20546
20596
20701
20608
20524
20024
20634
20673
20655
20981
20532
20608
20825
20647
20485
22855
20909
21204
20820
20696
20777
20606
20721
20655
20550
20535
20670
20752
20984
20575
20269
20371
20664
20667
21046
21205
21062
20937
20995
20658
20646
20548
20524
20618
20733
20557
20624
20534
20515
21125
20976
20666
20728
21078
20472
20648
20633
20952
20531
20589
20659
20685
20567
21785
21220
20863
20645
20480
20891
20615
20656
20671
20588
20584
20609
20570
21092
20639
20586
20609
20523
20725
20617
20657
20624
20152
20261
20893
20789
20561
20169
20108
20497
20676
20701
20548
20594
20553
20649
20753
20568
20614
20607
20701
20663
20574
20738
20560
20679
20667
20539
20109
21082
21281
20445
20191
20073
21302
20627
21088
21093
20552
20473
20698
20608
20848
20678
20590
20787
20554
20700
20644
20614
20588
20653
20713
20792
20586
20562
20606
20414
20713
20518
20474
20609
20657
20634
20675
20597
20619
20471
20569
20618
20753
20710
20507
20524
20815
20642
20572
20569
23363
20334
20609
20632
20839
20568
20798
21287
21118
20821
20649
20648
20760
20705
20520
20379
20098
20252
20178
20097
20110
20065
20373
20317
20310
20203
20120
20037
20630
20626
20695
20588
20505
20575
20681
20698
20560
20501
20596
20667
20555
20340
20278
20070
20464
20625
20618
20508
20656
22233
20591
20572
20023
20318
19965
20512
20785
20602
20532
20683
20654
20666
20801
20630
20625
20558
20634
20569
20482
20237
20053
20415
20619
20712
20576
20558
20701
20860
20607
20667
20560
20588
20670
20698
20586
20543
20615
20566
20619
20743
21354
20803
20533
20760
20697
20596
20529
22757
21381
20838
21082
21171
21122
20867
20669
20665
20650
20615
20589
20778
20786
21037
20622
20546
20612
20713
20562
20543
20733
20734
20928
20658
20636
20522
20685
20674
20624
20705
20634
20653
20458
20172
20074
20069
20080
20685
20667
20585
20561
20623
20659
20719
20562
20597
20529
22528
21538
20755
20606
21193
21258
21080
21062
20967
20967
21527
21738
21191
21109
21132
21005
20546
20708
20634
20332
20042
20016
20712
20611
20806
20560
20636
20627
20825
20627
20693
20194
20376
20627
21113
20708
20531
20592
20656
20658
20709
20533
20664
20952
20566
20552
20558
20539
20697
21775
21186
20873
20561
20809
20735
20633
20306
20093
20156
21170
20810
20803
20740
21057
21230
21079
20630
20654
20600
20546
20152
20289
20178
20634
20577
20603
20768
20586
20616
20591
20623
20747
20679
20276
20492
20660
20643
20700
20649
20095
20017
20452
20731
20683
20551
20536
20647
20799
23246
20721
20687
20900
20669
20663
20539
20620
20526
20627
20692
20732
20729
20779
20699
20739
20529
20620
20530
20512
20635
20671
20560
20539
20633
20558
20616
20662
20595
20785
20961
20731
20717
20557
20524
20482
20601
20746
20817
20766
20654
20574
20623
20843
20645
20539
20528
20761
23430
20980
20855
20811
20832
20939
20657
20638
20656
20260
20668
20629
20610
20750
20642
20458
20933
20664
20604
20591
20782
21100
20961
20773
20668
20665
20630
20633
20492
20819
20999
20854
20656
20581
20601
20505
20670
21309
21067
20704
20605
21336
20838
20909
20535
20582
20536
20643
23991
20750
20447
20454
20588
20785
20595
20562
20521
20587
20710
20560
20589
20598
20307
20298
20603
20764
20596
20511
20292
20867
20935
20938
20994
20928
20677
20663
20532
20594
20604
20580
20657
20624
20639
20518
20519
20661
20686
20499
20588
20477
20806
21149
20885
20554
20556
20493
22992
21517
20832
20525
20745
20714
20682
20589
20524
20632
20664
20639
20556
20662
20950
20528
20689
20679
20555
20617
20569
20613
20726
20975
20371
20092
20189
20731
20609
20693
20577
20526
20680
20657
20647
20623
20705
20682
20634
20630
20559
20565
20473
20936
21173
20939
20975
20711
20627
22404
20707
20654
20849
20664
20662
20667
20729
20614
20692
20733
20697
20501
20655
20698
20627
20378
20203
20073
20070
20089
20216
20630
20658
20799
20623
20616
20701
20684
20694
20567
20534
20663
20749
20641
20567
20537
20558
20698
20651
20617
20168
20011
20358
20679
20672
20520
20603
22273
22079
20584
20519
20731
20664
20717
20587
20794
20675
20509
20270
20624
20658
20719
20602
20144
20692
20679
20562
20584
20476
20706
20692
20590
20597
20645
21026
20789
20627
20604
20529
20529
20670
20647
20611
20535
20521
20541
21247
21033
20812
20602
20621
20914
20866
20630
20781
20936
23235
20733
20301
20670
20710
20712
21298
21035
20641
20537
20570
20683
20800
21038
21358
20782
20827
20985
20758
20576
20494
20569
20718
20617
20614
20602
20523
20706
20697
20667
20254
20083
20302
21416
20666
20606
20557
20517
20600
20812
21278
20574
20603
20744
20909
20564
20550
20523
22489
21993
20765
20914
20649
20623
20960
20245
20103
20164
20196
20289
20188
21286
20800
20111
20283
20219
20078
20102
20109
20327
20678
20299
20601
20554
20503
20693
20709
20627
20577
20559
20610
20725
20617
20500
20559
20504
20704
20641
20634
20646
20498
20621
20710
20889
20532
20560
20568
20631
23707
20827
20736
20687
20659
20608
20587
20699
20679
20779
21080
21268
21007
20864
20645
20785
20548
20558
20501
20539
20868
21257
20911
20629
20510
20433
20685
20675
20538
20482
20534
20684
20616
20677
20673
20573
20673
20675
20556
20546
20622
20549
20666
20842
20639
20540
20562
22583
22312
20680
20416
20098
20909
21127
21056
20546
20714
20543
20635
20989
20741
20722
20629
20715
20652
20571
20529
20492
20539
20791
20621
20768
20938
20693
20547
20721
20636
20499
20038
20452
20750
20778
20961
20941
20559
20747
20572
20540
20591
20495
20672
20805
20536
20523
20577
20544
23267
20979
21047
21008
21021
21141
20931
20559
20582
20652
21083
21127
20778
20762
20752
20922
20583
20275
20071
20075
20005
20852
20200
20447
20624
20609
20692
20623
20624
20497
20600
20573
20666
20710
20612
20610
20299
20514
20599
20413
20639
20564
20644
20804
20723
20581
20630
20529
20933
22006
20833
21022
20543
20599
20737
20697
20452
20104
20158
20753
20901
20681
20771
21051
21253
20484
20193
20085
20182
20687
20489
20709
20971
21101
20708
20770
20686
20596
20517
20597
20693
20713
20586
20564
20499
20725
20673
20528
21005
20559
20409
20180
20632
20659
20590
20529
21359
22253
20664
20740
20541
20666
20698
20589
20559
20708
20681
21072
21304
21008
20982
20731
20706
20635
20538
20583
20728
20918
20601
20312
20071
20048
20133
20528
20281
20433
20630
20588
20699
20604
20517
20123
20037
20113
20659
20654
20637
20534
20496
20677
20746
20648
20506
20672
20782
22049
20884
21165
21029
21105
21139
21125
20827
20206
20077
20448
20648
20597
20618
20620
20822
20653
20683
20609
20493
20022
20215
20358
20297
20677
20583
20593
20618
20751
20592
20500
20541
20654
20745
20531
20532
20640
20683
20643
20601
20615
20514
20650
21016
20895
20348
20223
20018
20419
23929
20490
20964
20782
20711
20639
20635
20674
20524
20488
20664
20671
20578
20574
20686
20826
21015
20952
20507
20531
20544
20737
21258
21122
20519
20215
20432
20248
20169
20529
20652
20665
20713
20714
20594
20528
20497
20712
20626
20526
20565
20610
20786
20658
20739
20631
20520
20560
22215
21235
20820
20619
20661
20689
20148
20063
20153
20149
20266
20685
20613
20660
20548
20854
21013
20893
20589
20481
20004
20302
20659
20910
20563
20587
20598
20771
20806
20711
20606
20432
20463
20676
20603
20568
20518
20560
20666
20678
20525
20039
20056
20526
20725
20594
20600
20638
23120
21033
20830
20473
20552
20616
20794
20812
20783
20532
20520
20550
20802
20640
20535
20700
21017
21036
20974
20961
20604
20515
20702
20698
20615
20584
20527
20566
20904
20938
20194
20057
20756
21113
20072
20055
20065
20047
20276
20231
20293
20604
20650
20623
20635
20732
20793
20558
20527
23568
20749
20547
20143
20110
20265
20178
20235
20102
20157
20243
20634
20637
20634
20538
20610
20382
20215
20069
20122
20085
20160
20230
20261
20059
20102
20041
20391
20800
20794
20691
21143
20804
20425
20068
20633
20715
20573
20666
20607
20567
20576
20551
20567
20617
20835
20559
20539
22146
22182
20747
20696
20659
20484
20706
20776
20748
20700
20580
20645
20619
20817
20324
20622
20693
20333
20149
20035
20064
20100
20261
20735
20582
20603
20598
20533
20996
20662
20610
20602
20554
20614
20978
20673
20503
20625
20629
20675
20626
20606
20598
20608
20689
20627
20754
20595
20534
23571
20871
20998
20626
20606
20674
20785
20721
20677
20623
20352
20559
20668
20631
20796
20742
20661
20683
20583
20603
20486
20659
20703
20688
20499
20553
20664
20746
20588
20565
20579
20632
20694
20660
20533
20620
20493
20537
20592
20693
20642
20594
20602
20681
20638
20523
20788
20471
23247
20825
21055
20679
20627
20606
20614
20674
20609
20576
20501
20614
20754
20562
20082
20574
20819
20994
20626
20671
20608
20506
20678
20717
20553
20590
20471
20651
20748
20597
20109
20049
20156
20395
20081
20086
20134
20016
20280
20219
20101
20064
20078
20233
20667
20661
20564
20898
20527
23573
20713
20704
20580
20664
20760
20652
20694
20558
20558
20547
20695
20670
20600
20615
20523
20946
20730
20611
20071
20232
20280
20612
20430
20086
20103
20055
20546
21047
20082
20083
20083
20159
20725
20144
20068
20157
20015
20478
20332
21003
20173
20017
20146
20749
20922
20663
20753
20617
23449
20959
20975
21002
21027
20905
21075
20440
20157
20076
20054
20292
20233
20097
20528
20632
20611
20321
20101
20080
20139
20051
20785
20905
20611
20557
20557
20676
20728
20514
20605
20516
20571
20733
20655
20485
20068
20039
20430
20724
20606
20561
20463
20729
20672
20618
20618
20290
23088
20906
20958
20308
20165
20028
20429
20667
20723
20533
20555
20503
20694
20579
20609
20545
20565
20722
20577
20634
20179
20356
20580
20731
20542
20597
20475
20372
20447
20694
20518
20549
20577
20755
20606
20590
20521
20556
20470
20710
20628
20428
20114
20141
20219
20659
20631
20775
20491
23523
20746
20973
20757
20728
20623
20676
20754
20582
20821
20543
20610
20604
20880
21250
21092
20791
20373
20182
20282
20110
20102
20736
21237
21193
20854
21805
21104
21101
20861
20437
20086
20097
20360
20286
20215
20611
20648
20820
20751
20706
20626
20611
20610
20750
20657
20245
20277
22626
21131
21000
20310
20587
21095
21058
21091
21194
20855
20634
20565
20297
20330
20132
20874
20614
20695
20661
20557
20533
20692
20857
21143
21127
20808
20644
20732
21076
21013
20717
20699
20975
20941
20652
20611
20532
20572
20570
20776
20719
20883
20718
21131
21482
21375
21250
21899
21358
21016
20968
20611
20613
20607
20678
20571
20211
20472
20192
20100
21503
22898
21148
20264
20689
20763
20507
20675
20625
20570
20986
20724
20551
20537
20536
20166
20718
20642
20570
20565
20560
20670
20558
20763
20530
20514
20233
20275
20434
21010
20643
20606
21022
21040
20589
20562
20581
23864
20883
20622
20597
20611
20593
20733
20712
20614
20556
20538
20701
20736
20588
20599
20567
20656
21029
20841
20776
20634
20590
20717
20751
20596
20473
20630
20938
21342
21513
21168
21135
20772
20591
20701
20646
20595
20714
20869
20626
20724
20636
20520
20741
21019
20972
20543
20803
23772
21118
20587
20687
20569
20634
20621
20317
20634
21065
21164
21249
20977
20987
20720
20748
20658
20673
20072
20123
20097
20258
20685
20759
20645
20622
20619
20966
20928
20631
20656
20597
20505
20640
20711
20623
20662
20738
20692
21202
21025
20730
20779
20710
20749
20292
20053
21729
22255
21887
20545
20869
20935
20612
20223
20404
20178
20144
20065
20399
20549
20644
20307
20068
20090
20282
20306
20065
20027
20014
20143
20146
20086
20000
20037
20216
20220
20029
20034
20205
20233
20122
20072
20060
20054
20013
20146
20093
20104
20057
20020
20128
20116
20070
20089
20087
20020
23558
20907
20510
19999
20017
19983
20113
19977
20127
19959
19870
20040
20095
19987
19946
19897
20473
20241
20166
20189
20195
20177
20129
20142
20117
20054
20011
20145
20219
19995
20053
20010
20081
20124
20156
20083
20138
19980
20112
20114
20151
20074
20056
20105
20106
20167
20034
20130
20170
23515
20639
20344
19918
19992
19991
20134
20075
20167
20124
20014
20155
20125
20028
20142
20047
20011
20213
20083
20101
20185
20004
20052
20089
20205
20071
20196
20049
20234
20213
20069
20029
20070
20143
20145
20115
20031
20061
20039
20242
20137
20030
20050
21336
20103
20092
20106
20136
20060
20008
23698
20371
20342
19959
20040
19962
20176
19988
20056
19963
19904
20050
20097
19966
19968
19943
20019
20140
20178
20081
20158
20030
20266
20178
20079
20065
20059
20182
20283
20198
20101
20128
20004
19992
19961
20126
19953
19960
19909
20186
20243
20006
20056
20179
20100
20263
20078
20080
20031
20000
23660
20560
20128
20102
20169
20065
20101
20031
19943
19964
19940
20177
20215
20307
20122
20064
20091
20074
20126
20184
20069
20020
20229
20182
20601
20025
20063
20030
20308
20148
20067
20164
19950
20258
20116
20088
20063
20090
20159
20165
20028
20085
20000
20090
20194
20157
20024
20057
20036
22990
20743
20637
20858
20012
20364
20632
20515
20021
19974
20071
20240
20102
20043
20097
20243
20150
20434
20060
20022
20179
20034
20099
20097
20108
20118
20378
20327
20199
20073
20010
20002
20144
20615
20568
20449
20055
20033
20135
20144
20176
20033
20021
20205
20238
20073
20030
20096
20003
23290
20508
20344
19989
20024
19974
20103
20155
20060
19999
20125
20226
20159
20021
20104
20003
20009
20036
20060
20099
20463
20447
20508
20382
20080
20030
20094
20033
20274
20165
20030
20092
20039
20188
20144
20092
20053
20332
20611
20649
20420
20038
20115
20001
20078
20086
20133
20086
20024
20782
23993
20852
20382
20036
19992
20234
20078
20161
20042
20088
20013
20181
20288
20679
20853
20644
20365
20459
20298
20315
20184
20067
20117
20141
20092
20098
20031
20065
20200
20162
20038
20032
20015
20230
20099
20074
20037
20083
20233
20127
20032
20088
21337
20029
20591
20690
20518
20197
20109
23549
20786
20598
19967
19937
19970
20114
20098
20029
20023
19903
20083
20257
20070
20047
20267
20720
20626
20366
20065
20031
20211
20173
20093
20083
20059
20017
20039
20229
20165
20031
20025
20031
20071
20116
20120
20031
20063
19981
20054
20193
20063
20991
20461
20038
20204
20048
20224
20031
20117
23362
20520
20779
20191
20081
20142
20089
20208
20080
20030
20009
20223
20099
20046
20034
19996
20235
20034
20206
20157
20423
20525
20614
20296
20597
20047
20061
20143
20202
20014
20085
20065
20002
20144
20135
20104
20108
20032
20053
20095
20136
20121
20027
20062
20333
20121
20089
20063
20007
23259
21009
20784
20407
20463
20428
20197
20092
19956
19966
19944
20134
20099
20144
20185
20058
20023
20615
20726
20512
20056
20237
20158
20176
20130
20104
20035
20005
20204
20265
20034
20052
20083
20117
20182
20029
20088
20029
20010
20186
20132
20064
20064
20057
20082
20060
20115
20115
20106
20172
23384
20924
20458
19948
20042
20477
20405
20423
20001
19923
19946
20048
20233
20056
20057
20034
20200
20211
20036
20184
20235
20084
20222
20311
20085
20111
20070
20204
20232
20032
20032
20093
20127
20191
20095
20037
20027
20033
20230
20194
20015
20090
19998
20075
20082
20122
20097
20033
20087
20063
21699
21610
20158
20165
20187
20156
20134
20144
20064
20009
20206
20171
20423
20399
20268
20219
20588
20647
20631
20478
20225
20121
20212
20022
20061
20102
20234
20289
20144
20035
20064
20010
20143
20316
20039
20031
20074
20088
20152
20031
20392
20919
21196
20249
20107
20081
20024
20058
20090
20089
20410
22396
20566
20213
22051
20444
20332
20141
19896
19968
20079
19973
19976
19910
20631
20179
20315
20331
20605
20757
20495
20150
20125
21353
20415
20398
20297
20142
20176
20143
20070
20086
20193
20117
20003
20034
19999
20347
20181
20028
20180
20095
20390
20523
20124
20046
19999
20034
20595
20837
22197
20445
20235
20100
20190
20231
20233
20076
20211
20221
20109
20056
20063
20062
20113
20178
20111
20057
20003
20493
20591
20303
20626
20102
20130
20162
20177
20087
20035
20035
20151
20296
20149
20099
20093
20079
20164
20142
20050
20087
20025
20275
20143
20136
20095
20006
20038
20086
20256
20180
22023
20369
20650
20093
19989
19975
19966
20151
20069
20022
19976
20081
20002
20194
20091
20066
20033
20031
19977
20932
20635
20544
20227
20192
20499
20555
20342
20039
20103
20151
20190
20337
19970
20137
20098
20144
20182
20046
20066
20036
19997
20130
20141
20057
20039
20023
20146
20122
20314
20982
21742
20480
20237
20342
20475
20486
20019
19949
20004
20201
20159
20063
20033
20607
20759
20489
20242
20091
20360
20173
20078
20025
20077
20000
20593
20664
20512
20236
20063
20081
20165
20110
20095
19997
20041
20124
20341
20354
20073
20038
20109
20093
20232
20094
20026
20066
20109
20316
20275
22283
20526
20424
20136
20033
20125
20055
19933
20007
20013
20025
19968
19887
20147
20483
20444
20483
19913
19892
20414
20542
20395
19926
19937
19982
20224
20203
20061
20094
20005
20087
20184
20057
20063
20035
20007
20186
20118
20050
20090
21440
20090
20142
20158
20038
20037
20014
20207
20382
20067
22103
20214
20064
20020
20174
20005
20045
20011
20106
20183
20058
20061
20043
20175
20149
20113
20127
20029
20041
20511
20147
20067
20017
20687
20172
20205
20028
20117
20063
20558
20119
20088
20036
20069
20007
20136
20139
20056
20057
19978
20073
20111
20293
20070
20031
20069
20197
20165
20293
20461
23402
21420
20546
20261
19935
19913
20089
20088
20137
20068
20082
20016
20140
20646
20533
20354
20041
20067
20117
20505
20514
20110
20067
20116
20325
20032
20055
20093
20062
20184
20040
20041
20054
20006
20160
20090
20032
20038
20033
20046
20106
20071
20054
20096
20181
20165
20107
20340
20057
20062
22737
20704
20699
20253
20035
20006
20073
20277
20061
20088
20004
20134
20296
20057
20407
20368
20254
20450
20734
20526
20050
20193
20129
20123
20232
20119
20108
20010
20147
20237
20096
20107
20017
20176
20214
20230
20079
20049
20722
20540
20919
20535
20567
20558
20140
20132
20468
20937
20457
22321
20155
20251
20330
20540
20310
19943
20013
20201
20219
19985
19995
20049
20039
19945
19998
20006
20271
20787
20743
20265
20004
20048
20220
20511
20525
20421
20057
20141
20165
20032
20065
20064
20056
20104
20106
20052
20074
20039
20077
20088
20170
20046
20063
20067
20112
20137
20278
20056
21457
20928
20486
20123
19922
19976
19926
20045
19983
19918
19969
20032
20179
20099
20093
20037
20062
19972
20150
20129
20212
20019
20032
20059
20189
20149
20246
20156
20058
20523
20700
20556
20181
20077
20083
20227
20014
20078
20035
20032
21060
20180
20031
20028
20114
20147
20136
20430
20088
20025
22086
20744
20427
20087
20228
20062
20068
20091
20134
20051
20029
19980
20181
20234
20066
20061
20058
20113
20297
20075
20238
20464
20030
20242
20927
20048
20033
20057
20032
20123
20132
20039
20090
20007
20153
20157
20024
20087
20001
20147
20238
20105
20088
20093
20019
20056
20133
20635
20085
20055
23754
20393
19946
20043
19930
20088
20234
20097
19999
20052
19996
20179
20054
20095
20062
20089
20057
20121
20149
20320
21083
20263
20218
20254
20109
20036
20059
20109
20117
20218
20098
20184
20476
20683
20703
20049
20061
20031
20155
20184
20054
20029
20073
20034
20129
20251
20273
21032
20329
22275
21384
20430
20405
20066
20068
20387
20636
20316
20223
20047
20068
20242
20054
20091
20068
19979
20245
20147
20267
20604
20436
20494
20100
20615
20564
20586
20169
20164
20159
20074
20060
20064
20082
20089
20252
20221
20033
20032
20080
20267
20080
20028
19999
20100
20223
20446
20124
20059
20194
23746
20562
20262
19997
19951
20002
19999
20007
19965
19969
19918
20335
20443
20133
20064
20000
20040
20207
20231
20033
20167
20030
20069
20249
20071
20065
20056
19975
20239
20154
20065
20006
20055
20146
20141
20074
20056
20173
20227
20151
20172
20076
20085
20065
20111
20090
20435
20129
20019
21486
20638
20489
20034
19972
19960
20051
20310
20147
20132
20028
20008
20195
20212
20085
20121
20202
20170
20178
20394
20255
20172
20012
20179
20290
20044
20064
20036
20076
20149
20099
20058
20088
20031
20101
20085
20177
20064
20032
20013
21124
20256
20057
20067
20058
20084
20373
20146
20034
20085
22181
20386
20231
19917
20034
19915
19966
19979
20085
19963
19945
20009
20159
20168
20093
20213
20074
20061
20529
20640
20587
20056
20011
20112
20195
20058
20069
20135
20195
20193
20017
20092
20033
20005
20441
20510
20353
20057
20024
20106
20082
20121
20088
20140
20119
20132
20420
19999
20118
20002
22810
20066
20331
20039
21127
21546
20886
21050
20779
20381
19964
19948
20000
20519
20022
20025
20525
20401
20382
20299
20737
20147
20111
20122
20621
20603
20560
20111
20259
20030
20058
20057
20009
20111
20188
20083
20028
20062
20003
20146
20137
20028
20034
20080
20058
21169
20838
20230
20308
23953
21077
21405
20458
20456
20507
20635
20300
19935
19917
19993
20160
20120
20095
20059
20058
20119
20139
20142
20060
20188
20043
20472
20512
20278
20256
20146
20050
20098
20089
20028
20043
20033
20195
20124
20144
20060
20026
20071
20169
20051
20085
20034
20033
20124
20427
20098
20400
21008
23625
20581
20718
20109
19952
19977
20059
19984
19964
19943
19896
20102
20095
20231
20060
20038
20001
20185
20189
20124
20173
20159
20036
20637
20232
20112
20093
20160
20142
20168
20053
20052
20024
20102
20143
20046
20103
20024
20028
20139
20372
20077
20065
20061
20152
20189
20557
20200
20033
19977
23543
20265
20364
20559
20375
20362
20012
19969
19968
19936
19946
20226
20129
20075
20037
20087
20239
20511
20662
20437
20509
20506
20755
20274
20072
20031
20039
20222
20380
20207
20064
20052
20029
20707
20632
20273
19999
20120
20141
21368
20180
20059
20116
20041
20141
20346
20073
20086
20031
22700
20656
20699
20033
19961
20101
20176
20073
19932
20074
19874
19939
20162
20033
19901
19894
19930
20067
20149
19970
19929
20287
20173
20220
20108
20062
20074
19970
20227
20158
20048
20067
20170
20242
20139
20157
20128
20040
20052
20101
20124
20203
20025
20008
20060
20055
20596
19985
20094
20007
23456
20678
20474
20004
19955
19994
19989
20005
20030
20061
19980
20072
20170
20120
20062
20007
20075
20109
20180
20059
20525
20095
20160
20145
20226
20036
20027
20013
20214
20140
20006
20094
20002
20109
20220
20177
20063
20060
20124
20178
20124
20033
20035
20119
20074
20459
20150
20135
20087
20033
23359
20338
20566
20578
20507
20370
20253
20153
20031
20039
20040
20337
20220
20059
20088
20085
20148
20196
20048
20101
20248
20016
20896
20389
20123
20161
20131
20327
20531
20578
20493
20039
20032
20080
20316
20054
20114
20212
20064
20177
20066
20029
20080
19977
20306
20412
20072
20080
20027
22778
21239
20710
20456
19931
19952
20071
20052
20034
19939
19920
19978
20017
20099
20061
20089
20035
20058
20331
20051
20072
20206
20386
20800
20113
20164
19974
20069
20106
20083
19994
19929
19898
19988
20013
20059
19910
20112
20014
20144
20204
20201
20138
20070
20076
20526
20113
20079
20056
20013
23560
20522
20243
20325
19978
20156
20579
20413
20122
19941
19952
20147
20214
20500
20533
20268
20212
20199
20129
20066
20239
19979
20180
20103
20168
20033
20034
20085
20137
20153
20083
20062
20002
20143
20213
20113
20037
20080
20068
21188
20096
20053
20152
20098
20418
20207
20120
20084
20035
20084
24283
20733
21139
20398
20363
20124
20109
19932
19916
19914
20063
20289
20063
20061
20061
20000
20188
20293
20074
20147
20323
20252
20092
20169
20077
20057
20086
20093
20052
20045
19923
19930
19969
20015
20079
19987
19967
19918
19950
20005
20023
20016
19894
19868
20416
20286
20173
20039
20090
23133
20768
20760
20083
20035
20094
20186
20203
20083
20056
20135
20070
20025
20094
19992
19991
19869
20137
20074
20040
20419
20338
20712
20136
20178
20054
20038
20009
20037
20214
20077
20060
20057
20091
20243
20058
20093
20003
19954
20138
20087
19998
19938
19951
20276
20170
20178
20087
20131
20186
24010
20310
20241
19932
19948
19964
20046
20171
19969
19939
19889
20068
20253
20259
20008
20072
20132
20189
20040
20051
20194
20054
20125
20164
20225
20601
20915
20157
20197
20387
20561
20499
20255
20139
20216
20042
20050
20010
20086
20105
20212
20001
20100
20012
20398
20190
20112
20031
20036
20000
23647
20182
20194
20063
19954
20043
20167
19912
19928
19957
19891
20100
20021
19977
20013
19920
19994
19989
20212
20178
20194
20107
20182
20123
20065
20027
20140
20129
20296
20060
20065
20054
20007
20192
20120
20031
20088
20157
21554
20224
20040
20095
20128
20214
20519
20487
20372
20091
20066
23729
20858
20926
20203
20034
19997
20216
20095
20000
20037
20073
20154
20144
20084
20046
20037
20025
20145
20153
20060
20032
20228
20082
20153
20121
20023
20151
20015
20211
20154
20135
20155
20095
20071
20118
20119
20079
20031
21213
20087
20207
20064
20030
20030
20527
20235
20087
20059
20873
20046
23256
20306
20213
19946
20000
19996
20133
20231
20229
20064
20031
20171
20127
20091
20031
20056
20169
20066
20145
20092
20171
20119
20134
20199
20015
20032
20044
20173
20099
20034
20000
20072
20111
20204
20197
20057
20091
20052
20085
20105
20124
20065
20090
20318
20054
20089
20172
20056
20732
20027
24803
20619
20575
20368
20397
20073
20041
20060
19944
19999
20171
20145
20129
20504
20190
20068
20453
20661
20987
20289
20214
20125
20155
20212
20040
20085
20006
20053
20233
20059
20053
20035
20005
20219
20114
20109
20159
20031
20172
20117
20092
20068
20121
20244
20552
21041
20057
20129
20104
23661
20220
20495
19996
19927
20057
20048
20106
19893
19977
19897
20025
20369
20151
20043
20085
20171
20101
20191
20102
21655
19949
20437
20353
20068
20056
20055
20067
20145
20179
20065
20055
20040
20101
20094
20307
20035
20049
20195
20638
20793
20279
20096
20296
20034
20206
20116
19995
19943
19994
23952
20032
20084
19995
19917
20046
20078
20196
20077
20028
20035
20168
20183
20191
20036
20211
20176
20116
20316
20037
20332
20041
20191
20305
20065
20080
20058
20206
20169
20055
20003
20037
20030
20190
20120
20116
20032
20101
20054
20428
20501
20505
20365
20040
20222
20148
20072
20036
20183
23059
20887
20606
20191
19926
19916
20170
20160
20042
20034
20100
20143
20132
20050
20091
20061
20058
20144
20231
20112
20369
20329
20237
20074
20206
20151
19964
19960
19998
20144
20129
20035
20056
20027
20093
20199
20058
20738
20470
20572
20298
20028
20005
20188
20184
20605
20555
20528
20251
20032
23366
20681
20573
19930
19978
19970
20105
20166
20076
20042
20004
20064
20308
20070
20043
20089
20157
20275
20141
20033
20584
20736
20915
20965
20373
20227
20014
20058
20069
20076
20082
20058
20033
20079
20087
20203
20031
20027
20073
20114
20180
20005
20332
19979
20112
20219
20150
20105
20261
20216
23236
20263
20430
20030
20002
20076
19984
19980
19941
19913
19984
20146
20126
20058
20082
20039
20070
20112
20821
22652
22323
22235
21538
21436
20623
21597
24248
22600
20451
20426
20626
20867
21080
20911
20561
20534
20553
20845
21226
21306
20737
20606
20589
20700
20703
20651
20661
20584
25925
20960
20962
20993
20881
20590
20636
20657
20558
20533
20710
21059
20970
20782
20581
20548
20997
20986
20912
21039
20985
20784
20756
20753
20556
20984
20960
20743
20805
20961
20822
20549
20680
20691
20548
20620
20716
20542
20589
20756
20774
20602
20633
20747
20620
20552
20609
20527
23093
21070
20997
21025
20968
20788
20594
21023
20964
20743
20491
20772
20486
20563
20595
20526
20880
20986
21018
20761
20844
20629
20759
21017
20619
20471
20513
20871
20782
20618
20615
20535
20996
21010
20817
20586
20639
20583
20835
21026
21042
20965
20948
20844
20652
20595
20854
20966
23401
21341
21208
20553
20738
20595
20767
21071
20646
20606
20547
20826
20558
20699
20738
20695
20677
20685
20644
20583
20894
20635
20642
20656
20590
20569
20492
20970
21052
20816
20593
20923
20751
20963
20566
20565
21129
20582
20669
20648
20793
20573
20530
20569
20790
20561
20600
20622
24070
21127
21036
20621
20582
20600
20659
20666
20901
20926
20361
20570
20750
20575
20640
20620
21022
20731
20426
20297
20172
20398
20651
20673
20627
20577
20489
20562
20611
20692
20499
20598
20547
21032
20823
20564
20564
20569
20622
20646
20611
20783
20540
20601
20641
20691
21019
20961
20749
23844
20981
20910
20615
20925
21515
21756
21194
21034
20631
20813
21041
20996
20595
20563
20630
21226
21306
21014
20607
20675
20672
20696
20643
20553
21094
20998
20898
20959
20964
20884
20573
20690
20646
20476
20674
20701
20830
20987
21011
20573
20656
20797
21049
21005
20674
20584
20476
24209
20661
20804
20604
20864
20892
20536
20615
20508
20527
20647
20671
20693
20711
20650
20634
20769
20543
20621
20530
20852
20647
20591
20584
20585
20508
20685
20833
20828
20561
20533
20542
20833
20564
20532
20567
20659
20663
20536
20951
20712
20606
20757
20592
20512
20600
20630
23597
20953
20940
20620
20633
20817
20686
20530
20597
20527
20558
20870
20615
20787
21002
20958
20666
20665
20982
20608
20590
20731
20804
20554
20922
20965
20907
21058
21482
20789
20980
20840
20793
20627
20814
20557
20440
20540
20755
20526
20595
20627
20653
20898
20665
20564
20629
20657
23051
20726
21080
20528
20562
20624
20717
20641
20523
20581
20509
20880
20987
20901
20839
20994
20878
20566
20691
20661
20619
20696
21034
21114
20723
20658
20719
20694
20639
20579
20583
20596
20991
20990
20740
20570
20534
21130
20732
20672
20562
20727
20535
20732
20588
20524
20584
20763
22568
21229
20747
20779
20616
20636
20232
20239
20239
20046
20060
20251
20710
20602
20535
20652
20610
20629
20647
20650
20632
20506
20657
20896
20994
20968
20838
20567
20701
20545
20476
20568
20505
21043
20875
20412
20070
20582
20650
20639
20552
20746
20512
20525
20710
20649
20563
20610
20529
23182
20729
20785
20994
20989
20999
21027
20649
20653
20517
20506
20714
20828
20564
20638
20565
20954
21041
20700
20826
20981
20819
20746
20971
20997
20988
21006
21082
20719
20538
21002
21387
21306
21041
20888
20501
20626
20566
20616
20618
20826
20515
20919
20684
20760
20527
20635
20561
23199
20896
20648
20762
20616
20457
20572
20903
21042
20508
20489
20537
20776
20511
20610
20587
20677
20655
20550
20656
20558
20504
20882
20986
20801
20953
20963
20793
21035
20648
20567
20648
21027
20956
20531
20594
20514
20528
20724
20617
20652
20725
20506
20772
21070
20995
20852
20547
22292
21536
20960
21119
20992
20851
20648
20632
20590
20562
20565
20561
20613
20746
20606
20552
20555
20629
20669
20651
20629
20568
20906
20784
20962
20524
20558
20634
20677
20752
20541
20724
20988
20682
20182
20071
20040
21232
20688
20690
20626
20737
20564
20563
20795
20788
20752
20572
20523
23195
21069
20902
20834
20751
20875
20426
20573
20390
20674
20601
20642
20534
20583
20644
20639
20636
20723
21058
20960
20721
20698
20877
20853
20938
20754
20718
20768
20964
20987
20545
20542
20777
21014
20875
20625
21417
20739
20584
20563
20731
20532
20692
20644
20558
20589
20614
20573
24221
20993
20825
20767
20901
20902
20624
20556
20509
20561
20534
20631
20916
20969
20852
20501
21089
20990
20913
20568
20501
20619
20702
20854
20601
20662
20659
20628
20671
20586
20585
20560
20975
21006
21048
20941
20983
21033
20869
20532
20809
20563
20715
20662
20676
20675
20593
20555
23357
20799
20648
20602
21035
20648
20521
20241
20114
20138
20117
20687
20674
20568
20753
20655
20568
20631
20761
21148
21126
20911
20974
21077
20758
20756
21108
20815
20881
20595
20633
20601
20582
20665
20705
20586
20533
20539
21045
21017
20829
20565
20947
21005
20689
20529
20609
20640
24153
20642
20750
20702
20932
20516
20805
20563
20591
20540
20535
20655
20680
20551
20571
20622
20515
20840
20832
20912
20450
20386
20334
20383
20602
20640
20538
20587
20781
20506
20702
21046
20711
20921
20843
20996
20982
20965
20743
20634
20973
20544
20510
20538
20878
20585
20680
20908
22982
21014
20962
20978
20819
20486
20561
20685
20638
20958
20956
20986
20985
20984
20761
20525
20494
20628
20717
20531
20633
20744
20996
20788
20910
20150
20477
20306
20673
20640
20551
20521
20779
21016
20983
20964
20679
20505
20578
20628
20847
20999
20962
20781
20766
20653
20738
20998
21501
21673
20639
20588
20764
20767
20719
20631
20719
20607
20566
20503
20646
20748
20583
20559
20565
20707
20679
20615
20589
20611
20501
20678
20910
20716
20711
21112
20686
20707
20537
20564
20534
20644
20820
20865
20647
21353
20499
20666
20761
20722
20534
20612
20560
20635
20711
20661
23602
21213
21012
20810
20970
21018
20564
20908
21002
20988
20534
20550
20541
20774
20594
20677
20683
20697
20723
20697
20564
20589
20537
20532
20719
20881
20692
20621
20584
20644
20665
20551
20559
20514
20756
20644
20577
20523
20556
20752
21028
21106
20724
20539
20549
20628
20742
20527
20555
22806
21313
21004
20978
21014
21023
20479
20447
20482
20475
20399
20565
20634
20671
20587
20625
20519
20572
20896
21126
20532
20506
20548
20740
20820
20542
20627
20506
20583
20870
20983
20538
20529
20600
20775
20557
20542
20519
20517
20668
20856
20960
20551
20593
20614
20581
20887
20937
20542
23317
20871
20600
