20551
20760
20547
23161
21206
20639
20527
20524
20334
20705
20978
20115
20122
20228
20233
20580
20560
20327
20126
20885
20449
20413
20297
20604
20675
20928
20813
20755
20161
20488
20635
21164
21541
20717
21479
20945
21161
21770
20901
20561
20794
20784
21028
20957
21054
20957
20961
20836
20956
21685
23627
24071
22197
20656
20714
20706
20667
20750
20898
20694
21010
21108
21138
21140
20726
20630
20936
20619
20712
20636
20866
20667
20602
20828
25806
21576
37904
21145
21217
21209
21062
21255
21021
20562
20328
20125
20113
20529
20706
20362
21075
21113
20824
20827
21002
21005
20659
21025
24343
21097
21377
21028
21252
21170
21370
21094
20119
20198
20705
20324
20989
20522
20456
20902
21051
20696
20736
22953
21147
20933
20959
20554
20969
20483
20664
20247
20251
19939
20331
20572
20609
20618
20566
20672
20593
20576
20853
20738
20449
20074
20766
20431
20647
20638
20708
21021
22682
21963
21123
21378
21040
21002
21115
21154
20315
20082
20166
20399
20721
20595
20092
20509
20211
20778
20583
20920
20461
20443
20414
20679
20262
20088
20610
20773
20634
20736
20565
20592
20566
20751
20730
20347
20121
21098
20217
20724
20826
20680
20593
20354
20300
20226
20762
20616
20621
23508
21173
20736
20635
20643
20683
20219
20193
20041
20156
20198
20441
20729
20711
20456
20830
20709
20658
20175
20110
20228
20382
20510
20635
20446
21151
21338
20619
20614
20741
20586
20519
20503
21131
21230
21001
20171
20593
20506
20242
20051
20073
20156
20237
20776
21150
21022
20351
20288
23827
20881
20802
20531
20549
20830
22061
20644
20372
20006
20255
20202
20157
20018
20580
20611
20490
20420
20551
20188
20115
20048
20230
20275
20733
20529
20613
20459
20817
20117
20087
20082
20121
20072
20070
20096
20002
19925
20014
20026
20019
19889
19938
19914
20172
20216
20258
20447
20520
24145
20289
20443
19990
19935
19954
20186
20197
20032
20083
20220
20052
20209
20078
20174
20438
20129
20241
20168
20173
20051
20123
20066
20041
19942
19979
19976
20168
20175
19999
19893
20886
19972
19938
19986
19980
20025
19923
19919
20273
20550
20236
20025
20030
20576
20626
20346
20107
20028
20002
23777
20523
20163
19971
20128
20158
20087
20184
20385
20034
20090
20119
20174
20147
20316
20116
20189
20086
20248
20024
20314
20492
20590
20368
19999
20114
20001
20380
20125
20076
20057
20081
20151
20179
20159
20073
20031
20556
20597
20539
20597
20044
20024
20006
20180
20174
20081
20061
19970
23116
20588
20288
20100
20309
20463
20724
20457
20112
19933
20206
20022
20038
19971
20333
20091
20118
20293
20157
19994
20134
19973
20025
20086
20153
20080
20060
19972
20430
20137
19945
19945
19930
20018
20120
20261
21274
19997
20037
20097
20720
20049
20059
20021
20065
20136
20164
20101
20055
20010
24094
20574
20394
20452
20367
20247
19991
20159
19919
19959
20426
20536
20453
19914
20309
20071
20221
20144
20055
20031
20116
20065
20784
20568
20523
20225
20027
20221
20147
20182
20265
20069
20121
20167
20038
20081
20006
20097
19975
19986
20192
19957
19942
19968
20096
20587
20108
20071
20128
23266
20888
20671
20164
20074
20025
20161
20149
19979
19962
20159
19987
19982
20184
20376
19973
20559
20078
20033
19973
19959
20098
20088
20184
20421
20144
20320
20471
20760
20323
20074
20050
20062
20233
20107
19954
19961
19921
19930
20122
20157
19984
19950
20161
20010
20130
20133
20171
20099
20026
22005
22719
20596
20232
19914
19964
20413
20485
20365
20069
20134
20083
20116
20364
20984
20478
20481
20509
20568
20602
20263
20058
20042
20127
20164
20140
20031
20149
20123
20308
20021
20025
20059
20081
20267
20038
20052
20011
20000
20143
20554
20385
20282
20156
20160
20052
20101
20108
20083
20000
23838
20351
20147
19921
19966
19978
19982
20075
20041
20158
19871
20023
20711
23462
20596
20303
20598
20632
20491
20435
20341
19976
20148
20091
20055
19947
20079
19946
20032
20148
19897
19938
19895
20141
20130
19935
19938
19912
19986
20259
20151
20077
20024
19999
20235
20115
20012
19949
19940
22066
21841
20214
20147
20069
19942
20135
20115
19907
19949
20137
19973
19986
20491
20352
20308
20059
20407
20594
20083
19979
20014
20147
20080
19958
19945
19974
20066
20756
20195
20047
20274
20053
20064
20207
20121
21204
20091
20006
20390
20568
20565
20103
19906
19995
20029
20097
20023
20228
19990
23889
20236
20091
19949
19960
20097
20107
20108
19985
20070
19891
20053
20159
20198
19991
19982
19972
20043
20039
20040
20193
20066
20046
20084
20299
20143
20040
20541
20171
20136
19978
20121
20007
20309
20655
20109
20053
20030
19997
20655
20696
20595
20201
20131
20145
19998
20068
19947
19946
19919
23787
20373
20271
20196
20102
20042
20109
20269
19975
20187
20144
20161
20457
19994
20582
19967
20007
20230
20104
19926
19890
20140
21378
21241
21251
21413
20673
20824
20477
20079
20046
19952
19942
20089
20241
20124
20038
20001
20446
20824
21285
20093
20368
20088
20052
19914
19999
19925
19976
22695
20424
20048
20456
20132
19988
20015
20011
20027
20185
19896
20304
20358
20083
20030
19950
19947
19983
20049
20005
19946
19912
19940
20221
19908
19937
19942
20156
20172
20045
20040
19993
19897
20135
20044
19963
19935
19906
19922
20053
20402
20041
20048
20041
20119
20053
19998
19968
19942
19939
23567
20262
20168
19967
19963
19973
20123
20074
19953
20134
20013
20283
20357
20348
20474
20379
20318
20158
20233
20305
20551
20477
20116
20190
20021
20092
19996
20146
20321
20040
20053
20007
20170
20314
20131
20146
20028
20020
20100
20171
20161
20059
20037
20076
20232
20181
20151
20095
20023
23871
20904
20183
20365
20380
20292
19997
19996
19998
20193
20029
20088
20584
20282
20176
20025
20085
20143
20151
20266
20118
20042
20053
20086
19962
19947
19956
19913
20257
20026
19974
19954
19924
20231
20235
20214
21158
19965
19940
20068
20039
19965
19947
19982
20063
20144
20072
20091
20024
20110
23572
20905
20484
20109
20128
20120
20261
20102
20052
20114
20047
20153
20511
20203
20126
20087
20179
20135
20210
20555
20572
20503
20211
20172
20055
20055
19970
20054
20239
20275
20013
20022
20055
20182
20236
20023
20039
20139
20306
20630
20445
20132
20024
20035
20591
20550
20521
20131
20103
23139
20238
20198
20134
19964
19890
20102
20000
19982
20003
20058
19936
20221
20128
20050
20562
20264
20485
20178
20160
20030
20058
20187
20168
20089
20088
20030
20040
20200
20281
20031
20054
20079
20120
20131
20139
20089
20052
20033
20165
20160
20497
20598
20564
20639
20367
20213
20056
20058
20248
23751
20035
20061
19975
20021
20048
19996
19978
19995
20116
19893
20411
20615
20199
20167
20121
20047
20107
20245
20192
20096
19941
19960
20061
20066
19977
19943
19956
20187
20056
19958
19893
19975
19970
20188
19978
19890
19945
19962
20005
20068
20243
20093
19993
20207
20035
20030
19921
19946
20029
23477
20342
20156
20079
20029
20091
20115
20170
20064
20252
20087
20468
20150
20174
20135
20029
20063
20179
20284
20057
20115
20182
20293
20118
20028
20082
20039
20131
20300
20084
19994
20032
19991
20202
20107
20052
20036
20058
20012
20088
20065
20211
20078
20167
20182
20147
20168
20130
20091
20085
22644
20327
20142
20796
20727
20808
20377
20092
20305
20252
20280
20482
20184
20277
20096
20228
20054
20317
20595
20087
20501
20610
21301
20252
20261
20032
20144
20505
20412
20398
20219
20054
20233
20084
21282
20024
19997
20236
20095
20074
20405
20130
20090
20120
20161
20049
20076
19999
20281
20093
21644
20161
20535
19974
20063
20026
19944
19887
20098
19959
20513
20008
20044
19989
19941
20365
20068
20331
20095
20001
20139
20174
20013
20023
20121
20190
20215
20253
20103
20051
19970
20155
20125
20135
20092
20026
20077
20093
20127
20084
20117
20046
20058
20157
20167
20030
20062
20239
20166
20149
22323
21033
20101
20012
20441
20107
19952
19988
20097
20136
20260
20065
20000
20437
20023
20034
20831
20111
20107
20060
20098
20181
20067
20046
19970
20075
20213
20789
20568
20558
20446
20459
20178
20187
20021
19969
20100
20231
19995
19959
19986
20073
19957
20028
19940
19967
20025
20024
20115
21428
20795
20264
20247
20602
20635
20501
20033
20312
20097
20695
20110
20102
20024
20079
20421
20591
20523
20358
20154
20152
20079
19922
19889
19921
20091
20060
20819
20360
20170
20364
20302
20099
20061
20040
20036
20199
20148
20087
20027
20077
20186
20473
20383
20044
19926
19916
20030
20214
19981
21693
20384
20313
20081
19963
20025
19961
20141
20594
20965
20498
20509
20018
20110
20364
20422
20361
19914
20202
20461
20605
20070
19906
19943
19969
20040
20213
20141
21167
20293
20111
20195
20081
20196
20195
20120
20055
20107
20172
20326
20583
20588
20672
20558
20455
20402
20410
20213
20168
22388
20127
19976
20029
20012
20105
20171
20068
20272
20111
20756
20515
20495
20077
20260
20163
20078
20053
20304
20194
20445
20550
20214
20048
20000
20175
20147
20525
21839
21502
20654
20635
20163
20053
21275
20005
20680
20578
20515
20360
20055
20054
20059
20143
20025
20026
20014
20327
20128
20111
22474
20662
20633
20403
20063
20064
19997
20206
20697
20644
20325
20143
20175
20134
20150
20052
20002
20103
20506
20629
20514
20067
20078
20007
20044
20149
20284
20513
20530
20153
20195
20082
20546
20613
20501
20292
20188
20048
20095
20130
20238
20092
20122
20453
20579
20487
20795
20604
20075
22339
20597
20424
20326
20440
20415
19922
19888
20153
20419
20028
20139
20086
20693
20123
20434
20420
20508
20780
20540
20501
20525
20073
19972
20139
20177
20100
20301
20235
20120
20170
20085
20073
20496
20472
20352
20248
20144
20071
20054
20047
20825
20548
20533
20514
20561
20731
20290
20086
20030
22288
20742
20525
20077
20007
19942
19973
20122
20631
20142
20143
20059
20556
20181
19991
20083
20056
20034
20639
20176
20076
20034
20072
20081
20117
20098
20031
20240
20023
20155
20179
20077
20029
20025
20057
20109
20109
20078
20097
20058
20050
20087
20209
20107
20120
20104
20674
20685
20532
20184
22579
20683
20234
20596
20519
20356
20027
21273
20552
20486
20259
20119
20403
20465
20088
19908
19934
20114
20076
20260
20102
20077
19996
20095
20209
20022
20031
20182
20452
20824
20578
20396
20397
20065
20096
20095
20018
20067
20030
20056
20182
20103
19990
20186
20099
20039
20466
20781
20188
21806
20781
20415
20056
19994
19965
20041
20055
20730
19993
20003
19919
20057
20251
19987
19913
20050
20322
20528
20598
20126
20090
20246
20559
20478
20122
20023
20400
20336
20261
20203
20113
20823
20042
20093
20194
20082
20033
20050
20196
20126
20054
20030
20089
20045
20295
20082
20211
20037
20077
24149
20560
20366
20016
19970
19971
20094
20526
20171
20143
19999
20159
20183
20015
20317
20484
20394
20093
20591
20436
20327
19972
20143
20132
20028
20104
20123
20414
20299
20146
20050
19972
20038
20168
20075
20040
20043
20088
20073
20082
20092
20121
20053
19997
20372
20159
20054
20064
20248
24669
20566
20247
20332
19947
20554
21833
21004
20625
20115
19887
20048
20605
20010
19959
19887
20265
20417
20636
20289
20057
19998
20057
20090
20147
20033
20026
20000
20608
20243
20117
20067
20055
20176
20099
20027
20088
20031
19994
20235
20100
20029
19991
20056
20254
20104
20097
20050
20132
20061
23678
20746
20530
20089
20112
20323
20697
21195
20386
20109
20033
20162
20158
20014
20024
20053
20196
20171
22042
23292
21515
22096
22252
22175
21663
21258
21688
21584
21471
21459
21530
21463
21807
21469
21575
21522
21776
21516
21486
21522
21328
21187
21124
21112
21096
20975
20893
23067
21409
20649
20594
20191
19920
20147
20839
20262
20094
19999
20006
20133
19957
19971
19975
20028
20157
20365
20033
20018
20053
20075
20284
20489
20520
20133
20012
20599
20394
20359
20048
20003
20126
20086
20183
20086
20088
20110
20128
20142
20151
20028
20111
20121
20162
20097
20027
20100
21825
21672
20750
20144
19941
19947
20134
20312
20336
20455
20075
20046
20007
20037
19944
19939
20028
20194
20657
20704
20473
20083
20002
20062
20170
20075
20032
20058
20000
20603
20266
20093
21245
20022
20140
20089
20118
20098
20154
20188
20139
20174
20040
20055
20128
20103
20116
20185
20110
20055
23378
20638
20490
20098
19937
19937
20082
20320
20750
20106
20003
20133
20134
20057
20082
20118
20193
20387
20712
20561
20431
20052
20209
20171
20047
20049
19999
20076
20308
20133
20114
20464
20518
20546
20186
20152
20036
20060
20123
20250
20424
20136
20105
20108
20186
20126
20061
19995
20070
19998
23891
20348
20185
20149
20033
20217
20417
20095
20362
20000
20091
20641
20223
20057
20034
20032
20096
20541
20037
20028
20063
20023
20104
20125
20206
20053
20031
20128
20529
20078
20014
20017
19987
20159
20059
20053
20054
20054
20110
20117
20161
20251
20137
20143
20116
20217
20087
20054
20048
23238
20877
20453
20170
19935
19915
20065
20254
20086
20323
20141
20486
20022
20110
19916
19933
20002
20576
20284
20516
20716
20410
20036
20118
20274
20033
20024
20001
20315
20537
20076
20055
20066
20033
20100
20019
20105
20042
20054
20130
20240
20026
20025
20061
20169
20110
20106
20026
20155
20008
24013
20642
20138
19914
19972
19969
20243
20018
20279
19966
19890
20058
20395
20039
20062
20027
20401
20562
20541
20231
20100
20283
20687
20663
20232
20029
20028
20089
20343
20128
20115
20072
20033
20058
20086
20147
20063
20062
20006
20205
20117
20034
20029
20220
20074
20152
20079
20056
20111
20058
23943
20627
20732
20128
20025
20498
20226
20119
20397
20027
20128
20139
20161
20068
20089
20000
20366
20144
20171
20023
19999
19994
20238
20244
20294
20058
20011
20173
20246
20063
21202
20035
20002
20157
20069
20027
20026
20113
20082
20119
20124
20102
20125
20039
20132
20126
20058
20047
19999
22976
21446
20530
20196
19911
19921
20443
19984
19992
20084
19970
20139
20123
19994
20058
20123
20069
20240
20394
20101
20042
19931
20088
20031
20085
20092
20071
20437
20677
20773
20129
20038
20050
20083
20059
20113
19995
20269
20048
20235
20184
20178
21218
20640
20473
20092
20097
20098
20090
20029
23657
20197
20128
20141
20148
20392
20571
20837
20685
20033
19999
20784
20140
20067
20025
20104
20567
20155
20883
20630
20570
20216
20128
20154
20045
20053
20103
20077
20243
20125
20221
20047
20058
20073
20115
20148
20049
20047
20065
20119
20119
20067
20526
20515
20697
20294
20083
20026
20055
21708
22402
20077
20026
19968
20083
20277
20542
20561
20137
19914
19978
19989
20003
20642
21031
20746
20947
20489
20370
20390
20443
20994
21312
20840
20573
20597
20031
20085
20111
20000
20057
20073
20197
20325
20391
20094
20121
19979
20119
20179
20057
20168
20135
20104
20306
20070
20044
20027
20032
23643
20658
20489
20118
20083
20205
20336
20706
20664
20195
19985
20140
20141
20052
20398
19998
20071
20156
20052
20032
20031
20005
20161
20123
20021
20027
20078
20220
20445
20076
20091
19961
19988
20097
20256
20713
20187
20076
20043
20116
20399
20678
20520
20049
20144
20142
20078
20027
20030
22894
20812
20021
19970
19939
20117
20202
20206
20033
20217
20070
20243
20236
20091
20079
20173
20384
20612
20245
20067
20060
20031
20043
20091
20146
20193
20059
20164
20034
20335
21260
20050
20050
20043
20214
20144
20081
20035
20050
20458
20154
20077
20095
20078
20146
20127
20141
20020
20051
20005
23910
20540
20550
19962
20140
19978
20021
20211
19917
20135
20366
20141
20195
20095
20609
20371
20292
19955
20018
19927
19938
19901
20063
20034
19940
20031
20105
20135
20562
20578
20535
20075
19997
20134
20122
20088
20080
20060
20049
20070
20117
20218
20122
20024
20084
20241
20053
19994
20059
22397
21587
20122
20091
20036
20416
20201
20206
20058
20052
20253
20482
20117
20130
20295
21154
20695
20942
20488
20509
20140
20053
20102
20185
20063
20021
20083
19972
20145
20251
20023
20000
20061
20076
20084
20088
20123
20027
20027
20162
20243
20101
20096
20106
20212
20155
20132
20136
19995
20029
23891
20371
20022
19946
20360
20007
20358
21819
21674
21975
22104
21382
20955
21047
21536
29251
21355
20989
21072
20561
20389
20562
20478
20446
20564
20602
20514
20967
20620
20598
20530
20633
20620
20705
20573
20559
20604
20653
20643
20561
20647
20687
20572
20605
20766
20671
20614
20688
23857
20911
20661
20589
20773
20920
20837
20582
20549
20744
20535
20671
20722
20562
20593
20713
20701
20627
20598
20552
20635
20609
20680
20866
20932
20469
20638
20813
20769
20534
20565
20550
20692
20654
20531
20636
20502
21045
20979
20843
20661
20552
20658
20647
20635
20563
20560
22204
21765
21061
20820
20533
20817
20672
20853
21000
20983
20638
20679
20659
20531
20611
20529
20745
20632
20584
20030
20066
20240
20621
20696
20512
20537
20606
20755
20847
20934
20957
20609
20470
20701
20613
20582
20583
20576
20607
20701
20526
20632
20495
20685
20677
20529
20553
20548
20692
20646
23472
21137
20721
20917
20888
21022
20582
20524
20524
20969
21010
20938
20958
21059
20640
20616
20560
20622
20550
20576
20645
20699
20536
20588
20567
20552
20772
20748
20618
20699
20587
20588
20573
20382
20671
20603
20817
20597
20585
20502
20648
20519
20659
20702
20585
20593
20506
20713
22061
21197
21338
21203
21151
21353
21168
21134
21137
21148
21143
21140
21123
21143
21069
21020
21096
21001
21006
21091
21122
21129
20983
21100
21014
21157
21060
21094
21130
21159
21150
21151
21147
21155
21083
21023
21052
21086
21100
21146
21203
21349
21064
20903
20997
21130
21156
22857
21732
21196
21128
21195
21117
21130
21131
21070
21131
21165
21114
21136
20990
21097
21210
21127
21126
21111
21112
21118
21118
21160
21147
21112
21114
21117
21132
21119
21118
20790
21211
20828
20685
21010
21179
21138
21181
21134
21069
21028
21141
21134
21044
20690
20975
21117
21348
21202
21419
21338
21310
21225
21145
20868
20618
20613
20798
20851
20996
20641
20519
20685
20987
21030
20943
20952
20922
20729
20652
20492
20585
20571
20719
20601
20791
20550
20487
20557
20651
20617
20615
20828
21038
20745
20778
20561
20579
20908
20661
20641
20600
20554
20576
20502
20889
21599
20794
20923
20806
20855
21131
20523
20531
20562
20768
20627
20590
20555
20714
20693
20857
20647
20603
20588
20496
20567
20587
20717
20521
20579
20541
20664
20668
20748
21427
20557
20664
20673
20560
20634
20547
20728
20616
20603
20728
20884
20765
20977
20587
20603
20544
20594
20795
20511
21864
20837
20927
20921
20698
20647
20626
20532
20611
20820
20684
20556
20635
20498
21202
20913
20633
20804
20776
20904
20695
20571
20573
20520
20630
20606
20696
20651
21144
20939
20785
20971
20961
20748
20609
20678
20643
20548
20660
20526
20572
20671
20619
20657
20524
20560
20535
20745
21416
21466
20813
21218
21045
20976
20986
20965
20679
20897
21005
20651
20614
20655
20861
20580
20129
19998
20005
20579
20676
20664
20551
20563
20616
20661
20626
20582
20868
20955
20896
20612
20685
20492
20600
20517
20684
20996
21030
20862
20765
20756
20485
20266
20431
20802
20628
20680
20967
21871
21028
21063
21047
20821
20847
21892
20833
20600
20849
20526
20586
20647
21714
21250
21017
20960
20623
20497
20800
20909
20736
20638
20697
20915
20987
20701
20629
20551
20655
20575
20693
20584
20564
20494
21003
21015
20936
20656
20618
20592
20630
20779
20575
20486
20474
21135
20887
23847
20892
21184
21061
21019
20732
20960
20573
20740
21089
21012
20508
20589
20616
20966
20678
20556
20526
20520
20661
20664
20554
20527
20913
20774
21015
20975
20866
20954
20953
20773
20693
20555
20598
20515
20883
20977
20943
20643
20712
20543
20624
20678
20638
20632
20955
20961
20797
23211
20673
21113
21084
21017
20716
20541
20567
20543
20910
20917
20632
20623
20849
21099
21105
20997
20959
20663
21058
20966
20961
20959
21136
20688
20656
20635
20701
21404
20541
20630
20686
20497
20582
20495
21085
20991
20925
20648
20597
20883
20981
20981
20597
20548
20702
21010
21026
23409
21166
21337
20768
20897
20610
20620
20487
20720
21029
20560
20518
20552
20733
20752
21016
20591
20540
20518
20664
20745
20962
20979
20820
20623
20617
20545
20590
20668
20642
20960
20728
20567
20551
20522
21002
20903
20706
20653
20583
20679
20801
20951
20950
20518
20480
20810
20999
22105
20895
20740
20954
20925
20427
20415
20588
20459
20987
20762
20558
20558
20502
21088
20932
20496
20116
20078
20375
20696
20618
20541
20613
20549
20653
20640
20498
20841
20935
21035
20848
20658
20625
20893
20896
20692
20602
20585
20589
20506
20714
20678
20575
20583
20556
20849
20983
21326
21499
21145
20986
21064
21006
21077
21106
21013
21005
21187
21112
21103
20843
21122
21054
21198
21183
21146
21102
21320
20655
20453
20624
20601
20718
20636
20540
20618
21023
20968
20695
20686
20551
20560
20564
20811
20979
20990
20604
20492
20980
20989
20883
20611
20498
20566
20614
21287
21910
20999
21014
21101
20946
20717
20534
20551
20623
20825
20966
20978
20997
20866
20890
20761
20526
20504
20539
21109
20957
20737
20603
20484
20905
20979
20929
20583
20712
20537
20627
20628
20591
20528
20522
20536
20907
20934
20725
20577
20663
20663
20590
20530
20518
20502
20675
22945
20790
21172
20497
20879
21259
20950
20683
20559
20673
20631
20733
20492
20794
21252
21100
21072
21364
21200
20803
20629
20664
20488
20580
20519
20578
20559
20633
21287
20753
20501
20605
20405
20641
20584
20528
20699
21026
20991
20595
20529
20715
20941
20864
20682
20635
20520
20824
21234
22596
21045
20980
20982
20922
20632
20420
20008
20010
20543
20307
20634
20563
20706
20455
20254
20102
20261
20920
20878
20892
21067
20960
20585
20528
20644
20725
20962
20957
20790
20515
20635
20725
20579
20600
20522
20984
21087
20858
20605
20530
20601
20750
20563
20610
20641
20721
21075
22643
20901
20823
20552
21025
21102
20855
20543
20556
20648
20863
20976
20753
20634
20532
20647
20633
20530
20612
20497
20540
20688
20665
20601
20526
20625
20765
20520
20618
20742
20981
20990
20745
20562
20608
20522
20758
20982
21061
20573
20605
20698
21076
20606
20798
20945
20926
20943
23494
20915
20985
20536
20999
21037
21017
20621
20554
20612
21012
21012
20703
20634
20477
20620
20624
20767
20984
20552
20408
20119
20182
20159
20241
20674
20604
20747
20556
20530
21027
21092
20982
20980
20675
20545
20543
20647
20680
20614
20551
20463
20802
20894
20548
20407
20603
20597
23120
21096
21207
21111
21098
21070
21004
20769
20528
20504
21022
21329
20725
20597
20741
20813
20664
20604
20621
20544
20504
20665
20768
20799
20342
20577
20601
20635
21034
20924
20902
20920
20855
20633
20583
20575
20551
20790
20600
20813
20986
20972
20779
21029
21009
20531
20560
20567
22049
20804
20952
21005
21216
21056
20997
20773
20566
20537
20734
21039
21031
20985
20976
20990
21111
21072
20697
20611
20502
20678
20659
20614
20562
20537
20547
20604
20645
21452
20940
21012
20755
20786
20964
20960
20795
20862
20785
20588
20558
20500
20640
20673
20649
20626
20549
20505
23344
20911
20921
20971
21020
20766
20669
20699
20692
20580
20542
20628
20730
20816
20234
20011
20432
20705
20598
20532
20610
20545
20606
20719
20563
20527
20470
20789
20613
20578
20494
20615
20586
20890
20673
20534
20597
20567
20711
20706
20600
20628
20593
20662
20679
20571
20528
20494
23191
21184
20816
20907
20604
20584
20666
20622
20561
20578
20855
20742
20736
20923
20693
20579
20733
20647
20717
20590
20550
20498
20638
20634
21005
20935
20831
20649
20603
20578
20587
20492
20772
20619
20721
20575
20693
20976
21025
21045
20990
20701
20607
20574
20889
20978
20909
20519
21011
21391
20800
21146
21099
20977
20624
21007
20983
20623
20587
20519
20699
20691
21044
20987
20780
20585
20846
20499
20556
20532
20706
20643
20556
20574
20536
20525
20628
20700
20598
20240
20099
20633
20164
20210
20086
20194
20626
20297
21975
21225
21135
21114
21111
20617
20525
20531
20522
23793
20860
21121
21041
21098
21118
21100
21050
20527
20617
21098
20989
20870
20580
20883
21002
21074
21005
20723
20584
20479
20534
21156
20614
20577
20598
20757
20695
20599
20590
20552
20588
21127
21001
20985
20557
20526
20569
20804
20637
20590
20636
20920
20606
20702
20514
20553
20507
23207
21267
21010
20535
20628
20540
20712
20628
20495
20556
20527
20683
20606
20963
21007
20953
21176
20991
20627
20665
20649
20626
20588
20781
20617
20492
20527
20657
20636
21330
20579
20545
20848
20908
20715
20209
20047
20676
20637
20618
20836
20559
20439
20617
20689
20987
20620
20555
23600
21115
21078
20961
21011
20860
20627
20682
20529
20522
20495
20683
20634
20552
20829
20699
20794
21101
21101
20608
20515
22019
20841
20669
20640
20654
20584
20638
20638
20505
20547
20612
20792
21057
20981
20814
20579
20505
21143
21009
20928
20558
20506
20623
20750
20492
20555
20915
24451
21059
20768
20901
20667
20599
21035
20688
20552
20559
20987
20669
20697
20663
20853
20961
20981
21020
21038
20999
20959
20548
20701
20698
20648
20629
20533
20793
20980
20963
20627
20582
20589
20701
20618
20619
20055
20303
20662
20720
20555
20551
20502
20737
20687
20542
20593
20500
23877
20962
20961
20984
21058
20767
20642
20604
20561
20507
20502
20638
20687
20852
20979
20740
20694
20696
20580
20526
20567
20600
20878
20989
20864
20517
20500
20730
20992
20962
20946
20960
20969
21048
20627
20608
20362
20170
20687
20660
20581
20592
20492
20828
20993
20984
20686
20512
22980
21624
21031
20850
21067
20983
21076
20954
20998
20931
20963
20552
20770
20545
20774
20577
20691
20615
20514
20529
20571
20497
20672
20601
20571
20606
20491
20735
21007
21011
20777
20636
21051
20972
20694
20552
20581
20531
20999
21009
21014
20609
20490
20651
20589
20662
20541
20525
20523
23457
20826
20994
21130
21101
21120
21000
20999
20553
20608
20547
20683
20669
20909
20530
20519
20693
20986
20935
20682
20576
20714
20668
20536
20578
20500
20577
21034
21002
21067
20518
20523
20783
20887
20525
20530
20580
20687
20658
20638
20861
20812
21037
20693
20695
20528
20581
21595
21588
20880
20947
20954
21044
20546
20673
20835
20986
20854
20667
20779
20665
20682
20985
20964
21089
20979
20962
20678
20580
20552
20608
20721
20557
20567
20518
20846
21062
20949
20539
20622
20681
20787
20613
20623
20464
20747
20824
21011
20912
20650
20602
20533
20882
21010
20832
20492
22016
20832
20968
20959
21065
20867
21006
20955
20613
20620
20547
20641
20628
21200
20678
20557
20651
20703
20587
20493
20520
20659
20631
20603
20462
20556
20518
20747
20816
20539
20559
20460
20824
21037
20729
20525
20526
20598
20892
20761
20535
20560
20569
20632
20604
20530
20589
20779
22140
20877
21162
20967
20818
20569
20791
20547
20510
20641
20488
20742
20798
20580
20604
20656
20691
20802
20993
20869
20931
20661
20634
20680
20860
20955
20935
20665
20649
20578
20527
20606
20575
20646
20863
20595
20491
20521
20999
21031
20940
20497
21013
21091
20922
20584
20507
20577
23770
20922
21122
21006
21044
20962
20794
20571
20523
20505
20611
20642
20614
20553
20855
20993
20963
20638
20612
20749
20983
20959
20856
20755
20547
20527
20679
21039
20974
20734
20525
20607
20545
20765
20857
20628
20937
20953
20886
20790
20667
20953
20959
20831
20776
20625
20584
20608
23533
21037
20697
20963
21037
20962
21092
20994
20604
20531
21041
20871
20513
20153
20249
20715
20622
20623
20554
20538
20482
20532
20602
20721
20562
20557
20506
20739
20675
20502
20934
20692
20983
20671
20769
20521
20587
20542
21071
20999
20768
20583
20508
20594
20732
20585
20519
20535
23774
20894
20785
20654
21010
20922
20773
20673
20494
20529
20497
20796
21015
20962
20845
20655
21085
20585
20621
20559
20609
20486
20930
20979
20901
20535
20701
20514
20748
20520
20532
20582
20521
20773
20664
20732
20579
20519
21701
21953
21129
20871
20998
20962
20754
20545
20528
20550
22555
20888
21096
20715
20821
20528
20665
20706
20524
20549
20516
20634
20773
20631
20964
20808
20700
20672
20634
20586
20639
20504
20580
20622
20755
20562
20533
20550
20710
20705
20603
20552
20199
20670
20705
20689
20554
20579
20618
20638
20872
20983
20956
20863
20691
20662
20551
20531
22512
21742
21024
20819
20960
20856
20785
20850
20955
20642
20508
20515
20548
20819
20571
20651
20752
20704
20592
20567
20515
20581
20665
21037
21048
20988
20963
20501
20622
20640
20544
20607
20669
20548
21132
20622
20742
20546
20651
20701
20574
20570
20585
20581
20852
20872
20865
20537
20976
22115
21166
20589
20701
20753
20547
20700
20887
20894
20512
20286
20667
20627
20561
20549
20938
20993
21068
20970
20684
20538
20516
20648
20676
20612
20466
20593
20516
20631
20695
20467
20014
20430
20644
20804
20821
20966
21011
21010
21015
20990
20581
20577
20602
20757
20983
20965
20715
21964
21140
20620
20317
20703
21104
21080
21042
20748
20562
20526
20773
20965
20647
20974
20671
20957
20715
20697
20526
20554
20958
21030
20663
20554
20548
20530
20539
20685
20799
21505
20524
20548
20595
20706
20890
20636
20750
20605
21108
20972
20620
20521
20589
20696
20606
20556
20646
21926
21082
21248
20982
21031
20611
20581
20748
20552
20593
20550
20521
20710
20668
20883
20768
20588
20703
21019
21012
20560
20561
20500
20756
20640
20501
20671
20560
20665
20645
20556
20593
20580
20585
20784
20980
20865
20535
20782
20684
21051
20960
20721
20571
20690
20623
20520
20589
22616
21063
21196
20834
21076
20954
20619
20582
20893
20529
20552
21080
20748
20910
20999
20620
20036
20432
20729
20598
20628
20463
20551
20610
21010
20956
20744
20567
21017
20975
20750
20527
20575
20711
20792
20960
20830
20360
20695
20697
20710
20695
20575
20653
20619
20862
20674
20496
20372
21940
20920
20653
20491
20928
20931
20889
20594
20591
20501
20558
20586
20648
20565
20630
20826
20768
20818
20517
20674
20651
20620
20673
20599
20526
20546
20541
21008
20987
20825
20580
20469
20571
20771
20594
20519
20661
21099
20657
20515
20528
20551
20552
20639
20607
20881
21060
22017
21848
20995
20982
20962
21028
20816
20792
20487
20224
20268
20310
20740
20695
20560
20638
20592
20548
20614
20894
20491
20570
20466
21096
20646
20547
20558
20612
20671
20628
20609
20592
20554
20585
20590
20671
20510
20744
20526
20595
20815
20695
21019
20954
20781
20631
20534
20553
20579
23468
20839
20718
20429
20551
20508
20744
20692
20654
20600
20631
20691
20638
20557
20604
20806
21003
20994
21034
20772
20526
20529
20495
20819
20586
20608
20667
20631
20655
20555
20959
20628
20801
20820
20678
20559
20581
20799
20754
21035
21021
20592
20564
20668
20660
20567
20523
20547
21795
21092
21105
20868
20966
20465
20343
20634
20691
20589
20508
20516
20658
20673
20540
20603
20746
20682
20597
20716
20615
20502
20521
20630
20722
20678
20599
20549
20533
20831
20545
20495
20516
20733
20689
20965
20961
20817
20601
21044
20760
20585
20620
20582
20557
20774
20550
20555
20495
23733
20962
20976
20936
21001
20857
20590
20397
20099
20054
20512
20339
20670
20694
20545
20548
20620
20786
20693
20561
20594
20524
20578
20576
20623
20624
20599
20526
20583
20622
20539
20574
20644
20987
21008
20952
20643
21073
21056
20846
20536
20556
20602
20587
20824
20985
20959
21346
21331
21308
21002
20962
20885
20527
20647
20654
20939
21044
20968
20989
20991
20727
20624
20520
20760
20826
20822
21285
21041
20975
20925
20874
20772
20651
20499
20535
20662
20981
20961
20816
20491
21002
21074
20620
20520
21128
21011
20615
20178
20305
20624
20572
20330
20610
20659
20719
21818
20704
21156
20953
20848
20537
20654
20604
20547
20577
20815
20717
20890
21104
21006
20576
20623
20827
20890
20829
20786
20682
20794
20652
20847
20958
20863
20869
21026
21281
20986
20960
20530
20605
20778
20519
20587
20929
21090
20766
20566
20237
20238
20179
20455
20743
20792
20923
23315
21054
21081
20942
21034
20650
20507
20662
20597
20506
20640
20494
20836
20987
20825
20559
20815
20977
20730
20745
20658
20931
21025
20823
20770
20971
20957
20648
20705
21019
21288
20579
20522
20568
20687
20640
20608
20907
20711
21096
20925
20670
20558
20596
20661
21040
20977
21534
21686
20752
20858
20397
20538
20453
20457
20737
20885
20304
20120
20134
20228
20612
20717
20600
20614
20714
20955
21076
20860
21003
21160
20949
20719
20594
20587
20524
20564
20787
20836
20798
20213
20157
20372
20647
20687
20540
20972
21015
21095
20958
20780
20643
20772
20680
20639
20525
22069
20974
21123
20675
20838
20525
20547
20565
20816
20545
20547
21111
20646
20719
20712
20471
20756
20497
20554
20610
20752
20689
20783
20490
20618
20759
20525
20513
20660
21031
20979
20726
20552
20592
20593
21015
20984
20977
20835
20706
21042
21112
21067
20751
20542
20862
21018
20962
22588
20914
21053
21009
20989
20881
20526
20527
20807
20607
20561
20527
20512
20720
20943
20715
20697
20598
20572
20639
20794
21251
20559
20554
20718
20795
20964
20815
20578
20642
20578
20574
20539
20546
20524
21049
21001
20957
20696
21005
20994
21119
20965
20640
20550
20547
20629
20599
20953
21991
21133
20826
20620
20748
20505
20568
20723
21008
20977
20697
20565
20505
21083
21015
20842
20650
20501
20650
20866
21862
21327
21069
21080
21043
20786
21056
21124
21090
21089
21013
21044
21019
20902
20702
20639
20571
20609
20750
20597
20772
20524
20637
20520
20549
20705
20611
23824
20957
20850
20822
21107
21010
20522
20587
20562
20669
20682
20753
20576
20601
20636
20838
20972
20610
20562
20596
20849
20696
20835
20633
20612
20766
20557
20556
20499
20680
21260
21298
20708
20579
20607
20517
20744
20703
20766
21061
20999
21066
20532
20604
20531
20574
21144
20996
22392
20921
20900
20702
21553
20842
20916
20817
20933
21086
20705
20972
20956
20584
20713
20701
20543
21160
20953
20994
21066
21013
20672
20642
20619
20683
20545
20527
20496
20520
20992
20985
21027
20880
20702
20546
20205
20529
20257
20737
20559
21070
21001
20782
20575
20553
20643
20608
22260
21357
21089
20687
20613
20760
20534
20496
20559
20694
21176
20694
20819
21167
21009
20789
20779
20710
20921
20895
20863
21059
20958
20891
20529
20720
20639
20527
20618
20488
20658
20677
20529
20560
20604
20677
21026
21068
20840
20752
20961
20687
20782
20568
20530
20576
20687
20614
22071
21638
21192
20705
21018
20947
20668
20536
20568
20550
21037
20951
20907
20974
21003
20917
20656
20596
20597
20557
20648
20832
20602
20527
20588
20791
21130
20960
20602
20557
20593
20699
20979
20957
20675
20496
20835
20966
20896
20589
20741
20582
20823
20624
20602
20604
20666
21070
24117
20846
20907
20962
21250
21252
20601
20621
20528
20670
20713
20527
20553
20528
20570
20778
20992
20980
20563
20527
20719
20799
20588
20595
20640
20596
20770
20914
21260
20796
21231
21054
20965
20939
20753
20461
20647
20590
20686
20513
20702
20604
20651
20558
21176
20936
20858
20605
21711
21107
21159
20982
21014
21035
20565
20562
20547
20661
20665
20566
20544
20522
20588
20709
20698
20778
20654
20949
20866
20637
20676
20734
20630
20645
20672
20569
20526
20993
20854
21028
21251
20802
20655
20603
20133
20319
20600
20695
21028
21009
21192
20956
20820
20549
20598
21027
21015
22370
20812
20747
20974
21056
20881
20552
20482
20522
20642
20728
20498
20554
20555
20948
20856
20857
20598
20544
20647
20562
20943
21011
20886
20599
20611
20701
20585
20493
20550
20741
20640
20550
20606
20523
20749
20905
21020
20529
20743
20914
20754
20412
20356
20667
20583
21036
20703
23119
20969
20655
20521
20656
20438
20552
20585
20605
20598
20636
20647
20495
20518
20571
20763
20600
20603
20611
20570
20763
20578
20831
20560
20746
20861
20986
20799
20621
20517
20533
20609
20733
20573
20553
20548
20794
20518
20626
20726
20871
20657
20706
20602
20606
20497
20714
21042
23733
20910
20811
20526
21005
20882
20585
20596
20605
20634
20852
20605
20628
20097
20337
20445
20654
20752
20563
20507
20573
20763
20721
20553
20969
21073
20941
20973
20960
20637
20671
20679
20604
20577
20501
20481
20573
20677
20546
20710
20528
20867
20689
20554
20551
20530
20557
20618
21755
21033
21010
20590
20728
21107
20989
20722
20499
20548
20672
20620
20504
20566
20543
20682
20683
20579
20550
20526
20541
20770
20846
20761
20622
20699
20584
20673
20957
20932
20691
21110
20995
20966
20805
20470
20527
20656
20712
20591
20980
21000
20548
21094
20969
20703
20754
20683
20652
22215
21169
20803
20565
20733
20720
20653
20637
20548
20882
20790
20508
20412
20655
20826
20983
20987
20583
20585
20644
20645
20663
20842
20636
20527
20766
21068
20796
20622
20518
20712
20983
20772
20987
20597
20505
20700
21062
20913
20603
20681
20991
21124
20607
20586
20543
20611
21404
21232
21006
20705
20560
20960
20997
20943
20534
20562
20673
20661
20682
20594
20539
20573
20749
20602
20803
20964
20576
20653
20650
20784
20594
20587
20546
20664
20722
20527
20567
20523
20635
20698
20652
20274
20479
20705
20613
20695
20588
20613
20624
20703
20651
20113
20037
20094
20475
21705
20866
20663
20069
20455
20824
20664
20529
20593
20528
20843
20985
20956
21014
20965
20691
20638
20728
20962
20960
20544
20652
20731
20710
20605
20550
20659
20600
20576
20609
20491
20524
20712
20613
20645
20536
20483
20826
21146
20830
20494
20553
20762
20656
20597
20552
20550
20496
20630
23558
21153
20984
20963
21042
20672
20510
20554
20530
20570
20632
20636
20566
20602
20841
20962
20998
20609
20528
20554
20534
20702
20921
21030
21525
22336
21388
21461
21156
21143
21327
21419
21690
21462
21495
21524
20995
20744
20906
22040
22824
22560
21308
21252
21378
22126
24150
21937
21520
21341
22312
22367
21502
21863
22057
24235
24944
24791
23693
21389
21445
21124
21054
21216
21101
21059
21037
21157
21351
21434
23032
23038
21514
21598
22013
21961
25583
25030
21767
21113
20966
20999
21079
20454
20535
20967
20809
20756
20705
26391
23444
26170
22509
21094
21117
21293
21105
21079
21028
20983
21045
21030
21081
21107
21299
21420
21293
21195
21153
21086
21070
21259
21285
21369
21141
21062
21111
21123
21208
20843
20614
20562
21119
21215
21354
21077
21254
20756
20701
21066
20938
21174
21496
21415
21571
21545
21851
21552
21513
21916
21028
21058
21058
21302
21423
21250
21475
21403
21082
20833
20635
20580
20539
21278
20870
20951
20612
20615
21007
20961
20697
20571
20491
20927
20983
20791
20598
20491
20556
20644
21035
20841
20673
20521
20696
20668
20504
20702
20984
20918
20608
20708
20841
20674
20692
20624
20704
21907
20938
20801
20984
21058
20940
20534
20582
20774
21001
20604
20609
21048
20606
20687
20689
20553
20588
20531
20706
20665
20663
21331
21475
21214
20856
21119
21449
21631
21224
21148
21021
20915
20604
20531
20700
20666
20584
20554
20995
20809
20587
20725
20974
21581
21847
20969
20541
22781
21628
21273
20899
20629
20520
20446
20844
20841
20620
20587
21319
21445
21644
21787
21697
21085
21035
21115
20731
21028
20785
20535
20576
20832
21118
21206
20557
20576
20637
20602
20519
20590
20540
21262
21306
20640
20645
20890
20952
20750
20746
20798
20985
20957
20715
20719
20670
22110
21195
20971
21082
21359
20949
20770
20539
20579
20821
20974
21360
21657
21695
21127
21306
20808
21100
21123
21127
21851
21231
21119
20884
20721
20695
21190
21594
21511
21507
21163
20814
20891
20673
20628
20741
20668
20725
20578
20573
20715
20717
20939
20580
20835
21381
21467
23520
21548
21777
22398
22471
21152
21256
21559
22299
21395
20838
20766
20766
20867
20844
20979
20976
21003
21009
21289
21048
21646
21560
21876
22127
21861
21944
21500
20890
20814
20750
20674
21572
20638
20551
21153
21491
20952
20784
20673
20629
20887
20885
20992
20626
20694
20878
22763
21439
21606
21221
21040
20649
20615
21052
20953
21053
20987
20920
20857
20881
20873
21163
21401
21192
20758
21106
20672
20414
20528
21027
20988
21342
21318
21192
21027
21013
21221
21014
20939
20640
20780
20576
21108
21220
20981
20803
20620
20861
20775
20684
20608
20580
21157
21092
23894
20905
20690
20607
20739
20643
20598
20557
20504
20619
20768
21078
20530
20830
21153
21430
21313
21267
21499
21475
21423
21313
21354
21316
21375
20952
20662
20394
20714
20627
20622
20720
21098
20656
20501
20564
20593
20773
20543
20501
20526
20761
20612
20858
20956
20976
21014
23256
20633
20927
20602
20571
20756
20667
20530
20557
20505
21035
21288
21047
20681
20604
20596
20617
20704
20626
20583
20599
20659
20662
20534
20626
20490
20864
20975
20988
20525
20568
20522
20687
20635
20541
20629
20521
20623
20688
20599
20538
20545
20642
21087
20983
20873
20588
20525
23083
21634
21159
20998
20780
20935
21152
20933
20597
20623
20742
20991
20996
21037
20980
20694
21069
20999
20785
20742
20475
20541
20769
20562
20608
20540
20568
20740
20510
20589
20526
20550
20690
20663
20605
20554
20590
20568
20650
21038
20497
20534
20525
20785
20683
20762
20620
20500
20738
23847
21093
20724
20561
20723
20626
20664
20583
20530
20538
20666
20698
20634
20148
20111
20202
20457
20626
20582
20579
20495
20704
20634
20578
20623
20500
20743
20889
20665
20541
20599
20552
20761
21368
20578
20521
20509
20684
20751
20474
20631
20505
20607
20621
20642
21228
21178
22585
22100
20851
21037
20993
21004
20728
20673
20585
20497
20518
20580
20640
20712
20536
20602
20571
20935
20551
20556
20590
20517
20715
20638
20586
20871
21096
20724
20631
20672
20559
20585
20475
20770
20646
20598
20622
21516
20761
20812
20801
20988
20999
21013
21417
20776
20808
20985
20719
21526
20879
20886
20528
21447
21075
20802
21573
20559
20761
21014
20987
21142
20582
20749
20565
20624
20630
20631
20807
20655
20696
20883
20600
20646
20543
20610
20636
20758
20529
20537
20712
20612
20965
20982
20887
20586
20730
20690
20600
20600
20668
21068
21011
20740
20590
20760
20916
23781
22036
20880
20537
20641
20744
20529
20536
20555
20549
20646
20580
20631
20514
20497
20728
20691
20783
20964
20730
20605
20762
20555
20565
20575
20545
20678
20635
20714
20596
20524
20522
20653
20718
20578
20558
20621
20631
20748
20645
20958
20968
21038
20734
20601
20532
20803
20588
20636
23048
21095
20834
20599
21097
20940
20858
20588
20489
20939
20994
20884
20588
20477
20736
21005
20817
20528
20561
20962
20721
21101
21004
20954
21051
20989
20985
20764
21198
21026
20993
20634
20707
20607
20492
20525
20786
20653
20538
20559
20497
20756
20959
20783
20321
20165
20767
20605
24230
21732
21328
20873
20838
20600
20580
20527
20549
21027
21281
21049
20895
21103
21481
20683
20975
20051
20439
20654
20750
20542
20532
20581
20537
20614
20696
20753
20586
20522
20707
20704
20836
20317
20988
21166
20708
21001
20543
20621
20527
20605
20634
20654
20557
21212
20870
20771
23731
21276
20859
20535
21141
20965
20735
20988
21300
21246
20991
20807
20947
20952
20783
20747
20938
20973
21019
20772
20742
20621
20547
20574
20552
21593
21151
21000
20815
20558
20528
20618
20683
20830
20573
20491
20235
20183
20105
20195
20574
20745
21005
20966
20601
20572
20785
20577
23484
21103
20754
20555
20837
20579
20828
20566
20529
20962
20999
20842
21095
20451
20577
20606
21012
20961
20939
20529
20673
20606
20586
20561
20521
20698
20655
20968
21005
20795
20543
20618
20664
20594
20586
20496
20688
20762
20530
20574
20465
20626
20681
20649
20342
20058
20501
20743
21408
20684
20878
20602
20731
20652
20613
20534
20551
20695
21108
21102
20656
20591
20596
21050
20981
20898
20532
20586
20609
20628
20576
20528
20571
20643
20668
20590
20702
20518
20572
20727
20546
20578
20516
20543
20624
20900
20934
20982
20493
20648
20672
20640
20489
20561
20610
21083
20939
21960
21191
20792
21038
20985
20925
20609
20499
20519
20552
20685
20690
20960
20991
20713
20524
20698
20535
20591
20887
20689
20490
20562
20590
20703
21010
20978
20605
20711
20492
20673
20636
20584
20603
20498
20710
20731
20572
20548
20557
20642
20623
20789
21445
20520
20513
20738
23535
21169
20944
20411
20504
20660
20556
20531
20563
20608
20737
20668
20588
20586
20509
20555
20681
21394
20987
20720
20613
20711
20551
20532
20643
20518
20708
20677
20526
20788
20520
20520
20651
21388
20842
21012
20911
20814
20611
20607
20595
20521
20714
20668
20570
20939
20954
20806
20992
22749
21082
20965
20711
20840
20498
20532
20548
20528
20705
20664
20601
20623
20509
20796
20828
20740
20588
20533
20565
20699
20645
20554
20548
20545
20656
20800
20704
20571
20715
20559
20647
20650
20645
20956
20955
21087
21014
20849
20540
20583
20651
20536
20213
20595
20600
20549
20897
23215
21395
20703
20584
21073
21061
20938
20736
20549
20816
21308
20808
21289
20611
20604
20689
20586
20614
20592
20502
20522
20748
20528
20562
20518
20737
20615
20533
20677
20675
20521
20728
20615
20561
20579
20550
20567
20748
20979
20509
20118
20059
20626
20690
20631
20517
20530
20617
20968
22494
20967
20321
20478
20649
20697
20625
20519
20526
20562
21029
20955
20530
20594
20723
20608
20591
20533
20531
20499
21379
20601
20608
20602
20498
20570
20643
20667
20552
20709
20646
20757
20523
20586
20550
20521
20657
21213
20961
20798
20528
20782
21097
21106
20804
20577
20475
20822
20885
23589
20741
20686
20764
20585
20555
20640
20523
20596
20715
21023
20601
20601
20499
20648
20665
20539
20525
20554
20651
20659
20521
20632
20496
20587
20835
21024
20952
20795
20978
21075
20609
20587
20559
20552
20670
21013
20821
20286
20014
20554
20601
20775
20638
20693
21090
20607
21047
23053
21056
21040
20804
20640
20557
20554
20559
20934
20992
20924
20611
20503
20588
20819
21062
20952
20553
20564
20808
20498
20532
20561
20575
20640
20655
20966
20981
20992
21033
21143
21029
21085
20556
20558
20817
20614
20542
20581
20644
20935
20901
20634
20525
20516
20511
20687
20730
20955
21712
20883
21185
20712
20457
20129
20115
20461
20915
20723
20732
20596
20559
20906
21023
20964
20722
20665
20797
20783
20960
20957
20772
20566
20813
20979
20685
20581
20671
20946
20992
20894
20544
20513
20558
20748
20635
20484
20548
20582
20661
20626
20503
20573
20584
20662
20692
23519
21261
20719
20729
20812
20563
20552
20559
20497
20681
20670
20649
20666
20079
20412
20670
20656
20617
20575
20639
20679
20646
20600
20617
20520
20619
20689
20542
20523
20554
20785
20757
20940
20651
20156
20094
20567
20751
20642
20557
20554
20533
20690
20602
20557
20552
20569
20999
21115
23354
21113
20925
20667
20703
20602
20501
21697
21706
21729
20881
20524
20601
20675
20766
20983
20737
20577
20520
20517
20638
20684
20581
20580
20535
20809
20486
20524
20554
20652
20666
20756
20982
20963
20546
20531
20652
21020
21361
21541
21653
21318
20721
20662
20567
20487
20776
20919
23032
20821
21140
21066
21009
20530
20527
20553
21070
21011
20944
20655
20576
20730
20616
20522
20798
20991
20625
20972
20982
20719
20599
20467
20700
20665
20546
20585
20475
20821
20982
20982
20581
20531
20555
20755
20605
20635
20463
20488
20542
20671
20698
20547
20958
20992
21081
20663
20797
23150
20862
20816
20971
20592
20568
20475
20781
20932
20606
20597
20657
20602
20721
20623
20605
20560
20915
20727
20665
20530
20687
20469
20688
20672
20587
20499
20499
20610
20568
20625
21261
21028
21042
20862
20961
21099
20644
20578
20624
20860
20577
20532
20480
20556
20603
20663
20793
21152
21669
21154
20755
20969
20715
20528
20679
20624
20606
20064
20011
20138
20650
20739
20629
20382
20513
20291
20302
20070
20315
20622
20632
20641
20611
20804
20979
20969
20395
20212
20295
20628
20588
20492
20195
20292
20159
20623
20578
20716
20682
20559
20884
20946
20941
20640
20796
20860
20496
24234
20911
20992
20961
20959
20980
20981
20537
20602
20836
20620
20615
20617
20560
20601
20584
20510
20607
20655
20521
20538
20474
20719
20635
20491
20579
20577
20709
20843
20825
20487
20168
20150
20674
20691
20613
20685
20943
20761
20793
20580
20470
20610
20648
20624
20624
20683
20680
23653
20871
20938
20232
20160
20232
20606
20691
20526
20549
20576
20510
20632
20654
20544
21129
21041
20863
20735
20962
20943
20557
20657
20592
20607
20573
20523
20570
21008
20966
20729
20552
20742
20668
20557
20554
20629
20517
20673
20680
20579
20570
20520
20703
21017
20675
20752
20910
23445
21145
20681
20576
20586
20523
21024
20986
21052
20567
20494
20624
20747
20620
20554
20576
21143
21103
20746
20602
20657
20720
21074
20984
21062
21014
21044
20987
21145
20788
20583
20562
20624
20732
20534
20531
20556
20506
20630
21058
20832
21121
20520
20605
20894
21025
21022
20866
24903
21220
20903
20561
20657
20905
21065
21013
20521
20498
21917
21022
20983
20761
20535
20654
20976
20642
20604
20544
20626
21157
20950
20712
20579
20187
20103
20553
20786
20577
20926
20582
20820
20994
21010
20661
20671
20719
20767
20560
20310
20072
20319
20493
20622
20702
20731
20546
24087
20908
21012
20576
20562
20564
21224
21281
20996
20640
20748
20629
20778
20518
20622
20528
21771
20789
21010
20790
20623
20500
20652
20636
20579
20522
20489
20589
21022
21081
20601
20532
20555
20621
20530
20575
20515
20645
20684
20470
20231
20154
20079
20259
20625
20666
20799
20562
20761
23579
20729
20986
20971
20954
20941
20975
20944
20579
20871
20969
20986
20946
20598
20535
20520
20612
20653
20558
20560
20603
20861
20986
20977
20564
20546
20716
20987
20888
20712
20557
20505
20592
20908
20542
20588
20577
20804
20982
20990
20738
20741
20707
20647
20668
20850
20837
21106
23561
20612
20516
20569
20600
20770
20848
20697
20504
20181
20182
20690
20668
20611
20621
20498
20880
21096
20972
20668
20578
20599
20638
20610
20554
20605
20599
20718
20754
20640
20576
20502
20564
20687
20997
20585
20063
20377
20651
20684
20548
20539
20582
20693
20617
20836
20564
20495
23151
21381
20999
20737
20561
20624
20698
20696
20522
20529
20623
20659
20598
20922
20956
20787
20550
21027
21023
20737
20640
20473
20804
21053
20872
20545
20558
20585
20618
20804
20585
20543
20555
20788
20647
20606
20562
20523
20598
20653
20669
20556
20531
20491
20680
20749
20609
20523
20804
24572
21245
20731
20597
20634
20991
21039
20712
20527
20545
20516
20676
20643
20493
20603
20527
20584
20872
20696
20567
20555
20513
20661
20645
20887
20943
20876
20709
20847
21379
20554
20718
20697
20818
20742
20636
20569
20556
21100
20985
20853
20660
20477
20683
20749
21073
20966
20652
24065
20730
20980
20759
20419
20448
20666
20690
20595
20560
20558
20850
20985
20929
20531
20619
20510
20634
20603
20929
20956
20704
20786
20697
20529
20596
20537
20684
20637
20778
20567
21281
20559
20894
21038
20759
20366
20557
20602
20700
20685
20516
20563
20562
20762
20775
20567
20528
20793
23980
20800
20989
20974
20675
20861
21100
20992
20577
21063
20681
20611
20567
20559
20553
20667
20639
20656
20604
20579
20492
20540
20641
20672
20502
20624
20501
20795
20801
20533
20546
20621
20625
21093
21107
20692
20584
20598
20608
21015
20954
20932
20480
20760
21028
20682
20634
20913
23659
20855
20663
20553
20819
20933
20634
20634
20578
20543
20496
20683
20616
20517
20504
20841
21361
20596
20552
20602
20525
20455
20684
20635
20581
20587
20465
20559
20829
20983
20963
20745
20615
21015
20984
20736
20581
20320
20498
20694
20797
20962
20965
20603
20960
20591
20562
20661
22164
20687
21014
20976
21004
20948
20656
20660
20563
20566
20494
20534
20732
20568
20674
21054
21085
20993
20976
20719
20610
20554
20646
20713
21146
21904
21135
20995
21115
21077
20870
20515
20627
20716
20647
20604
20596
20585
20625
20631
20752
20374
20044
20048
20853
20704
20645
20760
23033
21103
20574
20154
20383
20625
20607
20625
20622
20689
20535
20829
20729
20684
20493
20591
20522
20683
20757
20597
20528
20550
20695
21011
21010
21006
21386
21116
21093
21311
20950
20937
20801
20939
20986
20969
20872
20729
20597
21115
21088
20600
20554
20518
20831
20610
20556
20725
23391
21195
20979
21013
20711
20595
20557
20570
20661
20691
20555
21265
20961
20879
21306
21803
21065
21116
20865
20604
20553
20599
20787
20856
20581
20571
20823
21052
20754
20577
20679
20496
20641
20910
20965
20680
20592
20863
20786
21008
20941
20844
20481
20892
21730
20921
20628
20693
24595
21009
20636
20571
22410
21232
21632
21149
20789
20838
20653
21208
20701
20534
20577
20802
20769
20651
20217
20537
20595
20584
20637
20645
20960
20982
20717
20712
20685
20571
20951
21075
20941
20708
20507
20553
20630
20655
20665
20621
20675
20528
20500
20833
21119
21041
20981
21091
23876
21189
20925
20639
20549
20579
20631
20680
20652
20631
20499
21027
20671
20641
20680
21141
20729
20644
20639
20694
20663
20563
20644
20599
20575
20599
20522
20530
20868
20977
20959
20697
20736
20664
20544
20557
20552
20493
20707
20693
20493
20604
20497
20576
20836
20756
20964
21051
23305
21276
20826
20991
20991
20883
20728
20610
20586
20627
20473
20559
20745
20560
20503
20551
20655
20647
20629
20865
20598
20602
20646
20645
20551
20608
20527
20532
20605
20747
20589
20533
20598
21072
20995
20753
20567
20565
20809
20620
20500
20596
20728
20586
20840
20621
20633
20739
20487
23917
21096
21004
20975
20822
20666
20640
20597
20663
20504
20653
21013
21024
20648
20500
20609
20693
20769
20965
20966
20778
20733
20585
20547
20538
20573
20507
20615
20681
21116
20957
21015
20896
21132
20942
20521
20538
20593
20581
20605
20565
20540
20523
21055
20986
20974
20688
20603
23121
21052
20657
20599
20601
20654
20617
20728
20547
20607
20535
20669
20715
20576
20495
20537
20541
20707
20661
20520
20559
20499
20709
20682
20525
20616
20612
20646
20711
20696
20547
20521
20737
20587
20673
20544
20548
20521
20566
20872
20757
20513
20292
20681
20867
20581
20559
20739
20522
24132
21038
20883
20551
20556
20691
20633
20547
20846
20743
20647
20577
20608
20573
20591
20802
20722
20262
20111
20032
20090
20167
20623
20689
21456
20933
20967
21114
20981
20694
20706
20519
20639
20658
20497
20615
21297
21735
21272
21128
20985
20712
20548
21165
20886
20541
20806
22331
21125
20876
20634
20610
20532
20565
20751
20528
20597
20956
20955
20783
20578
20548
20557
20663
20744
21023
20855
20535
20556
20506
20668
20657
20541
20669
20933
20866
20614
20697
20553
20641
20618
20590
20604
20634
20502
20627
20668
20676
20552
20484
20547
20723
20722
20545
20714
20555
21996
21045
20644
20489
20578
20502
20532
20607
20686
20538
20560
20535
20688
20504
20745
20597
20530
20746
20732
20527
20550
20731
20543
20564
20656
20549
20551
20507
20689
20622
20586
20632
20501
20858
20639
20578
20566
20528
20663
20601
20923
20614
20605
20701
20661
20662
20578
20703
20572
23307
21147
20594
20126
20030
20242
20792
20696
20659
20552
20703
20843
20970
20696
20983
21104
21074
20741
20643
20723
21283
21135
21136
21247
20636
20145
20265
20494
20969
20377
20217
20106
20201
20676
20700
20458
20162
20123
20268
20230
20044
20045
20050
20606
20657
20706
20890
20648
23471
21235
21066
20973
20985
20866
20889
20977
21016
20663
20523
20676
20877
20635
20651
20957
20950
21044
20990
20893
20536
20544
20647
20645
20555
20519
20507
20572
20695
20575
21024
21065
20967
21018
21049
21281
20933
20913
20597
20724
20539
20522
20464
21199
21121
21266
21635
21526
24508
21329
20975
21117
20958
20688
20531
20387
21019
20413
20412
20656
20668
20487
20580
20641
20542
20602
20751
20739
22823
22334
21026
20981
20969
20904
20495
20965
20559
20397
20692
20570
20581
20702
20733
20967
20949
20713
20645
20639
20493
20582
20526
20882
20638
20524
20785
20525
23715
21545
21172
20975
20776
20616
20655
20684
20704
20645
20581
20646
20668
20608
20521
20546
20516
20607
20784
20501
20564
20501
20776
20620
20503
20597
20617
20747
20639
20629
20695
20964
21002
20705
20659
20530
20842
20525
20724
20679
20552
20682
20540
20817
20621
20669
20707
20628
20551
23853
21136
20929
20959
20956
20882
20902
20803
20244
20242
20664
20669
20561
20728
20970
20929
21102
20709
20564
20170
19989
20110
20610
20627
20538
20560
20603
20663
20650
20678
20645
20554
20657
20657
20559
20620
20610
20542
20578
20718
20556
20515
20760
20677
20643
21045
20959
20752
23760
21304
20897
20604
20548
20777
21178
21105
20754
20913
21919
20575
20454
20080
20468
20396
20272
20040
19936
20018
20687
20210
20167
20136
20047
20052
20028
20076
20102
21379
20254
20078
20006
20139
20129
20394
20390
20465
20421
20161
20170
20021
20027
20177
20233
20096
20143
20094
19997
23392
20688
20854
20203
20490
20503
20532
19992
19920
19937
19934
20150
20342
20088
20265
20069
20067
20148
20107
20010
20138
20061
20217
20129
20172
20033
20026
20085
20220
20135
20091
20358
20367
20406
20335
20159
20025
20334
20044
20125
20126
20035
20139
20223
20044
20238
20124
20087
20022
20005
23743
20575
20674
19972
19943
20086
20242
20597
20067
20016
20137
20056
20135
20067
20356
20039
20058
20229
20106
20279
20531
20564
20337
20085
20060
20056
19996
20468
20613
20582
20263
20587
20543
20658
20410
20084
20077
20000
20058
20110
20144
20064
20180
20007
20170
20106
20119
20056
20032
23636
20673
20669
20409
20451
20384
19983
20075
19933
19963
19941
20182
20195
20240
21064
20248
20201
20130
20095
20139
20000
19995
20062
20121
20105
20025
19999
20075
20134
20135
20073
20305
19945
20425
20583
20590
20460
20161
19968
20155
20106
20065
20092
20160
20086
20113
20247
20093
19990
21799
20796
20106
20450
20402
20389
20224
20078
19961
19903
19941
19970
20202
20092
20175
20029
20054
20144
20094
20024
20052
20019
20028
20168
20120
20029
20029
20044
20120
20090
20129
20066
20339
20001
20047
20089
20179
20073
20032
19967
20618
20796
20530
20275
19990
20027
20228
20310
19952
19956
22329
20059
19999
20211
20016
19948
20066
20039
19967
19936
19968
20001
20137
20128
20223
20105
19995
20102
20087
20186
20090
20029
20028
20206
20186
20060
20028
20110
20024
21512
20073
20154
20296
20003
20198
20362
20521
20689
20486
20047
20104
20093
20095
20362
20035
20141
20196
20048
20057
20091
21920
20321
20121
20247
20043
19998
20121
20199
20029
20009
20023
20104
20174
20029
20244
20026
20002
20168
20113
20067
20034
20065
20054
20109
20087
20045
20105
20045
20103
20262
20030
20111
20202
20089
20100
20071
20321
20174
19997
20334
20130
20062
20198
20002
20114
20097
20217
20080
20027
21663
21517
20471
20046
20193
20084
20059
20079
20671
20052
20050
19968
20125
20100
20170
20048
20002
20195
20644
20663
20114
20327
19998
20046
20245
20004
20002
20043
20053
20201
20102
19993
20294
19997
20130
20091
20167
20437
20395
20289
20110
20089
20227
20212
20004
20143
20142
20074
20031
21715
20330
20096
19978
19944
20127
20002
20072
20134
20173
20049
20045
20003
20132
20119
20105
20032
20084
20192
20103
20054
20024
20091
19998
20170
20130
20026
20032
20134
20050
20116
20181
20101
20242
20007
20093
20139
20054
20043
20051
20016
20352
21623
20699
20368
20038
20186
20289
20088
20026
21887
20506
20421
19916
20247
20437
20340
20595
19979
19928
20025
20030
20054
20089
20149
20271
20025
20051
20181
20164
20084
20032
20076
20104
20103
20174
20077
20053
19998
20051
20374
20089
20050
20259
20124
20193
20068
20073
20066
20199
20612
20728
20423
20258
20066
20091
20263
20125
20053
20421
22023
20381
20563
20081
20416
20424
20437
20459
19917
19944
20084
20033
20184
20113
20246
20028
20028
20113
20081
20301
20085
20039
20029
20026
20078
20091
20036
20073
19967
21096
20095
20103
20264
19999
20058
20085
20229
20022
20124
20030
20255
20109
20434
20034
20024
20258
20934
20506
20391
21637
20945
20564
20245
19914
20605
20398
20524
20085
19965
19938
20008
20167
20156
20157
20087
20330
20491
20511
20294
20061
20057
20009
20055
20237
20098
20001
20058
20072
20167
20195
20121
20102
20282
20113
20136
20073
20086
19997
20130
20171
20037
20064
20224
20124
20113
20186
20156
20074
21545
20559
20427
20035
19911
19943
20172
20103
20149
20681
20075
20030
20120
20203
20032
20212
20054
20036
20404
20070
20317
20543
20518
20240
20210
20066
20050
20056
20123
20095
20177
20202
20079
19996
20696
20579
20499
20055
20032
20162
20083
20116
20084
20264
20003
20050
20235
20133
20027
20026
22856
20062
19928
19949
19930
20104
20100
20184
19994
20052
19999
20114
20085
20128
20055
20168
20006
20155
20117
20056
20052
20001
20087
20139
20147
20049
20096
20018
20045
20097
20229
20049
20026
20002
20829
20590
20467
20082
20032
20370
20467
20438
20240
20207
20003
20163
20190
20025
20051
20985
21337
20481
20446
19975
20002
20174
20327
20167
20029
20022
20025
20017
20234
20194
20073
19990
19997
20241
20111
20011
20034
20018
20059
20087
20119
20033
20084
20019
20123
20228
20019
20081
20005
20235
20107
20069
20081
20077
20003
20017
20114
20250
20218
19992
20035
20135
20190
20025
20025
22123
20211
20119
19951
19942
19962
20152
20248
20088
20035
20052
20094
20137
20093
20148
20116
20024
20021
20167
20121
20059
20026
20024
20080
20125
20118
20167
20054
20001
20045
21486
20075
20056
20061
20216
20178
20034
20148
20028
20040
20130
20171
20026
20266
20034
20178
20783
20701
20547
21176
20571
20467
20352
21300
20935
20489
20274
20230
20003
20077
19995
20010
20247
20155
20499
20195
20081
20244
20099
20052
20085
20066
20001
20169
20096
20005
20056
20076
20067
20113
20257
20156
20082
20002
20280
20206
20090
20085
20002
20122
20107
20146
20213
20262
20029
20047
20281
20048
20025
23878
20550
20073
19952
19999
19914
20398
20362
20656
19995
20055
20058
20062
20085
20101
20223
20561
20534
20303
20200
20024
20025
20061
20049
20233
20118
20081
20076
20006
20192
20236
20121
19993
20057
20159
20393
20591
20318
19994
20052
20109
20217
20060
20200
19966
20066
20187
20220
20062
21148
21174
20656
20251
19914
19949
19938
20175
20145
19917
19920
20007
19983
20119
20100
20254
19994
20030
20023
20123
20088
20024
20055
20019
20101
20132
20030
20056
20016
20003
20212
20098
20047
20057
20029
20074
20069
20099
20140
20064
20004
20142
20118
20230
19997
20061
20059
20181
20084
20021
21271
21345
20223
19944
19914
19944
19995
20501
20582
20242
20087
20027
20197
20120
20106
20272
20028
20055
20171
20171
20090
20048
20065
20041
20141
22447
20445
20216
20365
20629
20811
20400
20448
20238
20014
20317
20979
21101
21119
20850
21279
20278
20174
20188
20115
20115
20195
20080
19999
20055
23747
20756
20279
19939
19923
20009
20823
20520
20561
20151
20090
20086
20091
20029
20370
20024
20530
20595
20369
20051
19999
20074
20121
20168
20117
20056
20048
20073
21206
20304
20075
19994
20067
20156
20405
19995
20073
20000
20497
20723
20503
20557
20433
20078
20057
20181
20013
20101
19991
23982
20637
20551
19994
19963
19985
20470
20598
20391
20174
20000
20137
20317
20061
20032
20054
20123
20462
20183
20019
20026
20058
20138
20090
20052
20022
20022
20074
20076
20091
20105
20097
19968
20060
20111
20314
20061
20077
20002
20646
20621
20556
20346
20060
20033
20222
20162
20030
19995
19994
23292
20512
20427
20035
19941
20061
20690
20926
20555
20217
20005
20231
20163
20122
20189
20473
20576
20710
20068
20033
20026
20037
20269
20088
20020
20079
20021
20139
20148
20159
20078
20026
20001
