21252
20794
20704
20641
21195
20925
21159
20937
21265
20975
20885
20868
21138
21183
21185
21297
21196
20985
21039
20698
20892
20860
20814
20812
22789
20969
21058
20983
20969
20886
20995
21089
20900
21123
20731
21379
21616
21947
21707
21682
21077
20806
20992
20404
20812
20954
20903
21101
21547
21155
20419
20532
20716
20793
21378
21380
21540
21586
21482
21285
21453
21248
21395
21262
21274
21235
21558
21597
21444
21501
21435
24289
30313
39148
21702
22117
21772
21372
21305
20766
20674
21525
21284
21139
21578
22326
22923
21799
21506
21483
21258
21413
21505
21453
21075
21044
21005
21123
21294
20982
20798
20789
21114
21330
21351
21787
21641
21301
21128
21093
20723
21092
21156
21196
21449
21485
21727
25796
21588
21332
21520
21358
21326
20975
20730
20739
20820
21893
21623
21694
22365
21826
21521
21708
22448
22033
21934
22046
21989
21717
21740
21802
21339
21211
20850
20431
20313
20864
21023
21830
21873
22466
21581
21492
21743
21458
21307
20828
20910
21105
21645
21875
21914
21836
24972
21740
21328
21455
21427
21257
21232
21049
21094
21123
21678
21956
21399
21814
21489
21484
21634
21373
21357
21351
21201
21598
21568
22093
21869
21483
21189
21637
22157
21370
21492
21490
21424
21533
21433
21105
21381
21024
21054
21110
20930
20899
22550
20709
20580
21358
25226
36427
23622
22340
22376
21377
21618
21499
21584
22384
21721
21450
22534
21447
20918
20844
20961
20809
21399
20777
20581
21103
21706
21811
21505
20879
20754
21804
21184
20785
20888
20793
21070
21939
21752
22144
21690
21525
21382
20975
20938
20803
20892
21069
20883
22528
21552
21206
21002
20800
20757
20860
20912
21050
20874
20887
21656
21328
21171
20960
21463
21403
21239
21551
21205
21034
20814
20855
20733
21298
20818
20833
20798
20698
20773
20935
20825
20518
20230
20510
20917
20835
20478
20296
20586
20879
20857
20813
21678
21807
21190
20609
20291
23217
21141
21499
20908
20790
20737
20751
20860
20844
20824
21343
21822
21219
21129
20719
20732
21069
21342
21377
20565
20289
20292
20204
20807
22120
20865
20699
20775
20721
20993
23701
21388
21161
21073
21279
21249
21091
20711
21862
21708
21530
21554
21294
21352
21301
21667
23291
25802
25415
23468
29069
46240
24217
37511
36699
21829
21750
22756
21404
22024
21478
22577
21948
26603
21975
26619
23878
21851
22097
22569
21822
22380
21744
21704
23579
22017
22356
21750
23786
26928
22773
21562
21311
21694
21325
21512
22377
21948
25428
25966
24378
23395
21582
21808
21500
21517
21619
21316
21350
21408
21561
21308
20878
20747
20926
21079
20869
20845
20765
20933
21217
20913
21393
21105
21133
21180
20876
21206
21213
21162
20972
20808
20764
20232
20280
20320
20441
20485
20841
20834
21376
21480
21212
20715
20859
22679
22354
20911
20967
20871
21005
21267
20871
20716
20552
20485
20842
20704
20946
21128
20768
21324
21169
21083
20921
21263
20941
20553
20245
20208
20223
20406
21238
21214
20485
20262
20246
21239
20513
20872
21613
21928
22922
22009
21744
21589
21716
21993
21834
22163
22009
21813
22230
27774
22369
21595
22168
21347
21590
21533
21780
21770
21831
21973
21907
21616
21995
21871
21706
21856
21694
22009
21652
21545
22094
21415
21753
21686
21394
21125
21475
21689
21498
21449
21762
21812
21557
21788
21740
21751
21342
21389
21374
21334
21273
20718
20725
20727
20930
23388
21542
21928
21438
21481
21069
20818
20783
20755
20794
21422
21086
20707
20965
20889
20856
21951
22007
21167
21206
21534
21072
20456
20730
21981
22521
21397
21308
21793
21175
21258
20937
20860
20953
21523
21468
20416
21383
20735
20809
20772
24679
21707
28108
22248
25460
26117
21558
21359
21249
20839
21090
20702
21334
21420
22858
21504
20952
20977
21301
21322
20745
20805
20873
20654
20618
41652
21544
21338
21189
21067
20954
20944
20819
20907
21027
20796
20970
20905
20820
20688
20705
20346
20401
20843
20531
20760
21400
21811
21387
21401
21340
22820
21299
21337
21257
21739
21614
21549
21329
21117
21577
21302
21277
21216
20922
20902
20864
21026
20824
21515
21652
21729
21346
22889
22072
21139
21226
21391
21153
21337
20951
20525
20477
21266
20869
20918
20999
20789
20880
20895
20747
21214
20956
20789
21185
21424
21298
21249
22172
21467
21082
20460
20824
21019
20848
20568
20732
20872
20850
20770
20814
20716
20900
20931
20277
20521
21154
20807
20896
21728
20804
20840
20991
20866
20947
20821
20724
20862
20842
20822
20884
21314
21199
20569
20597
20864
21238
20764
20974
20838
20794
20255
20232
20361
21174
20854
22518
22443
21018
21187
21097
20980
20779
20788
21200
21240
20796
20677
20741
20804
21164
21455
21288
21154
20635
20905
20833
20775
21373
20945
20892
21000
21298
20883
20724
20787
20800
20778
20500
20251
20329
21002
21110
20788
20768
20680
21182
20888
20750
20782
20831
20795
20902
20767
22900
21038
20817
20974
20784
20535
20448
20813
20944
20960
20830
20528
20282
20335
20379
20613
20773
20810
20920
20820
21001
20480
20830
20846
20500
20461
20280
20294
20195
20246
20751
20828
20768
20952
20859
20771
20907
20927
20920
20844
20857
20938
20803
20959
20256
20261
20754
21040
23396
21088
20435
20774
20970
20407
20263
20480
20788
20919
20893
20710
20773
20788
20773
20882
20865
20761
20968
20740
20849
20903
20823
20789
20783
20980
20809
20700
20786
20735
20853
20842
20696
20817
20784
20838
20805
20944
20733
20723
20692
20930
20799
20795
20737
20813
20819
20845
22682
21632
20800
20546
20373
20421
20330
20235
20196
20752
21004
20772
20726
21044
20786
21144
21255
21163
21082
20725
20870
20815
20705
20737
20748
20892
20899
21138
20868
20759
20690
20929
21210
21201
20733
20790
20865
20874
20768
20814
20623
20887
20810
20981
20825
20854
20889
20801
23611
20887
20857
20846
20771
20572
20263
20244
20467
20934
20810
20717
20724
20719
21262
21346
21408
21252
21318
20964
20966
20792
20789
20766
20884
20859
20820
20783
20844
20385
20894
20832
20803
20761
20789
20771
20973
20705
20735
20768
21075
21152
20773
20779
21152
20853
20926
20788
22409
21084
20762
20565
20933
20793
20822
20764
20737
20808
20839
20762
20786
20679
20932
20857
21079
20749
20866
20833
21200
21030
20740
20721
20804
20887
20780
20802
20784
20685
20845
20807
20795
20733
20821
20732
20981
20751
20739
20673
20827
20913
20809
20705
21135
21004
20987
20966
23332
21451
21226
20865
20873
20479
20276
20280
20375
20843
20458
20377
20281
20213
20666
20906
20960
20368
20500
20416
20705
20689
20813
20741
20791
21215
21000
20726
20811
20892
21009
20928
20895
20723
20872
20773
20957
20755
21064
20651
20763
21405
21290
20892
21021
20662
20814
22870
21677
20547
20294
20527
20830
20799
20767
20759
20682
20844
20828
20768
20746
20696
20692
20776
21337
20804
21116
20965
20816
20797
20702
20755
20883
20977
20887
20782
20757
20668
20871
20928
20844
20733
20223
20914
20936
20743
20751
20760
20717
20872
20841
20838
20850
20857
20809
20820
23297
20663
20514
20605
20332
20351
20322
20242
20269
20695
20849
20806
20794
20716
20780
20832
20938
21376
20934
20706
20915
20815
20771
20736
20789
20933
20813
20846
20860
20791
20418
20641
20373
20773
20805
20793
20970
20830
20724
20732
20748
20838
20813
20756
20947
20841
20760
20490
20404
23669
20669
20665
20948
20829
20825
20330
20322
20261
20336
20396
20307
20230
20233
20811
20849
20726
21329
22902
21275
21513
21134
20731
20782
20849
20758
20845
20742
20705
20809
21062
20764
20492
20404
20298
20634
20828
20826
20734
20702
20750
20974
20826
21175
20784
20708
20389
22749
21183
20881
20560
20381
20352
21701
20876
20983
20850
21352
21066
20946
20805
20398
20857
20924
20788
20884
20759
21196
21236
21290
21180
21064
20765
20761
20891
20684
20732
20678
21230
21136
20664
20295
20366
20486
20351
20788
20792
20724
21131
21168
20974
21178
21138
21069
20872
22054
21508
21096
20708
21010
20983
20826
20766
20767
20822
20847
20871
20295
20278
20208
20494
20382
20735
20458
20320
20510
20355
20315
20241
20236
20254
20782
20857
20943
21139
21149
20834
20989
20763
20847
20795
21144
21140
20772
20409
20457
20781
20885
20845
20778
20897
20863
20854
21065
22962
20994
20850
20955
20790
20863
20836
20751
20740
20881
20942
20743
20817
21417
21168
21212
21425
20895
20789
20837
21083
20752
20401
20257
20275
20847
21102
20801
20826
20774
20627
20884
20841
20743
20760
20748
20846
20820
20703
20901
20815
21177
20797
20518
20645
20852
20827
20751
23264
21715
20614
20872
21301
21281
20959
20981
20942
20863
20838
20715
20799
20666
20986
20841
21162
21010
20834
21017
20879
20821
20833
20524
20808
20933
20787
20751
20729
20725
20864
20748
20867
20788
20785
20719
20808
20984
20733
20728
20818
20891
20733
20812
20921
21119
21212
21118
21734
21162
20481
20602
20664
20857
20725
21110
20814
21016
20692
20753
20736
20726
20914
20838
20954
21086
20873
20943
21844
20977
20936
20914
20788
20910
20787
20761
20668
20723
20931
20810
20863
20758
20824
20778
20897
20902
20617
20591
20812
20899
20866
20837
21030
21236
20941
21262
23767
20943
20781
20959
21285
21053
20731
20678
20763
20818
20835
20707
20809
20741
20995
20756
20935
20843
20789
21075
21105
20805
20329
20222
20444
20857
20829
20769
20820
20701
20822
20796
20997
20796
20736
20768
20929
20731
20729
20982
20887
20904
20626
20266
20606
20840
20701
20374
22189
20896
20879
20790
20907
20804
20707
20791
20667
20446
20374
20237
20299
20770
20834
20948
21199
20847
20817
20875
20584
20335
20274
20540
20856
20852
20835
20710
20706
20535
20471
20843
20888
20720
20786
20414
20456
20408
20222
20736
20759
20804
20956
20783
20682
20902
20845
20850
20846
24014
20903
20745
20822
20943
20794
20765
20693
20808
20824
20728
20736
20745
20748
20808
21139
20905
21017
21183
20979
20866
20727
20758
20747
20868
20814
20810
20802
20401
20395
20621
20389
20310
20315
20232
20862
20345
20306
20590
20810
20770
20948
20769
20729
20865
20858
20858
20771
22246
20848
20684
20445
20780
20790
20730
20766
20751
20890
20784
20740
20728
20710
20899
21300
20916
21241
20439
20662
20846
20884
20732
20787
20742
20900
20715
20456
20283
20412
20488
20516
20250
20333
20288
20639
21392
21520
21028
21150
21148
21000
20757
20710
21059
21142
21191
21008
22118
21302
21155
20982
21300
20864
20822
20846
20893
20336
20393
20251
20311
20247
20791
21211
21167
21263
21267
20899
20883
20864
20721
20788
20662
20945
20802
20692
20718
20280
20675
20748
20363
20351
20227
20458
21022
20765
20505
20792
20785
20886
20830
20787
20412
20792
20513
20835
23746
20733
20214
20348
20844
20839
20790
20707
21099
21365
21384
20810
20361
20282
20498
21169
20917
20903
20716
20730
20962
20750
20795
20779
20678
20875
20811
20795
20786
21700
21815
21233
20908
21012
20872
20779
21416
21416
20651
20224
20231
20757
20873
20817
20680
20937
20713
20820
22989
21308
20733
20329
20928
20789
20789
20730
20764
20888
20897
20727
20969
20775
20810
21187
20850
20915
20780
20681
20526
20242
20226
20350
20186
20586
20858
20646
20212
20647
20885
20897
20833
20820
20734
20709
20811
20918
20802
20349
20265
20347
20405
20306
20247
20317
20759
20886
22993
20982
21638
20551
21060
21309
20773
20723
20707
20911
20835
20724
20728
20742
20927
21311
20819
20830
20916
20695
20836
20958
20625
20289
20290
20485
20848
20786
20710
20727
20703
20875
21216
21430
20783
20685
20770
20965
20890
20977
20846
20900
20882
20749
20791
20988
20712
21158
22198
21339
20840
20728
21075
21174
20852
20784
20812
20857
20851
20817
20783
20791
20580
21104
20851
20945
21078
20776
20748
20835
20200
20260
20196
20380
20811
20834
20732
20828
20679
20925
20861
20836
20705
20302
20605
20277
20462
20757
20791
20717
20878
20834
20779
20827
21126
21198
24222
21093
20607
20284
20556
20703
20292
20271
20236
21790
20929
20776
20691
20800
20706
21088
20910
20760
20826
21343
21284
21028
20733
20679
20732
20732
20823
20724
20763
20798
20695
20791
20458
20509
20274
20233
20312
20846
20598
20219
20266
20223
20688
20878
20783
20764
21109
20789
22434
20913
20790
20220
20354
20846
20819
20772
20710
20710
21000
21292
21092
20673
20766
20896
20927
20856
20505
20795
20810
20860
20895
20832
21122
21137
21172
20868
20711
20735
20740
20809
20888
20878
21465
20183
20211
21027
21201
21209
20461
20795
20965
20988
20811
20539
20415
20249
23511
21600
21248
21220
21308
20925
20875
20808
20416
20280
20554
20836
20809
20872
20880
21170
20927
20898
20752
20882
20782
21231
20888
20760
20720
20924
20942
20806
20901
20836
20622
21381
21435
21283
21086
21260
20759
20972
20903
21246
21208
20784
20975
21199
21182
21015
20836
21511
21918
20842
20976
21295
21196
21274
21120
20965
20719
20746
20764
20909
20671
20782
20681
21362
20751
20731
21056
20705
20900
20897
20810
20846
20826
20836
20916
21151
20857
20909
20811
21301
20873
20802
21299
20848
20875
20909
20932
21284
20793
20636
20932
20675
20240
20257
20412
21732
21451
21016
20772
20596
20691
20631
20679
20858
20810
20932
20901
20837
20815
20678
20220
21202
20876
20757
20757
20986
20813
20868
20761
20808
21196
21140
21013
21213
21165
20888
20695
21138
20872
20738
20795
20729
20749
20878
20895
20576
20248
20283
20873
20830
20722
20778
20821
20840
23123
21157
21040
20871
20952
20447
20488
20229
20649
20502
20481
20870
20813
20811
20734
21287
20867
20719
20373
20946
21068
20835
20815
20796
20735
20701
20806
20857
20641
20246
20251
20665
20780
20839
20797
20870
20748
20765
20852
20867
20829
20795
20924
20950
20772
20799
20873
23602
20815
20833
20827
20786
20866
20514
20317
20747
20763
20741
20826
20952
20906
20863
20840
21006
20815
20820
20743
20731
20195
20746
20330
20379
20707
20809
20756
20978
20705
20740
20693
20878
20821
20902
20707
20760
20704
20913
20836
20768
20787
20668
20501
20426
20395
20246
20213
20326
23401
21203
20278
20249
20560
20912
20870
20701
20788
20708
20757
20772
20892
20724
20758
21030
20857
20665
20233
20285
20979
21567
21666
21486
21317
21237
20692
20941
20825
20580
20256
20330
20963
20854
20761
20739
20731
20912
20916
20733
21152
20826
20769
20860
20881
20748
20738
20915
24126
21292
21077
20829
20394
20881
20521
20274
20237
20432
20345
20481
20921
20469
20250
20933
21029
20760
20352
20251
21021
20868
20814
20891
20954
21144
20897
20895
20858
20759
20732
20812
20817
20795
20694
20365
20332
20305
20569
20853
20896
21150
21153
20993
20913
20715
20760
22429
21382
20834
20762
20746
20749
20828
21179
20908
21146
21203
20884
20860
20804
20819
20919
21087
21022
21040
21110
20764
21013
21012
21024
20915
20920
20733
20676
20883
20808
20670
20735
20830
21183
20935
20709
20816
20700
20720
20753
20928
20848
20936
21267
21248
21286
20955
20908
23609
21271
21342
20918
20781
20699
20807
20921
20964
20783
20728
20909
20795
20498
20338
20427
20751
20434
20275
20522
20806
21255
20851
20876
21310
20426
20248
20928
20992
20799
20834
20770
20755
20854
20481
20450
20239
20376
20870
20836
20794
20685
20698
21286
20975
20684
20758
20721
23650
21320
20892
20787
20809
20797
20826
20881
20733
20711
20705
21224
21198
20732
20778
20909
21082
20864
20813
20767
20758
21132
20838
20864
20778
20733
20701
21246
20766
20769
20736
20756
20781
20829
20900
20794
20731
20689
20859
20898
20730
20756
20692
20903
20836
20726
20732
20784
23206
21060
21593
20773
20862
20826
20878
20802
20779
20734
20736
20876
20866
20790
20366
20402
20933
20784
20463
20222
20248
20419
20844
20837
20798
20703
20677
20845
20847
20761
20827
20871
20873
20824
20844
20815
20741
20717
20762
20968
20740
20778
20767
20930
20790
20701
20731
20763
22386
21632
20858
20833
20811
20779
20915
20904
20735
20679
20868
20841
20702
20438
20539
20909
21098
20512
20723
20746
20671
20801
20725
20899
20254
20209
20213
20417
20324
20271
20276
20781
21117
20941
20786
20708
20752
20856
21240
21435
21036
20709
20732
21230
21214
20953
20745
20774
23755
20990
20954
20756
20804
21025
21285
20471
20232
20305
20327
20984
20350
20236
20355
20405
21037
21015
20867
20794
20971
21209
21031
20847
20730
20493
20206
20502
20360
20228
20231
20285
20574
20448
20391
20417
20671
20331
20856
20838
20785
20743
20670
20820
20861
20645
20203
20249
22340
21291
20492
20259
20249
20319
20723
20692
20244
20275
20272
20301
20687
20515
20379
20297
20764
20868
20865
20748
20776
21099
21085
20775
20787
20785
20769
20778
20838
20876
20810
20732
20761
20894
20930
20727
20757
20763
20956
20910
20766
20748
20761
20756
20774
20737
20453
20354
20830
23589
20671
20857
20939
20892
20865
20785
20722
20781
20704
20773
21279
21456
20796
20780
21087
21200
20842
20725
20742
20752
21136
20914
20779
20786
20707
20707
20814
20828
20762
20679
20805
20850
20874
20917
20841
20789
20822
20745
20729
20452
20353
20215
20899
20826
20799
20721
20665
23743
21133
20848
20832
20506
20821
20835
20719
20769
20695
20850
20840
20778
20648
20751
20992
21002
20741
20825
20743
20727
20725
21481
21429
21182
21115
20993
20806
20748
20708
20699
20825
20922
20778
20706
20730
20729
20880
20849
20701
20820
20701
20888
20892
20867
20770
20773
23818
21316
21151
21261
21447
21077
20810
20755
20761
20244
20244
20276
20486
20587
20215
20798
21197
20870
20705
20770
20761
20778
21165
20828
20867
20806
20783
20782
21001
20698
20729
20731
21050
21341
20976
20757
20756
20703
20863
20820
20842
20766
20736
21063
21453
21214
21089
21151
23725
21521
20999
20943
20778
21102
20922
20846
20718
20809
20705
21042
21217
21083
20699
20893
21410
21312
20886
20293
20549
20227
21019
20878
20886
20834
20789
20818
20776
20714
20273
20318
20517
20939
20829
20793
20840
20713
20927
20903
20758
21226
21177
21276
21211
21121
20762
20970
23355
21091
21201
20771
20695
20819
20872
20719
20743
20419
20628
20890
20777
20748
20913
21232
21059
20921
20899
20730
20729
21247
20872
20878
20844
20739
20891
21117
20819
20716
20785
20703
20872
20798
20795
20331
20250
20276
20903
20786
20751
20777
20691
20959
20832
20812
20734
20734
22936
21386
21257
20708
20778
20857
20510
20255
20217
20271
20480
20858
20373
20217
20291
20416
21072
20835
20780
20811
20687
20772
20840
21005
21149
20739
20834
20983
20733
20749
20852
20881
20962
20873
20726
20755
20697
20710
20797
20779
20414
20790
20917
21408
20726
20700
20702
20722
23564
20855
21382
20970
20793
20763
20942
20932
21458
21392
20874
20826
20462
20282
20301
20654
20858
20856
20797
20760
20661
20932
21027
20972
20936
20395
20396
20895
20803
20792
20790
20677
21016
20871
20815
20693
20784
20675
20916
20790
20729
20758
20811
21275
20814
20727
20729
20755
23708
20945
20715
20869
20823
20851
20995
20700
20736
20736
20844
20812
20732
20743
20660
20739
21007
20784
20779
20670
20856
20715
20939
20757
20903
20704
20949
20837
20703
20703
20785
20909
20893
20755
20752
20845
20828
20811
20762
20278
20243
20461
20859
20956
20931
20736
20794
20742
22544
21059
20906
20817
20844
20858
20916
20726
20691
20500
20755
20828
20813
20812
20954
20947
20796
21382
21042
20546
20199
20472
20384
20210
20596
20787
20909
20872
20771
20694
20745
20744
20890
20821
20629
20388
20810
20859
20928
20861
20703
20710
20778
20963
20757
20716
20705
20762
23628
21059
21109
20886
20782
21120
21294
21177
21144
21107
20862
20837
20453
20248
20283
20978
20669
20356
20326
20240
20312
21053
20901
20758
20913
20705
20925
20769
20724
21136
21116
21199
21215
21080
20716
20709
20744
20831
20950
20981
20756
20897
20675
20308
20770
20235
20244
20776
23598
20561
20531
20445
20553
20916
20962
21017
20730
20836
21024
20701
20697
20760
20735
21077
20859
20801
20443
20789
21322
20788
20428
20223
20340
21213
21303
21137
20716
20789
20761
20778
20430
20292
20697
20789
20811
20791
20899
20805
20788
20817
21289
21045
20887
20814
20874
21759
21831
20852
21489
20754
21047
20825
20924
20899
20720
20862
20616
20247
20305
20176
20626
21040
21119
21155
21095
20762
20780
20872
20855
20780
20754
21400
20862
20715
20976
20755
20918
20817
20821
20769
20689
20907
21399
21528
20898
20800
20721
20454
20403
20304
20317
20785
20477
20472
23904
20508
20436
20839
20905
20743
20766
20739
20773
20863
20891
20568
20296
20369
20929
20970
20251
20272
20241
20806
20784
20704
20767
20808
21220
21182
21048
20730
20686
20773
20951
20724
20918
21092
20731
20885
20938
20757
20789
20727
20725
20972
20825
20730
20255
20789
21125
20220
22368
20946
20700
20579
20621
20307
20280
20739
20815
20831
20948
20739
20704
20733
20906
21112
20749
20738
20329
20624
20806
20809
20736
20791
20754
20882
21063
20843
20888
20721
20718
20974
20853
20849
20868
21084
20587
20280
20262
20257
20192
20519
20365
20358
20256
20343
20816
20839
21296
22066
20935
20872
20999
21033
20743
20533
20832
20900
20950
20875
20764
20657
20886
20931
20950
20736
20690
20866
20834
20723
21456
20825
20735
20357
20979
20662
20593
20729
20832
20890
20921
20629
20309
20281
20541
20224
20222
20265
20444
20950
20912
20371
20262
20206
20514
20467
20607
23694
21000
20679
20856
20899
20739
20707
21097
20823
20702
20478
20349
20186
20477
20551
20997
20816
20711
20715
20857
20791
20815
20691
20589
21588
21207
20969
20749
21055
20972
20757
20335
20735
20883
20913
20798
20917
20730
20723
20727
20848
20800
20769
20781
20732
20878
20834
20725
23385
20969
20904
20592
20559
20303
20256
20747
20891
20869
20828
20773
20731
20859
20964
21069
20804
20772
20345
20371
20857
20783
20696
20712
20906
20794
21263
20830
20223
20659
20856
20891
20808
20817
20790
20819
20945
20833
20619
20223
20788
20855
20794
20780
20795
21149
20922
20779
23295
21082
20589
20959
20817
20877
20796
20811
20907
20848
20712
20789
21096
21410
21420
21118
20768
20707
20788
20974
20712
20735
20704
21002
21094
20816
20960
20795
20673
20745
20751
20996
20730
20760
20858
21317
21307
21054
20837
20858
20821
20877
20751
20208
20267
20596
20960
20836
21644
21420
21516
21223
21142
21013
20800
20767
20791
20826
20730
20762
20751
21149
21263
21111
20793
20444
20751
20391
20291
20246
20242
20348
20557
20477
20498
20305
20184
20268
20798
20821
20609
20845
20762
21078
21281
21170
20903
20739
20828
20729
20771
20385
20252
20562
20912
20811
23775
21264
21178
20841
20974
20997
21012
20785
20972
21213
21208
20966
20696
20793
21218
21043
20770
20718
20869
20898
20900
21224
20824
20769
20822
20789
20895
20809
20706
20553
21009
20843
20759
20781
20765
20838
20865
20804
20362
20285
20433
20843
20927
20815
20786
20765
20874
20850
23559
20944
20878
20851
21036
20917
21188
20721
20809
20399
20391
20244
20248
20261
21305
21099
20475
20273
20216
20602
20867
20919
20991
21069
20846
20973
20765
21030
20786
20742
20845
20999
20769
20845
20786
20825
20876
20816
20313
20237
20272
20857
20835
20803
20746
20915
20968
20963
20760
22306
21418
20915
20798
20799
20519
20657
20900
20371
20337
20277
20314
20194
20699
21321
20804
20800
20804
20541
20836
20813
20727
20842
20832
21221
20741
20653
20329
20224
20542
21158
21167
20828
20851
20985
20350
20500
20295
20226
20261
20752
20832
20804
20784
20728
20709
20811
20814
22263
21788
21034
20850
20704
20984
21149
21113
21211
21214
21206
20704
20696
20857
21259
20767
20738
20698
20797
20754
20845
20731
20780
20706
21026
21212
20911
20216
20242
20454
20958
20796
20788
21031
20961
20857
20625
20222
20323
20218
20567
20930
21284
21165
20946
20775
20828
20851
22489
21029
20770
21388
20813
21120
21180
21123
20720
20811
20838
20673
20740
21107
20957
20678
20824
20978
21035
20898
20898
20675
20867
20655
20750
20841
20992
20842
20699
21052
21131
20713
20914
20732
20731
20876
20837
20715
20816
20707
20735
20817
20868
20708
20975
20782
20931
20214
23339
20947
20799
20970
20830
20873
20474
20393
20534
21071
20967
20939
21130
21321
20901
20836
20708
20799
20660
20894
21609
20790
20753
20726
20700
20980
20833
20844
20742
20545
20907
20666
20407
20383
20269
20733
21132
21225
21135
20948
20748
21152
20795
20639
20521
20785
20879
20844
23485
21000
20853
20809
20814
20864
20665
20773
20807
21047
20718
20706
20760
21141
20837
20645
20227
20437
20807
20837
20841
20802
20771
20668
21326
21384
20970
21007
20698
20848
20955
20698
20777
20781
20773
21104
20878
20705
20733
20660
20849
20915
20726
20802
21018
20974
20490
20255
22393
21487
20482
20641
20868
20832
20735
20647
20880
20856
20775
20724
20926
21205
20864
20717
20733
20740
20841
21259
20971
20471
20331
20189
20917
21138
21214
21007
20523
20442
20457
20268
20323
20266
20280
20910
20842
20927
20825
20803
20810
20916
20799
20748
20742
20914
20970
20707
21374
21455
20370
21140
20820
20804
20889
20701
20723
21011
20695
20728
20795
21095
21059
20904
20729
20773
20698
20891
20842
20778
20761
20745
20767
20957
20812
21089
21217
21177
20884
20851
20764
20255
20337
20817
20856
20780
20754
20678
20755
21031
20772
20731
20699
20872
20796
20758
21620
21445
20807
20749
20749
20726
20835
20790
20747
20982
20699
20763
20735
21233
20883
20732
20711
20902
20835
20805
20843
20783
20720
20772
20770
20894
20656
20233
20889
20923
20436
20229
20375
20259
20266
20864
20833
20758
20758
20769
20745
20846
20889
20833
20767
20887
21205
20547
22098
22451
21068
21131
21190
21055
20859
20668
20710
20975
20753
20705
20765
20997
21075
21361
21098
20933
21122
21225
21400
20964
20769
20708
20932
20872
20702
20729
21252
20788
20925
20538
20845
20808
20746
20900
20865
20670
20216
20269
20437
20901
20807
20887
21137
21277
21232
20766
23320
20817
20836
20843
20787
20709
20708
20919
20918
20698
20424
20216
20284
20652
20354
20418
20221
20270
20432
20866
20878
20738
20787
20808
20785
20724
20374
20323
20853
20913
20869
20697
20703
20707
20749
20793
20878
20904
20211
20214
20440
20395
20294
20251
20242
20425
20782
20774
22365
20819
20995
21129
20742
20680
20743
20743
20774
20759
20723
20734
20731
20923
20902
20803
20808
20786
20749
20900
20823
20669
20847
20700
20858
20802
21055
20833
20853
20966
21078
20759
20743
20733
20663
20868
20795
20830
20877
20546
20764
21074
20914
20733
20733
20837
21458
21191
21995
21305
21067
20995
20975
20922
20221
20425
20623
20809
20834
20769
20724
20890
20936
20743
20689
20766
20764
20858
20831
20709
20808
20702
20708
20831
20884
20738
20727
20957
20917
20733
20846
20667
20869
20846
20698
20704
20783
20741
20768
20811
20791
20735
20722
20816
20887
20792
21031
22172
21100
20444
20256
20257
20278
20603
20739
20341
20340
20229
20220
20923
20764
20310
20283
20244
20343
20353
20393
20277
20260
20273
20798
20826
20770
20735
20752
20891
20851
20803
20679
20880
20825
20897
20869
21058
21140
20989
20789
20805
20753
20721
20799
21146
21178
20903
20759
23259
21071
21158
20830
20805
20419
20666
20882
20789
20808
20838
20761
20812
21354
21330
21177
20767
21194
21233
21001
21587
20848
20854
20777
20757
20732
21203
20745
21110
21136
20707
20400
20223
21177
20876
20844
20775
20704
20915
20826
20781
20788
20798
20746
20865
20809
20772
23137
21225
20909
20735
20719
20387
20515
20576
20463
20222
20335
20685
20891
21048
21563
20747
20442
20655
20427
20664
20552
20833
20880
20970
20744
20840
20731
20701
20935
21015
20910
20347
20298
20330
20324
20457
20217
20223
20659
20894
20804
20739
20753
20702
20871
20833
20796
20711
20372
22886
21111
21154
20246
20261
20287
20875
20843
20450
20270
20222
20448
20577
21125
21045
20922
20789
20772
20847
20812
20981
20861
20947
20419
20264
20225
20276
20462
20911
20970
20334
20258
20330
20547
20327
20276
20304
20190
20543
20836
20789
21022
20695
20824
20941
20913
20829
20585
20227
23590
20807
20828
20839
20772
21204
20931
20680
20734
20689
20723
20924
21112
20701
20703
20691
20907
20737
20815
20777
20730
20783
20877
20900
20557
20219
20897
20856
21143
21342
21205
21226
21209
20748
20781
20727
20764
20801
20765
20787
20729
20704
20956
21419
20991
20780
20743
20867
20982
22527
20653
20373
20435
20848
20874
20879
20717
20727
20756
21032
20975
20832
20800
20760
20360
20276
20254
20445
20434
20748
20336
20333
20277
20190
20750
20466
20651
20351
20238
20888
20894
20761
20762
20730
20696
20908
20820
20802
20431
20271
20314
20305
20452
20417
20632
20805
20902
21801
20996
20798
20339
20460
20290
20837
20816
20787
20858
20818
20842
20955
20703
20854
20834
20779
20716
20699
20780
21812
20742
20760
20752
20764
20863
20737
20428
21062
20704
20707
20846
20890
20740
20700
20813
21224
20786
20737
20700
20809
20853
20780
20737
20718
20693
20772
20760
20928
23686
21072
20907
20900
20720
21139
20739
20722
20894
20838
21027
20396
20499
20730
20839
20819
20702
20697
20716
20951
20713
20697
20714
20731
20906
20835
20698
20870
20180
20303
20370
20876
20786
20703
21140
21169
21086
20913
20602
20291
20728
20321
20215
20264
20236
20437
20392
20263
20373
23459
21139
20872
20787
21118
21015
20862
20832
20698
20952
21000
20811
20818
20821
20826
20716
20713
20922
20867
20780
20744
20717
20826
20917
20754
20742
21221
21231
20921
20879
21216
20935
20753
20837
20764
20554
20248
20726
20530
20887
20742
20708
20720
20443
20861
21173
20759
20423
21021
21148
20906
20994
20839
20694
20406
20878
20799
20942
20981
20770
20870
20815
20707
20801
20696
20486
20327
20391
20210
20230
20332
20887
20545
20222
20447
20784
20933
20730
20344
20264
20273
20351
20860
20841
20753
20770
20691
20875
20842
20712
20690
20748
20872
20848
20699
20774
20778
22664
21294
20582
20365
20238
20534
20945
20915
20717
21040
20744
20884
20809
20723
20733
20748
20668
20879
20805
20785
20717
20731
20687
20890
20768
20731
20931
20970
20855
20786
20789
20838
20870
20901
20808
20759
20771
20756
20742
20857
20857
20719
20734
20794
21057
21351
21232
23990
20813
21116
21307
21282
20977
20918
20846
20820
20829
21159
20774
20753
20819
20880
20820
20758
20679
21537
20939
20797
20528
20197
20442
20404
20278
20315
20462
20378
20697
20552
20827
20759
20733
20821
20823
20836
20735
20815
20711
20931
20720
20773
20774
20731
20937
20871
20732
22548
22455
20977
21275
21167
21143
21180
21063
20771
20522
20588
20261
20343
20705
20302
20296
20309
20237
20494
20892
20878
20747
20687
20790
20951
20733
20682
21052
20764
20911
20819
21075
21337
20911
20924
20783
20694
20410
20840
20833
21057
20737
20414
20300
20268
20428
20398
20237
20295
22748
21207
20849
20854
21361
21221
20588
21033
20444
20844
20796
20912
20833
20786
21098
20855
20782
20830
20836
20818
20760
20696
20713
21027
20705
20784
21067
20947
20876
20743
20786
20751
21237
21245
20501
20285
20277
20256
20592
20941
20803
20712
20769
20913
20841
20789
20785
20835
24129
20673
20360
20308
20808
20787
20890
20926
20809
21007
20774
20915
20705
20780
20682
20740
20746
20835
20863
20710
20276
20429
20810
20944
21181
21148
21145
21068
20855
20761
20722
20742
20820
20834
20725
20758
21159
21522
21277
20893
20847
20702
21010
20931
20720
20778
20825
21138
20791
22493
20908
21289
21413
21159
20918
20535
20305
20875
20971
20788
20827
20722
20695
20849
20869
20805
20390
20358
20970
20558
20458
20396
20809
20831
20921
21253
21217
21211
21164
21173
21069
20933
20804
20712
20914
21335
21330
20351
20274
20208
20978
20843
20762
20829
20980
20822
20888
22924
20828
20549
20409
20881
20811
20744
20804
20914
21202
21163
21152
21171
21126
20955
20889
21179
20736
20719
20397
20957
20629
21278
21149
20905
20873
21119
21141
20786
20225
20540
20452
20881
20701
20644
20791
21255
21168
20943
20678
20762
20856
20859
20672
20771
20763
20776
20760
23361
20918
20809
20776
20880
20705
20488
20737
20354
20759
20817
20753
20773
20701
20733
20828
20876
20794
20661
20729
21255
20708
20698
20843
21190
21230
21080
20696
20426
20202
20446
20811
20933
21172
21139
21026
20589
20794
20254
20806
20785
20932
20834
20720
20791
20831
20784
21090
23567
20842
20859
20884
20882
20822
20912
21086
20706
20981
21239
20910
20704
20738
20718
20913
20765
20737
20723
20328
20537
20808
20447
20285
20346
20556
20555
20919
20904
20830
20865
20786
20862
20753
20700
20666
20907
20795
20757
20705
20695
20647
21004
21034
20992
21139
21197
21903
21326
20932
20710
21188
21292
20858
20894
21129
20959
21255
21375
21071
20774
20782
20424
20431
20290
20282
20206
20555
20881
20993
21466
21067
21042
21192
21414
21329
21312
21322
21297
21144
20768
20767
20674
20939
20863
20721
20734
20764
20760
20820
20823
20798
20689
20781
20852
23719
21284
21430
21323
21372
21141
20870
21067
21172
21101
20493
21023
20761
20741
20902
20844
20807
20847
21053
20711
20710
20329
20333
21234
21351
21442
21266
21261
21119
21141
20831
20889
20854
20935
20870
20773
21121
20825
20763
20725
20692
20719
21119
21217
20983
20797
20982
20848
23317
20614
20528
20734
20270
20519
20388
20482
20670
20736
21245
20835
21237
20966
20861
20848
21317
21355
21024
21705
21044
21224
21416
21018
20925
21192
21030
20954
20814
20903
20777
20866
20766
20713
20768
20976
21248
21034
20731
20736
21025
21249
21152
20926
20902
21325
20831
20915
23135
20573
20848
20433
20722
20761
20937
21258
20854
20734
20244
20232
20238
20522
20557
20744
20752
20956
20828
20888
20426
20242
20219
20266
20512
20943
20887
20711
20246
20290
20962
20743
20222
20339
20179
20679
20522
20215
20749
21277
21192
21633
21555
21523
21920
21230
20891
21091
23511
21228
20677
20731
21158
20860
20787
21058
21213
20917
20453
21197
22521
21357
20734
20736
20717
20966
20736
20610
20800
20728
20757
20738
20933
20876
20831
20776
20793
21026
20832
20850
20339
20277
20225
20744
20937
20794
20673
20730
20888
20799
20826
20667
20859
20810
20883
20789
22562
21031
20876
20967
20824
20952
20788
21273
20843
20808
20708
20730
20673
20872
20783
20765
20759
20779
20888
20936
20748
20705
20705
20783
20984
20851
20817
20894
20802
20930
20575
20276
20224
20916
20698
20764
20972
20605
20227
20193
20954
20814
20736
20732
21064
21177
20758
20395
22935
21004
20855
20913
20835
20811
20697
21254
20866
20852
20782
20500
20789
20890
20860
20747
20741
20768
20795
20864
20886
20727
20815
20902
20942
20784
20796
20951
20843
21292
20325
20263
20282
20398
20989
20815
20767
20732
21346
21195
21085
20936
21247
20992
20996
20835
20942
22365
22383
20786
20349
20326
20228
20200
20390
20599
20528
20364
20671
20847
20479
20363
20364
21473
20270
20180
20381
20303
20236
20264
20213
20475
20359
20374
20236
20351
20205
20400
20343
20239
20291
20178
20247
20327
20379
20274
20211
20212
20427
20426
20201
20229
20325
20814
20885
20434
22189
20763
21009
20524
20127
20259
20189
20902
20459
20171
20150
20125
20200
20179
20159
20147
20229
20179
20204
20289
20386
20236
20171
20510
20497
20170
20162
20170
20450
20473
20256
20255
20213
20232
20143
20377
20286
20201
20231
20236
20191
20267
20265
20233
20171
20205
20399
20272
20785
20215
22550
20789
20918
20434
20273
20322
20781
20362
20214
20222
20262
20078
20271
20351
20206
20223
20201
20228
20886
20779
20363
20283
20205
20340
20392
20227
20213
20233
20531
20411
20303
20231
20208
20246
20321
20384
20200
20229
20211
20288
20293
20311
20327
21479
20231
20274
20396
20305
20207
22674
20887
20661
20153
20148
20126
20944
20890
20608
20225
20269
20211
20233
20268
20338
20322
20263
20207
20345
20308
20263
20206
20246
20284
20357
20261
20290
20236
20352
20307
20395
20202
20236
20413
20251
20319
20301
20228
20226
20191
20317
20368
20290
20222
20346
20244
20156
20182
20390
21573
20407
20570
20228
20083
20117
20443
20447
20486
20242
20284
20144
20352
20403
20344
20315
20234
20237
20335
20275
20247
20297
20206
20238
20318
20340
20357
20238
20214
20510
20347
20203
20220
20205
20303
20400
20337
20329
20176
20240
20371
20282
20202
20241
20235
21185
20719
20565
20290
22042
20276
20365
20375
20145
20149
20566
20420
20591
20263
20200
20225
20390
20319
20129
20160
21374
20044
20348
20481
20273
20128
20112
20455
20563
20323
20332
20200
20288
20366
20329
20206
20208
20217
20363
20377
20239
20227
20230
20362
20384
20200
20239
20200
20144
20408
20367
20242
20354
20236
23768
20798
20744
20116
20149
20518
20401
20328
20529
20230
20177
20321
20367
20253
20291
20478
20356
20270
20331
20328
20211
20178
20690
20916
20802
20258
20266
20315
20474
20360
20256
20237
20144
20289
20443
20247
20290
20232
20657
21125
20805
20481
20414
20174
20349
20530
20592
20989
20223
24774
20988
20582
20393
20238
20704
20359
20468
20179
20234
20934
21047
20423
20427
20194
20108
20256
20375
20265
20281
20661
20285
20318
20297
20273
20256
20200
20240
20535
20254
20610
20344
20474
20274
20274
20239
20308
20209
20348
20359
20227
20292
20420
20290
20317
20331
20333
20223
20174
23728
20492
20422
20301
20233
20969
20520
20720
20923
20125
20128
20396
20422
20283
20747
20675
20730
20425
20402
20225
20295
20563
20334
20312
20234
20161
20103
20198
20337
20342
20202
20258
20248
20289
20305
20202
20257
20297
20365
20328
20200
20259
20589
20745
20652
20397
20629
20708
22253
21165
20691
20605
20588
20651
20883
20180
20413
20089
20169
20223
20384
20252
20224
20204
20235
20365
20777
20878
20683
20178
20189
20417
20279
20181
20190
20227
20198
20203
20493
20210
20257
20171
20440
20310
20199
20231
20247
20231
20292
20342
20194
20240
20151
20424
20324
20244
20265
21511
21115
20315
20148
20121
20114
20693
20341
20305
20538
20273
20212
20334
20306
20236
20262
21434
20237
20287
20296
20239
20294
20227
20279
20269
20148
20128
20189
20260
20468
20664
20354
20294
20334
20377
20514
20344
20270
20301
20238
20451
20454
20387
20280
20264
20530
20816
20865
20463
20232
22949
20436
20305
20396
20334
20710
20304
20169
20299
20119
20045
20261
20210
20086
20164
20152
20163
20276
20397
20288
20201
20204
20391
20404
20233
20285
20182
20231
20397
20534
20361
20269
20259
20412
20546
20312
20366
20385
20348
20489
20290
20335
20212
20310
20739
20734
20630
20792
22535
21015
20565
20097
20124
20144
20748
20281
20175
20482
20115
20201
20225
20300
20136
20148
20108
20161
20242
20266
20222
20235
20310
20425
20300
20338
20246
20304
20239
20384
20253
20790
20624
20688
20802
20619
20564
20423
20654
20537
20296
20370
20249
20265
20183
20445
20245
20250
20172
21916
21570
20897
20476
20208
20237
20659
20285
20276
20156
20361
20203
20324
20451
20298
20246
20167
20144
20409
20405
20340
20300
20265
20443
20553
20686
20624
20367
20375
20407
20207
20286
20124
20046
20388
20402
20302
20326
20230
20349
20266
20322
20271
20240
20207
20266
20320
20322
20197
20232
22783
20541
20245
20260
20246
20618
20412
20259
20203
20469
20234
20283
20285
20278
20351
20256
20201
20324
20303
20261
20208
20259
20531
20934
20808
20541
20202
20179
20368
20317
20381
20262
20235
20254
20323
20413
20288
20323
20320
20320
20433
20276
20234
20232
20440
20825
20737
20293
22195
20777
20553
20196
20121
20125
20554
20325
20244
20144
20358
20209
20149
20346
20303
20226
21554
20297
20230
20274
20359
20257
20237
20269
20303
20327
20338
20260
20252
20314
20334
20356
20204
20235
20227
20302
20300
20246
20262
20216
20317
20271
20329
20346
20171
20409
20272
20339
20283
21306
21748
21078
20863
20209
20283
20622
20336
20335
20276
20414
20206
20156
20402
20307
20240
20236
20245
20297
20276
20322
20250
20200
20184
20340
20444
20228
20576
20250
20243
20451
20280
20842
20740
20806
20381
20298
20243
20212
20209
20237
20258
20403
20256
20290
20318
20460
20356
20628
20144
21871
20256
20476
20166
20139
20601
20167
20363
20213
20090
20410
20203
20348
20247
20291
20233
20239
20203
20441
20295
20231
20349
20316
20314
20306
20415
20260
20291
20180
20364
20300
20361
20263
20203
20396
20330
20263
20201
20212
20240
20344
20350
20205
20238
20324
20397
20275
20465
20342
21969
20621
20268
20222
20194
20228
20517
20365
20155
20136
20317
20290
20303
20233
20151
20140
20086
20204
20150
20228
20194
20288
20151
20371
20370
20428
20264
20285
20257
20260
20333
20355
20791
20508
20521
20375
20320
20242
20226
20203
20385
20203
20238
20171
20289
20446
20320
20201
20242
22362
20571
20676
20327
20211
20149
20511
20260
20249
20136
20156
20234
20151
20275
20087
20957
21363
20401
20330
20164
20147
20173
20102
20307
20202
20244
20493
20503
20392
20305
20244
20253
20331
20205
20219
20355
20323
20200
20220
20228
20375
20419
20200
20176
20206
20365
20396
20215
20230
23031
20912
20717
20396
20540
20712
21043
20445
20335
20232
20252
20461
20277
20393
20271
20540
21702
20293
20292
20295
20250
20287
20178
20437
20361
20230
20259
20184
20311
20292
20347
20544
20461
20196
20267
20424
20205
20203
20201
20263
20347
20238
20284
20262
20218
20736
20713
20638
20230
22769
20919
20927
20572
20251
20682
20758
20204
20298
20285
20171
20264
20265
20181
20145
20205
20233
20210
20344
20324
20204
20255
20200
20282
20261
20350
20247
20239
20346
20333
20205
20235
20259
20585
20758
20771
20452
20173
20208
20346
20424
20234
20214
20203
20318
20500
20222
20793
20239
22510
20754
20329
20163
20160
20335
20723
20642
20770
20658
20305
20233
20517
20334
20238
20263
20184
20283
20307
20241
20235
20179
20258
20425
20327
20191
20323
20160
20290
20277
20339
20198
20242
20349
20424
20347
20180
20299
20111
20148
20457
20270
20911
20986
20243
20766
20343
20140
20147
21431
20937
20474
20357
20240
20443
21157
20628
20256
20090
20123
20248
20490
20489
20321
20248
20212
20396
20362
20243
20219
20255
20328
20331
20277
20208
20235
20153
20320
20311
20230
20198
20206
20377
20468
20756
20310
20169
20179
20394
20333
20179
20224
20298
20278
20469
20288
20268
20197
22622
20367
20287
20121
20180
20195
20652
20320
20364
20298
20235
20180
20575
20323
20244
20318
20345
20430
20423
20302
20806
20166
20250
20999
20587
20221
20283
20235
20308
20312
20205
20206
20237
20257
20513
20365
20278
20117
20084
20189
20247
20478
20302
20234
20287
20355
20404
20165
20150
21610
20790
20370
20125
20095
20122
20751
20356
20398
20272
20349
20216
20255
20546
20377
20200
20239
21402
20306
20446
20409
20502
20173
20330
20276
20106
20136
20151
20243
20274
20352
20258
20205
20205
20606
20405
20231
20224
20299
20259
20265
20346
20289
20174
20214
20260
20424
20296
20277
20233
22582
20257
20118
20127
20118
20810
20643
20574
20256
20122
20269
20401
20496
20174
20331
20187
20530
20741
20993
20260
20267
20479
20751
20548
20214
20304
20206
20442
20444
20260
20249
20123
20130
20418
20339
20216
20391
20251
20376
20247
20271
20236
20187
20236
20435
20246
20212
20946
21668
20497
20537
20141
20092
20125
20950
20717
20314
20290
20235
20304
20345
20500
20207
20246
20208
20317
20300
20304
20341
20220
20208
20621
20823
20526
20263
20259
20237
20422
20262
20200
20270
20143
20319
20487
20244
20199
20206
20317
20268
20293
20304
20204
20178
20329
20558
20735
20766
21272
22071
20780
20470
20092
20122
20630
20440
20195
20094
20700
20651
20254
20319
20382
20259
20208
20238
20284
20277
20312
20261
20211
20288
20543
20215
20210
20244
20581
20334
20120
20096
20153
20123
20343
20441
20256
20247
20208
20253
20265
20274
20242
20254
20203
20296
20368
20200
20193
20183
22329
20716
20584
20233
20655
21004
20780
20219
20115
20106
20199
20318
20242
20807
20708
20870
20296
20376
20295
20337
20335
20262
20411
20236
20373
20231
20551
20685
20825
20266
20302
20319
20225
20315
20459
20225
20237
20205
20274
20807
20777
20393
20238
20205
20257
20361
20327
20215
21240
23601
20703
20295
20177
20230
20599
20456
20326
20272
20367
20231
20222
20297
20542
20254
20229
20194
21254
20262
20233
20203
20204
20316
20360
20226
20309
20174
20206
20334
20329
20172
20233
20339
20402
20399
20290
20170
20205
20148
20413
20279
20231
20188
20239
20373
20334
20493
20211
21971
20559
20608
20356
20174
20228
20496
20394
20535
20370
20299
20294
20222
20259
20550
20269
20256
20184
20232
20264
20407
20206
20221
20213
20766
20561
20217
20229
20304
20759
20587
20323
20236
20150
20323
20506
20272
20236
20392
20210
20265
20309
20336
20197
20196
20293
20391
20260
20235
20883
22376
20694
20625
20111
20114
20402
20316
20218
20108
20126
20248
20319
20312
20546
20347
20287
20207
20890
20816
20780
20725
20201
20225
20341
20402
20305
20224
20297
20457
20243
20201
20230
20198
20314
20292
20402
20231
20213
20175
20417
20283
20240
20294
20204
20229
20326
20353
20256
20321
22158
20367
20215
20116
20156
21344
21364
21909
20352
20412
20464
20392
20346
20494
20236
20369
20324
20322
20249
20241
20203
20236
20250
20317
20346
20230
20204
20179
20333
20357
20204
20233
20272
20360
20275
20389
20209
20206
20150
20401
20297
20243
20347
20290
20267
20324
20326
20196
20267
22397
20394
20378
20207
20252
20656
20873
20711
20637
20231
20147
20371
20278
20222
20382
20257
20288
20296
20190
20385
20393
20237
20382
20365
20446
20569
20621
20329
20205
20407
20254
20247
20143
20315
20581
20507
20195
20178
20324
20361
20190
20234
20207
20181
20727
20796
20853
20291
21161
21632
20351
20475
20126
20101
20312
20762
20687
20399
20157
20090
20208
20258
20136
20314
20172
20179
21573
20296
20246
20306
20327
20388
20356
20380
20197
20244
20269
20781
20872
20564
20209
20177
20639
20829
20967
20399
20212
20326
20268
20313
20247
20234
20197
20298
20565
20272
20398
20405
22708
20188
20278
20149
20108
20410
20364
20288
20116
20111
20144
20238
20176
20143
20371
20199
20201
20324
20344
20276
20223
20211
20289
20315
20343
20415
20357
20276
20631
20793
20581
20207
20211
20225
20389
20204
20888
20705
20733
20386
20303
20214
20207
20267
20222
20317
20337
20257
20736
23919
20777
20377
20089
20149
20494
20266
20122
20165
20127
20121
20409
20285
20205
20234
20438
20293
20302
20206
20260
20175
20204
20840
20880
20750
20787
20225
20347
20420
20491
20314
20544
20543
20692
20271
20245
20834
20537
20365
20328
20294
20179
20211
20239
20420
20284
20245
20258
20413
23298
20451
20404
20127
20316
20915
20760
20090
20143
20119
20065
20562
20294
20197
20223
20585
20293
20243
20342
20273
20266
20191
20306
20416
20267
20228
20204
20236
20530
20851
20765
20578
20274
20368
20286
20234
20372
20230
20331
20282
20206
20235
20178
20208
20417
20304
20241
20258
20277
23214
20682
20846
20396
20127
20568
20234
20275
20175
20268
20749
20756
20633
20161
20115
20354
20214
20339
20258
20254
20258
20243
20272
20316
20374
20225
20461
20715
20203
20423
20173
20262
20198
20393
20327
20233
20502
20118
20122
20174
20411
20193
20236
20173
20171
20265
20155
20116
20093
22548
21682
20741
20215
20156
20516
20232
20374
20165
20110
20216
20280
20219
20090
20189
20303
20064
21209
20310
20236
20222
20232
20247
20314
20373
20307
20203
20208
20576
20896
20625
20200
20233
20286
20346
20246
20442
21334
20685
20487
20276
20208
20219
20232
20245
20290
20297
20266
20324
20209
23333
20347
20137
20154
20469
20270
20410
20267
20220
20207
20200
20316
20320
20304
20486
20286
20291
20276
20748
20771
20672
20282
20343
20333
20226
20229
20179
20473
20562
20201
20237
20208
20222
20331
20333
20249
20806
20305
20300
20279
20298
20179
20203
20271
20362
20449
20259
20566
20158
23941
20472
20195
20130
20386
20370
20319
20209
20261
20230
20148
20310
20345
20232
20237
20577
20347
20313
20297
20293
20240
20181
20340
20305
20252
20214
20270
20272
20354
20326
20230
20205
20205
20308
20408
20275
20341
20289
20238
20266
20331
20426
21684
20231
20693
20668
20576
20238
20241
23277
20940
20734
20355
20389
20605
20352
20354
20130
20112
20147
20198
20213
20170
20114
20372
20259
20312
20310
20370
20297
20210
20314
20707
20873
20668
20383
20371
20418
20226
20285
20204
20150
20368
20462
20302
20676
20794
20832
20524
20354
20297
20225
20182
20774
22099
21276
20176
20134
23447
20856
20763
20290
20399
20195
20205
20326
20281
20230
20197
20354
20377
20265
20258
20424
20272
20296
20406
20199
20273
20542
20551
20323
20287
20173
20272
20376
20792
20699
20662
20232
20206
20280
20382
20215
20389
20148
20290
20290
20330
20215
20203
20185
20712
20774
20245
20261
20511
22401
20468
20325
20201
20698
20180
20280
20252
20232
20197
20175
20240
20259
20304
20242
20392
21426
20336
20310
20216
20254
20177
20316
20422
20685
20687
20574
20322
20657
20702
20592
20171
20091
20248
20238
20239
20389
20206
20274
20293
20329
20695
20759
20516
20555
21069
20743
20478
20221
22813
20712
20589
20215
20322
20197
20321
20288
20264
20232
20179
20237
20265
20413
20238
20232
20465
20374
20205
20229
20293
20290
20330
20340
20254
20664
20915
21295
21123
20403
20406
20200
20202
20326
20379
20264
20760
20762
20776
20677
20209
20238
20234
20204
20723
20845
20730
20893
20671
22029
20606
20505
20340
20453
20154
20220
20209
20116
20093
20214
20241
20361
20274
20242
20201
20443
20367
20269
20206
20238
20494
23228
22782
22381
21887
21650
20723
21609
23412
22275
20395
20352
20794
20787
20786
20686
20676
21179
21218
21065
20697
20782
20884
20851
20731
20760
20894
23795
20999
21044
21335
21073
20792
21030
21144
20879
20889
20675
20810
20814
20809
20733
20848
20859
21272
21146
20989
20845
20746
20812
20966
20743
20875
21151
21256
20949
20783
20805
20813
21081
21221
21157
21113
20870
20956
20487
20872
20788
20798
20720
21152
21168
21046
20707
21295
21770
21112
21144
21319
21204
21189
20885
20822
20902
20848
20728
20920
20906
20747
20771
20894
21099
21172
21145
20738
20957
20748
20832
20817
20897
20735
20732
21183
20864
20705
20735
20702
20950
20866
20765
21031
20701
20799
20793
20785
20811
20867
21351
21720
21013
20788
20779
21820
21592
20819
20714
21068
20777
21238
20965
21296
20858
20711
21075
21249
21032
20775
20825
21238
20894
20853
20786
20728
20811
20743
20957
20761
20738
20839
21178
20886
20820
20702
20784
20698
20887
20825
20756
20923
20753
20971
21047
20761
20753
20721
20763
20911
20816
20765
20822
23013
21347
21101
21213
21261
21014
20740
20892
20754
21141
21148
20922
20905
21201
21092
21179
21006
20827
20835
20694
20732
20868
20880
20898
20735
20846
21146
21174
21019
21165
21161
21194
20676
21127
21272
21150
21264
21058
20922
20807
20940
20902
20729
20800
20735
20738
20978
20762
23800
21064
20801
20932
20862
20644
20742
20762
20859
21194
21746
21576
21584
21222
21116
20788
20908
21173
21206
21107
20833
21065
21291
21266
20778
20880
20880
20930
21101
20875
20795
20792
20825
20970
21165
21184
21005
20675
20832
20973
20848
20728
20798
21130
20769
20815
20761
20732
23410
21105
20889
21135
20734
20762
20982
20736
20687
20734
20843
21025
20987
20491
20366
20268
20790
20877
20833
20706
20967
20866
21225
21178
21016
20778
20816
20824
20800
20727
20814
20677
20851
20841
20791
20702
20995
20966
21337
20807
20752
20705
20770
21111
20801
20765
21221
21143
24459
21077
21003
21238
21145
21108
21356
20941
22802
21342
20908
20781
20899
20966
20745
20703
20932
20795
20730
20822
20693
20884
20951
21016
21186
21249
20782
20784
20864
20682
20743
20755
20845
20754
20766
20787
20961
20826
20845
20663
20767
20719
20814
21038
20864
20699
20766
20677
23640
20962
21216
20816
20693
20731
20841
20886
20914
20780
20783
20938
20786
20762
20644
21530
20853
21168
21112
20890
20704
20912
20953
20857
21142
21178
21256
21317
21143
20885
21032
20880
20889
20780
20733
20739
20898
20744
20836
20840
20756
20721
20729
20831
20789
20843
20706
22317
21389
21016
21161
20884
20783
20735
20921
20927
22465
22463
22105
22282
21540
21362
21311
21571
21675
21498
21430
21545
21306
21612
21323
21325
21316
21307
21309
21745
21556
21244
21357
21383
21392
21260
21302
21475
21342
21537
21546
21320
21310
20879
21220
21189
21152
20710
21902
21285
21256
21100
21687
21437
21044
20815
20698
20860
21160
20721
20810
20937
20773
20675
20733
20879
20832
20728
20908
20991
20860
20710
20562
20646
20683
20848
20992
20739
20887
20813
20857
21036
21025
20916
20863
21015
21101
20931
20731
20985
20837
20855
20816
20858
20772
20671
22286
21442
21126
20788
20740
20761
20965
20959
20962
21220
21147
21011
20897
20756
20680
20731
20732
21233
21165
20905
21473
20675
21692
21194
21175
21032
20688
20733
20948
20733
20671
20779
20742
20856
20770
20726
20955
20695
20810
20870
20756
20777
20760
20929
21239
21143
20891
20696
22348
21153
21144
20837
20700
20704
21158
21193
21316
21447
21263
21148
21164
20701
20736
20835
20804
21249
21206
20954
20943
21135
21034
20895
20955
20748
20732
20857
20818
20670
20766
20753
20934
21171
21900
21811
21397
21132
22384
21664
21583
21385
21073
20934
21065
21096
22341
22244
21120
21302
21190
21168
20753
20742
20759
20864
20771
20778
20677
20910
20859
20782
21703
20816
20886
20828
20763
20886
20768
20906
21171
21196
20712
20732
20710
21034
21021
20920
20802
20851
20843
20844
20759
20948
20997
20860
20966
20998
20883
21033
20768
21316
21528
23047
21147
22855
21150
21330
21484
21135
20951
21035
21329
21226
20715
20871
21374
21366
20900
20785
20736
20934
21198
21128
21694
20716
20756
21155
21203
21129
20764
20713
20928
21196
21221
21156
21164
20905
20901
20681
20762
20911
20723
20908
20862
20668
20882
20787
20904
20748
21453
21001
21287
23830
20988
20892
20762
20782
20678
20868
20822
20801
20762
20699
20690
20944
20705
20732
20705
20937
20829
20709
20949
21253
21195
21292
21315
21197
21131
21165
21228
21050
20771
20713
20836
21119
21419
21579
21333
21310
21422
21757
21382
21463
21320
21189
21138
21007
20956
20785
22202
21476
21347
21189
21146
20754
20840
20846
20680
20731
20785
20721
21092
21171
21173
20742
20680
21216
21197
21017
20784
21184
21218
21204
21297
20992
20783
20807
20842
21165
21138
21018
20716
20960
20723
20764
20908
21161
21198
20980
20698
20841
20674
20889
21164
21265
20741
20716
22359
21105
21255
21149
21174
20721
20893
20866
20831
21016
20784
20764
21077
20753
20705
20718
20687
20934
21034
21201
21192
21168
21196
21200
20863
20818
20754
20733
20962
20722
20758
20773
20704
20897
20812
20724
20913
21166
21145
20988
21201
21137
20913
21038
20793
20731
20740
22023
21031
21135
20911
20851
20734
20705
20770
20949
20703
20729
20821
20950
20814
20705
21517
20722
20697
20920
20901
20764
20765
20717
20791
21478
20877
21010
20862
20946
21180
21149
20825
20761
20702
20794
20796
20763
20935
20906
21172
21199
20831
20724
20754
20699
20927
21194
20901
23788
20889
21370
20832
20734
20864
21192
21254
20797
20879
20732
21192
21271
21221
21371
21129
21105
20791
21330
21173
20904
20678
20771
20860
20854
20912
21166
21142
21039
20856
20839
20872
20820
20751
20829
21001
21150
21123
20352
20699
20833
20841
20701
20819
21007
21445
20806
20737
22500
21312
21264
20734
20772
20717
20914
21184
21102
21138
20743
20801
21081
21193
21010
20712
20726
21056
20786
20867
20828
20747
20858
20847
21170
21147
20928
20753
21152
20878
20916
20818
20764
20967
20799
20708
20819
20913
20816
21178
21195
20747
20728
20941
20942
21011
21142
22401
21299
21350
21174
21155
21074
20705
20735
20961
20841
21143
21168
21039
21144
21150
20863
20758
20697
20994
21212
21156
20949
20776
20713
21065
20798
20681
20733
20846
20959
20777
20811
20753
20723
20873
20857
20792
20806
20941
20770
20937
21170
21142
20952
20885
20804
20472
20816
22931
21229
21052
20752
20623
20629
20520
20771
20896
20676
20757
20774
20831
20926
20816
20934
20680
20792
20782
21241
20723
20766
20659
21034
20906
20729
20745
20754
20803
20851
20754
20844
20748
20738
20810
20863
20762
20688
20677
21293
21194
21141
21173
21171
21225
20988
20672
20791
22310
21152
21272
21189
21140
20828
20708
20893
20822
20722
20858
20685
20848
20864
20876
21629
20783
20943
21030
20980
20729
20766
20696
20880
20831
20980
21262
21017
20721
20809
20868
20780
20762
20800
20892
20745
20756
20732
20701
21085
21023
20966
20828
20852
20821
20849
20921
20673
23209
21312
21123
20730
20802
20741
20848
20895
21299
21289
20892
20457
20835
20906
20739
20768
20687
20939
21190
21322
21197
21051
20794
20862
20818
20783
21267
21182
21228
20726
20729
21062
21178
21166
20842
20758
20762
20668
20899
21260
21183
21142
20984
21035
21190
21352
21027
22793
22007
21050
21093
21166
21159
20754
20897
20820
20761
20729
20690
20911
20801
20706
20734
20709
20723
20817
21067
20785
20659
20842
21081
20911
20727
20739
20674
20885
20889
20689
20768
20780
20703
20753
20836
20717
20711
20664
21280
20822
20796
20727
20674
21009
21189
21043
20711
22686
21682
21762
20995
21142
21139
21267
21038
20734
20761
20687
20895
20885
20734
20723
20696
20765
20791
21112
21267
21166
21147
20849
20819
20782
20932
21228
21073
21015
20671
20846
20745
20770
20702
20866
20761
20729
20672
20895
20934
20708
20814
20734
20969
21175
21121
20820
20673
23343
21711
21362
21053
20812
20792
20916
20803
20725
20784
20701
20701
20834
20860
20732
20877
20752
20927
20765
20968
20735
20767
21220
21164
21212
21163
21145
20710
20844
21218
21161
20923
20729
20953
21057
21137
21149
20678
20988
21016
21189
21144
20776
20957
21244
21150
20741
20704
22812
21750
21139
20840
20730
21175
21013
20886
20716
20839
20704
20856
20880
20679
20789
21625
20757
20743
20793
21096
20734
21002
20872
20684
20532
20764
20702
20921
20890
20705
20701
20863
21092
20915
20772
20755
20717
20703
20868
21040
20813
20735
20678
20885
20828
20762
20710
20727
22640
22170
21236
21062
21165
22107
21451
21221
21197
20943
21138
20851
20754
20736
20729
20735
20698
20819
20975
20915
20736
20747
21058
20801
20965
21169
21054
20823
20794
20690
20804
20720
20715
21029
20996
20732
20728
20693
20846
20894
20739
21060
21100
20891
20802
21275
20733
20668
23490
22367
20854
20731
20738
20924
20861
20867
20783
20841
20938
21201
20894
20831
20727
20800
20862
20894
20894
20791
20769
20751
21246
21173
20951
20854
20920
20807
20947
20728
20755
20741
20945
21173
21142
21032
21227
21172
21334
21310
21298
20855
20953
21375
21494
21209
20455
20830
25219
21317
21325
21291
21231
21662
22391
22339
21529
21299
21227
20832
20933
20953
20807
20713
20930
20900
20744
20842
20778
20867
20759
20856
21143
21165
21175
21154
21006
20781
20889
20780
21219
20978
21041
21145
21169
21242
21312
21170
20792
20918
21010
21170
20781
20718
20734
26115
21191
20803
20801
20757
20709
20834
20904
20711
20875
20671
20893
20778
20794
20844
20837
20884
21112
20899
20939
20765
20713
21005
21221
20973
20731
20738
20897
20812
20711
20812
20730
20730
20886
20794
20722
20840
20676
20767
21063
20924
20860
21096
20879
20835
20730
20738
20718
25977
21049
21226
21148
21144
20804
21029
20936
21145
21167
20991
20853
20841
20720
21061
21382
21246
20961
20862
20976
22006
21392
21663
21577
21297
21071
20725
20753
20936
20749
20692
20724
20871
20801
20697
20699
20796
21190
21235
20990
20673
20734
20817
20863
21182
20920
20777
24872
23760
21242
21257
20804
20727
20733
20984
20922
21048
21164
20993
20816
20731
20706
20694
20729
20862
20886
20724
20976
21180
21013
20656
20411
20781
20805
20751
20850
20810
20796
20772
20699
20894
20806
20722
20812
20721
20747
20946
21030
20733
20706
20750
20802
21310
20843
20871
24024
21022
20883
20696
20748
20683
20886
20824
20972
21153
21153
21208
21280
21240
21152
20818
20676
20906
20885
21321
21206
20926
20856
20849
20954
21188
21219
21183
21133
21042
21191
21144
20890
20952
20680
20726
20701
21290
21089
20949
20760
20910
20543
20486
20705
20978
21138
21139
25643
21756
21263
20799
20807
20759
20829
20830
20689
20769
20740
21108
21173
20996
20729
20725
20897
21242
21170
21231
21185
20879
21250
21165
21268
21137
21309
21156
20825
20713
20725
20701
20762
21120
21197
20837
20886
21178
20965
20877
20290
20444
20759
20811
20855
20854
20914
23927
21174
21382
20704
20771
20843
21376
21168
21120
20990
20733
21027
21265
21022
20781
20732
20669
20814
21001
20727
20954
20761
20735
20776
20814
20907
20942
20812
20878
20876
20985
21046
20891
20783
20876
20736
20728
20741
20772
20769
21084
21144
21165
20676
20827
20824
20759
20738
24114
21333
20862
20721
20723
20729
21024
20970
21084
21112
20776
20767
20754
20986
21520
21139
21184
21023
20822
20732
21053
21140
21194
20791
20853
20756
20734
20668
20972
21087
20950
20733
20876
21137
21202
20858
20780
20702
20774
20843
21235
21138
21152
21163
21253
20931
20668
24548
21669
21158
20822
20717
20693
20787
20819
20819
21102
21155
21272
21179
21129
20703
20799
20695
20709
20898
20813
20776
20915
20717
20948
20726
20882
20795
20670
20828
20773
20778
20758
20706
20759
20843
21238
20814
20710
20755
21247
21170
21013
20713
20722
20781
20917
20729
20764
21540
22750
20904
20671
20568
20594
20721
21014
20709
20915
20773
20777
20859
20872
20916
21254
20760
20742
20911
20920
20788
20891
20707
20791
20797
21026
21163
21218
21193
21157
20911
20859
20922
20806
20851
20766
20699
20701
21011
20935
21160
20955
20874
20939
21023
20535
20340
20268
22642
21989
20650
20761
20811
20718
20881
21188
21145
20873
20723
20952
20895
20797
20731
20804
20922
21097
20814
20767
20758
20801
20867
20813
20705
20801
20724
20928
21028
20931
20915
20687
20788
21100
20816
20766
20762
20713
20863
20893
20703
21063
20921
20926
21167
21196
20745
20747
23501
21420
21175
21017
20785
20697
21203
21164
20977
20733
20750
20711
20929
20687
20700
20672
20861
20885
20761
20800
20915
20865
20843
20878
20784
20829
20790
20774
21203
21151
21117
20766
20838
21167
21133
20964
21137
21146
20889
20855
20783
21173
20983
20758
21009
21304
21265
23060
22072
21142
20888
20838
21109
20879
20426
20622
20676
20883
20750
20886
20841
20669
21679
21116
21160
20908
21232
21012
20705
20911
21168
21048
20758
20710
20726
20844
20804
20769
20813
20736
20939
21141
21200
20847
20673
20778
21010
21208
21178
21019
21183
21241
21177
21200
20755
23596
21778
21265
20994
21140
20826
20971
20977
20804
20825
20693
20781
20789
20892
20729
20674
21007
21346
21002
20705
20766
20726
20915
20841
20768
20943
20885
20861
20787
20826
20807
20705
20773
20934
20840
20738
20759
20709
20859
20890
20735
20785
20981
21213
21163
20947
20848
20688
23852
21319
21429
20943
20793
20852
20891
20692
20787
20676
20964
21229
20902
20736
20644
20761
20852
20948
20729
20810
21185
21551
21069
20732
20787
21135
20746
20796
21183
21159
20944
20701
20884
20791
20705
20762
20774
20873
20824
20815
20788
20703
21061
21172
20860
20768
20704
20766
24346
21074
20761
20748
20823
21106
21153
21112
20713
21195
21258
21211
20723
20711
20761
20711
20814
20936
20722
