20860
20882
20454
20514
20627
20967
20609
20580
20516
20635
20650
20658
20594
21228
20995
20971
20564
20522
20581
20731
21866
20814
20735
20978
20748
20562
20594
20654
20554
20666
21465
21023
20832
20538
20536
20740
20514
21273
20621
20596
20870
20464
20691
20681
20498
20848
21125
22290
20531
20873
21912
20909
20435
19973
19993
20086
20193
20286
20033
20031
19987
20104
20185
20093
20083
20156
20266
20754
22276
21351
20822
20419
20010
20157
20216
21742
21341
36967
21092
21123
20954
20611
20412
20414
20389
20275
19956
20449
20534
20732
20045
19962
19922
20441
20493
20748
20846
20560
20797
20570
20369
20076
19887
20410
20236
20055
19935
19966
19920
20103
20539
20398
20423
19947
20020
20182
20188
22817
20513
20340
19979
19989
19996
20054
20230
20416
20577
20410
20159
19940
20047
20365
20018
19920
20001
19908
19994
20379
20418
20021
20032
20072
20541
20066
20014
20232
20359
20140
20131
20199
20171
20291
20529
20510
20142
20056
20011
20215
20561
20683
20281
20054
20018
20300
20396
20097
20027
22399
20614
20649
19992
20027
19955
20085
20162
20358
20347
19961
20296
19986
19995
20040
20118
20054
20033
20142
20153
20075
20025
20026
20216
20505
20752
20355
19990
20110
20659
20436
20405
20235
20025
20774
20533
20611
20288
20058
20048
20176
20243
20530
20593
20411
20108
20353
20564
20593
22603
20800
20266
20072
19942
20233
19973
20114
20114
20087
20084
20527
20802
20662
20411
20069
20089
20030
20136
20121
20119
20079
20022
20007
20202
20278
20086
20163
20037
20471
20592
20686
20332
20063
20041
20234
20109
20108
20162
20090
20331
20601
21307
20061
20064
20000
20195
20155
20040
20302
22281
20471
20237
20078
19976
19975
20128
20078
20038
20052
20218
20013
20118
20132
20156
20096
20026
20114
20172
20166
20059
20000
20129
20184
20055
20216
20027
20077
20377
20281
20012
20056
20057
20019
20080
20119
20047
20072
19974
20135
20246
20168
20104
20040
20226
20092
20025
20054
20029
22457
20492
20191
20033
20054
19974
20049
20204
20022
20034
20045
20228
20258
20056
20025
20022
20001
20451
20515
20431
20383
20560
20077
20078
20181
20058
20472
20450
20083
20746
20505
20591
19983
20137
20193
20073
19957
20049
20013
20071
20118
20108
20044
20090
20197
20608
20019
19999
20060
23472
20812
20218
20085
19953
19940
20079
20031
19970
19941
20013
20083
20363
20130
20080
20066
20001
20620
20591
20605
20682
20622
20608
20449
20084
20038
20188
20027
20724
20833
20555
20168
20083
20141
20204
20117
20388
20071
20004
20947
21130
20814
20074
20116
20044
20094
20241
20174
20120
20212
23618
20611
20691
20145
20116
20145
20104
20051
20030
20086
19967
20381
20145
20022
20019
20014
20196
20118
20381
20512
20936
20004
20314
20500
20152
20064
20249
20086
20682
20126
20030
19965
20042
20149
20102
20014
20054
20057
20120
20144
20152
20179
20095
20101
20154
20168
20048
20013
20001
20194
22042
21088
20532
20146
20042
20154
20126
20098
20000
20089
20065
20349
19995
20054
19973
20111
20182
20050
20021
20047
20083
20107
20107
20030
20044
20512
20567
20618
20352
20021
20025
20028
20212
20109
20051
20042
20002
20077
20114
20216
20029
21140
20025
20655
20716
20528
20162
19999
20151
20091
22678
20502
20491
20104
20116
20094
20063
20085
20053
20058
20111
20435
20056
20050
19998
20192
20089
20051
20107
20122
20078
20121
20142
20028
19996
20181
20153
20651
20132
20028
20089
20193
20124
20062
20069
20052
20006
20143
20160
20028
20025
20022
20605
20590
20586
20177
20041
20035
20170
20786
21572
20520
20404
20241
20623
20396
20212
19941
19917
20049
20329
20064
20027
20089
20156
20395
20462
20661
20051
20523
20167
20089
20053
20059
20127
20705
20640
20740
20067
20058
20104
20261
20330
20554
20507
20461
20016
20362
20156
20060
20028
20023
20184
20147
20057
20053
20082
20158
20105
22613
20761
20421
20040
20046
20073
20023
20111
20147
20101
20092
20382
21042
22399
20453
20221
20106
20045
20082
20052
20095
20160
20242
20029
19994
20185
20331
20381
20037
20053
20050
20234
20219
20160
20627
20437
20171
20137
20370
19981
20020
20042
20088
20328
20640
20543
20554
20139
21367
20882
20415
20421
20285
20024
20044
20048
20005
20080
20001
20321
20262
20064
20047
20003
20023
20115
20265
20056
19992
20053
20532
20679
20260
20060
20320
20617
20773
20569
20005
20056
20038
20194
20061
20081
20032
20207
20219
20147
20122
20107
20061
20024
20211
20244
20083
20024
20090
20084
22119
20854
20435
20145
19914
20101
20012
20028
19911
19965
20105
20121
20286
20080
20067
20123
20158
20184
20061
20049
20081
20143
20609
20630
20563
20027
20417
20790
20985
20038
20056
20087
20166
20176
20024
20086
19998
20106
20250
20082
20094
21382
20073
20247
20223
20093
20055
20358
20257
20171
22707
20838
20050
20091
20024
20217
20059
20058
20023
20057
20086
20465
20082
20031
20092
20310
20565
20490
20194
20027
20136
20147
20060
20027
20034
20349
20090
20455
20139
20053
20025
20223
20180
20090
19999
20053
20035
20140
20169
20060
20140
20038
20126
20124
20140
20055
20033
20028
20599
22053
20952
20569
20259
20005
19991
20078
20030
20087
19976
20143
20070
20238
20028
20054
20101
20117
20063
20075
20124
20676
20111
20104
20046
20056
20033
20453
20104
20428
20117
20026
19974
20055
20148
20038
19997
20056
20051
20234
19999
20034
20057
20572
20764
20521
20567
20647
20637
20689
21600
20743
20604
20239
20003
19969
20132
20453
20390
20151
20041
20251
20024
20284
20000
20117
20219
20070
20025
20053
19998
20171
20251
20141
20080
20061
20162
20781
20655
20127
20039
19957
20135
20269
20038
20049
19987
20018
20042
20298
20066
19973
19938
20147
20051
20077
20036
20022
20055
20284
22413
20435
20005
19936
20577
20486
20210
19938
19957
20035
19999
20115
20220
20026
20012
20226
20160
20044
20110
20029
20051
20078
20148
20110
20056
20130
20423
20872
20457
20245
20057
20047
20114
20142
20058
20063
20004
20090
20173
20024
20053
20045
20100
20129
20120
20080
20046
20054
20179
20100
22600
20669
20337
20126
20491
20481
20307
20026
20032
20055
20167
20130
20358
20023
20048
20186
20017
20037
20172
20530
20471
20248
20054
20029
20011
20169
20301
20647
20312
20453
20021
20024
20059
20070
20056
20033
19967
20228
20119
20065
20024
21238
20042
20056
20131
20026
20031
20022
20222
21725
20067
19924
19967
20292
20561
20571
20331
19977
19885
20172
20486
20462
20790
20024
20045
20079
20123
20116
20094
20006
20193
20090
20075
20023
20060
20162
20796
20686
20581
20365
20081
20310
20102
20068
20039
20247
20138
20173
20041
20091
20027
19998
20479
20643
20541
20105
20051
20080
22011
20793
20131
20077
20056
20126
20257
20042
20122
20216
20075
20280
20042
20229
20039
19999
20172
20166
20070
20070
20025
20643
20093
20129
20052
20276
20013
20323
20901
20589
20690
20157
20089
20085
20194
20131
20080
20052
20069
20212
20088
20060
20002
20026
20301
20125
20051
20082
20034
20203
22577
20607
20493
19967
20007
20155
20168
19963
20088
19957
20125
19992
20066
20154
19911
19896
20161
20178
20092
19995
20083
20164
20417
20079
20018
19982
20074
20366
20226
19910
20018
19978
20027
20038
19908
19973
19911
20016
20235
20225
20023
20062
20138
20235
20574
20691
20591
20057
19996
23116
20808
20356
20029
20343
20108
20203
20000
20083
20059
20000
20102
20127
19991
20249
20090
20212
20039
20118
20013
20110
20191
20185
20064
20067
20020
20025
20110
20758
20062
20060
20044
20030
20022
20228
20253
20063
20024
19999
20179
20284
20092
20042
20075
20140
20156
20128
20067
20024
19992
23788
20508
20433
20104
20058
20034
20089
20134
20101
20024
20000
20216
20154
20070
20220
20082
20222
20689
20667
20362
20029
20031
20192
20640
20425
20189
20182
20560
20874
20563
20145
20033
20026
20224
20136
20068
20058
20030
20072
20088
20185
21249
20117
20157
20145
20248
20051
20052
20076
23046
20767
20385
20260
19943
19914
20134
20090
20087
20078
20085
20041
20091
20120
20322
20030
20038
20184
20137
20158
20213
20066
20125
20114
20118
20096
20101
20081
20205
20381
20064
20066
20022
20115
20223
20236
20069
19973
20085
20086
20245
20128
20002
20047
20666
20153
20085
20098
20235
23042
20419
20032
19971
19954
19921
20213
20097
20062
20082
20026
20064
20090
20127
20077
20219
19999
20569
20732
20575
20216
20581
20146
20183
20271
20088
20005
20111
20408
20397
20929
20492
20059
20019
20124
20090
20081
19996
19999
20102
20069
20114
20027
20056
20156
20147
20527
20191
20056
20076
23490
20254
19988
19995
19968
20147
20461
20410
20235
20052
20027
20150
20635
20576
20214
20281
20059
20092
20245
20070
20054
20034
20059
20259
20060
20112
20292
20838
20443
20226
19996
19942
19936
19987
20091
19940
19911
19934
19973
20081
20127
20059
20109
20000
20303
20646
20710
20138
20085
20135
23796
20654
20368
20046
19965
20059
20168
20079
20055
20054
20128
20682
20690
20270
20322
20027
20175
20296
20067
20081
20029
20059
20110
20125
20100
20222
20027
20562
20688
20881
20341
20497
20118
20184
20093
20051
20110
20056
20168
20101
20111
20028
20056
20002
20204
20213
20028
20049
20611
22291
20159
20027
19967
19944
20018
20234
20134
20080
20029
20045
20057
20086
20164
20058
20236
20005
20132
20208
20033
20055
20062
20156
20080
20023
20073
20125
20226
20146
20262
20061
20030
20339
20471
20389
20155
20140
20039
20051
20020
20087
20065
21237
20003
20128
20493
20532
20240
20270
22032
20938
20570
20308
20005
20078
20044
20100
20134
20218
20060
20054
20150
20124
20025
20051
20239
20057
20154
20161
20018
20133
20008
20089
20086
20396
21709
20173
20292
20221
20204
20056
20217
20231
20280
21410
21187
20374
20127
20163
20150
20101
20019
20148
20007
20378
20655
20699
20288
20058
22702
20677
20436
19970
19947
19936
20244
20091
20057
20083
20030
20630
20646
20297
20059
20257
20369
20679
20619
20093
20578
20001
20684
20636
20480
20171
20028
20380
20586
20795
20310
20024
20137
20390
20090
20059
20149
20114
20346
20143
20092
20022
20058
20001
20203
20140
20076
20053
21591
20776
20151
19976
19980
19891
20081
20137
20118
20103
20085
20030
20235
20117
21050
20459
20441
20426
20411
20118
19984
20042
19931
20149
20043
20096
20038
20158
20269
20198
20095
20189
20079
20026
20182
20086
20230
20038
20027
20051
20140
20256
20624
20583
20460
20116
20521
20500
20279
19933
22323
20770
20478
20089
19977
19936
20135
20137
20266
20336
20037
20000
20158
20144
20062
20018
20301
20228
20571
20654
20073
20047
20017
20394
20495
20382
20227
20304
20106
20175
20046
20184
20027
19974
20138
20114
20107
20035
20057
20080
20115
20092
20026
20171
20115
20337
20374
20176
20178
19957
22393
20017
20082
19988
19913
20102
20483
20510
20153
19908
19961
20093
20260
20054
20083
20052
20224
20516
20647
20508
20322
20236
20077
20208
20135
20111
20300
20697
20631
20269
20254
20230
20063
20054
20155
20222
20059
20024
20026
20052
20379
20117
21174
20062
20220
20579
20479
20269
20098
21636
20698
20442
20051
19969
19961
20111
20095
20058
20101
20017
20048
20113
20134
20081
20024
20023
20895
20554
20366
20168
19998
20063
20254
20159
20054
20135
20225
20749
20607
20582
20596
20410
20367
20155
20088
20028
20059
20050
20171
20120
20054
20109
20056
20093
20154
20352
20057
20013
22186
20273
20014
19947
19940
19920
20050
20279
20032
20114
20025
20032
20146
20140
20029
20055
20058
20394
20598
20701
20535
20592
20006
20106
20173
20048
20491
20610
20679
20150
20128
20172
20067
20035
20229
20292
19997
20060
20052
20112
20147
20046
20028
20054
20055
20395
20498
20400
20028
20059
22178
20553
20447
20222
19937
19996
20228
20064
20165
20046
20008
20132
20074
20153
19989
20051
19998
20266
20357
19993
20081
20062
20079
20120
20123
20029
20214
20432
20289
20194
20099
20185
20050
20166
20097
20094
20077
20078
20027
20146
20248
20097
20084
20050
20064
20648
20530
20182
20104
21873
20917
20739
20372
20105
20027
20502
20082
20131
20111
19962
20050
20073
20101
20035
20059
20056
20319
20484
21357
21413
20472
20503
20222
20277
20119
20062
20238
20329
20208
20422
20307
20125
20081
20231
20100
20031
20072
20087
20124
20118
20069
20079
20071
20002
20207
20190
20101
20083
20032
22777
20746
20509
20076
20029
20019
20441
20652
20321
20084
20142
20092
20156
20060
20057
20056
20007
20711
20603
20134
20020
20045
20100
20076
20082
20237
20102
20378
20471
20506
20536
20188
20028
20079
20113
20335
20078
20024
20051
20068
20254
20069
20055
21325
20258
20612
20359
20137
20052
22337
20984
20584
20271
20013
20030
20232
20583
20700
20429
20060
20116
20256
20148
20028
20042
20130
20348
20792
20531
20551
19996
20003
20129
20103
20018
20134
20309
20302
20587
20642
20767
20400
20456
20294
20095
20054
19994
20208
20149
20112
20126
20080
19991
20032
20289
20655
20429
20293
21641
20702
20433
20145
20433
20485
20374
20212
20272
20082
19987
20010
19998
19965
20012
20090
20007
19914
20127
20106
20083
20054
20530
20088
20229
20029
20161
20156
20357
20248
20155
20040
20190
20021
20500
20116
20155
20058
20056
20053
20115
20193
20232
20083
20029
20084
20150
20147
20084
20328
21931
20076
20076
20052
19914
19999
20033
20330
20152
20027
20032
20101
20135
20123
20093
20059
20026
20151
20453
20129
20052
20056
20057
20052
20095
20135
20156
20332
20068
20138
20140
20032
20205
20030
20087
20111
20120
20038
20111
20003
20106
20207
20089
20120
20109
20105
20121
20141
20051
20279
22392
20038
19916
20006
19916
19910
20246
20211
20050
20024
20057
20090
20053
20100
20052
20059
20004
20133
20326
20067
20110
20125
20084
20088
20063
20085
20184
20157
20205
20273
20279
20009
20205
20043
20207
20029
20055
20071
20020
20156
20129
20058
20038
19998
20043
20153
20171
20146
20148
21072
22028
20106
20005
19954
19917
20035
20603
20594
20571
20059
19968
20101
20181
20022
19992
20061
20056
20404
20059
20112
20060
20005
20244
20150
20121
20136
20249
20005
20722
20621
20361
20082
20577
20415
20258
20144
20078
20079
19972
20165
20091
20068
20033
21283
20036
20171
20083
20822
20150
22925
20210
20190
19990
20047
20038
20128
20026
20145
20028
20053
20003
20249
20110
20043
20087
20030
20096
20399
20210
20156
20028
19966
20167
20200
20055
20200
20529
20132
20230
20090
20064
20185
20004
20131
20178
20043
20048
20112
20041
20118
20115
20108
20025
20064
20159
20149
20050
20109
20024
23203
20262
20455
20123
20052
20013
20232
20419
20238
20090
19975
20072
20319
20009
19997
19983
19927
20175
20233
20072
20031
20529
20136
20152
20166
20171
20403
20057
20479
20994
20409
20056
20124
20083
20093
20186
19992
20169
19971
20099
20139
20149
19995
20034
20004
20244
20115
20078
19993
23095
20881
20553
20217
20421
20499
20707
20386
20469
20060
19945
20047
20085
20100
20073
20057
20007
20101
20305
20072
20058
19996
20069
20114
20169
20164
20133
20161
20444
20693
20372
20076
20437
20572
20120
20151
20462
20471
20388
20193
20151
20055
20053
20001
20118
20622
20584
20601
20063
20080
21508
20148
19921
20207
20414
20515
20630
20384
20251
20061
19936
20101
20130
20041
20028
20065
20040
20180
20294
20048
20051
20004
20097
20056
20122
20291
20261
20051
20186
20340
20565
20617
20626
20237
20572
20419
19950
19963
19918
20178
20134
20086
20052
20035
20135
20156
20262
20054
20026
20112
23936
20308
20317
19992
19941
20334
20434
20652
20186
19908
20188
20336
20118
20033
20079
20004
20106
20137
20410
20027
20052
20014
20172
20137
20135
20426
20125
20071
20156
20149
20083
20057
20522
20713
20617
20585
20261
20132
20043
20094
20119
20088
21265
20028
20160
20149
20792
20849
30151
21280
21162
21663
22569
21962
22803
21554
21765
31546
22273
21171
21049
20807
20890
21009
21167
21219
21728
21140
23075
21755
21686
21757
23272
24461
23477
21329
22510
21572
21858
22369
21581
22218
21646
22665
21767
22873
21572
23213
23986
21975
22623
21365
21014
24093
22595
20946
21212
21402
21100
20715
21112
20614
20476
20455
20500
20482
20418
20556
20501
20656
20745
20898
21018
21257
20569
20761
20556
20635
20843
20526
20690
20730
20578
20208
20576
20897
20773
20510
20023
20055
20109
20647
20667
20614
20652
20528
20644
20971
20965
20980
20989
23578
21125
21041
20992
20961
20929
20657
20702
20628
20602
20583
20361
20731
20601
20592
20558
20548
20637
20647
20767
20730
20963
21027
20710
20555
20729
20884
20916
20811
20579
20530
20574
20602
20996
20544
20370
20053
20274
20645
20728
20578
20576
20492
20652
21030
20972
20731
20549
20710
23314
20872
20639
20617
20558
20786
20989
21034
20655
20555
20599
20697
20552
20546
20565
20522
20725
20698
20565
20775
20586
20535
20571
20649
20666
20764
20572
20572
20581
20344
20043
20096
20234
20830
20602
20586
20525
20545
21041
20980
20892
20586
20517
20532
20664
20800
20550
22268
23169
20812
20512
20559
20569
20503
20958
20843
20772
20539
20503
20511
20606
21061
20956
20922
20509
20760
20495
20687
20518
20522
20727
20666
20566
21104
20719
20790
20706
20657
20522
20553
20505
21259
20556
20505
20597
20516
20677
20670
20534
20510
21368
20608
21013
20988
20713
20570
22867
20973
20732
20989
20972
20964
21074
20873
20778
21112
21101
20994
21099
21104
20719
20526
20487
20775
20559
20552
20894
20980
20901
20603
20635
20752
20552
20582
21009
21006
20697
20880
21691
21697
21421
21050
20659
20520
20524
20630
20638
20599
20550
20543
21074
21015
20791
20658
23638
21255
20972
20625
20591
20740
20996
21372
21194
20610
20555
20657
20718
20545
20596
20525
20679
20693
20583
20530
20777
21095
20702
20655
20646
20929
20548
20591
20638
20652
20631
20673
20743
21048
21057
20941
21037
20573
20762
20638
20530
20638
20496
20553
20623
20715
20573
20663
22147
22144
20999
20607
20527
20565
20669
20649
20628
20810
20580
20754
20987
21003
20729
20529
20557
20863
20505
20541
20688
20527
20724
20638
20622
20934
20715
21044
20678
20300
20281
20599
20116
20583
20950
20960
20990
20706
21003
20986
20941
20496
20577
20623
21013
21009
20982
20805
20555
23325
20972
20778
20553
20559
21053
20623
20524
20526
20598
20738
20837
20636
20603
20528
20551
20718
20685
20521
20508
20670
20725
20598
20593
20788
20547
20650
20578
20676
20561
20669
20557
20706
20776
20688
20740
20666
20706
21073
20954
20754
20551
20494
20752
20831
21020
20962
20985
23592
20756
20674
20513
20558
20692
20729
20636
20601
20601
20496
20697
20625
20609
20734
20563
20592
20605
20702
20516
20525
20717
20777
20525
20766
21030
21080
20754
21077
20630
20956
20956
20811
20663
20860
20553
20580
20537
20696
20931
20547
21349
20583
20731
20716
20597
20507
20980
23713
21176
20866
20588
20530
20590
20641
20797
20838
20955
20890
21008
20995
20954
20655
20539
20820
20984
20983
20858
20497
20785
21047
20989
20841
20607
20613
20658
20636
20533
20608
20525
20552
20616
20812
20636
20599
20501
20502
20757
20653
20953
21023
20887
20701
20570
20528
20660
23546
20881
20728
20555
20567
20490
20852
21117
20965
20599
20607
20590
20131
20069
20660
20602
20519
21817
21083
20690
21162
20567
20513
20881
20575
20719
20539
20972
20637
20611
20552
20606
20461
21036
21074
20959
20619
20476
20570
20550
20661
20564
20754
20967
20651
20683
20526
20623
23213
21118
20720
20666
20552
20552
20574
20672
20719
20509
20556
20508
21087
20978
20890
20532
20586
20671
20691
20673
20736
20596
20612
20568
21055
21092
20776
20565
20659
20623
20506
20698
20507
20702
20827
20837
20644
20575
20606
20672
20610
20628
20582
20499
20826
21025
20591
20547
22329
22202
21003
20580
20439
20361
20558
21063
20984
20884
20496
20495
20508
20763
20519
20605
20626
20696
20647
20628
20588
20553
20538
20687
20701
21126
20993
20860
20691
20683
20586
20520
20502
21370
21320
20959
20637
20594
20752
20853
20698
20412
20149
20731
20846
20934
20861
20634
20524
23356
21009
20975
20992
20939
20702
20741
20533
20599
20553
20456
20115
20128
20194
20003
19988
20565
20696
20570
20554
20503
20550
20749
20588
20852
20934
21006
20704
20787
20856
20618
20501
20600
20622
20711
20689
20637
20529
20750
20740
20534
20553
21445
20619
21056
20963
20863
20946
22721
21125
21028
20963
20871
21222
20999
21018
20708
20558
20625
20848
20700
20609
20598
21013
21099
21069
20575
20555
20532
20880
20723
20846
21109
20950
20628
20692
20693
20767
20684
20948
21078
21022
21008
21082
20567
20672
20662
20561
20563
20501
20983
20849
20794
20616
20522
20665
21658
20940
20994
20106
20196
20629
20689
20616
20662
20643
20787
20689
20523
20589
20552
20676
21045
20975
20678
20520
20474
20799
20725
20578
20778
21022
20847
20786
21127
20531
20555
20587
20610
20825
20987
21105
20589
20632
20691
20598
20546
20553
20566
21005
20636
20623
20596
20648
20996
21570
20926
20711
20586
20545
20650
20769
20530
20570
20598
20638
20661
20555
20554
20503
20705
20690
20511
20557
20605
20588
20823
20862
20694
20752
20598
20772
20978
20674
20294
20201
20598
20766
20558
20491
20816
20894
20783
20763
20962
20959
20621
20651
20698
20776
20774
20804
22754
20947
20990
20512
20560
20611
20594
20676
20555
20620
20491
20673
20695
20556
20757
20969
20961
20796
20517
20603
20505
20520
20636
20806
21007
21114
20743
20618
20673
20684
20539
20521
20682
20624
20591
20490
20777
21014
21009
20852
20965
21008
20731
21018
20980
21081
21187
21306
20696
22930
21406
21007
20665
20696
20644
20976
21066
20763
20608
21052
21030
20756
20530
20465
20683
20875
20811
20764
20547
20728
20646
20789
20642
21312
20632
21062
20711
20675
20558
20500
20591
20899
20504
20546
20883
21022
20979
20714
20526
20556
20600
21316
20872
20777
20925
20827
20308
22354
21090
21117
20705
20719
20616
20628
20531
20552
20505
20645
20665
20520
20597
20501
20773
21088
20968
20554
20592
20744
21030
20964
20889
20747
20502
20978
21001
20940
20559
20539
20560
20644
20698
20559
20542
21002
21054
20879
20523
20588
20544
20682
20660
20659
21046
20963
20670
20738
24226
20676
20662
20703
20643
20579
20527
20563
20741
20978
20961
20576
20542
20502
20649
20670
20600
20533
20529
20826
21216
20696
20766
20766
20775
20996
20940
20670
20164
20319
20684
20615
20591
20494
20499
20843
21281
21313
20478
20076
20095
20710
20654
20548
20652
20508
20757
20699
21448
21158
20629
20821
20609
20662
20634
20559
20467
20829
20592
20597
20583
20508
20623
20613
20573
20522
20554
20514
20645
20602
20632
20641
21015
20889
20802
20449
20340
20482
20548
20653
20608
20504
20559
20569
20988
20988
20527
20585
20530
20590
20615
20589
20547
20604
20615
20686
20665
22145
21128
21018
21026
20802
20700
20973
20734
20580
20654
20689
20647
20540
20522
20804
20896
20826
20583
20603
20649
21037
20863
21036
21051
20816
20660
20746
20999
20967
20655
20708
20681
20516
20790
20983
20984
20648
20749
20612
20557
20491
20683
20639
20604
20584
20620
20815
21060
21617
21196
21185
21128
20667
20631
20586
20530
20644
20608
20551
20582
20553
20544
20623
20730
20564
20550
20549
20809
20851
20734
20295
20800
20649
20688
20607
20986
20969
20843
20571
20626
20636
20528
20531
20532
21012
20954
20701
20586
20640
20628
21384
20552
20830
21013
20644
20607
20638
23818
20678
20746
21121
20964
20734
21086
20719
20846
20534
20602
20520
20556
20654
20659
20548
20557
20466
20876
21097
20827
20617
20979
20683
20664
20630
20560
20614
20467
21040
20985
21122
20731
20604
20810
21196
20920
20562
20521
20602
20635
20998
20569
20727
20953
20773
20604
20582
23500
20870
20621
21077
20674
20609
20534
20717
20635
20785
20986
20943
20550
21074
21214
20847
20561
20499
20613
20894
20524
20593
20934
20785
20758
20748
20600
20599
20519
20673
20607
20600
20529
20554
20696
20775
20613
20614
20498
20497
20798
20503
20480
20651
20859
20697
20656
20580
23791
21069
20924
20698
20693
20564
20530
20537
20615
20598
20550
20493
20784
20750
21078
20700
20660
20553
20510
20633
20696
20647
20845
20947
21049
20689
20536
20566
20967
21004
20709
20566
20574
20520
20735
20859
20519
20582
20632
20884
20731
21164
20681
20538
20549
20819
20549
20611
23218
21123
20961
20699
20599
20609
20514
20845
21033
20985
20602
20551
20572
20747
20523
21040
20981
20960
20654
20635
20526
20576
20906
20633
20656
20663
20495
20557
20529
20832
20550
20534
20615
20539
20699
20798
20599
20532
20552
20524
20737
20731
20810
20505
20635
20620
20799
20543
20533
22308
21076
20986
20965
20981
20528
20562
20678
20573
20604
20526
20497
20502
20743
20572
20527
20550
20700
20651
20527
20554
20629
20818
20664
20674
20545
20579
20526
20543
20831
21029
20946
20960
20882
20701
20811
20469
20550
20518
20712
20678
21427
20604
20737
20738
20871
20989
20577
22135
20956
20975
20507
20617
20663
20967
20638
20558
20536
20564
20497
20682
20677
20613
20680
20557
20542
20673
20727
20620
20699
20898
20775
20584
20596
20504
20548
20939
20983
20947
20614
20526
20560
20660
20763
20671
20551
20307
20682
20644
20599
20524
20609
20638
20778
20768
20991
20907
22401
20891
20677
20599
20554
20560
20545
20763
20547
20537
20553
20676
20602
20599
20532
20572
20578
21037
21016
20809
20669
20793
20910
20788
20509
20554
20555
20763
20986
20939
20543
20582
20524
20698
20648
21008
20975
20910
20479
20644
20717
20536
20600
20515
20901
20618
21572
21628
22729
21476
21031
20960
20982
20506
20688
20689
20629
20621
20623
20771
20982
20966
20684
20552
20527
20699
20580
20598
20548
20815
20644
20683
21047
20983
20761
20722
21000
20971
20629
20511
20539
21035
20985
21088
20543
20519
20573
20555
20660
20495
20600
20515
20809
20561
20507
20560
22815
20986
20754
20692
20715
20595
20540
20610
20611
20609
20529
20501
20725
20668
20540
20587
20985
21010
20851
20546
20560
20614
20818
21054
21009
20767
20532
20561
20892
21047
20705
20969
20977
20739
20657
20677
21269
20955
20687
20683
20666
20553
20553
20519
20990
21077
20538
20549
22265
22099
20825
20967
21035
20845
20680
20647
20585
20538
20555
20541
20771
20606
20575
20564
20519
20568
20580
20492
20648
20627
20971
21088
20971
20696
20557
20585
20635
20728
20526
20579
20614
20975
20645
20826
20909
20966
20911
20659
20568
21589
20453
20572
20743
20649
20545
20581
20566
23769
20992
20558
20631
20598
20712
20997
21017
21028
20528
20576
20595
20686
20553
20619
20488
20656
20669
20511
20521
20640
21143
21022
20831
20603
20526
20508
20662
20674
20561
20593
20502
20594
20771
20657
20899
20558
20148
20624
20670
20535
20614
20571
20825
20703
20525
20616
20540
23127
21274
20679
20479
20602
20574
20663
20605
20542
20555
20528
20664
20909
20970
20915
20446
20568
20585
20754
20551
20574
20912
21136
21038
20557
21170
20577
20591
20569
20665
20510
20554
20466
20727
20694
20510
20888
20846
21144
20657
20498
20548
20523
20581
20659
20611
20560
20586
20516
23916
21178
20869
20601
20529
20787
20668
20518
20553
20527
20573
20562
20726
21009
21058
20800
20664
20611
20608
20633
20808
20588
21021
20573
20523
20585
20522
20700
20796
20923
20756
20481
20972
20985
20925
20855
20943
20956
20674
20961
20594
20586
20559
20797
20636
20532
20617
22671
21568
20817
20701
20545
20552
20963
20728
20550
20553
20519
20533
20656
20659
20625
20581
20590
20554
20571
20677
20637
20792
20484
20889
20641
20551
20554
20523
20704
20643
20554
20530
20590
20641
20767
20985
21117
20937
20952
20815
20640
20526
20572
20652
20718
21011
20957
20572
20529
23819
20814
20966
20975
20955
20517
20671
20697
20955
20961
20688
20649
20608
20632
20541
20582
20538
20615
20675
21026
21039
20987
20604
20859
20558
20477
20582
20502
20773
20541
20513
20525
20582
20708
20636
20493
20867
20526
20578
20630
21045
20724
20579
20660
20800
20686
20983
20939
22307
20978
20979
20673
20585
20521
20716
20647
20581
20205
20599
20601
20691
20679
20586
20600
20965
21062
20789
20531
20595
21047
20997
20902
20615
20965
20964
20684
20723
20669
20576
20617
20598
20651
20647
20547
20832
20982
20960
20704
20836
20983
20913
20615
20929
21075
20974
20934
23042
21922
20960
20717
20558
20658
21016
20980
20642
20554
20521
20535
20800
20605
20533
20552
20563
20641
21167
20590
20583
20749
20681
20882
20511
20663
20704
20601
20610
20690
20700
20675
20657
20714
20654
20552
20576
20897
20868
20812
20549
20606
20567
20542
20617
20712
20502
20551
20497
23156
20718
21053
21100
21218
21120
21066
20967
20919
20507
20556
20659
20764
20550
20538
20497
20658
20675
20556
20528
20845
20537
20674
20740
20582
20566
20523
20650
20745
20636
20533
20586
20615
20872
20965
20751
20900
20981
21039
20642
20487
20692
20459
20739
20776
20581
20507
20558
22847
21402
21009
20987
20964
21074
21179
20956
20851
20603
20508
20849
20986
21016
20559
20523
20622
20737
20535
20600
20794
20500
20752
20795
20605
20580
20541
20542
20613
20613
20672
20834
20545
20621
20683
20486
20616
21108
21082
21041
20596
20583
20565
20882
21052
21045
20966
20540
21906
21057
20755
20599
20556
20522
20710
20662
20819
20962
20985
20560
20621
20679
20592
20538
20509
20686
20677
20612
20705
20644
20675
20676
20676
20605
20599
20574
20718
20654
20647
20656
20415
20184
20602
20721
20509
20924
20987
21071
20545
21340
20594
20622
20783
20692
20529
20608
22526
21680
20832
20757
20530
20818
20954
20873
20158
20449
20558
20753
20766
20987
20523
20584
20546
20984
21067
20938
20821
20960
20979
20701
20847
20548
20529
20613
20633
20696
20965
20957
20804
20564
20636
20655
20569
20833
20689
20928
21030
20911
20633
20747
20804
20993
20941
20611
20556
22348
20832
21015
21009
21009
20653
20774
20619
20530
20568
20550
20829
21005
20768
20742
20526
20616
21235
21108
21000
20831
20528
20714
20890
20553
20946
20983
21133
21058
20634
20678
20529
20588
20615
20927
20985
20971
20648
20614
20898
20075
20051
20131
20307
20670
20632
20562
20578
23664
20872
20704
20557
20626
20592
20696
20562
20168
20080
20182
20218
20743
20586
20578
20688
21016
21032
20705
20565
21100
20957
20603
20176
20717
20601
20538
20584
20670
20536
20521
20537
20536
20916
20985
20931
20610
20686
20983
20991
20693
20631
20671
20564
20658
21024
20668
20564
22245
20992
20692
20582
20590
20598
20735
20802
20997
20950
20904
20548
20769
20608
20560
20581
20498
20717
20606
20825
20815
20611
20779
20785
20676
20757
20534
20524
20537
20799
20599
20957
20981
20783
20612
20598
20531
20611
20907
20989
20931
20583
20658
20693
20780
20667
20758
20547
23344
20861
20960
20994
20965
20621
20519
20704
20651
20615
20592
20497
20562
20715
20628
20593
20717
20982
20984
20721
20899
20735
21202
21292
21026
21059
20882
20537
20594
20660
20611
20528
20601
20863
21115
20985
20790
20526
20789
20958
20952
21469
20509
20635
20683
21031
20990
20723
23327
21297
20871
20644
20979
20092
20018
20486
20727
20627
20554
20526
20612
20724
20592
20584
20515
20476
20690
21036
21045
20959
21105
20683
21313
20609
21033
20524
20396
20622
20361
20992
20989
20612
20721
20608
20528
20588
20841
20602
20633
20587
20667
20614
20489
20700
20691
20537
21542
20901
20643
20770
20978
20680
20721
20366
20640
20518
20550
20549
20519
20764
20641
20776
20707
20489
20483
20702
20890
20507
20532
21054
20861
20668
20988
21073
20634
20815
20650
20625
20685
20134
20508
20420
20691
20625
20552
20691
21016
21034
20836
20635
20526
20802
20979
20955
20608
22126
21060
21396
20996
20984
20592
20683
21022
20838
20536
20593
20558
20675
20846
20688
20383
20006
20579
20693
20615
20705
20566
20625
20746
20613
20827
20586
20504
20695
21005
20740
20720
20586
20722
20581
20561
20571
20474
20691
20579
20685
20650
20588
20488
20926
20988
20844
20494
22881
21850
21046
20768
20864
20564
20240
20439
20763
20699
20515
20526
20772
20630
20712
20955
20983
20594
20659
20680
21072
20958
20801
20706
20630
20524
20671
20583
20808
20845
20862
20600
20564
20627
20629
20807
20959
21065
20850
20820
20980
20607
21365
21139
21766
21803
21214
21211
21136
28553
21160
21139
21258
21110
21255
21255
21355
21229
21118
21057
21378
21327
21118
21153
21316
21316
21389
21309
21386
20992
21132
21339
21833
21214
20972
21066
20998
21189
20814
20867
20484
20726
20711
20754
20641
20590
20916
21526
21504
21141
21043
21142
20880
20723
20523
20164
23068
20856
21587
20727
20717
20747
20668
20693
20546
20559
20866
21085
20961
20587
20583
20580
20687
20739
20529
20736
20525
20601
20605
20708
20534
20741
20498
20668
20898
21058
21021
20652
20639
20637
20556
20581
20514
20498
21172
21013
20959
20602
20608
20823
21110
20959
20586
20558
22998
21116
20922
21031
21108
20988
20629
20667
20498
20571
20507
20757
20968
20964
20961
20966
20951
21031
20944
20745
20595
20571
20633
20786
20787
20805
20470
20668
20710
20833
20557
20628
20606
21050
20982
20629
20499
20558
20688
20667
20530
20328
20261
20297
20719
20626
20537
20552
22113
22047
20911
20684
20986
20945
21203
21276
20950
20577
20602
20600
20745
20631
20536
20522
20526
20705
20730
20715
20688
20610
20620
20586
20644
20510
20719
20569
20600
20680
20560
20582
20525
20912
20978
20885
20524
20604
20768
21172
21012
20554
20712
20476
20725
20924
20550
20528
20495
23884
20972
20648
20612
20964
20844
20580
20673
20568
20501
20577
21097
21004
20821
20528
20493
20626
20752
20876
20947
21004
20453
20438
20644
20564
20738
20506
20712
20730
20602
20612
20632
20604
20692
20564
20538
20552
20629
21303
20613
20617
20772
21015
20959
20637
20720
20652
20695
22845
21463
20977
20643
20664
20625
20705
20631
20634
20525
20555
20583
20644
20699
20542
20561
20642
21110
21070
20963
20954
20560
20672
20652
20901
21064
20829
20557
20634
20650
20569
20556
20606
20947
20595
20520
20525
20580
20842
21634
21406
21290
20479
20751
21063
21019
21049
20955
22911
21413
21070
20867
21085
21079
20614
20676
20559
20524
20526
20604
20672
20620
20529
20530
20573
21071
21226
20979
20991
20721
20671
20623
20527
20579
20761
20857
20873
20802
20573
20500
20556
20741
20673
20521
20528
20642
20862
21092
20843
20689
20480
20944
20583
20628
20585
20528
20494
23579
20987
20988
20979
21055
20976
20967
20992
20746
20528
20630
20616
20723
20467
20549
20493
20830
21047
20995
20968
20759
20632
20622
20692
20658
20685
20526
20725
20703
20989
20973
20724
20706
20970
20970
20900
20585
20521
20831
20978
21054
20598
20568
20689
20727
20548
20625
20565
23205
21074
20631
20493
20603
20569
20624
20653
20609
20548
20526
20780
20706
20526
20553
20567
20673
21131
20593
20982
21005
20990
21066
20979
20989
20740
20492
20581
20957
21199
20946
20988
20951
20941
20772
20586
20572
20576
21148
20979
21019
20553
20567
20807
20982
20966
20757
20561
20636
23190
21250
21037
20981
21051
21004
20709
20703
20616
20598
20666
20562
20560
20508
20537
20897
20928
20551
20594
20597
20657
20764
20522
20531
20583
20671
20604
20548
20609
20528
20537
21039
21010
20752
20632
20582
20919
21061
20987
20958
20849
20723
20667
20735
20782
20851
20529
20659
22561
21038
20874
20170
20439
20671
20585
20525
20569
20588
20708
20646
21023
20965
20887
20760
20739
21026
20959
20714
20636
20626
20572
20496
20578
20589
20675
20712
20624
20685
20499
20624
20658
20614
20530
20557
20642
20644
20603
21553
20588
20525
20975
20985
20850
20614
20498
20550
20639
22474
21004
20496
20261
20542
20599
20623
20557
20541
20727
20638
20541
20532
20699
20729
20869
21145
20950
20577
20501
20774
20878
20609
20644
20597
20898
21008
20962
20621
20557
20603
20984
20981
20750
20552
20727
20990
21328
21136
20756
20627
20885
20662
20553
20530
20548
20499
22071
21561
21058
21120
21067
20267
20777
20601
20552
20594
20619
20676
20601
20566
20587
20501
20813
20758
21041
20915
20656
20554
20734
20574
20482
20515
20576
21006
20811
20565
20970
20979
20837
20637
20584
20590
20608
20631
21516
20958
20617
20529
20626
20834
20808
20561
20549
20533
20705
22317
20888
20630
20129
20242
20627
20693
20585
20522
20545
20660
20725
20813
20629
20614
20693
20810
20971
20956
20775
20808
20763
20729
20966
20963
20971
20657
20728
20556
20705
20602
20762
20556
20589
20530
20549
21041
21016
21001
20647
20581
20609
20604
20662
20531
20614
20779
21038
21516
20865
20753
20707
20630
20690
20600
20589
20552
20601
20589
20699
20507
20549
20491
21115
21112
20938
20954
20709
20676
20662
20645
20985
21013
20989
20809
20711
20663
20540
20554
20885
20753
20549
20549
20529
20718
20603
20650
21316
21245
20817
20722
20711
20676
20958
20651
20568
22664
22103
21086
20759
20683
20984
20959
20686
20498
20553
21072
21002
20763
20571
20514
20654
20978
20979
20954
20700
20568
20627
20610
20576
20582
20589
20919
20953
20979
20530
20588
20569
20683
20574
20503
20551
20494
20675
20680
21549
21749
21500
21209
21225
21163
21106
21102
21165
23337
21370
21171
21326
21230
20889
20526
20110
20297
20623
20720
20645
20556
20461
20524
20761
20909
21020
20808
20620
20522
20815
20985
21020
20764
20535
20510
21015
20648
20495
20715
20713
20546
20503
20588
20458
20760
20605
20598
20862
21024
21006
21000
20894
20546
20550
20516
20580
21292
21332
21079
21040
21192
20902
20854
20986
20955
20694
20556
20649
20536
20588
20469
20663
21008
20614
20580
20629
20695
20575
20548
20501
20587
20525
20646
20740
20617
20571
20502
20746
21025
21128
20682
20539
20575
20745
20551
20648
21190
20977
20941
20985
20924
20639
20527
20549
20626
23937
20888
20602
21002
20993
20726
20535
20672
20696
20911
20962
20649
20501
20610
20739
20790
21018
20969
20756
20269
20175
20069
20036
20080
20642
20673
20551
20804
20585
20526
20667
20526
20263
20529
20691
20793
20988
21027
20685
20979
20960
21012
20652
20596
20560
20517
20683
23004
21523
20701
20549
20575
20683
20624
20498
20547
20563
20717
20638
20812
20627
20627
20613
20719
20937
21012
20911
20545
20612
20689
20590
20468
20522
20634
20702
20706
20558
20579
20768
20981
20969
20568
20575
20509
21003
20720
20679
20918
20529
20547
20781
20519
20554
20494
20681
20656
24039
20769
20615
20554
20978
20653
20536
20558
20488
20608
20750
20573
20497
20555
20649
21054
20810
20536
20581
20547
20867
20987
20873
20553
20499
20511
20661
20637
20819
20738
20977
21008
20790
20496
20555
20546
20717
20577
20602
21169
21101
21011
20803
21160
20965
20943
20979
22437
21583
20946
20984
20965
20982
21046
21031
20653
20532
20657
20725
20608
20563
20597
20520
21043
21060
20967
21017
20960
20679
20650
20647
20556
20516
20602
20793
20532
20813
20594
20527
20671
20680
20524
20561
20587
20581
20615
21021
21013
21026
20530
21091
21017
20772
20611
20955
21037
23652
20895
20852
20528
20609
20542
20682
20564
20533
20557
20874
20507
20552
20538
20455
20793
21424
20999
20960
20683
20719
21347
20706
20567
20548
20500
20565
20805
20777
20559
20582
20678
20634
20585
20529
20575
20516
20671
20676
20654
20930
20945
20690
20698
20957
21003
20750
20773
20673
22971
20753
20652
20602
21019
20982
20761
20543
20553
20532
20735
20604
20623
20598
20810
20973
20529
20569
20636
20600
20873
20745
21122
21047
20550
20496
20675
20659
20676
20578
20532
21005
20721
20702
20339
20169
20362
20430
20447
20620
20771
20716
20884
20981
20774
20520
20624
20636
24337
21052
20976
21054
20723
20643
20588
20557
20802
20709
20623
20591
20560
20527
20580
20878
20978
20960
20722
20554
20697
20601
20537
20576
20700
20701
20620
20532
20813
20464
20628
21000
21009
20797
20509
20526
20683
20666
20681
20476
20839
20685
21014
20987
20638
20538
20519
20868
23549
20666
20528
20655
20918
20660
20500
20564
20522
20764
20840
20695
20582
20539
20503
20868
21022
20964
20907
20596
20689
20665
20548
20666
20586
20636
20564
20632
21028
21019
20882
20590
20649
20492
20503
20546
20510
20774
20599
21509
20557
20768
20737
20982
20944
20719
20501
21005
22643
22372
20898
21112
20801
20883
20963
20628
20567
20725
21019
20856
21103
20960
20905
21069
21073
20830
20671
20502
20676
20679
20528
20591
20562
20529
20717
20612
20759
20561
20478
20671
20670
20759
20801
20516
20518
20724
20556
20683
20526
20917
21043
20920
20496
20646
20464
20594
20891
23572
20836
20845
20804
20603
20329
20080
20204
20801
20688
20564
20556
20564
20599
20724
21101
20619
20614
20528
20598
20725
20579
20503
20516
20509
20787
20616
20942
20750
20034
20591
20155
20035
20602
20676
20629
20671
20551
20669
20466
20718
20671
21110
20954
20544
20499
20680
21461
21717
20877
20673
20724
20983
20978
20599
20518
20615
20759
21041
20687
20169
20110
20673
20870
20596
20526
20627
20631
20732
20693
20598
20596
20514
20768
21070
21020
20698
20509
20547
20980
20644
20553
20522
20638
20761
21004
20884
20649
20579
20790
20678
20558
20557
20536
20551
20808
21014
21617
20904
21062
20831
20657
20864
20585
20582
20578
20556
20591
20537
20586
20784
20864
21013
20573
20770
20980
20999
20642
20532
20565
20560
20661
20641
20556
20664
20693
20547
20678
20630
20598
20591
20501
20710
20720
20502
20676
20736
21097
20545
20675
20652
20604
20555
20813
20967
23230
20741
20638
20786
20929
20963
20736
20583
20627
20587
20611
20643
20525
20766
20997
21003
20701
20603
20492
20536
20773
20676
20963
20953
20608
20626
20606
20582
20800
20524
20872
20976
20965
20745
20522
20601
20741
20596
21004
20605
20582
20590
20392
20682
20641
20507
20564
20613
20909
22106
20669
20764
20704
20636
20579
20500
20577
20696
20652
20529
20530
20578
20659
20788
20750
20604
20521
20696
20873
21017
20860
20571
20524
20700
20650
20597
20531
20956
21004
20588
20666
20556
20566
20543
20648
20710
20692
20539
20898
20989
20902
20577
20589
20612
20665
20758
23473
20773
21016
20939
21008
21054
20830
20587
20636
20639
20669
20533
20585
20496
20597
21127
20995
20961
20723
20528
20515
20662
21034
20938
20855
20609
20773
20594
20561
20735
20550
20987
20932
20509
20640
20508
20564
20630
20745
20582
20474
20523
20659
20757
20681
20710
20544
20750
20675
22580
20911
20296
20707
20635
20632
20549
20549
20499
20543
20765
20543
20552
20629
20977
21002
20973
20722
20582
20500
20700
20647
20572
20592
20524
20864
21068
20987
20529
20717
20663
21015
20648
20562
20492
20530
20712
20717
20495
20651
20529
20718
20635
20676
20531
20549
20507
20719
22900
21028
21026
20969
20869
20700
20921
20597
20625
20517
20612
20646
20563
20718
21050
20895
20646
20551
20563
20571
20681
20606
20637
20978
20958
20830
20604
20744
20989
21009
20690
20760
20646
20506
20516
20567
20539
20638
20724
20575
20561
20527
20713
20679
20831
20603
20587
20747
22427
21073
21002
20947
21102
20528
20683
20585
20581
20560
20649
20669
20585
20543
20631
20814
21121
20967
20555
20559
20514
20788
20634
20505
20679
20501
20653
20729
20531
20593
20671
20689
20913
20748
20482
20579
20626
20695
20710
21481
20530
20615
20729
20789
20990
20613
20573
20560
21821
22022
21009
20972
20969
20992
20741
20927
21045
21016
20988
20609
20951
20901
20629
20971
21096
20785
20574
20590
20521
20720
20682
20522
20589
20529
20599
20673
20606
20575
20711
20498
20572
20746
20942
20947
20761
20895
21015
20965
20730
20557
20632
21212
21070
20887
20627
20512
22929
21355
20869
20500
20495
20651
20603
20554
20540
20592
20500
21084
20974
20801
20663
20738
20547
20753
20581
20522
20543
20596
20641
20525
20516
20488
20556
20680
20613
20561
20585
20689
20695
20962
20730
20652
20640
20682
20910
20535
20581
20551
20519
20830
21100
20959
20633
20535
22815
21383
20816
20546
20518
20588
20662
20645
20565
20569
20541
20629
20610
20589
20670
20918
20522
20639
20684
20583
20528
20535
20504
20747
20553
20539
20597
20587
20728
20530
20561
20767
20501
20686
20698
20553
20612
20630
20660
20558
20707
20623
20569
20645
20793
20603
20725
20644
20622
23338
20833
20891
20585
20581
20769
21102
20954
20667
20599
20552
20669
20670
20629
20789
21097
21076
20864
20528
20584
20518
20775
20638
20708
20556
20553
20500
20783
20618
20526
20552
20808
20673
20844
20618
20494
20575
20493
21057
20981
20914
20624
20588
20776
21013
20965
20675
20543
22410
20953
20612
20552
20659
20518
20688
20641
20656
20501
20553
20537
20749
20595
20499
20775
20498
20749
20680
20562
20992
20932
20631
20676
20501
20596
20476
20725
20970
20982
20808
20738
20745
21073
20930
20710
20587
20660
20696
20500
21327
20738
20957
20849
20320
20419
20042
20656
23437
20548
20681
20603
20526
20732
20616
20721
20624
20575
20522
20592
20618
20577
20511
20789
20487
20740
20638
20559
20513
20512
20676
20749
20805
20520
20632
20608
20648
20509
20590
20560
20696
20634
20673
20554
20479
20538
20833
21053
20955
20513
20837
20942
20526
20131
20097
20079
20160
23422
20760
20687
20525
20667
20960
20774
20504
20598
20501
20639
20656
20497
20549
20815
20793
21147
20993
20650
20557
21204
20743
20689
20539
20606
20588
20726
21034
20970
20730
20520
20592
20652
20620
20632
20621
20580
20703
20671
20635
20594
20643
20692
20688
20847
20530
20568
22142
21856
21019
21124
21081
20977
20988
20973
20557
20530
20532
20612
20657
20545
20609
20747
20900
21004
20826
20132
20196
20346
20691
20632
20827
20500
20544
21064
21033
20975
20575
20548
20625
20945
20963
20923
20747
20713
20688
20640
20556
20572
20508
20979
20985
20891
20593
20545
20589
22287
20978
20613
20522
20593
20585
20830
20816
20808
20497
20676
20670
20577
20662
20530
21052
21087
20980
20596
20550
20539
20632
20627
20525
20574
20489
20661
20702
20524
20547
20516
20667
21126
20989
20650
20526
20532
20969
20658
20500
20616
20554
20813
20794
20977
20716
20443
20602
23359
21727
20684
20507
20571
20686
20719
20970
20997
21034
20905
20744
20955
20595
20654
20827
21040
21030
20969
20957
20955
20824
20609
20491
20528
20547
20601
20597
20938
20983
20904
20523
20739
20980
20874
20648
20528
20804
20742
20577
21225
20776
20668
20837
20673
20662
20528
20564
20828
22251
20971
20782
20532
20775
20634
20558
20610
20532
20601
20645
20698
20819
20556
20805
20561
20796
20706
20541
20558
20553
20780
20970
20954
20625
20520
20680
20682
20523
20858
20514
20604
20902
21016
20909
20562
20749
21220
20536
20556
20534
20559
20703
20692
20715
20625
20596
22986
20934
21002
20970
20944
20779
20616
20729
20783
20618
20551
20672
20672
20535
20805
21081
21015
20943
20626
20295
20125
20600
20696
20606
20593
20553
20525
20645
20695
20517
20534
20548
20580
20760
20648
20596
20555
20602
20755
20857
20704
20625
20291
20605
20735
20605
20700
20941
22632
21104
20838
21024
20957
20953
20675
20738
20661
20660
20552
20732
20698
20613
20569
20792
20603
20661
20857
20985
20977
20645
21012
21216
20863
20556
20560
20566
20647
20554
20520
20549
20513
20804
20638
20546
20556
20489
20559
20654
20666
20472
20584
20658
20758
20662
20592
20875
20666
23492
20882
20976
20969
20962
20805
20602
21049
20643
20552
20492
20847
20939
20956
20861
20509
20887
20961
20600
20653
20654
20658
21021
21016
20603
20529
20518
20637
20661
20583
20555
20541
20831
21033
20908
20503
20576
20590
20900
20773
20621
20525
20738
20727
20766
20700
21129
20566
23671
20938
20971
20521
20397
20468
21031
20834
20552
20173
20534
20584
20717
20548
20610
21104
21099
20837
20657
20549
20549
20550
20734
20597
20610
20539
20553
20619
20626
20578
20528
20552
20540
20947
20554
20577
20528
20552
20718
20670
21392
20608
20571
20677
20737
20945
20321
20630
21965
21186
21102
21005
20511
20552
20879
20985
20988
20565
20494
20577
20618
20738
20596
20791
20483
20843
20710
20460
20814
20713
21092
21011
20589
20783
20966
20996
20635
20656
20532
20499
20498
20947
21012
20792
20547
20575
20845
20982
20970
20559
20524
20531
20655
20639
20612
20796
21826
20809
21139
20734
20991
20971
20763
20654
20716
20720
20608
20541
20617
20620
20683
20803
20707
20993
21281
20722
20490
20613
20749
20612
20585
20702
20542
20525
20725
20833
20963
20629
20525
20752
21055
20985
20873
20855
21142
20913
20906
20960
20993
20576
20669
20681
20624
20759
21682
21352
20905
20594
20543
20534
20855
20996
20987
20571
20581
20526
20677
20603
20631
20843
20607
20590
20630
20677
20567
20524
20523
20652
20631
20466
20576
20553
20748
20692
20531
20582
20660
20725
20964
20634
20661
20667
20904
20908
21050
20557
20540
20565
20858
20633
20614
20863
20955
23702
20801
20661
20624
20609
20534
20994
20994
20831
20647
20577
20738
20709
21031
21080
20977
20992
20899
20690
20863
20964
20930
20760
20632
20518
20584
20526
20839
20847
20690
20400
20130
20641
21104
20831
20738
20536
20716
20546
20787
20559
20505
20686
20633
20615
20550
20815
20518
23732
21018
20887
20929
20954
20786
20549
20764
20626
20523
20571
20729
20595
20543
20800
20870
20965
20545
20642
20577
20529
20517
20605
20797
20519
20072
20100
20385
20739
20573
20582
20529
20548
20881
21036
20830
20582
20962
20933
20748
20967
20813
20866
20789
20757
20621
20764
20974
23023
20584
20247
20272
20599
20603
20567
20624
20752
20577
20600
20496
20545
20752
20701
20919
20534
20680
20952
20972
20513
20858
20935
20633
20632
20608
20562
20582
21358
21486
20619
20612
20618
20865
20840
20755
20542
20612
20583
20723
20741
20966
20896
20576
20615
20729
20527
20885
23546
21102
20733
21017
20984
20495
20974
20978
20969
20563
20532
20559
20940
21246
20837
20737
20501
20826
21025
20948
20659
20562
20687
20662
20525
20601
20496
20692
20812
20995
20963
20957
20919
21087
20991
20886
20525
20628
20590
20609
20978
20961
20770
20833
20873
20994
20856
20671
23427
21306
20762
20893
21001
20889
20686
20649
20679
20562
20629
20590
20086
20549
20697
20734
20532
20748
20692
20572
20818
21025
20970
20991
20977
20604
20529
20559
20628
20645
20661
20504
20555
20684
20641
20716
20464
20623
20771
20981
21006
20608
20515
20487
20713
20633
20922
20584
22966
21026
20997
20952
20958
20983
20787
20642
20665
20648
20938
20955
21047
21009
20844
21014
20993
20899
20708
20542
20550
20532
20590
21104
21109
20945
20581
20550
20598
20791
20510
20558
20710
20716
21077
20986
20683
20568
20566
20683
20613
20584
20613
20530
20571
20609
20684
20633
20754
22299
21107
20793
20401
20387
20449
20647
20885
21053
20624
20607
20518
20658
20762
20788
20535
20643
20780
20580
20586
20532
20524
20689
20658
20513
20540
20809
20718
20982
20984
20657
20464
20537
21019
20667
20712
20553
20611
20709
20962
21284
20959
20719
20686
20650
20588
20660
20501
23615
20994
20976
20920
20983
20780
20769
20522
20558
20717
20606
20609
20636
20653
20876
20973
21129
20840
20589
20551
20466
20551
20752
20522
20648
20527
20499
20699
20743
20965
20960
20685
20673
20817
21267
21180
20952
20651
20717
20933
20556
20881
21075
21021
20701
20547
20670
23191
21314
20657
20609
20490
20594
20626
20773
20552
20703
20763
20483
20635
20632
20609
20795
20564
20635
20941
20636
20556
21177
20543
20631
20689
20534
20503
20502
20811
20631
20495
20569
20683
20669
20811
20668
20783
20536
20582
20759
20632
20560
20561
20562
20788
20868
20508
20601
20526
24278
21625
21081
20877
20852
20971
21041
21014
20857
20617
20607
20789
20956
21010
20776
20638
20620
20553
20658
20572
20552
20461
20957
21007
20759
20556
20520
20741
20614
20551
20527
20624
20539
20640
20748
20699
20984
20795
20704
20715
20626
20524
20551
20651
21034
20957
20733
20556
23547
20878
20605
20581
20652
20567
20781
21066
20964
20561
20559
20722
20801
20530
20859
20978
21029
20863
20635
20567
20560
20512
20646
20600
20590
20556
20502
20955
21037
20968
20579
20561
20618
20552
20555
20745
20753
20665
20598
20616
20621
20554
20500
20578
20618
20557
20488
20085
21999
20777
20439
20606
20602
20560
20636
20632
20612
20584
20524
20549
20533
21062
20770
21062
21009
21054
20975
20859
20496
20524
20627
20597
20717
20981
20963
20905
20630
20678
20557
20529
20483
20546
20722
21196
20908
21237
21120
21118
20777
21603
20611
20628
20650
20521
20616
20566
23362
20973
21013
20940
20962
21042
20989
20628
20526
20584
20517
20690
20603
20558
20673
20792
20612
21047
20598
20078
20481
20604
20759
20549
20522
20529
20524
20996
21005
20929
20613
20519
20567
20556
20688
20625
20953
20854
21121
20958
20737
20559
20595
20655
20708
20675
21046
21378
23805
21794
21191
21307
21172
20885
20673
20602
20771
21731
21421
21040
20725
20909
21475
21113
20797
21546
21073
21946
20556
20626
20605
20427
20491
20438
20431
20506
20531
20617
20580
20513
20639
20796
20516
20608
20670
21156
20853
20573
20604
20536
21001
21011
21068
20653
20772
20865
22616
21050
20640
20536
20595
20769
20495
20582
20631
20496
20681
20723
20524
20555
20592
20789
20624
20688
20677
20550
20532
21058
20998
20574
20633
20608
20684
20693
21079
20940
20937
20564
20631
20642
20582
20521
20482
20722
20965
20490
20599
20528
20619
20599
20530
20154
20000
20378
22652
21626
21068
20531
20530
20598
20910
21008
20837
20616
20637
20690
20901
20968
20796
20793
20715
20683
20552
20641
20512
20574
20618
20678
20551
20529
20610
20795
20571
20552
20771
21244
21092
20983
20959
20912
20532
20555
21002
21007
20563
20801
20952
21142
20530
20572
20604
20601
20621
23070
21053
20980
21002
20892
20897
21005
20811
20598
20472
20614
20768
20967
20999
20964
20875
20745
20276
20190
20049
20286
20620
20728
20592
20519
20667
20569
20709
20533
20603
20767
20878
20851
20517
20116
20132
20447
20979
20748
20569
20611
21223
20993
20740
20562
20549
20580
22678
21623
20993
21060
20955
20763
20651
20623
21069
20983
20765
20609
20792
20774
21018
20925
20627
20571
20632
20798
20590
20552
21711
21576
21675
21369
20927
21072
20917
20559
20533
20574
20635
20991
20987
20711
20615
20652
20843
20731
20622
20550
20497
20793
21022
20611
20955
20953
22312
22517
20686
20901
20962
20955
20770
20659
20554
20636
20719
20942
20882
20857
21046
21161
21156
21144
21132
21153
21138
21126
21292
21141
21132
21142
21132
21149
21152
21148
20668
20578
20714
21042
21021
20895
20872
20811
20988
20643
20744
20812
20638
20882
20645
20531
20548
20556
22830
21657
21970
21248
21455
21512
21090
21048
20977
20989
20951
20727
21103
20959
20691
20694
20650
20935
20738
20630
20521
20713
20768
20696
20582
20641
19982
20543
21118
21110
20563
20733
20690
20772
20657
20691
20504
20474
21101
21082
20780
20584
20528
20504
20880
21003
20953
20576
24007
20925
20984
20547
20546
20552
21027
20981
20920
20634
20505
20580
20594
20757
20497
21132
20949
20767
20580
20595
20553
20543
20674
20665
20525
20858
20665
21424
21703
21623
21448
21836
21425
20635
20364
20450
20385
20787
21038
20989
20530
20782
20997
20982
20891
20757
20607
22193
24755
20713
20782
21069
20982
21018
20795
20906
20606
21034
20408
20088
20699
20620
20761
20531
20682
20607
20618
20629
20684
20546
20465
20660
20649
20493
20581
20677
20693
20531
20555
20522
20604
20763
20535
20532
20525
21030
20822
20861
20632
20662
21374
20695
20755
20655
20550
20531
23101
21262
20651
20760
20564
20569
20641
20607
20907
20992
20729
20696
20996
20964
20794
21012
20548
20713
20651
20528
20551
20622
21008
20887
20694
20647
20581
20759
20682
20583
20589
20520
20599
21038
21016
20797
20520
20676
20975
21027
20634
20621
20548
20587
20525
20726
20609
20668
22609
20631
20699
20564
21207
21243
20872
20745
21068
20990
20668
20511
20611
20654
20663
20754
20571
20694
20741
21088
20576
20505
20713
20707
20662
20637
20615
20625
20678
20646
20593
20587
20490
20695
20673
21410
20601
20398
20836
20812
20795
20642
20562
20593
21023
22009
21073
20806
22176
20826
20578
19912
20097
19906
19995
20126
20231
21519
20420
20196
20268
20151
20162
20609
20589
20631
20260
20161
20076
20007
19995
20739
20741
20559
20143
20018
20155
20223
20128
20001
20086
20077
20240
20098
20030
20066
20035
20131
20028
20148
19945
20025
20007
20104
20231
20467
20567
20812
22259
20442
20439
20389
20501
20438
20203
20000
19953
19938
20025
20057
20509
20420
20578
20088
19976
20241
20128
20042
20039
20053
20150
20132
20039
20085
20016
20220
20133
20160
20019
20194
20076
20068
20099
20129
20118
20134
20018
20085
20234
20114
20022
20028
20053
20169
20320
20010
20199
21863
20775
20004
19973
20335
20381
20495
20267
20056
20044
20006
20032
20169
20150
20079
20295
19967
20097
20113
20117
20017
20055
19968
20239
20515
20595
20311
20021
19993
20317
20072
20033
20019
20065
20362
20174
20141
20035
20055
20104
20204
20321
20093
20054
21311
20051
20091
20184
20138
21891
20206
20174
20074
19997
20134
20058
20061
20133
20179
20052
20295
20577
20745
20151
20218
20113
20001
20134
20123
20178
20053
20028
20011
20264
20095
20057
20052
20075
20264
20600
20654
20524
20045
20035
20204
20150
20143
20098
20137
20149
20093
20304
20088
20000
20137
20161
20098
20027
20055
22486
20123
19936
19941
20034
20031
20128
20068
20046
20045
20030
19965
20239
20122
20190
20389
19999
20075
20121
20737
20063
21121
20127
20186
20125
20052
20077
20004
20020
20199
20079
20018
19993
20034
20133
20146
19996
20026
20064
20243
20104
20028
20249
20036
20001
20194
20124
20053
20052
20026
22722
20446
20440
20034
20068
19955
20196
20121
20071
20032
20055
20150
20744
20560
20700
20182
20114
20277
20128
20023
20031
20028
20123
20084
20116
20079
20026
20031
20160
20127
20033
20054
19994
20151
20120
20121
20049
20054
20032
20107
20128
20372
20328
20444
20514
20170
20092
20068
20104
22316
21112
20503
20422
20032
20158
20185
20479
20623
20335
20049
19998
20248
20181
20134
20297
20026
20085
20109
20234
20175
20124
20032
20137
20284
20092
20032
20023
20072
20535
20072
20026
20027
20131
20609
20513
20207
20032
20144
20161
20137
20145
20247
20087
20089
20233
20262
20555
20074
22046
20854
20541
20143
19967
20261
20371
20445
20546
19934
19942
20056
20421
20683
20595
20593
20030
20035
20164
20174
20278
20085
20109
20585
20458
20409
20190
20027
20026
20185
20090
20053
20039
20052
20058
20113
20148
20057
20049
20105
20067
20232
20085
20528
20704
21183
20126
20059
20121
21561
20318
20197
20013
19940
19945
20157
20050
20090
20099
20072
20034
20030
20145
20364
20340
20226
19968
20035
20091
20107
20058
20010
20008
20072
20221
20087
20151
20016
20187
20109
20168
20003
20256
20024
20155
20088
20056
20034
20106
20252
21220
20915
20454
20522
20608
20462
20128
20099
20057
22492
20595
21001
20239
20034
20165
20187
20105
20116
20060
20026
19997
20552
20495
20167
20362
20413
20501
20291
20154
20626
20008
19998
20376
20133
20126
20105
20008
20308
20715
21379
21185
20464
20692
20137
20038
20111
20029
20043
20630
20614
20553
20609
20551
20034
20119
20215
20093
20044
21830
20510
20410
19916
20000
20058
20402
20176
20120
20051
20054
20004
20165
20298
20685
20842
20173
20140
20142
20096
20070
20025
19999
20475
20425
20377
20268
20011
20176
20591
20378
20357
20101
20052
20108
20286
19995
20033
20071
20349
20761
20594
20455
20020
20203
20184
20166
20045
20061
20271
22355
20153
20025
20040
19943
19941
20693
20488
20481
20056
20076
20154
20092
20140
20299
20092
20002
20066
20241
20025
20051
20130
20054
20281
20030
20026
20021
20001
20195
20120
20024
20026
20054
20377
20360
20121
20053
20069
19990
20323
20129
20025
20052
20020
20361
20117
20361
20562
20225
21616
21255
20627
19973
19919
19912
20445
20476
20395
20456
19962
20174
20593
20412
20525
20404
20031
20034
20061
20169
20102
20042
19967
20122
20174
20047
20026
19999
20142
20102
20789
20058
20034
20033
20079
20236
20020
20108
20099
20333
20578
20486
20170
20060
20256
20905
20609
20517
20344
20003
22040
20131
20137
20063
20042
20005
20562
20641
20403
19994
20038
20103
20219
20442
20898
20550
20249
20266
20140
20120
20038
20052
20134
20114
20079
20029
20022
20004
20167
20130
20058
20052
20052
20052
20146
20119
20079
20058
20028
20367
20738
20567
20030
20365
20049
20222
20028
20469
20013
21946
20513
20016
19966
19943
19981
20270
20479
20544
20371
19965
19889
20065
20097
20635
20720
20625
20560
20757
20581
20611
20038
20001
20207
20146
20040
20059
20050
20169
20127
20081
20036
20024
20004
20142
20219
20051
19989
20086
20248
20114
20108
20213
20593
20109
20081
20526
20448
20099
22263
20067
20181
19914
20171
19943
20000
20457
20275
20418
20271
20054
20090
20099
20191
20670
20421
20422
20612
20588
20419
20156
20053
20071
20075
20222
20105
20057
20025
20080
20276
20031
20027
20042
20058
20375
20491
20505
20275
20138
20174
20138
19992
20051
20030
20313
20115
20132
20057
20284
21865
20128
20041
20075
19940
20006
20104
20814
20706
20528
20174
20002
20042
20352
20173
20485
20501
20090
20238
19992
20055
20025
20075
20263
20157
20124
20674
20020
20138
20094
20119
20061
20115
20001
20135
20277
20146
20197
20080
20193
20091
20069
20038
20086
20208
20040
20225
20184
20089
22409
20642
20139
19945
19912
19975
19973
20456
20278
20145
20060
19993
19955
20149
20270
20222
20054
20094
20047
20112
20096
20100
20027
20035
20047
20224
20588
20532
20564
20099
20204
20041
20069
20050
20003
20471
20629
20584
20268
20264
20141
20089
20166
20149
20443
20924
20510
20408
20040
22496
20359
20339
20154
20110
20055
20022
20003
20386
20173
20029
20077
20058
20148
20136
20300
20091
20092
20107
20191
20197
20022
20035
20080
20052
20084
20132
20028
20141
20108
20180
20157
20123
20020
20045
20012
20276
20334
20050
20107
20088
20022
20243
20129
20458
20394
20247
20201
20119
20021
22053
20213
20098
20011
19974
19986
20188
19996
20459
20524
20318
20018
20030
20108
20163
20398
20004
20029
20014
20645
20599
20639
20055
20090
20060
20173
20054
20033
20021
20018
20354
20170
20071
20127
20137
20110
20103
20025
20096
20169
19998
20119
20124
20034
20081
20077
20242
20083
20122
20286
22383
20107
20104
20223
19971
20008
20034
20338
20296
20032
20082
20026
20006
20136
20369
20133
20028
20016
20124
20190
20126
20031
20166
20004
20183
20117
20051
20053
20050
20029
20210
20109
20085
20057
20203
20166
20187
20122
20112
20085
20030
20088
20199
20025
20028
20314
20142
20239
20079
21773
20057
20057
20067
19989
19997
20021
20060
20218
20477
20493
20260
20218
20095
20532
20710
20336
20055
20032
20048
20140
20401
20025
19977
19961
20098
20096
20073
20022
20118
20056
20239
20074
20085
19994
20029
20104
20195
20118
20247
20100
20083
20058
20160
20104
20074
20165
20272
20215
21651
20916
20485
20320
20463
20519
20320
19919
19883
20140
20148
20025
20054
20013
20400
20612
20551
20319
20027
20054
20177
20128
20031
20054
20058
20039
20107
20101
20027
20095
19975
20124
20093
20148
20019
20023
20028
20191
20112
20058
20244
20665
20757
20257
20121
20024
21219
20213
20209
20182
21708
20502
20498
20000
19981
19974
20023
20028
20006
20855
20468
