20479
20885
20693
20690
20601
20694
20676
20915
20857
20583
20202
20051
20486
20709
20623
20539
20541
20731
20601
20661
20097
20091
20018
20544
20707
20591
20525
20675
20664
20789
22099
21775
20663
21076
21026
21133
21127
20754
20829
20605
20579
20516
20283
20686
20697
20593
20668
20620
20637
20679
22258
20639
20658
20578
20185
20626
20670
20634
20535
20531
21178
21042
21000
21126
20563
20474
20825
20681
20698
20702
21143
20644
20558
20653
21019
21105
22866
20986
41207
21279
21218
21117
21125
20913
20965
20970
20797
20509
20660
20525
21053
20767
20615
20318
20707
20659
20653
20331
20862
20751
20563
20965
20705
20299
20708
20659
20624
20355
20619
20083
20428
20192
20482
20608
20620
20503
20631
20603
20637
20640
20718
20518
20662
20652
20581
21116
21894
20759
20939
20549
20542
20664
21195
20755
20622
20448
20454
20668
20345
20598
20047
20621
20569
20778
20639
20774
20573
20541
20613
20974
20497
20755
20555
20531
20840
21005
20967
20628
20472
20666
20751
20808
20303
20045
20043
20569
20613
20052
20067
20066
20314
20560
20068
20073
23409
21263
20975
20812
20646
20607
20566
20836
21087
21075
20236
20054
20708
20894
20738
20667
20603
20532
20688
20682
20496
20607
20780
20687
20580
20686
20546
20441
20034
20224
20213
20083
20056
20121
20924
21668
20638
20038
20038
20035
20614
20675
20556
20607
20513
20584
20631
20722
21046
23038
21065
21064
20639
20141
20056
20331
20182
20163
20082
20034
20114
20645
20156
20323
20197
20100
20509
20862
20859
20981
21107
20869
20737
20597
20702
20653
20559
20741
20665
20625
20247
20114
20143
20377
20676
20984
20618
20506
20707
20637
20653
20591
20503
20610
20757
20553
20239
20381
22892
20964
20898
21057
20549
20355
20251
20191
20117
20071
20113
20215
20407
20667
20414
20129
20051
20454
20718
20590
20579
20572
20678
20630
20528
20702
20532
20685
20699
20705
20483
20557
20507
20548
20715
20685
20553
20531
20518
20781
20527
20552
20532
20543
20699
20630
20577
20555
20576
23449
20993
20722
20542
20648
20681
20703
20191
20843
20194
20508
20372
20657
20721
20600
20605
20573
20667
20642
20579
20632
20611
20679
20755
20544
20058
20174
20201
20730
20593
21023
20606
20603
20619
20670
20622
20581
20079
20120
20140
20209
20136
20057
20015
20344
20269
20056
20079
22257
21615
20695
20170
20080
20101
20176
20717
20496
20165
20342
20070
20347
20168
20394
20631
20602
20635
20626
20673
20635
20529
20764
20695
20565
20185
20072
20138
20307
20529
20038
20088
20012
20192
20363
20674
20619
20574
20562
20511
20667
20606
20510
20511
20263
20669
20681
20582
20653
21826
21018
20872
20555
20525
20473
20198
20134
20168
20165
20187
20197
20545
20602
20803
20652
20689
20540
20327
20095
20128
20085
20215
20631
20627
20650
20482
20574
20905
21176
21033
20972
20933
20956
20684
20746
20683
20469
20075
20284
20245
20043
20061
20077
20234
20603
20181
20122
20188
22673
20983
20952
20490
20537
20509
20160
20220
20153
20048
20050
20432
20382
20659
20537
20122
20216
20615
20065
20071
20061
20013
20277
20200
20033
20205
20098
20096
20221
20103
20038
20163
20604
20696
20585
21023
20058
19998
20170
20718
20599
20062
20141
20024
20397
20789
20614
20712
20643
22900
21999
21098
21116
21106
20741
20747
20643
20602
20622
20561
20665
20609
20588
20510
20086
20602
20304
20599
20131
20178
19985
20436
20625
20674
20110
20005
20110
20714
20436
20072
20095
20035
20102
20706
20600
20635
20582
20580
20655
20675
20612
20663
20640
20685
20706
20573
20829
20987
24100
21508
21069
20725
21004
20926
20573
20647
20677
20096
20564
20736
20791
20717
20727
20587
20489
20603
20670
20619
20317
20507
20459
20165
20236
20075
20191
20252
20210
20104
20140
20081
20054
20760
21183
20172
20265
20387
20372
20243
20681
20605
20589
20573
21312
20544
20706
20653
20577
23537
20858
20637
20536
20539
20626
20688
20660
20604
20613
20224
20654
20533
20782
20320
20068
20507
20650
20523
20183
20067
20321
20329
20602
20690
20512
20502
20680
20650
20516
20035
20150
20212
21033
20245
20556
20411
20028
20636
20626
20550
20488
20608
20522
20636
20652
20689
20696
23778
21056
20694
20593
20594
20565
20655
20664
20491
20527
20592
20631
21091
21125
20875
20109
20026
20677
20219
20099
20056
20694
20534
20356
20995
20651
20551
20638
20697
20611
20582
20582
20495
20684
20756
20658
20568
20506
20612
20651
20642
20563
20533
20530
20737
20621
20582
20632
20580
23183
21074
20702
20618
20628
20603
20610
20639
20594
20543
20518
20763
20675
20624
20771
20664
20706
20647
20630
20562
20756
20939
20592
20387
20226
20125
20218
20650
20393
20140
20079
20060
20049
21006
20865
20679
20951
20943
20860
20719
20558
20583
20557
20581
20674
20667
20373
20047
20075
24057
21169
20705
21029
21132
20889
20612
20696
20617
20560
20610
20828
20710
20640
20804
20508
20704
20704
20611
20236
20093
20199
20627
20707
20587
20587
20532
20668
20682
20757
20556
20578
20703
20756
20639
20391
20068
20042
20630
20680
20591
20497
20592
20592
20568
20659
20634
20546
22671
21051
21066
20575
20591
20516
20647
20677
20537
20558
21014
20737
20737
20595
20414
20049
20031
20644
20701
20859
20959
20856
20332
20481
20050
20098
20068
20068
20224
20173
20064
20523
20635
20729
20593
20612
20404
20041
20068
20205
20155
20122
20068
20090
20088
20115
20180
20182
20057
22152
21138
20719
20529
20824
20956
21010
20917
20524
20940
21206
20897
20130
20271
20344
20042
20041
20516
20733
20576
20491
20533
20715
21106
20962
20729
20533
20579
20634
20570
20629
20143
20024
20448
20756
20460
20075
20060
20221
20660
20661
20596
20553
20486
20737
20795
20603
20553
22169
24194
20702
20386
20137
20080
20184
20710
20651
20619
20559
20521
20684
20590
20454
20507
20677
20628
20692
20654
20565
20044
20039
20272
20368
20086
20133
20120
20200
20672
20641
20640
20552
20562
20792
20624
20310
20072
20284
20304
20430
20231
20121
20177
20038
20266
20162
20143
20144
21682
21741
20627
20400
20537
20486
20037
20280
20197
20055
20101
20254
20615
20209
20154
20431
20459
20095
20605
20677
20974
20958
20734
20591
20772
20591
20042
20072
20121
20717
20590
20628
20571
20674
20741
20677
20500
20527
20575
20514
20635
20699
21174
21124
20761
20280
20223
20131
20062
22149
20737
21126
20964
20987
20653
20607
20715
20313
20185
20101
20247
20579
20298
20249
20298
20045
20164
20629
20572
20348
20113
20023
20643
20627
20531
20071
20164
20097
20774
20901
20640
20645
20519
20688
20599
20555
20553
20469
20563
20811
20523
20561
20803
21226
21143
20505
20053
20092
25286
20686
20655
21135
21051
20534
20628
21086
20686
20823
20037
20277
20165
20253
20614
20508
20099
20962
20374
20044
20336
20196
20295
20626
20098
20071
20052
20155
20752
20675
20130
20114
20054
20532
20803
20622
20615
20245
20245
20726
20821
20653
20761
20934
20739
20747
20685
20324
21966
21878
20467
20554
20309
20085
20768
20848
20579
20544
20535
20468
20862
20343
20536
20586
20712
20631
20580
20672
20578
20627
20899
21425
21028
21122
21020
20384
20687
20648
20449
20292
20474
20643
20283
20073
20686
20513
20303
20377
20262
20079
20077
20095
20309
20266
20064
20189
22401
24016
20898
20626
20624
20496
20196
20746
20919
20674
20615
20570
20302
20323
20128
20054
20259
20747
20281
20081
20117
20049
20076
20650
21162
20904
20964
20972
21080
20847
20320
20089
20037
20103
20701
20233
20046
20112
20020
20128
20402
20102
20035
20042
20087
21090
20654
20575
20651
23482
22500
21161
21034
20856
20724
20681
20532
20078
20083
20078
20071
20785
20436
20133
20836
20706
20375
20649
20915
20800
20864
20936
20873
21138
20684
20619
20139
20730
20391
20471
20163
20252
20595
21110
20214
20134
20132
20049
20621
21693
21259
20959
20521
20361
21413
20216
21013
20321
24128
20704
20991
21243
20924
20569
20780
20713
20621
20402
20054
20143
20292
20241
20091
20061
20357
20661
20467
20047
20076
20101
20498
21132
20620
20646
20533
20567
20635
20728
20555
20553
20610
21004
20845
20426
20085
20104
20354
20827
20636
20154
20037
20117
20240
20254
20153
20145
20041
22584
20201
20215
20148
20038
20013
20548
21069
20595
20671
20657
20789
20649
20565
20043
20053
20285
20685
20658
20547
20590
20481
20746
20822
20614
20174
20060
20127
20625
20450
20050
20087
20202
20754
20658
20560
20586
20656
20869
20157
20176
20069
20160
20054
20444
20383
20165
20139
22889
21034
21103
21112
20870
20044
20010
20623
20651
20617
20204
20086
20213
20465
20648
20597
20563
20632
20738
20609
20096
21472
20277
20761
20734
20374
20603
20562
20250
20629
20681
20640
20960
20961
20752
20596
20405
20035
20121
20348
20368
20103
20037
20118
20064
20642
20706
20588
20114
25787
20391
20498
20544
20416
20494
20550
20750
20502
20654
20585
20627
20361
20679
20602
20558
20451
20408
20608
20581
20557
20119
20040
20762
20756
20494
20121
20005
20127
20312
20086
20066
20342
20631
20351
20657
20553
20534
20621
20748
21039
20549
20254
20123
20109
20734
20424
20124
20957
21356
20367
20241
20104
20039
20047
20570
20752
20548
20621
20568
20634
20707
20609
20604
20604
20609
20848
20482
20897
20966
20867
20850
20808
20512
20058
20072
20143
20797
20617
20638
20530
20526
20701
21034
20608
20166
20096
20171
20630
20674
20616
20576
20546
20660
20847
20625
20623
21455
21330
20639
20591
20600
20562
20592
20664
20657
20683
20010
20011
20420
20201
20261
20045
20072
20224
20657
20154
20049
20547
20140
20699
20287
20232
20342
20191
20187
20725
20885
20645
20638
20599
20687
20319
20144
20057
20069
20191
20743
20848
20554
20322
20525
20700
20680
20799
20829
21726
22107
20460
20210
20173
20049
20036
20253
20209
20099
20569
20057
20292
20604
20566
20176
20063
20028
20649
20139
20079
20056
20232
20533
20654
20666
20153
20098
20043
20253
20137
20042
20090
20115
20214
20628
20700
20998
20957
20854
20728
20648
20614
20243
20054
20373
20340
20226
20064
20421
23305
20463
20643
20605
20585
20594
20608
20627
20202
20075
20090
20416
20724
20677
20589
20502
20675
21285
20530
20484
20100
20201
20887
20636
20812
20606
20639
20639
20688
20571
20570
20552
20680
20716
20446
20145
20045
20049
20706
20192
20045
20106
20190
20260
20472
20201
20218
20135
20389
23484
20783
20674
21050
20648
20642
20615
20623
20341
20056
20154
20778
20518
20722
20982
20795
20659
21011
20744
20566
20530
20582
20803
20631
20755
20556
20506
20933
20533
20786
21026
20606
20694
20616
20707
20583
20504
20573
20856
20628
20608
20534
20516
20635
20608
20546
20305
20391
23251
21225
20434
20301
20125
20063
20751
20174
20131
20056
20092
20281
20569
20642
20146
20082
20049
20698
20702
20612
20546
20568
20766
21006
21067
20800
20861
20548
20678
20687
20395
20098
20183
20515
20293
20647
20493
20501
20941
20962
20875
20538
20565
20510
20898
21133
21116
20954
21649
21859
20791
20421
20040
20835
21555
21331
21388
20825
20730
20352
20818
21110
21086
20956
20931
20881
20961
20555
20140
20083
20188
20371
20172
20073
20309
20111
20372
20645
20604
20600
20569
20567
20698
20722
20601
20127
20125
20167
20360
20161
20635
20605
20590
20246
20384
20687
20838
23205
21005
20540
20261
20266
20113
20636
20689
20771
21090
20552
20500
20779
20581
20511
20291
20979
20666
20634
20307
20137
20048
20239
20496
20287
20137
20302
20053
20342
20667
20684
20555
20596
20552
21055
20637
20525
20612
20774
20810
20715
20622
20219
20032
20170
20238
20216
20206
20451
22961
20831
20888
20612
20521
20709
21013
20921
20150
20068
20090
20379
20894
20644
20668
20648
20592
20582
20803
20534
20124
20076
20351
20296
20069
20351
20889
20625
20887
20919
20631
20536
20625
20548
20626
20692
20645
20351
20019
20316
20304
20675
20654
21071
20920
20606
20094
20386
20110
23521
20573
20254
20083
20133
20442
20826
20141
20143
20024
20045
20731
20651
20471
20107
20023
20573
21417
21320
20868
21007
21026
20746
20569
20311
20308
20631
20717
20721
20313
20073
20444
20514
20385
20262
20106
20048
20006
20471
20632
20188
20538
20562
20491
20618
20687
20603
20782
20534
23316
20811
20611
20094
20089
20358
20760
20652
20358
20328
20620
21044
20645
20598
20636
20548
20675
20804
21079
20701
20632
20728
20539
20650
20276
20352
20529
20707
20624
20552
20595
20669
20973
20611
20568
20533
20583
20650
20883
20662
20666
20573
20602
20717
20764
20253
20573
20165
23457
20511
20671
20613
20660
20585
20659
20563
20263
20127
20039
20438
20325
20225
20070
20068
20075
20211
20479
20044
20220
20040
20547
20742
20632
20555
20667
21147
21025
20554
20050
20632
20551
20309
20229
20238
20045
20061
20159
20526
20241
20105
20118
20048
20127
20440
20052
20390
20113
22949
21493
20529
20581
20627
20444
20719
20652
20646
21088
20468
20605
20764
20601
20375
20047
20115
20805
20914
20581
20550
20509
20583
20674
20520
20645
20710
20792
20995
20694
20594
20617
20586
20728
20290
20610
20635
20581
20788
20670
20520
20220
20105
20075
20273
20195
20127
20444
20015
23035
20726
20763
20642
20633
20654
20685
20549
20558
20549
20532
20749
20574
20313
20127
20040
20281
20742
21176
20963
20908
20707
20695
20624
20559
20740
20734
20635
20655
20628
20629
20698
20639
20671
20632
20640
20559
20497
21010
21146
20585
20556
20531
20885
20786
20563
20498
20144
20027
24148
20453
20238
20105
20312
20336
20582
20598
20559
20536
20667
20732
20609
20367
20076
20059
20466
20794
20601
20590
20680
20630
20589
20802
20980
21016
20669
20599
20223
20070
20208
20205
20252
20561
20036
20130
20076
20063
20297
20176
20113
20064
20153
20130
20158
20173
20469
20127
20033
23368
20452
20233
20086
20101
20259
20759
20339
20685
20492
20586
20808
20641
20456
20137
20101
20473
20915
20725
20615
20597
20601
20654
20716
20536
20279
20365
20450
21108
20511
20446
20039
21232
20549
20605
20553
20583
20536
20630
20652
20901
20612
20575
20461
20232
20247
20485
20074
20010
23895
20989
20623
20634
20506
20514
20628
20621
20623
20499
20787
20752
20628
20535
20641
20671
20636
20875
20473
20554
20738
20712
20543
20511
20647
20494
20553
20659
20622
20521
20652
20555
20591
20722
20526
20531
20536
20608
20681
20724
20636
20602
20098
20297
20254
20388
20164
20416
22930
21318
20381
20093
20557
20386
20616
20198
20801
20600
20603
20854
20594
20483
20667
20588
20579
20667
20960
20983
20999
20503
20511
21136
20966
20837
20724
20666
20650
20614
20660
20500
20508
20733
20626
20772
20956
20914
20595
20693
20742
20421
20082
20114
20627
20687
20395
20120
20594
23227
21116
21088
20908
20538
20668
21083
21252
20599
20539
20676
20812
20597
20624
20666
20639
20412
20175
20348
20201
20094
20079
20631
20159
20172
20330
20051
20140
20134
20244
20117
20041
20063
20698
20682
20576
20623
20513
20663
20754
20532
20604
20664
20335
20628
20849
20642
20507
20527
24385
20690
20562
20518
20532
20474
20650
20628
20538
20508
20567
20818
21084
20861
20542
20018
20411
20526
20881
20724
20638
20590
20669
20515
20271
20228
20027
20236
20209
20087
20070
20091
20134
20644
20652
20597
20593
20468
20560
20650
20721
20520
20527
20712
20684
20817
20393
20059
20044
23196
20780
20744
20603
20595
20584
20832
20711
20561
20580
20510
21014
20527
20566
20540
20526
20723
20840
20744
20724
20756
20715
20402
20169
20142
20269
20024
20574
20757
21069
21016
21194
20818
20668
20650
20616
20185
20110
20714
20648
20533
20683
20521
20628
20848
20607
20202
20394
22690
21710
20162
20120
20107
20072
20619
20518
20220
20571
20601
20420
20627
20649
20585
20584
20500
20666
20766
20694
20613
20528
20952
21165
21131
20776
20441
20659
20656
20743
20669
20550
20471
20752
20671
20565
20051
20091
20265
21017
20653
20578
20601
20546
20783
20805
20622
20231
20105
23632
20788
20681
20540
20525
20537
20684
20636
20105
20098
20037
20283
20179
20042
20068
20043
20179
20649
20571
20239
20156
20043
20522
20725
20611
20493
20653
20562
20728
20317
20083
20070
20042
20526
20705
20363
20068
20558
20612
20223
20071
20095
20122
20087
20478
20352
20034
20034
20085
21259
21278
20735
20614
20661
20591
20641
20636
20425
20103
20055
20270
20308
20132
20081
20091
20081
20328
20528
20198
20145
20107
20231
20178
20512
20632
20652
20552
20682
20724
20784
20882
20277
20489
20751
20589
20520
20625
20740
20695
20777
20971
20985
20620
20906
20607
20428
20073
20262
24032
21145
20176
20045
20106
20246
20752
20609
20566
20577
20566
20912
20953
20770
20592
20482
20739
20985
20817
20693
20663
20604
20779
20616
20323
20315
20060
20466
20699
20599
20501
20919
20606
20828
20591
20667
20536
20585
20680
20350
20068
20042
20289
20288
20883
20634
20564
20529
20603
23244
20831
21059
20954
20959
20969
20719
20378
20197
20178
20114
20308
20051
20115
20035
20043
20285
20218
20368
20031
20229
20175
20626
20681
20614
20608
20585
20720
20820
20584
20529
21180
20325
20668
20637
20564
20584
20424
20638
20420
20073
20200
20367
20812
20751
20543
20569
20535
22863
21020
20842
20382
20066
20140
21016
20646
20616
20648
20148
20537
20463
20622
20606
20554
21181
21366
21221
20588
20164
20008
20642
20755
20583
20519
20689
20665
20657
20687
20620
20838
20261
20791
20835
20701
20723
20964
21031
20792
20613
20511
20072
20241
20959
20609
20606
20623
20678
23992
20953
20707
20539
20551
20813
20901
21168
20379
20048
20131
20211
20393
20182
20206
20222
20574
20863
20639
20636
20549
20249
20691
20658
20708
20830
20510
20242
20356
20038
20071
20092
20227
20724
20626
20594
20501
20497
20688
20679
20612
20401
20690
20804
20603
20709
20503
20526
22399
22125
20580
20543
20799
21081
20714
20612
20549
20611
20552
20553
20553
20743
20047
20060
20055
20265
20759
20638
20591
20562
20901
20743
20528
20554
20661
20603
20642
20686
20645
20629
20471
20566
20676
20619
20597
20559
20611
20726
20640
20653
20626
20719
20862
20190
20085
20146
20152
23268
20843
20684
20537
20565
20512
20638
20696
20529
20572
20505
20751
20669
20519
20604
20633
20721
20617
20608
20176
20441
20671
20639
20668
20646
20328
20024
20437
20801
20221
20505
20597
20312
20704
20640
20647
20601
20370
20465
20563
20265
20683
20608
20801
20663
20715
20575
20183
20093
23336
20333
20689
20608
20613
20770
20962
20868
20658
20508
20553
20583
20606
20551
20119
20038
20422
20748
20375
20554
20517
20589
20767
21161
21007
20757
20488
21016
21192
20661
20879
20762
20363
20207
20298
20049
20083
20066
20237
20296
20158
20061
20136
20790
20841
20429
20619
20644
22033
21777
20706
20666
20533
20558
20630
20816
20624
20263
20104
20186
20286
20062
20089
20041
20064
20474
20894
20084
20100
20099
20201
20632
20676
20659
21109
20962
20854
20719
20551
20609
20628
20483
20305
20101
20095
20076
20109
20296
20179
20171
20268
20382
20439
20680
20752
20620
20555
20502
23710
21011
20712
20682
20506
20390
20222
20129
20075
20087
20156
20732
20437
20050
20135
20014
20252
20828
20287
20132
20049
20108
20736
20925
20605
20712
20559
20329
20405
20675
20673
20580
20315
20672
20575
20642
20647
20334
20730
20587
20440
20102
20426
20626
20714
20867
20673
20615
20568
23390
20908
20573
20604
20843
21296
21164
20786
20583
20597
20586
20814
21073
20525
20325
20025
20746
20751
20709
20646
20639
20806
20846
20675
20678
20743
20674
20986
21054
20813
20580
20700
20661
20576
20590
20628
20459
20284
20649
20658
20612
20839
20696
20778
20561
20352
20142
20014
23480
21066
20478
20044
20085
20267
20673
20238
20280
20541
20361
20417
20673
20546
20525
20583
20608
20788
20815
20628
20652
20194
20259
20170
20075
20066
20246
20378
20358
20116
20038
20160
20067
20569
20345
20605
20629
20557
20568
20638
20797
20613
20855
20561
20721
20681
20533
20632
20534
23385
21060
20561
20110
20040
20151
20607
20349
20131
20329
20678
20742
20218
20053
20089
20072
20208
21298
20833
20666
20617
20593
20774
20697
20600
20591
20621
20690
20353
20832
21130
20604
20600
20648
20714
20405
20257
20167
20515
20727
20683
20498
21135
21042
21020
20778
20806
20550
22547
20886
20808
20610
20628
20600
20617
20615
20637
20257
20093
20210
21029
20660
20583
20664
20556
20710
20777
20565
20075
20076
20198
20861
20772
20612
20265
20162
20637
20655
20439
20050
20129
20254
20657
20670
20527
20663
20495
20735
20814
20531
21313
20514
20553
20688
20608
20171
20225
22069
20481
20528
20103
20136
20550
20243
20273
20034
20124
20041
20291
21209
21347
20833
21017
21133
21015
20797
20087
20063
20137
20367
20627
20183
20077
20457
20771
20787
20855
20642
20591
20534
20845
21058
20955
20625
20605
20668
20773
20574
20573
20820
20608
20694
20778
20895
20624
22255
21511
20892
20622
20623
20607
20742
20691
20634
20610
20553
20527
21004
21152
21136
20603
20622
20911
21262
20862
20472
20169
20110
20817
20824
20607
20684
20617
20760
20816
20672
20616
20619
20521
20493
20223
20155
20139
20014
20121
20469
20104
20410
20075
20231
20873
20132
20155
20060
21868
20626
20607
20632
20653
20575
20603
20601
20751
20591
20577
20587
20732
20196
20076
20125
20004
20485
20702
20790
20520
20509
20527
20484
20183
20071
20262
20063
20452
20677
20636
20583
20526
20612
20782
20585
20460
20124
20005
20137
20439
20388
20424
20127
20294
20654
20788
20670
20778
24547
20979
20595
20137
20107
20252
20710
20697
20483
20371
20235
20719
20190
20048
20137
20077
20350
20221
20172
20302
20419
20593
21126
20691
20595
20321
20692
20744
20878
21101
21844
20738
20644
20604
20044
20067
20093
20082
20497
20297
20089
20070
20400
20230
20667
20666
20802
20514
20522
23357
20890
20626
20636
20584
20713
20652
20660
20217
20437
20610
20916
20561
20253
20259
20003
20174
20262
20445
20062
20095
20118
20651
20674
20595
20514
20659
21004
20599
20037
20416
20604
20647
20620
20515
20967
20984
20860
20635
20650
20582
20702
20630
20623
20477
20163
20197
20067
20159
23438
20703
20238
20158
20622
20193
20143
20079
20082
20666
20692
20593
20612
20568
20558
20600
20775
20647
20789
20563
20590
20739
20585
20342
20077
20038
20683
20656
20568
20593
21069
20768
20730
20718
20606
20587
20086
20687
20786
20592
20902
20961
20730
20672
20521
20546
20581
20589
20129
22478
20464
20627
20624
21127
21235
21019
20609
20671
20968
20648
20554
20507
20597
20546
20698
20666
20716
20265
20029
20234
20170
20109
20082
20015
20301
20686
20672
20595
20503
20500
20736
20592
20624
20696
20655
20751
21032
21034
20986
21080
20688
20676
20626
20590
20606
20467
20933
23275
21469
21170
20675
20555
20697
21012
20571
20499
20388
20362
20216
20069
20092
20311
20601
20758
20556
20817
20935
21022
20879
20523
20167
20040
20391
20675
20635
20532
20526
21162
20665
20678
20552
20035
20320
21038
20827
20644
20577
20562
20881
20704
20522
20557
20573
20572
20709
20647
21622
20691
20555
20633
20667
20583
20714
20693
20929
20798
20987
20701
20632
20664
20693
20496
20044
20167
20355
20143
20167
20249
20103
20049
20045
20511
20236
20079
20080
20388
20522
20326
20075
20107
20052
20100
20314
20168
20150
20170
20796
20543
20657
20641
20600
20591
20466
21056
21988
20880
20197
20068
20154
20359
20163
20089
20062
20095
20221
20187
20078
20080
20167
20525
20879
20392
20085
20337
20097
20228
20488
20605
20570
20496
20944
20899
20647
20556
20596
20644
20673
20430
20140
20078
20103
20603
20848
20647
20564
20717
20447
20715
20634
20585
20590
20527
21008
23622
20644
20252
20073
20288
21130
20588
20283
20071
20258
20574
20823
20463
20113
20057
20532
20820
20599
20064
20904
20967
20737
20643
20606
20511
20580
20810
20373
20558
20547
20690
20774
20771
20999
20957
20862
20718
20588
20542
20643
20585
21019
21305
21213
20992
21057
20927
20948
20644
22076
20735
20685
20705
20586
20317
20148
20006
20378
20761
20080
20066
20053
20145
20746
20647
20556
20552
20890
20677
20789
20856
21083
20957
20614
20651
20848
20652
20616
20239
20319
20233
20608
20605
20577
20652
20580
20574
20109
20089
20343
20673
20717
20706
20686
20701
20615
20727
21357
21187
21057
21020
21035
20969
20640
20713
20537
21003
20806
20929
20937
20776
20565
20750
20641
20567
20328
20361
20648
20611
20545
20502
20664
20735
20942
20336
20182
20008
20095
20153
20231
20089
20036
20037
20713
20699
20671
20988
20948
21124
20987
20746
20605
20657
20509
20144
20218
22096
20708
20195
20608
20684
20626
20579
20504
20614
20769
20668
21068
21029
20649
20623
20662
20643
20604
20496
20782
20693
20625
20094
20106
20241
20660
20672
20295
20214
20053
20605
20164
20096
20057
20161
20456
20829
20721
20541
20580
20795
20852
21015
20553
20306
20112
20329
20654
21602
21799
20714
20729
20292
20613
20614
20633
20573
20769
20643
20877
20776
20568
20541
20570
20832
20551
20577
20641
21107
20592
20538
20587
20585
20618
20700
20657
20171
20064
20327
20367
20601
20635
20608
20604
20660
20744
20626
20601
20562
20824
20828
20638
20305
20093
20064
20564
20176
22460
20579
20598
20606
21089
20799
20620
20587
20781
20673
20587
20604
20607
20579
20715
20664
20523
20557
20557
20864
21212
21384
20334
20075
20097
20683
20674
20487
20104
20036
20494
20749
20627
20381
20126
20266
20124
20144
20079
20119
20317
20479
20744
21084
20787
20414
20196
20354
20217
22090
20411
20592
20743
20656
20546
20592
20795
20994
20641
21096
20827
21048
20607
20366
20546
20635
20572
20525
21046
21364
21167
20236
20119
20292
20751
20643
20576
20533
20538
21073
21151
20970
20634
20611
20589
20711
20551
20067
20067
20477
20749
20609
20615
20607
20560
20383
20147
21625
20481
20651
20656
20636
20682
20636
20603
20654
20679
20400
20107
20191
20480
20636
20318
20083
20106
20065
20254
20405
20649
20612
20550
20502
20699
20518
20813
20503
20624
21037
20981
20813
20603
20554
20227
20318
20531
20341
20235
20867
20660
20611
20762
20666
20617
20760
20599
23149
20437
20632
20609
20609
20384
20093
20005
20257
20198
20071
20695
20014
20391
20676
20530
20202
20209
20197
20656
20837
20661
20684
20496
20408
20280
20712
20641
20706
20587
21162
21038
20815
20533
20545
21209
21154
20967
21133
20818
20794
20729
20643
20622
20669
20239
20714
20802
21126
21957
20807
20635
20661
20616
20634
20010
20337
20631
20621
20259
20503
20272
22128
20832
20627
20497
20604
20749
20755
20621
20517
20615
20552
20663
20720
20574
20661
20610
20735
20709
20608
20565
20506
20763
21081
20948
20615
20602
20659
20742
20702
20660
20651
20674
21462
21928
20660
22888
21073
20986
20601
20621
20213
20093
20110
20700
20205
20093
20097
20039
20264
20204
20250
20154
20037
20107
20678
20572
20235
20227
20029
20395
20782
20620
20528
20752
20650
20912
21014
20677
20693
20566
20896
20698
20177
20232
20122
20567
20794
20688
20548
20514
20546
21115
20618
20544
22018
20768
20517
20656
20371
20605
20585
20628
20658
20669
20587
20559
20459
20577
20828
20579
20551
20582
20764
20666
20668
20513
20519
20005
20655
20611
20452
20308
20028
20360
20657
20700
20049
20049
20090
20669
20694
20459
20150
20132
20888
20676
20584
20589
20601
20568
20679
20641
21102
21700
20602
20726
20682
20587
20586
20523
20769
21297
21038
20775
20630
20656
20645
20739
20233
20136
20044
20805
21115
21051
20955
20744
20580
20768
20633
20435
20340
20104
20286
20237
20057
20071
20116
20361
20710
20683
20586
20792
21064
20903
20703
20548
20559
20560
20566
20732
20605
23153
20985
20385
20877
20893
21026
20677
20615
20606
20657
20914
21021
21132
21124
20878
20736
20610
20619
20038
20262
20403
20123
20095
20005
20038
20733
20670
20584
20673
20618
20781
20402
20045
20041
20066
20153
20681
20672
20555
20293
20747
20397
20369
20088
20160
20045
20286
20743
20820
21997
20995
20639
21169
20906
20375
20259
20225
20589
20708
20541
20354
20586
20600
20750
20680
20630
20561
20529
20689
20892
20579
20544
20567
20862
21341
21132
20795
20665
20803
20697
20615
20688
20689
20553
20665
20699
20621
20572
20764
20665
20677
20561
20198
20097
20028
20333
20158
23493
20423
20586
20658
20779
20961
20602
20998
21133
20944
20673
20188
20059
20074
20783
20951
20667
20628
20674
20546
20646
20835
20546
20050
20049
20658
20624
20629
20590
20653
20931
20695
20616
20554
20554
20936
20865
20625
20266
20334
20174
20236
20266
20059
20186
20027
20182
20660
21895
20806
20701
20529
20702
20670
20639
20185
20130
20382
20408
20065
20118
20094
20285
20615
20673
20566
20636
20533
20565
20617
20877
20601
20311
20095
20753
20423
20041
20243
20039
20395
20704
20624
20514
20811
20947
21052
20816
20659
20754
20612
20624
20657
20188
20081
20071
20211
20745
23818
20779
20737
20536
20683
20627
20681
20697
20615
20734
20773
20808
20624
20618
20426
20990
20140
20120
20066
20067
20566
20765
20343
20072
20110
20627
20656
20627
20631
20687
20856
20999
20606
20531
20618
20630
20657
20211
20221
20048
20411
20601
20608
20052
20082
20197
20286
20159
20046
23374
20358
20049
20715
20627
20668
20639
20573
20369
20644
20652
20547
20509
20571
20874
20544
20585
20712
20900
20768
20643
20437
20121
20069
20104
20191
20125
20114
20044
20229
20483
21014
20454
20081
20080
20237
20717
20583
20357
20050
20316
20689
20853
20619
20644
20906
20706
20645
20768
22419
20609
20594
20728
20593
20467
20684
20850
21108
21092
20626
20496
20550
20609
20618
20646
20664
20033
20598
20307
20946
20423
20455
20331
20415
20248
20122
20046
20070
20860
22518
20920
21062
21130
21008
21393
21096
21136
21157
21179
21154
21106
20988
20547
20408
21559
21181
20929
27002
21286
21187
21618
22165
21114
20535
20927
20711
20598
20615
20660
20724
20174
20368
20143
20085
20081
20654
21677
20811
21250
20716
20682
20705
20632
20621
21176
20352
20722
20814
21111
20944
20715
20681
21102
21492
21660
20976
21129
22209
20602
20672
20697
20562
20792
20715
23426
21218
21104
20910
20693
21007
21679
21486
21327
21277
21287
20681
20340
20800
20879
20605
20480
20561
20603
20217
20110
20082
20350
20042
20722
20649
20586
20711
20803
21843
21235
20744
19947
19940
20084
20240
19997
20094
20441
20120
20359
20218
20104
20059
20381
20326
20729
20666
20623
23896
20651
20597
20766
20588
20551
20198
20184
20279
20139
20188
20339
20057
20653
20792
20601
20658
20563
20678
20703
20574
20612
20664
20695
20671
20736
20190
20047
20045
20471
20625
20171
20519
20693
20824
20189
20087
20222
20107
20382
20652
20708
20686
20584
20602
20723
21108
21288
22943
20710
21289
20771
20573
20936
20984
20750
20599
20488
20042
20449
20591
20588
20581
20794
20532
20508
20538
20654
20602
20544
20653
20659
20649
20214
20089
20071
20069
20544
20739
20937
20616
20262
20668
20660
20688
20681
20659
20625
20844
21217
21122
21025
20702
20632
20908
20392
20085
22093
20492
20772
20785
20731
20719
20587
21010
21119
20464
20336
20671
20421
20187
20227
20136
20136
20895
20493
20300
20365
20780
20560
20381
20201
20154
20410
22187
20671
20466
20278
19948
19926
19935
20248
20114
20103
20136
20083
20588
20213
20623
20587
20656
20260
20293
20292
20035
20483
22290
20150
20106
20606
19954
19971
19954
20042
20029
20315
20512
20436
20366
19976
20088
19951
19978
19956
20073
20076
19987
20029
20137
20178
20124
20122
19959
19949
19941
20092
20291
20021
21480
19989
19985
20119
20165
20139
20084
20136
20695
20545
20137
20018
19937
19990
20112
20018
19921
21582
20365
20267
20006
19942
19967
20014
20025
19986
19997
19975
20015
19919
20095
19995
19994
20202
20173
20119
20096
20147
20121
20058
20155
20272
20127
20042
20095
20164
20051
20154
20318
20192
20047
19921
20016
20341
20069
20119
20095
20483
20170
20195
20701
20182
20147
20142
20159
20121
20001
22809
20782
20183
20102
19969
19925
19875
20148
20166
20093
20030
20112
20075
20161
20085
19986
19953
19916
20001
20521
20229
20144
20092
20675
20514
20276
20061
20182
19995
20191
20276
20066
20158
19998
20128
20103
20123
20020
20079
19915
20203
20027
20072
19895
19946
20095
20122
20095
19950
20191
22433
20337
20121
20084
20029
20088
19975
20140
20137
20082
20059
20056
20103
20136
20161
20023
20055
20006
20148
20068
20034
20135
20214
20199
20090
20180
20077
19997
20032
20087
20316
21440
20036
20056
20059
20208
20052
20131
20081
20315
20219
20177
20092
20035
20113
20094
20177
20131
20101
20736
21842
20167
20088
20052
20060
20041
20160
20128
20395
20458
20516
20122
20165
20488
20113
20096
20099
20148
20513
20117
20069
20120
20524
20425
20555
20589
20093
20029
20180
20156
20126
19941
19913
20047
20173
20115
20162
20108
20031
20549
20138
20111
20081
20043
20077
20110
20168
20059
23332
20733
20839
20057
20242
19952
19948
20564
20018
19964
19942
19957
19921
20173
20239
19964
19952
19934
20018
20023
20031
19966
20279
19903
20261
20190
20501
20251
20584
20441
20724
20576
20588
20499
20017
20182
20223
20029
20104
20055
20465
20083
20154
20024
20085
20056
20163
20118
20068
20051
22311
20694
20225
20158
20140
20201
20066
20087
20275
20064
20001
20064
20108
20772
20674
20330
20127
20555
20110
20212
20038
20065
19997
20111
20722
20597
20481
20154
19972
20093
20120
20792
20167
19954
20054
20188
20175
20154
20091
20006
20527
20255
20056
20062
20171
20042
20204
20116
20053
20058
22583
20190
20020
19997
19922
20001
20031
20642
20449
19987
20069
20112
20052
20089
20225
20034
20057
19976
20193
20111
20037
20032
20030
20270
20207
20058
20101
20001
20041
20441
20551
20749
20574
20770
20503
20139
20189
20091
20050
20405
20248
20121
20034
20064
20023
20062
20144
20260
20062
22459
20689
20222
19918
19950
19997
20047
20214
20059
20122
20140
20182
20139
20174
20067
20061
20036
20117
20115
20128
20024
20084
20031
20123
20267
20093
20075
20033
20013
20151
20151
20045
21190
20027
20340
20590
20810
20435
20086
20105
20409
20187
20067
20057
20092
20175
20249
20078
20066
20058
22411
20183
19963
19980
19928
20064
19988
20007
20131
20187
20087
20358
20506
20551
20333
20039
20057
20051
20135
20186
20061
20031
20038
20165
20247
19999
20063
20063
20208
20086
20063
20252
20106
20038
20555
20532
20389
20125
20144
20498
20094
20100
20088
19965
19928
20049
20174
19992
19945
19899
22130
20073
20125
20500
19937
19945
20059
20180
20079
20036
20084
20076
20138
20111
20084
20088
20122
20135
20170
20029
20037
20563
20578
20877
20564
20590
20340
20002
20129
20297
20088
20264
20001
20151
20130
20218
20133
20090
20026
20524
20276
20101
20153
20040
20205
20074
20141
20014
20061
21811
21035
20677
20360
20149
20075
20347
20092
20555
20545
20086
20290
20177
20225
20102
20011
20057
20054
20405
20502
20095
20372
20373
20382
20329
20064
20028
20050
20120
20612
20649
20745
20005
20030
20215
20148
20099
20053
20029
20240
20119
20150
20034
20063
20079
20086
20270
20027
20382
21972
20356
20784
20640
20593
20059
20053
20431
20649
20534
20132
20014
20143
20263
20287
20166
20067
20033
20061
20227
20229
20117
20138
20150
20394
20412
20126
20111
19975
20140
20162
20067
20123
20043
20016
20222
20199
20175
20132
20265
20146
20166
20131
20058
20055
20009
20229
20154
20193
20139
22576
20508
20616
20127
20058
20059
20024
20261
20246
20067
20066
20085
20338
20784
20211
20063
20117
20004
20176
20066
20055
20090
20031
20040
20317
20188
20062
20135
20034
20251
21369
20018
20264
20137
20436
20776
20595
20272
20046
20153
20175
20123
20286
20123
20050
20192
20198
20077
20058
21945
20870
20553
20183
19944
20110
19994
20060
20116
20143
20030
20068
20032
20234
20156
20074
20087
20007
20022
20181
20078
20027
20017
20038
20159
20269
20032
20099
20096
20154
20099
20057
20222
20084
19955
20284
20448
20125
20105
20200
20072
20100
20084
20102
20050
20038
20352
20531
20530
20117
22227
20399
20333
20345
20045
19979
19973
20131
20030
19945
19914
20039
20165
20177
20078
20028
20054
20148
20129
20065
20078
20174
20033
20561
20493
21173
21316
20281
20103
20100
20215
20198
20220
20068
20157
20212
20357
20441
20122
20433
20541
20399
20143
20031
20135
20157
20144
20053
20050
20363
22036
20642
20640
20071
20077
20037
20319
20377
20179
20113
20050
20037
20100
20198
20093
20066
20002
20131
20179
20031
20064
20038
20139
20129
20192
20091
20031
20009
20136
20152
20036
20044
20403
20465
20259
20110
20153
20112
20205
20132
20093
20155
20025
20087
20008
20217
20178
20445
21270
22435
21286
20067
19928
19938
19936
20073
20139
20096
20186
20209
20033
20133
20171
20053
20083
20003
20053
20123
20137
20066
20064
20001
20054
20130
20329
20004
20033
19971
20201
20110
20113
20090
20415
20130
20409
20203
20089
20155
20143
20180
20128
20025
20035
20087
20056
20058
20132
20180
20160
23631
20256
19996
20024
19967
19983
20115
20140
20105
20078
20015
20059
20096
20483
20080
20051
19999
20668
20387
20066
20372
20393
20500
20120
20076
20225
19977
20046
20215
20177
21248
19999
20184
20020
20067
20131
20141
20001
20456
20314
20160
20044
20054
20061
20049
20057
20328
20094
20039
20003
23357
20611
20513
20135
20030
20160
20157
20147
20056
20062
20006
20198
20218
20072
20133
20218
20065
20056
20141
20150
20032
20007
20138
20204
20198
20032
20035
20061
20233
20071
20061
20050
20264
20344
20155
20102
20096
20449
20172
20157
20178
20128
20080
20105
20143
20099
20129
20059
20006
20273
24026
20772
20675
19952
19945
20014
20254
20307
20601
20531
20239
20223
20066
20080
20037
20091
20280
20294
20044
20034
20035
20162
20142
20048
20576
20539
20549
20233
20187
20201
20034
20004
20294
20098
20133
20050
20035
20335
20116
20152
20090
20055
20027
20185
20180
20034
20066
20020
23017
20796
20554
20101
19962
19916
20163
20119
20014
20256
20051
20103
20066
20183
20195
20068
19972
20151
20154
20070
20031
20169
20285
20168
20150
20125
20635
20387
20678
20205
20030
20029
20001
20176
20650
20611
20626
20089
20285
20141
20191
20048
20117
20200
20170
20678
20350
20386
20125
20063
23598
20651
20459
20087
19966
20037
20121
20071
20195
20029
20009
20144
20168
20031
20055
20025
20042
20078
20095
20060
20046
19972
20053
20134
20208
20290
20079
20083
20186
20138
20018
20168
20059
20354
20509
20459
20110
20072
20188
20204
20096
20030
20075
20050
20150
20107
20109
20056
20036
20131
23963
20739
20507
20000
19947
20007
20097
20357
20507
20531
20542
20318
20163
20016
20088
20000
20217
20151
20104
20057
20038
20030
20472
20505
20405
20691
20650
20621
20291
21526
20027
20061
20028
20829
20787
20580
20139
20210
20116
20205
20094
20030
20053
20009
20168
20232
20210
20505
21662
21487
20573
20396
20135
19962
20190
20512
20537
20404
20479
20344
20027
20254
20088
20062
20030
20056
20135
20097
20069
20023
20008
20475
20713
20368
20392
20536
20600
20566
20522
20336
20085
20397
20255
20326
20426
20055
20300
20061
20120
20160
20002
20079
20405
20708
20590
20881
20858
20057
22468
20236
20105
20575
20077
20149
20558
20605
20648
20360
20027
20156
20056
20136
20066
19996
20001
20110
20273
20013
20063
20057
20033
20137
20164
20046
20668
20519
20672
20229
20019
20032
20213
20052
20396
20074
20087
20271
20010
20074
20100
20148
20047
20055
20013
20169
20151
20063
20059
20784
21530
20595
20170
20004
19964
20026
20190
20182
20063
20152
20132
20463
20160
20095
20033
20121
20010
20174
20124
20032
20056
20060
20175
20114
20144
20339
20481
20535
20272
20178
20028
20061
20083
20209
20317
20204
20110
20203
20052
20142
20160
20031
20067
20034
20146
20107
20100
20057
20897
21695
20591
20308
20100
20002
19992
20160
20115
20297
20036
20099
20031
20627
20937
20393
20030
20036
20081
20117
20179
20043
20054
20034
20159
20191
20100
20247
20094
20057
20604
20073
20043
20129
20078
20240
20207
20182
20359
20100
20088
20443
20459
20349
20052
20050
20065
20154
20031
20069
20050
22376
20520
20358
19955
19999
19911
20216
20169
20268
20100
20031
20541
20489
20404
20141
20151
20030
20084
20123
20166
19997
20033
20064
20196
20138
20036
20183
20009
20066
21378
20031
20028
20019
20033
20820
20650
20526
20151
20034
20143
20199
20269
20053
20083
19976
20194
20101
20116
20108
20530
22585
20254
20129
19916
20006
19980
20406
20134
20073
20029
20029
20189
20110
20093
20142
20029
20106
20252
20319
20098
20006
20033
20128
20095
21186
20728
20091
20094
20148
20083
20104
20198
20391
20214
20737
21293
20818
19959
19890
20086
20061
20074
20119
20223
20166
20183
20063
20129
20037
23831
20661
20697
20175
20076
20151
20091
20514
20478
20398
20067
20176
20215
20153
20026
20057
20106
20199
20093
20181
20114
20103
20210
20202
20092
20022
20184
20107
20569
20572
20229
20104
20023
20415
20408
20076
20276
20003
20118
20140
20123
20049
20084
20002
20070
20086
20266
20094
20032
20027
23703
20041
19920
20032
19943
20080
20075
20244
20002
20044
20051
20196
20103
20057
20050
20006
20015
20280
20146
20075
19996
20029
20520
20498
20471
20056
20594
20403
20547
20091
20029
20055
20009
20435
20227
20647
20689
20507
20167
20121
20036
20048
20061
20011
20166
20176
20052
20081
20478
23197
21051
20677
20210
19911
20278
20715
20021
19982
19914
19944
20193
20112
20082
20062
20029
19973
20146
20163
20080
20035
20043
20074
20121
20100
20232
20591
20112
20122
20147
19996
20179
19997
20214
20454
20160
20230
20096
20035
20061
20182
20030
20053
20067
20109
20230
20069
20033
20116
20008
23265
20429
20040
20020
19949
20023
20301
20656
20532
20504
20058
20085
20211
20404
20779
20125
19981
20092
20269
19961
19997
20031
20059
20121
20059
20029
20188
20036
21539
20091
20056
20112
20368
20712
20695
20656
20028
20036
20222
20215
20046
20082
20133
20110
20117
20185
20139
20154
20101
20051
22295
20563
20431
20109
20600
20633
20259
19971
19922
19912
20103
20106
19909
19959
19947
20000
20096
20268
20393
20379
19992
20142
20126
20036
20063
20034
20209
20141
20091
20093
20457
20154
20277
20106
20426
20228
19917
19982
20092
19973
20034
20059
20004
20117
20117
20057
20061
20031
20021
20537
22635
20901
20623
20033
20181
20217
20366
20121
20031
20077
20191
20180
20035
20202
20372
20260
20120
19971
19909
20000
20023
20141
20122
20045
20030
20096
20461
20289
20028
20091
20038
20007
20634
20790
20621
20058
20102
20133
20090
20105
20122
20039
20012
20056
20112
20126
20028
20031
23047
21071
20479
20275
20039
20051
20333
20166
20103
20030
20216
20283
20150
20138
20083
20262
20465
20750
20495
20061
20113
20053
20108
20087
20179
20088
20038
20405
20608
20809
20283
20071
20087
20363
20627
20835
20624
20178
20140
20137
20217
20084
20090
20034
20051
20111
20143
20130
20030
20028
23736
20741
20441
20085
19996
20029
20265
20058
20063
20062
20048
20165
20173
20094
20114
20057
20139
20118
20102
20060
20085
20048
20181
20276
20069
20068
20004
20215
20117
20124
20070
20179
20107
20245
20692
21104
20430
20041
20038
20355
20099
20056
20095
20030
20155
20099
20089
20065
20032
20012
21901
20496
20372
20427
19917
20382
20430
20566
20209
19966
19964
20196
20165
20036
20110
20093
20125
20303
20068
20068
20054
20002
20160
20065
20031
20030
20225
20970
20638
20546
20430
20059
20109
20744
20815
20516
20093
20005
20053
20461
20733
20615
20518
20126
20589
20058
20062
20085
20124
23688
20638
20092
20062
20207
20331
20601
20478
20202
20203
20050
20031
20118
20185
20060
20001
20066
20105
20297
20167
20098
20037
20083
20184
20090
19997
20027
20641
20631
20513
20251
20089
20101
20156
20187
20333
20036
20027
20012
20204
20089
20056
20086
20000
20085
20100
20104
20073
20021
20030
23875
20943
20356
20023
19916
20486
20347
20399
20401
20139
19994
20692
20610
20532
20189
20032
20106
20087
20147
20059
20103
20128
20139
20139
20020
20035
20151
20133
20083
20095
20078
20108
20029
20150
20599
20066
20058
20122
20136
20099
20055
20088
20044
20034
20140
20164
20066
20052
20204
22579
21209
20653
20890
20370
20512
20161
20087
19918
19990
19994
19993
20209
20033
20094
20028
20034
20143
20236
20064
20054
20059
20146
20087
20170
20163
20082
20185
20148
20210
20053
20091
20075
20144
20257
20353
20085
20095
20038
20061
20085
20187
20033
20032
20004
20170
20154
20031
20057
20051
23515
20136
20077
19952
19981
20325
20134
19990
19939
19992
20005
20052
20089
20143
20069
20029
20027
20164
20095
20062
20052
20060
20068
20114
20206
20069
20083
20241
20171
20243
20181
19998
20142
20103
20355
20254
20094
20032
20032
20168
20148
20175
20038
20025
20038
20187
20132
20045
20149
20015
23634
20114
20140
20023
19916
20254
21608
21662
20203
20056
20005
20127
20114
20026
20004
20027
20052
20125
20065
20064
20079
20032
20107
20167
20026
20084
19978
21456
20135
20148
20182
20126
20096
20303
20061
20370
20029
20055
20010
20818
20224
20055
20005
19966
20170
20239
20068
20041
20060
21961
20506
20410
20133
20278
19917
20391
20529
20522
20101
20057
20036
20176
20127
20063
20022
20063
20067
20138
20152
20075
20026
20058
20171
20094
20051
20064
20202
20135
20210
20055
20479
23768
22097
21051
20533
21148
20457
20062
20137
20206
20045
20044
20210
21315
20249
20077
20220
20503
22630
21205
20018
19945
20208
19938
20014
20099
20123
20218
20157
20039
20163
20124
20053
20062
20117
20050
20122
21552
21174
20322
20025
20698
20450
20265
20095
20033
20341
20134
20117
20074
20115
20062
20707
20039
20269
20959
19934
20026
20055
19920
19943
19926
19954
20141
20175
20067
20058
22094
21518
21481
20721
20040
20204
20340
20144
20093
20049
20080
20038
20222
20605
20238
20155
19944
20040
20179
20254
20050
19948
19870
20078
20090
19987
19944
19929
19941
20241
20158
20105
20118
20024
20385
20289
20098
20226
20032
20339
20257
20035
20056
20065
20005
20112
20232
20013
19956
19927
22696
20151
20135
20117
20035
20362
20241
20144
20155
20117
20023
20082
20057
20144
20004
20200
20092
20193
20298
20177
20075
19943
19972
20208
20236
20156
20486
20496
20642
20853
20444
20119
20052
20074
20342
20106
20057
20244
20005
20133
20098
20326
20064
20043
20117
20127
20170
20043
20103
21853
21368
20574
20285
20623
20800
20727
20054
20076
21565
22533
22084
21580
21363
20201
20341
21444
25797
20885
20087
20066
19975
20221
20154
20192
20448
20302
20938
21110
21125
20795
20682
20891
20893
20580
20193
20490
20638
20329
20390
20642
20633
20507
20670
20649
20577
20560
20498
23678
22017
20753
20580
20657
21116
20670
20473
20062
20246
20098
20420
20718
21033
20565
20578
20629
20839
20751
20661
20755
20621
20736
20698
20623
20220
20133
20205
21131
20803
20625
20606
20779
21173
20997
20570
20656
20588
20528
20650
20605
20570
20530
20562
20595
20546
20267
20734
20603
24057
21468
20619
20527
20522
20853
20966
20964
21034
20980
20756
20604
20658
20661
20026
20038
20413
20707
20632
20601
20493
20606
20738
20606
20696
20557
20561
20786
21218
20822
20653
20619
21174
20675
20712
20504
20743
20557
20736
20617
20594
20508
20519
20687
20668
20522
20554
20546
22207
20653
20553
20147
20245
20451
20930
21099
20995
20600
20611
20571
20174
20099
20035
20066
20065
20627
20645
20635
20558
20525
20511
20670
20662
20642
20678
20656
20673
20841
20725
20113
20051
20744
20651
20595
20528
20723
20687
20718
20617
20658
20648
20624
20805
20655
20631
20582
22972
21546
20715
20501
20645
20667
20589
20644
20624
20758
23394
21400
21541
21054
21062
20937
20853
20632
20691
20599
20540
20534
20591
20726
20665
20652
20048
20320
20373
20505
20710
20635
20598
21053
20643
20542
20557
20680
20552
20864
21141
20821
20668
20588
20613
20691
20940
20603
20681
23405
20956
20807
21107
21053
20600
20704
20636
21125
21176
21063
20792
20847
20592
20595
21026
20859
20396
20598
20645
20162
20014
20238
20250
20054
20103
21090
20633
20681
21012
20660
20718
20900
20938
20201
20067
20072
20310
20604
21456
21566
21768
20650
20773
20534
20177
20130
22127
21516
20800
20748
20567
20326
20587
20755
20649
20549
20988
20791
20043
20579
20676
20623
20546
20559
20633
20740
20642
20508
20562
20505
20696
20600
20530
20592
20557
20634
20788
20804
20590
20612
20711
20613
20730
20619
20633
20623
20259
20731
20478
20635
20624
20866
20768
20787
20968
22437
20781
21198
20647
20636
20549
20509
20642
20793
20526
20616
20561
20823
20937
20588
20532
20619
20504
20716
20775
20585
20593
20527
20551
20807
20577
20530
20562
20571
20717
20815
20613
20700
20907
20714
20688
20529
20605
20646
20705
20778
20692
20563
20520
20500
20657
20706
20697
22294
21930
20706
20703
20518
20562
20559
20554
20601
20819
20578
20587
20461
20751
21126
21011
20634
20606
20846
20733
20657
20181
20017
20048
20788
20864
20612
20558
20544
20605
20856
20627
20541
20721
20584
20683
20648
20573
20747
20570
20761
20739
20591
20609
20521
20578
20573
20694
20963
23554
21043
21150
21119
20718
20452
20376
20577
20566
20492
20490
20575
20578
20660
20766
20524
20522
20510
20695
20616
20559
20506
20694
20645
20499
20567
20563
20532
20677
20643
20853
20641
20652
20703
20636
20755
20533
20513
20768
20705
20637
20501
20596
20658
20781
20614
20535
20548
20617
22013
20770
20644
20553
20567
20527
20508
20881
20761
20701
20525
20676
20697
20557
20548
20634
20618
20944
20832
20634
20684
20653
20830
21063
20513
20576
21482
20690
20679
20529
20910
20584
20719
20784
20653
20580
20562
20712
20631
20614
20718
20555
20472
20570
20656
20612
20657
20649
22859
20998
20508
20624
20676
20589
20613
20684
20803
20578
20567
20526
20759
20649
20610
20193
20086
20372
20654
20654
20547
20623
20501
20756
20729
20587
20586
20522
20635
20839
20702
20586
20777
20629
20591
20669
20616
20559
20742
20742
20680
20537
20590
20529
20585
20614
20723
20588
23310
20905
21219
20385
20071
20634
20628
20709
20794
20547
20616
20465
20609
20884
21342
20972
20961
20885
20686
20678
20556
20581
20570
20678
20639
20581
20671
20639
20592
20676
20708
20829
20756
20578
20628
20701
20614
20298
20284
20259
20630
20608
20692
20100
20058
20568
20673
20555
20657
23645
21072
21510
20725
21023
20962
20606
20694
20630
20592
20566
20520
20589
20724
20807
20516
20575
20188
20696
20658
20550
20559
20505
20710
20670
20469
20560
20553
20776
20571
20693
20709
20663
20518
20790
20664
20534
20560
20736
20514
20793
20549
20537
20515
20574
20648
20618
20566
23242
21626
20732
20649
20622
20673
20803
21027
20654
20195
20115
20081
20146
20569
20220
20081
20110
20077
20431
20696
20629
20595
20519
20624
20607
20711
20588
20534
20575
20609
20883
20715
20695
20242
20271
20650
20622
20622
20606
20658
20729
20559
20499
20069
20090
20255
20634
20703
23323
20908
20924
20604
20688
20548
20619
20511
20770
20968
20889
20687
20233
20230
20721
20497
20619
20642
20741
21126
21123
20536
20052
20040
20293
20735
20600
21220
20049
20081
20801
20850
20998
21097
20903
20597
20788
20532
20523
20580
20754
20630
20628
20579
20551
20524
20676
20670
20639
22163
20839
20929
20836
20618
20524
20570
20535
20742
20696
20529
20599
20763
20596
20634
20514
20273
20763
20393
20633
20223
20134
20137
20050
20516
20795
20936
20580
20678
20945
21073
20617
20836
20591
20550
21113
21207
20974
20841
20738
20628
20781
20451
20889
20684
20665
20843
20608
21574
21311
21126
20745
20594
20673
20558
20508
20643
20757
20551
20240
20023
20082
20747
20537
20455
20540
20434
20627
20674
20567
20575
20529
20612
20669
20691
20926
20662
20303
20261
20345
20439
20255
20128
20538
20754
20708
20694
20619
20729
20673
20761
20609
21550
20960
21039
20808
20633
23709
20701
20798
20656
20646
20564
20593
20621
20717
20692
20580
20586
20531
20564
20826
20527
20560
20676
20782
20668
20556
20498
20556
20492
21005
20660
20624
20640
20649
20706
20664
20699
20862
20533
20525
20817
20660
20337
20186
20252
20441
20811
20702
20669
20400
20520
20689
20682
21973
21087
20625
20616
20805
20612
20614
20523
20745
20737
20533
20607
20584
20507
21002
20562
20497
20102
20041
20363
20685
20732
20617
20516
20370
20693
20700
20573
20977
20960
20901
20944
21160
20614
20885
20859
20781
20670
20898
20498
20614
20679
20642
20559
20524
20588
20723
20643
21258
21678
20714
20552
20613
20746
20539
20560
20576
20643
20761
20534
20524
20592
20606
20608
20562
20225
20061
20068
20507
20272
20047
20095
20343
20939
20664
21047
21030
20363
20412
20632
20656
20706
20597
20630
20346
20189
20147
20123
20070
20200
20718
20650
20570
20686
20510
20561
20675
23601
20701
20299
20192
20970
20289
20121
20121
20185
20785
20851
20661
20670
20624
20672
20662
20701
20566
20534
20570
20686
20709
20554
20549
20525
20682
20673
20678
20627
20318
20251
20716
20858
20723
20557
20502
20566
20633
20738
20558
20585
20731
20835
20717
20624
20557
20553
20732
23144
21047
20866
21131
20557
20660
20683
20506
20650
20561
20745
20501
20568
20562
20532
20781
20733
20665
20595
20635
20548
20631
20748
20531
20556
20506
20706
20708
20533
20640
20691
21025
20811
20693
20543
20283
20169
20158
20159
20121
20194
20317
20639
20684
20704
20552
20531
20546
20857
23004
20855
20673
20562
20695
20601
20632
20726
20586
20644
20334
20296
20087
20082
20033
20791
20766
20677
21048
21110
20921
20675
20561
20532
20551
20548
20631
20666
20606
20578
20487
20876
21059
20793
20558
20547
20690
20663
20602
20550
20551
20699
20698
20609
20564
20619
20507
20525
22313
21515
20890
20792
21009
20996
20637
20536
20599
20732
20861
20558
20524
20598
20636
20725
21210
20834
20578
20626
20520
20695
20627
20550
20526
20614
20617
20678
20590
20579
20629
20655
21105
20613
21176
21041
21079
20917
20661
20319
20538
20730
20818
20298
20109
20085
20102
20049
23459
21472
20959
20601
20503
20640
20796
20557
20679
20555
20720
20641
20556
20635
20720
20564
20661
20663
20650
20664
20532
20607
20565
20751
20557
20531
20658
21363
20656
20295
20184
20082
20666
20436
20462
20591
20129
20227
20663
20354
20242
20082
20363
20756
20210
20096
20075
20077
20227
22549
20539
20547
20523
20520
20691
20864
20769
20659
20604
20679
20712
20605
20526
20522
20615
20608
20720
20567
20645
20532
20717
20581
20505
20063
20095
20257
20130
20256
20799
20128
20039
20756
20637
20829
20648
20534
20312
20680
20675
20591
20549
20773
20774
20681
20508
20141
20104
20353
23753
20614
20695
20626
20761
20658
20701
20657
20472
20074
20207
20376
20168
20078
20048
20350
20170
20095
20529
20394
20622
20807
20590
20540
20597
20519
20537
20683
20824
20549
20621
20498
21230
21168
20776
20652
20673
20665
20811
20645
20637
20470
20434
20380
20683
20709
20661
20352
23406
20318
20680
20601
20538
20703
20646
20632
20652
20149
20089
20701
20653
20615
20589
20500
20572
20695
20664
20641
20180
20279
20724
20617
20557
20597
20526
20706
20672
20571
20734
21455
23046
21204
21140
20851
20573
20619
20776
20478
20559
20685
20628
20724
20649
20531
20650
20636
24096
21255
20635
20532
20551
20738
20650
20611
20582
20116
20063
20299
20164
20062
20120
20060
20215
20626
20645
20648
20574
20533
20785
20691
20656
20641
20580
20709
20644
20567
20608
20609
20755
20825
20599
20961
20548
20526
20552
20682
20714
20506
20579
20690
20767
20551
20566
20626
20668
23521
20787
20551
20634
20719
20762
20649
20742
20943
20719
20642
20756
20587
20694
20665
20841
20822
20647
20529
20666
20498
20565
20645
20598
20355
20053
20050
20555
20335
20066
20161
20086
20613
20681
20593
20766
20665
20437
20678
20664
20617
20265
20267
20591
20780
20684
20575
20512
22387
22262
20547
20425
20439
20617
20754
20700
20599
20636
20559
20544
20579
20620
20719
21026
20994
21027
21050
20762
20592
20505
20691
20633
20559
20557
20555
20589
20609
20727
20712
20646
20699
21002
21276
20964
20592
20688
20761
20674
20603
20261
20047
20257
20692
20652
20567
20625
23650
20952
20859
20534
21106
20656
20785
20600
20301
20042
20104
20100
20636
20626
20557
20649
20510
20747
20460
20384
20036
20046
20045
20661
20655
20578
20589
20498
20715
20693
20624
20580
20519
20865
20784
20568
20261
20103
20017
20564
20647
20669
20523
20719
20552
20712
20537
20593
20504
22327
21029
20501
20052
20039
20209
20506
20157
20334
20301
20635
20653
20663
20603
20528
20167
20021
20406
20762
20542
20507
20048
20090
20646
20446
20065
20298
20055
20436
20348
20119
20074
20190
20756
21025
20557
20797
20587
20371
20101
20283
20118
20075
20043
20350
20290
20063
20048
20091
23339
20806
20681
20613
20604
20549
20757
20810
20768
20603
20583
20501
20694
21107
20538
20526
20074
20532
20650
20639
20627
20527
20570
20612
20618
20610
20641
20531
20678
20700
20618
20632
20716
20357
21387
20688
20322
20083
20146
20701
20661
20562
20674
20679
20536
20605
20721
20559
20604
23871
21036
20541
20604
20543
20569
20711
20611
20558
20654
20597
20746
20980
21051
20668
20589
20669
20659
20650
20080
20166
20053
20500
20677
20652
20529
20583
21352
21032
21091
21010
20849
20579
20717
20681
20942
21019
21009
20824
20795
20680
20966
21071
20762
21080
20824
20574
21698
21147
20738
20272
20081
20087
20192
20272
20302
20182
20178
20079
20039
20617
20648
20578
20554
20582
20560
20613
20733
20618
20531
20525
20750
20682
20563
20554
20497
20686
20590
20646
20171
20349
20172
20696
20646
20767
20657
20469
20689
20853
20562
20557
20993
20571
20716
20657
20500
22095
20817
21310
21083
21119
21062
20939
20856
20599
20575
20064
20023
20233
20709
20678
20539
20596
20461
20674
20801
20688
20530
20970
20583
20401
20659
20542
20557
20498
20694
20762
20561
20909
20526
20608
20829
20784
20552
20792
20658
20759
20892
20526
20215
20190
20540
20265
20193
20277
23120
20829
20779
20522
20539
20575
20527
20842
20670
20633
20639
20557
20539
20634
20641
20641
20530
20514
20668
20778
20558
20557
20500
20700
20651
20599
20536
20302
20404
20747
20812
20159
20511
20052
20286
20242
20521
20669
20832
20988
21053
20918
20562
20567
20699
20736
20635
20526
23603
20682
20704
20677
20624
20605
20583
20686
20715
20554
20336
20015
20049
20677
20803
20061
20031
20134
20274
20798
20589
20630
20614
20244
20709
20800
20722
20623
20663
20735
21029
20616
20850
20626
20781
20566
20220
20609
20662
20636
20666
20697
20589
20150
20190
20366
20668
20706
22382
21417
20645
21099
20562
20565
20235
20115
20412
20154
20237
20082
20081
20056
20248
20216
20107
20085
20055
20280
20653
20673
20578
20531
20483
20696
20636
20550
21255
20604
20748
20723
20704
20860
20531
20608
20677
20901
21276
21120
20942
21102
20947
20643
20606
20252
20334
20699
20636
22582
21128
21035
20691
20623
20642
20644
20325
20653
20862
20651
20284
20116
20353
20475
20080
20132
20064
20136
20762
20193
20080
20116
20075
20282
20720
20840
20569
20533
20575
20738
20679
20798
20664
20662
20911
20645
20779
21021
20806
20484
20601
20659
20575
20588
20651
20621
20762
21397
20855
20610
20352
20650
20401
20077
20038
20072
20741
20631
20565
20728
20650
20521
20636
20750
20603
20534
20595
20663
20805
20554
20537
20536
20711
20680
20607
20238
20088
20210
20167
20213
20375
20126
20318
20426
20748
20946
20503
20125
20258
20609
20748
20561
20531
20698
20691
20658
22166
20726
20647
20400
20677
20608
20603
20531
20779
21099
21000
20897
20958
20736
20917
20686
20504
20551
20614
20897
21212
20983
20581
20512
20484
20698
20697
20602
20422
20064
20358
20433
20387
20609
20584
20621
21021
20805
20333
20291
20674
20635
20651
20556
20661
20710
20578
20643
20683
21909
20612
20557
20643
20441
20035
20109
20072
20505
20682
20619
20500
20613
20510
20659
20661
20665
20733
20555
20621
20780
20629
20517
20527
20742
20609
20559
20547
20602
20527
20763
20610
20864
20566
20582
20972
20763
20683
20761
20559
20507
20696
20660
20533
20556
20721
20684
20671
21335
21556
20723
20322
20600
20679
20619
20537
20652
20629
20643
20642
20510
20224
20246
20675
20585
20537
20500
20835
20929
20604
20183
20047
20112
20289
20720
20968
21455
20580
20698
21034
20792
20529
20543
20563
20706
20639
20673
20217
20073
20192
20685
20650
20663
20669
20706
20919
24361
20941
21052
20975
20624
20649
20557
20652
20619
20597
20698
20712
20572
20558
20499
20993
20920
20491
20070
20087
20358
20676
20623
20684
20768
20558
20676
20629
20608
20618
20606
20762
20742
20650
20076
20343
20551
20694
20691
21036
20683
20677
20668
20756
20670
20634
20805
20274
20603
21822
20761
20696
20497
20708
21269
21185
20665
20380
20733
20752
20593
20567
20523
20597
20655
20623
20542
20455
20088
20459
20801
20647
20534
20574
20872
20635
20610
20217
20192
20068
20556
20742
20567
20658
20527
20557
20600
20740
21049
20959
20739
20669
20777
20964
20957
20808
20614
20766
22215
20662
20619
20591
20624
20632
20555
20627
20518
21156
20682
20561
20533
20590
20654
20635
20586
20552
20568
20462
20712
20613
20514
20445
20043
20321
20730
20304
20858
20614
20655
20342
20706
20583
20525
20711
20675
20572
20786
20555
20540
20693
20662
20591
20620
20682
20862
22304
21679
20835
20584
20344
20682
20451
20665
20619
20670
20716
20653
20617
20565
20519
20548
20703
20661
20588
20558
20648
20830
20565
20593
20578
20545
20630
20679
20613
20169
20215
20196
20420
20889
20758
20551
20582
20600
20804
20598
20996
20945
20806
20690
20583
20536
20593
20507
20740
23664
21190
21223
20944
20837
21013
20961
20764
21182
20900
20672
20544
20702
20506
20560
20682
20693
20566
20587
20554
20579
20755
20563
20562
20532
20663
20613
20627
21179
21088
21047
20839
20926
21022
21036
20769
20573
20666
20656
20865
20507
20557
20672
20631
20511
20594
20514
21089
23398
20731
20555
20628
20614
20732
20617
20555
20968
20553
20696
20634
20633
20567
20043
20445
20678
20596
20553
20524
20584
20608
20631
20585
20503
20528
20640
20590
20516
20541
20456
20499
20311
20146
20173
20129
20352
20732
20670
20632
20758
20494
20593
20554
20709
20509
20785
20937
21696
21130
20708
20184
20169
20498
20868
20611
20590
20800
20615
20701
20669
20529
20144
20158
20644
20307
20043
20080
20220
20276
20654
20702
20648
20518
20532
20692
20665
20554
20651
20651
20556
20757
20692
20557
20532
20555
20675
20715
20646
21263
20553
20683
20888
20080
20080
20071
20184
21536
20996
21091
20710
20596
20654
21071
20623
20836
20642
20700
20567
20080
20158
20098
20047
20275
20411
20630
20587
20630
20601
20703
20700
20598
20533
20503
20677
20694
20544
20638
20584
20830
20642
20579
20555
20558
20575
20658
20706
20640
20734
20545
20706
20863
20531
20561
20532
23405
21242
20724
20562
20617
20509
20930
20644
20605
20686
20631
20357
20396
20036
20042
20069
20073
20774
20593
20596
20621
20733
20661
20816
20622
20287
20039
20150
20625
20630
20668
20546
20506
20995
21094
20989
20960
20754
20777
20547
20559
20624
20634
20706
20464
20036
20070
20337
20365
22251
20957
20492
20053
20079
20800
20922
20630
21039
20846
20727
20646
20482
20561
20583
