20464
20512
20224
20260
20322
20692
20648
20673
20267
20246
20316
20669
20592
20669
20288
20425
20544
20568
20328
20617
20608
20664
20100
20059
20311
20460
21954
20992
20502
20812
20693
20400
20114
20075
20603
20694
20455
20116
20169
20142
20278
20065
20261
20420
20316
20521
20262
20075
20099
20632
21795
20578
20283
20321
20106
20085
20670
20658
20460
20135
20447
20317
20708
20203
20276
20086
20509
20631
20573
20254
20925
20275
21031
20078
20745
22835
43575
21320
21157
21151
21136
20940
20582
20891
20773
20667
20684
20636
20659
20565
20027
20028
20344
20567
20357
20131
20069
20323
20739
20883
20373
20019
20108
20659
20750
20669
20100
20329
20622
20600
20114
20087
20348
20280
20419
20921
20984
21131
20857
20712
20645
20086
20382
23105
21493
21125
20826
21120
21119
21040
20814
21087
20525
20544
20517
20203
20295
20495
20559
20546
20660
20564
20580
20541
20503
20140
20360
20567
20598
20175
20049
21527
20294
20424
20852
20078
20351
20275
20687
21061
21163
21023
20691
20586
20527
20708
20834
20490
20424
20922
20626
20332
25383
20385
20834
21238
21243
21082
21253
21188
21140
21376
21260
21145
21343
21167
21362
21175
21160
21315
21288
20159
20053
20064
20705
20347
20241
20616
22159
22183
20941
21055
20540
21154
20901
20641
20756
20556
20853
20662
21048
20620
20859
21103
20806
20547
20828
20556
20614
20626
23678
20757
20651
20088
20062
20035
20299
20143
20121
20075
20055
20225
20419
20200
20213
20060
19983
20560
20301
20141
20068
20125
20388
20624
20537
20260
20346
20754
20504
20661
20043
20146
20155
20216
20096
20267
20308
20611
20606
20305
20239
20155
20539
20069
20367
20772
21078
20797
20651
23144
20840
20724
20306
20202
20052
20526
20662
20807
20544
20496
20171
20357
20189
20148
20047
20045
20681
20620
20871
20952
20637
20797
20757
20566
20206
20039
20163
20293
20506
20588
20576
20324
20327
20239
20129
20106
20558
20664
20408
20046
20636
20803
20473
20222
21268
20078
20061
22180
21627
20779
20747
20623
20656
20702
20501
20503
20135
20123
20698
21059
20629
20996
21180
20651
20544
20584
20427
20062
21301
21713
21491
21908
21563
20952
21281
21448
21341
21523
21861
21585
20751
21660
21235
21367
21241
21241
21117
21210
21435
21551
21954
21501
20685
20669
27661
29522
22732
21382
21256
21426
21133
21099
21314
21150
20746
20614
20523
20673
21131
20921
21517
21606
21094
20624
20504
20865
20941
21022
21451
21133
20955
20657
20584
20414
20224
20434
20419
20367
20663
20619
20660
20831
22557
20466
32197
27974
21829
21956
21916
21591
22073
22700
21456
21466
21411
21207
20642
20337
21085
20795
20636
20687
20720
20836
20476
20721
20481
21098
20463
20814
20791
20988
20343
20769
23507
21191
21010
20893
21170
20465
20732
21113
20616
21033
20692
20738
20927
21080
21120
20499
20599
20375
21409
20835
21094
20325
20307
20654
20780
20538
24103
22440
21011
20888
20806
20849
20259
20424
20689
20881
20388
20323
20509
20914
21479
21240
20556
20351
20963
20795
20822
20859
20936
20801
20657
20783
20877
20378
20426
20736
20677
20744
20386
20497
20566
20824
21224
20782
21166
21366
22385
20593
21236
20687
20727
20807
21045
20850
22927
21452
20821
20819
21017
21277
20813
20781
20900
21405
20822
20850
20470
21071
20856
21010
20352
20804
20540
20808
20561
20596
20317
20525
20583
21142
20243
20358
20348
20919
20790
20530
20298
20697
21156
21022
21245
21050
20872
20668
21265
21611
20762
20321
20297
20903
20776
20854
23236
21602
20810
20738
20913
20933
20380
20526
20857
21027
20507
20789
20405
21066
20772
21064
20991
21021
20829
20760
21008
21072
20343
20626
20496
21020
20346
20610
20706
20989
20458
20720
20794
20556
20374
20700
20841
20945
20403
20553
21372
21182
20568
20748
20814
20667
20969
21170
22705
21437
20737
21037
20846
20780
20389
20783
20902
21115
20755
20842
20658
21494
20298
20392
20404
20546
20953
21152
20488
20776
20433
20604
20777
21469
21380
21168
20890
20962
20947
20614
20347
20432
20702
20674
21093
21004
20701
21030
21124
20785
20713
20571
20743
21166
20578
20585
20948
22534
20525
20805
20698
20667
20359
20530
20656
20908
20545
20302
20660
21055
20856
20786
20610
20614
20727
20712
20544
20549
20805
20799
20808
20538
20925
20571
20607
20743
21557
21001
20765
21869
21333
20922
21500
20958
20410
20741
21087
20724
20924
20526
20668
20624
20607
21196
23465
21978
20544
20850
21320
20639
20766
20701
20753
20737
20812
20710
20886
20678
20679
20785
20668
20472
20683
20564
20750
20713
20774
20337
20514
20733
21535
20705
20329
20815
20808
20810
20707
20668
20566
20815
20789
20931
20451
20706
20818
21040
20862
21005
20423
20599
20806
21001
20875
22124
21176
20757
20960
20802
20704
20691
20420
21027
20385
20289
20341
20896
21000
20341
20602
20688
20835
20893
20520
20640
21175
20743
20782
20988
20349
20446
20645
20877
20796
20762
20429
20798
20593
20408
20714
20418
20894
20653
20817
20672
20676
21148
20793
20875
21478
20783
20725
20697
23144
21247
21160
21234
21062
20723
20594
20925
20392
20317
20648
20849
21003
20875
20929
20997
20378
20620
20855
20942
20769
20756
20878
21343
20812
20931
20748
21016
20719
20381
20332
20409
20948
20621
20598
21149
20911
20828
21229
21141
21213
21005
20758
21242
21183
21157
20752
20977
23738
21184
20932
20756
20783
21029
20743
20783
20706
20456
20707
20498
20668
20372
20747
20739
20418
20925
21022
20875
20710
20744
20842
20962
20305
20388
20387
20957
21014
20673
20352
20829
21099
20432
20751
20556
20741
20636
20782
20926
20299
20277
20258
20901
21164
20695
20413
20292
25812
21026
21099
20843
20717
20718
20843
20800
20864
20811
21000
21014
21181
21108
20997
20625
20547
20530
20766
20732
20711
20683
21257
21110
20726
20691
20761
20433
20462
20788
20949
20388
20251
20577
20641
20568
20564
20468
21001
21294
20810
20332
20232
21090
20412
20473
20733
21566
24294
21314
21223
20688
20517
20670
20526
21231
20347
20347
20390
21046
21049
20746
21129
20654
20526
20663
20721
20621
20538
20652
20814
21160
20848
20806
20777
21015
20440
20662
20668
20503
20568
21043
20963
20894
20882
20920
21041
20639
20462
20291
20545
21136
20641
20356
20330
20594
23921
20874
20950
21185
20736
20670
21097
20931
20295
20241
20664
21566
20731
20535
20401
20824
20760
20658
20286
20577
20389
20823
21116
20643
20925
20857
20672
21431
20927
20715
20665
20553
20897
20954
20443
20450
20806
20767
21040
21043
20805
21586
20450
21116
20481
20805
20791
20967
24277
20940
20691
20812
20810
20842
21083
20584
20378
20289
20336
21063
20930
20257
20371
20675
20797
20707
20580
20757
20334
20615
20970
21533
20457
20932
20570
20730
21095
20890
20401
20555
20434
20353
20639
20850
20936
20788
21490
21209
20341
20351
20568
20915
21255
20336
20717
21022
25236
20865
21366
20541
20312
20880
20814
20454
20850
20679
20779
20712
20691
20329
20301
21242
20884
20920
21354
20881
20784
20724
20544
21288
20685
20773
20751
20997
21287
20620
20324
20611
20895
20707
21134
20958
20482
20749
20827
20848
20393
20314
20520
21000
20929
20459
20367
21986
26680
22770
21246
21206
21259
21071
20847
21123
20325
20555
20663
20529
20976
20946
20860
20689
20648
21464
20690
20494
20293
21410
20714
20822
20900
21148
20700
20500
20350
20589
20317
20772
20884
21009
20856
20730
20811
21652
20717
20727
20748
20895
20982
20592
20443
20497
20548
20468
24900
20820
20962
20421
20368
20727
21007
20338
20331
20552
20567
20687
20794
21060
21157
20492
20751
21616
20860
20575
20366
21052
20720
20757
20771
20922
20498
20860
20706
20761
20423
20441
20669
20641
21169
20618
20450
21239
21086
20580
20432
20292
20852
20725
21009
20697
20470
20438
23308
21475
20950
20831
20703
21062
20850
20497
20790
20860
20694
20558
20495
20774
21074
21221
20702
20598
20491
20705
20735
21172
20895
21028
20806
20594
20540
20697
20951
20697
20437
20704
20767
20894
21245
20485
20745
21334
20797
21041
21242
21183
21025
20467
20508
22095
21169
21181
24028
21195
21217
21369
21175
21196
21205
21115
20320
20625
20778
21618
20722
21641
21049
21028
20578
20459
20665
20826
20427
20307
20521
20933
23699
20730
21049
21279
20945
21002
20377
20963
21131
20752
20623
20785
20895
21152
21065
20676
20340
20614
20814
21049
20747
20946
21616
21155
22482
21557
21549
20902
20841
20867
20873
20283
20272
20624
21138
20774
20409
20514
20909
20911
20723
21014
20975
20355
20770
21229
20947
20595
20602
20676
20975
20431
20328
20389
20743
20831
21019
20695
20275
20726
20733
20783
20703
20834
20665
20721
20570
20664
20970
20985
21084
21758
21746
21771
21379
21267
21284
21567
21225
21209
21188
21203
20706
20505
20709
20719
20623
20746
20334
20700
20583
20891
20913
21036
20507
20282
20532
20879
20645
20672
20683
20525
20844
20788
20566
20396
20936
22250
21170
21666
21777
21709
21202
21632
21695
21772
21293
21221
21354
21229
21648
21473
21215
21435
20929
20835
21033
21552
21407
21473
22181
21075
21467
20631
21161
20929
20711
20531
20595
20822
20580
20307
20380
20587
20881
21213
20365
20563
20516
20376
20368
21066
20743
20734
20806
20718
21490
20395
20781
20862
20737
20319
20879
20925
20637
20370
20491
20797
20493
22382
20505
21610
21250
20894
20322
20576
20687
20517
21000
20700
20287
20495
20761
22301
20391
20532
20488
20624
21117
20510
20589
20964
20623
20735
20421
20727
20891
20637
20854
21161
20825
20733
20753
20778
21299
20262
20528
20327
21021
21051
20646
20532
20734
20503
20693
20401
20631
23528
20878
20788
21211
20700
20446
20258
20998
20721
20782
20430
20647
20634
21040
20931
20577
20568
20479
20444
20885
20396
20261
20622
20919
21009
20881
20774
20889
20810
20771
21063
21342
20898
20649
20946
21695
20559
20646
20505
20976
20890
20790
20804
21026
20769
20770
20822
23161
21119
20996
21452
20826
20647
20303
20577
20776
20759
20609
20396
20935
20719
20553
20824
21381
20824
21169
20452
20652
20829
21389
22738
21441
21235
21166
21084
21048
20763
20869
20837
20419
20596
20427
21819
22499
20688
20826
20878
20660
20884
21234
21225
20534
20546
21019
20792
23555
21121
20825
20907
20970
21248
20854
20847
20768
20515
20882
20728
20329
20621
21106
21141
20429
20262
20559
20854
20890
20513
20700
20710
20863
20723
20930
20704
20342
20462
21254
20864
20652
20323
20442
20618
21098
20875
20964
20635
20405
20635
21245
20461
20806
20493
20682
20777
22995
21079
21032
20749
20768
20779
20671
20575
20497
20621
21187
20559
20430
20586
20916
21153
20338
20666
20859
20853
20864
21230
20957
20967
22477
20782
21952
21340
20943
21139
20885
21473
21210
20665
20427
20890
20979
21201
20906
21326
20706
21276
20589
20611
20862
20817
20873
21087
21762
21185
20732
20723
20771
20866
20355
20297
20660
20597
20703
20472
20530
20702
20689
20374
20282
20262
20763
20324
20553
20793
20902
20824
21123
21109
20956
20693
20806
20584
20997
20850
20637
20446
20559
20686
21442
20986
20866
20813
21559
21036
20541
20257
20348
20674
21211
20982
21531
21173
21784
21249
21200
20834
20756
21169
20991
21110
20671
20685
20331
20591
20372
20321
20402
20298
21419
20521
20614
20710
20692
20669
20639
20970
20831
20817
20333
20464
20839
20436
20307
20297
20488
21034
21223
20406
20649
20811
20885
20708
20761
20484
20607
20880
20519
20567
22272
21314
21534
20465
20712
20493
20586
20479
20737
20445
20693
20707
20412
20479
20478
20647
20387
20897
20483
20681
20348
20415
20267
20532
20540
20628
20855
20955
20736
20352
20528
20538
20728
20823
20703
20634
21777
20869
20714
20764
20948
20360
20564
20360
20623
20382
20762
20755
22867
20691
20897
20798
20995
20754
20821
20391
20511
20783
21172
20883
20813
20377
20808
21097
20943
20687
20767
20562
20903
20551
20392
20336
20979
20938
20776
20683
20668
20407
20845
20501
21205
20808
20598
20578
21549
20838
20742
20968
20813
20945
20709
20695
20798
20698
20848
20600
21133
22010
20908
20581
20938
21228
21186
20889
20998
20732
21018
20466
20618
20373
20717
20849
20852
20383
20285
20648
20830
20826
20430
20480
20851
21163
20322
20400
20535
20526
20443
20745
21052
21015
20827
20533
21116
21218
20835
20857
20806
20822
20500
20475
20319
20470
20979
20984
20495
22528
21685
20755
21109
21256
20699
20265
20720
20802
20943
21294
20960
20542
20621
20544
20753
20589
20253
20442
20393
20655
20467
20777
20834
20890
21216
20903
20645
20945
20811
20851
20290
20990
21008
20854
20893
21771
20827
21050
20616
21397
20545
20634
20392
20775
20688
20795
20385
20798
23158
21298
21429
20723
20362
20766
20947
20698
20293
20310
20784
20525
20780
20815
20858
20967
20390
20709
20945
20753
20326
20403
20620
20936
20440
20803
20779
21195
20671
20633
21431
20452
20810
20555
20979
20666
20478
20329
20560
20818
20823
20353
20677
20403
20898
20925
21219
20789
22311
21269
20957
21062
20753
20804
20798
21028
20282
20650
21164
20837
20945
20705
20444
20770
20729
20952
20785
20941
20735
20665
20921
20958
20796
20353
20289
20608
20665
20468
20735
20508
20659
20846
20998
21226
20855
21085
20382
20863
21402
20674
20785
20329
20916
20645
20240
20715
20895
23394
21539
22408
21167
21164
21259
20843
20483
20731
21125
20755
21094
21122
20817
20469
20501
20532
20652
21883
21403
20778
20757
20884
22525
20718
20884
21129
20951
20896
20614
20669
20528
20839
21603
20859
20897
20750
21032
21068
20950
20875
20905
20807
20834
20460
20598
20497
23679
21450
21017
20327
20311
20579
20607
21062
20654
20468
20519
20887
20812
20475
20558
20315
20826
20795
21298
20691
20250
20563
21239
20408
20738
20779
20801
20806
20553
20717
20638
20397
20735
20631
21706
20400
20266
20545
21165
20948
20956
20839
20710
20819
20283
20417
20245
20935
20628
24496
20984
20355
20361
20900
21255
20989
20774
20536
20713
20587
20584
20793
21085
20447
20776
20715
20905
20413
20332
20393
20814
20398
20375
20750
20850
21002
21123
20854
20893
20500
20509
20891
21023
20597
20481
20801
20695
20848
21331
21062
20914
20975
20992
20791
20735
20999
20743
23770
20661
20379
20362
20425
21312
20392
20378
20813
20393
21248
21389
20982
21054
20369
20436
20872
20974
20748
20471
20713
21149
20517
20494
20536
20719
21122
20677
20260
20382
20605
20642
20818
21352
20728
20333
20592
20522
20928
20645
20420
20537
20629
21098
20387
20343
20212
20473
23533
21332
21162
20709
20663
20676
21020
20377
20492
20650
20862
20379
20671
20732
20511
21042
20578
20716
20591
20476
20416
21258
20841
20880
20868
20911
21076
21108
21171
21049
20634
20579
20321
20713
21241
20727
20742
20745
20894
20832
20347
20388
20729
20998
20728
20567
20702
23241
21421
21062
21454
20639
20678
20766
20812
20316
20341
20371
20917
20445
20509
20486
20653
20558
20804
20811
20741
20715
20795
20549
20303
20967
20364
20267
20729
21100
20702
20577
20456
21088
20740
20943
20958
21008
20943
21157
21017
21145
20770
20744
21358
21315
20794
20773
20717
20950
22920
20642
20862
20863
20734
21048
20929
20455
20745
20714
21016
20875
20440
20584
20260
20979
20994
20403
20305
20556
20788
20802
20805
20654
20601
20550
20887
21013
20671
20780
20411
20846
20680
20705
20894
20891
20913
20616
20340
20788
20954
20287
20849
20843
20710
20309
20506
20569
24522
21034
21538
21264
20757
20530
20589
20888
20559
20546
20716
21100
20853
20795
20513
20848
20657
20936
20875
20893
20757
20714
20605
20752
20386
20686
20714
21215
20319
20596
20812
20804
20418
20739
20513
20447
20681
20852
20612
21520
20791
20250
20283
20336
21011
20604
20290
20649
24452
20899
20758
20705
20316
20753
20803
20481
20794
20836
20890
21333
20465
20689
20482
21134
21205
20788
20462
20434
20574
20565
20306
20450
20627
20461
20697
20842
20861
20472
20460
20899
20571
20446
21257
20701
20766
21156
20380
20328
20325
21054
20856
21092
20892
20617
20452
20532
23703
21390
21015
21199
21341
21315
20703
20402
20531
20901
20986
20371
20872
20646
20500
20705
21231
20696
20594
20569
20846
21010
20641
20426
20524
20647
20913
20541
20469
20699
20451
20914
20969
20493
20781
21429
20770
21242
20398
20214
20237
20885
20736
20742
20459
20888
20608
20777
23049
22107
21193
20762
20990
20443
20683
20254
20428
20664
20822
20773
21176
21006
20765
20901
20916
20767
20700
20656
20817
21324
20548
20341
20376
20776
20571
20719
20236
20749
20267
20619
20739
21153
20946
20305
20694
21352
20736
20469
20295
21058
20708
20587
20401
20551
20473
20612
21902
21897
21037
20872
20479
21017
20766
20967
20769
20921
20720
20560
20374
20575
20438
20834
20559
20472
20456
20383
20590
21073
20558
20423
20551
20406
20981
20698
20438
20294
20720
20668
20568
20760
21425
21069
20655
20436
20607
20352
20402
20556
20922
21388
20391
20254
20379
21001
20766
23066
21772
20785
20700
20385
21243
20601
20260
20533
21008
20260
20371
20688
20519
20477
20348
20745
20688
20763
20653
20831
20704
20742
20645
20891
21016
20950
20850
20806
20843
21038
20910
21173
21157
20869
20867
20930
20606
20710
20825
20703
20913
21198
20811
20360
20307
21064
23412
21011
20890
20783
20487
20643
20955
20422
20651
20862
21665
20874
20713
21019
20730
20909
20575
20459
20660
20832
20613
20639
21663
20842
20933
20787
21252
21079
21273
20824
20788
20533
20415
20540
21081
20334
20292
20348
21230
20875
20756
20713
21019
20758
20822
20697
21239
20281
20898
22801
21405
20516
20336
21041
21322
20422
20775
20726
21023
20749
20646
20329
20507
20678
20567
20694
20917
20869
20489
20658
20867
20467
20279
20251
20323
20970
20570
20639
20538
20736
20783
20815
21256
20778
20757
20736
20467
20776
20738
20760
20792
21221
20326
20354
20713
21490
20778
22814
20470
20727
20287
20496
20438
20882
20826
20383
20487
21066
20908
20616
20737
20870
20886
21171
20848
20936
20410
20731
20563
20570
20551
20381
20466
20696
20780
20704
20816
20768
20982
20970
21076
20371
20478
20633
20861
20936
20826
20623
20462
21182
21865
21251
21164
20879
20863
23407
21287
21136
20276
20491
20663
21387
20730
20793
20469
20730
20395
20509
20761
20772
20751
20723
21105
21355
21005
20769
20766
21416
20309
20779
20396
20663
20531
20350
20360
20515
20649
20456
21172
20437
20576
20448
21005
21222
20808
20330
20335
20570
20564
20770
20653
20402
21281
22134
21089
20778
21166
20705
20995
20796
20919
20456
20390
20494
21227
20997
20652
20284
21338
20684
20817
20594
20681
20448
20896
20800
21037
20723
20525
20368
20509
20829
20828
20751
21200
20464
21121
20372
20542
20429
20817
20620
20238
21606
20711
20957
20908
20967
20776
20536
20806
24514
20893
20675
20669
20298
20698
20676
20659
20286
20522
20630
20675
20855
20727
20721
20535
21167
20725
20856
20814
20499
20972
20634
21001
20765
20722
20949
20888
20534
20865
20833
20511
20685
21084
20757
20372
20599
20909
20780
20927
21206
21163
21223
21407
20462
20424
20775
20637
24248
20649
20742
21069
20766
20624
20441
20985
20641
20719
20692
21313
20818
20501
20301
20861
20746
21083
20515
20678
20624
20530
20407
21042
20327
20271
20610
20796
20747
20388
20474
20321
20955
21135
20651
20442
20529
20978
20668
20613
20600
20459
20689
20907
21216
20876
20828
20525
24428
20785
21113
20968
20287
20569
20777
20907
20535
20411
20638
20961
21197
20359
20287
20430
21052
21018
20777
21023
20886
20790
20724
20834
20630
20293
20502
21024
21018
20350
20584
20708
20862
20843
20645
20366
20490
20559
20774
20986
20892
21031
20680
21192
20954
20376
20760
20887
24413
21014
21475
20885
20872
20657
20319
20317
20606
20252
20261
20781
21138
20599
20326
20410
20872
20798
20820
20392
20460
20911
21053
20489
20823
20676
20579
20360
20753
21025
20649
20636
20705
20914
20767
20375
20292
20705
20943
20551
20406
20688
20354
21063
20919
21285
20719
20681
24118
20994
20974
20776
20722
20703
20730
20810
20564
20332
20176
20501
20836
21429
20816
20900
20546
21629
20444
20406
20265
20699
20847
20919
20833
20936
20271
20459
20782
20899
20735
20799
20841
20874
21055
20831
20477
20831
20740
20850
20909
21392
20856
20947
21122
20860
20908
20375
24182
21326
21032
20337
20616
20688
20692
20934
20976
20765
20807
20523
21420
20456
20403
20640
20600
20683
20862
20770
20518
20914
20876
20827
20638
20423
20429
20588
20701
20581
20612
20530
20670
20594
20978
20698
20898
20822
20686
21119
20796
20601
20411
20984
20982
21397
21183
20906
22831
22447
20622
20653
20580
20321
20949
20747
20594
20554
20472
20735
20709
20594
20371
20443
20406
20522
21401
20446
20342
20566
21835
20745
21194
21286
20883
20558
20489
20913
20302
20491
20286
20600
21077
20305
20396
20538
20884
21008
20678
20501
20451
20845
20797
21020
20581
20478
23503
22666
21049
21303
21152
20785
20922
20841
20518
20442
20513
20816
20551
21106
20640
20493
20564
21083
20753
20776
20786
20979
20834
20764
20276
20601
20354
20682
20458
20958
20346
20517
20272
20877
21577
20939
20653
20487
20802
20656
20681
20572
20876
20885
20843
20887
20740
20658
22684
22550
20879
21204
21048
20830
20839
21229
20948
20767
20344
20490
20735
20852
20518
20725
20695
20984
20318
20501
20325
20622
20730
20567
20864
20615
20420
20634
20474
20755
20769
20786
20758
20544
21375
20925
20703
20564
20880
20810
21010
20973
20509
20456
21069
21055
20529
20413
23074
21872
21176
20894
20652
20595
20837
20609
20964
20786
20311
20519
20571
21380
20315
20476
20665
20967
21042
20437
20385
20325
21104
20479
20646
20464
20558
20450
20853
20478
20606
20342
20685
20659
21313
20897
20363
21051
20926
20764
20583
21342
21000
20668
20784
20563
20674
20285
21427
21686
21570
20527
20639
20742
20972
20334
20862
20896
20759
20390
20779
20669
20887
20659
20761
20749
20656
20485
20601
20985
20907
20886
21153
20903
20938
20392
20769
21303
21004
20656
20715
20658
21209
20806
20627
20711
20475
20835
20247
20591
20830
20796
20758
21053
20966
21103
20940
23680
20561
20757
20691
20452
20627
20705
20789
21294
21164
20783
20913
20750
20789
20545
20530
20584
21024
20971
20400
20553
20775
20767
20515
20653
20915
20366
20505
21036
20807
20793
20536
20670
21258
20524
21031
20697
21011
20875
20675
20292
20801
20770
20827
20807
20536
20631
20482
24552
21079
20985
20490
20344
20510
20823
20674
20282
20907
20768
20436
20296
20812
20832
20408
20548
21024
20895
23318
20764
20953
20637
20959
20841
20959
20649
20534
20621
21328
21638
21214
20903
21226
20688
20974
20825
21002
21190
21248
20654
21277
20703
20471
21065
20619
20339
20422
23245
21006
20478
20321
20477
20734
20548
20543
20631
20570
20673
20778
20775
21138
20835
20472
20619
21378
21015
20846
20915
20874
20940
21058
20652
20877
20836
20859
21049
20802
20385
20598
20800
21202
20457
20505
20940
21247
20894
21099
20797
20902
20632
20804
20599
20525
20812
20796
22753
20661
20295
20243
20189
20843
20424
20437
20689
21327
20919
20741
20964
21380
20995
21167
20541
20591
20361
20404
20262
21198
20745
20647
20259
20962
20809
21018
20877
21145
20652
20544
20656
21530
20642
20378
20601
20991
20859
20987
20971
21619
20562
20569
20971
20774
21086
20689
25098
20437
20745
21007
20944
20671
20560
20386
20817
20730
20435
20410
20977
20362
20575
20777
20592
20842
20326
20440
20358
20778
20702
20416
20308
20423
20511
20627
20949
20979
20639
20374
20744
21654
20998
20737
21008
20943
20474
20766
20428
20399
20692
20847
20856
20284
20660
20401
24518
21711
21043
20738
21085
20898
20664
20339
20347
20554
20573
20778
20547
20920
20857
20378
20802
20587
20779
20445
20421
21143
20511
20781
20341
20275
20546
20748
20844
20373
20605
20453
20749
20865
21824
20332
20454
20423
20993
20745
20303
20427
20413
21013
20778
20501
20355
20564
23413
21387
20998
20399
20388
20634
21043
20606
20700
20561
20889
20453
20873
20421
20688
20752
20469
20651
20486
20984
20715
21363
22803
21612
20744
20745
20965
20772
20768
20234
20603
20414
20662
20842
20964
20743
20955
21220
21233
20740
20811
20431
20502
21073
20939
20692
20847
20632
23534
21221
21005
20385
20334
20250
20691
21040
20612
20371
20489
20929
21647
20929
21218
20907
20858
20904
21011
20848
20766
21094
20966
20744
20716
20790
20781
20733
20757
20409
20593
20579
20859
20879
20671
20654
20535
20753
21016
20724
20637
20307
20533
20889
20589
20744
20823
20836
23342
22487
21241
20922
20653
21002
20801
20264
20253
20502
20516
20649
20620
21584
21944
20341
20895
21141
20605
20436
20353
20978
20881
20909
20341
20323
20940
20848
20554
20355
20599
20428
20276
20972
20646
20391
20368
20573
21095
20912
20263
20375
21393
20909
20710
20730
20899
20847
20777
24323
21280
21422
20703
20685
20733
20725
20688
20909
20835
20492
20751
21316
20911
20783
20878
20471
21176
20368
20386
20459
21002
20891
20383
20263
20445
21157
20958
20972
20911
21051
20688
21046
20705
20361
20399
20476
20895
20991
20603
20361
20830
20458
20675
20656
20912
20722
22292
20728
21286
20975
20555
20264
20907
20452
20619
20371
20437
20886
20815
20820
20938
20978
20852
20956
21517
21099
20931
20747
20924
20880
20816
20556
20453
20691
20970
20793
20766
20596
20353
21174
20676
20752
20524
20738
20618
20907
20832
20489
20651
21227
21156
21165
20964
20765
21063
21575
20936
20788
20938
21186
20930
20374
20791
20413
20475
20467
20860
21041
20865
20708
20775
20948
21128
21006
20264
20655
21000
20530
20913
20325
20351
20559
20733
20990
20579
20603
20394
21098
20911
21076
20235
20307
20924
21266
20372
20604
20493
20612
21212
21050
20755
20480
20495
22593
20810
20943
20842
21013
20607
20930
20949
20405
20434
20777
20978
20712
20674
20966
20593
20481
20864
20666
20447
20368
20651
20811
20944
20393
20569
20760
20618
20510
20728
20750
20577
21154
20806
21085
21076
20404
20802
20845
20993
21118
20769
20770
21267
21095
20752
20640
20520
24050
20604
21441
20334
20449
20612
20978
20764
20316
20284
20848
20493
20790
20734
20935
20404
20539
20760
20396
20724
20785
20567
20614
21013
20405
20382
20740
21114
20783
20764
20728
20764
21277
20642
20318
20603
20384
20675
20680
20838
20584
21224
20305
20854
20494
20652
20376
20399
24347
20827
20748
20862
20666
20691
20725
21077
20697
20730
20799
20982
21084
20890
20377
20953
20725
20625
21203
20719
20481
20648
20950
21382
20447
20807
21043
21050
21062
20469
20400
21040
20948
21087
21186
21218
20385
20527
20568
20877
20822
20807
20690
20901
20689
20691
20684
20840
23006
21106
21192
20787
20872
21148
21204
20845
20424
20718
20856
20723
20914
20355
20342
20789
20499
20433
20363
21082
20232
20473
20615
20819
20439
20312
20367
20424
20957
20484
20475
20323
21011
21124
21051
20741
21261
20543
20474
20338
20998
20312
20293
20730
21294
20755
20614
20800
21241
23778
20631
21281
20853
20781
21132
21111
20727
20546
20753
20881
20985
20728
20472
20497
20765
20828
21892
20937
20852
20757
20380
21152
21041
21686
21467
21502
21079
20886
21677
21084
21081
20858
21242
20620
20271
20565
21036
20768
20439
20317
20324
20988
21098
20684
20380
20953
22956
22262
20703
20813
20663
20304
20731
20375
20764
20510
20802
21074
20914
21302
21346
20273
20614
20616
20963
20702
20505
20650
20753
20807
20273
20601
20621
20957
20802
20493
20556
20630
20880
20714
20753
20818
20743
20668
20881
21205
20853
20325
20273
20586
20771
20793
20494
20776
23662
21177
21434
20849
21060
20659
21152
20829
20696
20414
20811
21418
20724
20702
20933
20406
20461
21013
21324
20790
20824
21035
21080
20986
20460
20608
20676
20904
20395
20361
20782
20907
21112
20960
20609
20807
21233
21248
21115
20752
20773
20498
21232
20714
20751
21355
21129
20577
23079
20909
20720
20335
20444
20803
21768
20845
20405
20347
20556
20561
20551
21026
21085
20765
20601
20674
20693
20315
20540
20934
20607
21127
20438
20780
21321
21102
21069
20869
20973
20793
21694
20701
21074
22166
21818
21567
21895
21720
21960
21429
20827
21013
21396
20948
20927
21106
25013
21473
22385
21095
21249
21500
21929
21512
21105
20827
21370
21402
21188
21225
21449
21613
21839
22781
21859
21747
21283
21347
21506
21531
20976
21541
20901
21457
20910
20788
20609
21199
20493
20964
20986
21154
21858
21260
21581
20929
20483
20518
21467
21065
20639
20549
22714
24578
21884
21433
21190
21882
21566
21798
20752
21096
20765
20885
21048
20456
20417
20710
20660
22860
21876
21162
20837
20779
21233
20958
20724
20961
20652
20679
20520
20666
20695
21645
21721
21268
21401
20782
21409
21093
21655
21480
21260
21162
21371
20872
20916
20765
20551
21247
23845
20824
21632
20885
20832
20940
20992
20725
20400
20319
20713
20913
20723
20612
20715
21119
21106
20808
20774
21035
20753
20802
22125
21504
21924
21475
21271
21576
21977
21302
21242
21637
21352
21686
21287
21177
21800
21352
21642
21926
21673
21418
21519
22250
21222
21216
21226
27095
21279
21737
21656
21188
21268
21544
21378
23243
21267
22070
21233
21339
21335
20869
21353
21584
21544
21038
21140
21064
21318
21018
21015
20691
21041
20785
22322
21039
21267
21611
21252
21050
21543
21170
20229
21043
21709
20642
20975
21100
21326
21273
20883
20585
21182
22679
23726
22317
20986
21090
20685
21088
21374
20763
21140
20904
21100
21022
21869
20759
20973
20881
20539
20204
20158
20763
20537
20708
22151
21207
21169
20640
20414
20587
21503
21031
20491
20881
20724
20603
20449
20212
20544
20405
20359
20489
20234
20583
20201
20399
20269
20405
20262
20966
22216
20996
21254
20735
20913
20535
20196
20194
20629
20267
20266
20419
20273
20203
20787
20536
20761
20284
21162
20675
20816
20418
20846
20730
20808
20466
20384
20635
20390
20275
20292
20579
20534
20413
20522
20652
20644
20467
20374
20417
20742
20205
20184
20493
20785
20320
20521
20512
24269
21212
20473
20664
20718
20558
20343
20490
20952
20419
20366
20259
20789
20250
20353
20395
20300
20973
20223
20372
20347
20579
20441
20323
20192
20791
20632
20490
20308
20303
20576
20523
20940
20729
20843
20424
20558
20587
20746
20364
20477
20491
20821
21422
20466
20450
20788
20342
20225
25171
20927
20338
20242
20216
20741
20441
20603
20478
20491
20440
20791
20748
20428
20567
20212
20308
20331
20972
20303
20378
20245
20758
20582
20590
20442
20620
20881
20994
20772
20398
20809
20887
20602
20824
20765
20622
20373
20412
20711
20541
20645
20429
20558
20561
20258
20230
20287
23981
21266
20443
20682
20258
20281
20615
20561
20370
20256
20299
20222
20928
20296
20484
20712
20464
20517
20448
20323
20733
20774
20565
20412
20258
20553
20231
20330
20324
20754
20410
20365
20682
20638
20737
20357
20241
20301
20777
20535
20643
20328
21614
20299
20628
20790
20386
20278
20198
23121
20576
20281
20523
20371
20286
20637
20463
20181
20279
20513
20361
20581
20314
20596
20427
20181
20418
20516
20597
20455
20136
20360
20542
20438
20173
20189
20233
20776
20238
20223
20251
20853
20560
20413
20482
20181
20597
20266
20340
20345
20428
20380
20317
20399
20566
20924
20430
20572
23867
21283
20310
20220
20731
20463
20326
20316
20402
20650
20330
20399
20471
20895
20366
20455
20597
20791
20705
20302
20467
20183
20731
20285
20224
20228
20362
20481
20872
20305
20269
20847
20361
20564
20492
20772
20310
20180
20434
20606
20466
20190
20198
20398
20808
20297
20148
20277
20292
23999
20629
20343
20449
20464
20274
20448
20610
20321
20231
20343
20377
20728
20197
20502
20388
22503
22580
20648
20422
20796
20519
21141
20417
20847
20749
20404
20360
20832
20336
20278
20665
20670
20611
20113
20299
20218
20757
20459
20607
20313
20483
20485
20584
20343
20677
20385
20390
20405
20482
23323
20467
20462
20789
20295
20363
20253
21189
21397
20602
20503
20604
20607
20739
20275
20400
20582
20664
20530
20313
20864
20610
20618
20657
20562
20839
20574
20648
20645
20533
20442
20427
20350
20882
20485
20265
20712
21033
20320
20223
20318
20285
20782
20246
20249
20420
20425
20496
23995
20465
20604
20405
20471
20332
20808
20291
20445
20732
21044
20695
20407
20220
20318
21702
20366
20227
20708
20518
20212
20325
20633
20394
22258
22727
21478
23591
23926
22940
24002
22221
21435
21497
22007
25156
26314
25009
21322
21405
22144
20937
20671
20635
22456
23158
26076
21869
22149
21213
21196
21234
21597
21530
21395
24667
21100
21263
21379
21493
21479
22017
21139
20214
20227
20569
20775
20645
20474
20256
20389
20635
20554
20577
20788
20789
20546
20465
20619
20373
20270
20485
20681
20954
20409
20495
20561
20354
20396
20430
20317
20267
20624
20428
23681
20930
20530
20175
20261
20192
20420
20246
20207
20522
20943
20515
20186
20259
20161
20733
20455
20819
20363
20618
21363
21569
22285
20317
20424
20173
20316
20932
20438
20368
21148
20673
20399
20271
20294
20626
20572
20367
20468
20364
20471
20244
20156
20281
20527
20224
20201
23536
23497
21267
20636
20515
20250
20283
20209
20227
20545
20242
20322
20351
20651
20444
20363
20189
20347
20629
20269
20189
20289
20632
20509
20313
20192
20344
20549
20457
20351
20267
20513
20874
20238
20261
20367
20444
20489
20225
20639
20706
20202
20237
20146
20283
20703
20198
20126
20163
20279
22550
21475
20322
20634
20118
20334
20417
20401
20291
20163
20249
20367
20644
20389
20461
20233
20642
20644
20406
20248
20188
20792
20343
20453
20563
20557
20273
20413
20484
20407
20858
20555
20699
20320
20594
20140
20191
20501
20758
20335
20136
20463
20854
20904
20391
20264
20218
20578
20371
24003
21555
20407
20231
20127
20370
20634
20301
20295
20204
20849
20540
20350
20230
20636
20562
20266
20305
20230
20686
20196
20426
20602
20863
20417
20330
20436
20294
20683
20442
21338
20227
20581
20625
20366
20200
20417
20960
20429
20566
21462
20716
20456
20471
20770
20823
20261
20233
23870
20393
20605
20248
20179
20440
20329
20309
20387
20653
20152
20416
20557
20379
20583
20192
20639
20669
20721
20343
20267
20198
20669
20504
20342
20167
20238
20661
20595
20349
20262
21169
20313
20358
20279
20219
20452
20351
20196
20220
20247
20808
20664
20337
20355
20663
20237
20183
20296
22862
20636
20702
20483
20683
20600
20284
20320
20574
20312
20188
20259
20310
20488
20278
20279
20709
20674
20686
20376
20178
20496
20525
20265
20211
20151
20356
20508
20706
20477
20621
20995
20700
20292
20312
20453
20166
20367
20246
20361
20279
20367
20308
20300
20870
20389
20416
20517
20607
22401
21109
21202
20838
20645
20338
20238
20462
20201
20204
20191
20599
20454
20312
20324
20169
20831
20385
20231
20260
20410
20414
20515
20581
20596
20512
20296
20411
20281
20329
20555
20288
20348
20477
20706
20172
20201
20538
21270
20635
20272
20290
20736
20422
20549
21024
20312
20335
20498
21674
20858
21014
20166
20225
20390
20598
20248
20056
20312
20475
20379
20332
21252
20161
20393
20737
20351
20359
20878
20252
20562
20668
20888
20653
20231
21842
20591
20398
20256
20892
20342
20569
20324
20377
20304
20412
20746
20654
20581
20748
20591
20164
20301
20690
21131
20553
20726
24317
20779
20708
20557
20491
20265
20550
20396
20411
20857
20276
20493
20686
20683
20440
20145
20513
20835
20627
20276
20368
20186
20646
20389
20387
20539
20431
21317
20304
20283
20549
20814
20184
20488
20771
20244
20203
20427
20654
20717
20241
20707
20406
20377
20443
20287
20299
20241
20506
24687
20713
20872
20246
20168
20457
20627
20675
20597
20548
20592
20945
20263
20436
20360
20422
20739
20679
20694
21197
20723
20480
23328
20798
20449
20427
20275
20894
20607
20353
20827
20493
20453
20388
20136
20699
20606
20175
20501
20419
20770
20228
20240
20718
20436
20256
20400
20173
24274
20487
20362
20398
20569
20288
20356
20262
20395
20877
20302
20722
20390
20397
20321
20218
20632
20699
20510
21031
20598
20889
20560
20346
20414
20287
20591
20618
20239
20311
20751
20490
20300
20443
20359
20480
20607
20186
20285
21165
20357
20413
20535
20516
20695
20416
20533
20139
20780
24426
20680
20655
20531
20377
20255
20660
20544
20433
20536
20249
20778
20414
20287
20757
20888
20669
20432
20545
20437
20875
20311
20263
20360
20418
20642
20251
20355
21477
21310
21024
20641
20936
20749
20529
20341
21051
20325
20542
20324
20360
21312
21111
20430
20658
20267
20414
20634
24466
21199
20819
20609
20537
20352
20579
20579
20499
20549
20331
20286
20515
20393
20189
20254
20603
20812
20434
20376
20520
20401
20509
20498
20198
20231
20694
20335
20342
20285
20665
20789
20417
20424
20669
20408
20602
20375
20288
21040
20267
20169
20259
20255
20543
20199
20237
20297
20647
24179
20697
20661
20512
20253
20402
20384
20708
20321
20498
20268
20795
20399
20306
20516
20652
20572
20347
20755
20586
20620
20760
20660
20729
21147
20180
20381
20281
21018
20068
20567
20236
20346
20486
20337
20405
20236
20476
20506
20561
20514
21675
20364
20394
20271
20487
20697
20160
20536
24980
20813
20401
20497
20591
20319
20346
20202
20669
20334
20460
20563
20461
20746
20144
20140
22726
20680
20758
20622
20262
20873
20322
20358
20336
20360
20834
20627
20958
21263
20910
20400
20448
20402
20647
20225
20326
20443
21153
20308
20429
20309
20632
20493
20339
20409
20206
20535
24811
20932
20856
20370
20381
20235
20633
20319
20347
20494
20508
20728
20447
20338
20325
20370
20823
20339
20433
20717
20659
20355
20489
20390
20547
20296
20246
20210
20858
20394
20468
20262
20219
20576
20267
20162
20410
20760
20678
20593
20404
20395
20275
20256
20442
20394
20590
20240
20282
23819
20721
20295
20313
20530
20578
20300
20391
20370
20605
20502
20573
20440
20375
20503
20597
20509
20674
20955
20189
20166
20464
20798
20277
20261
20276
20173
20876
20525
20205
20577
20369
20204
20262
20295
20215
20415
20523
20547
21531
21506
20223
20469
20421
20761
20306
20479
20204
20596
23047
20842
20284
20893
20242
20518
20267
20292
20778
20116
20379
20480
20543
20479
21306
22169
21125
20593
20259
20205
22283
20386
20542
20324
20484
20186
20377
20542
20483
20956
20467
20326
20587
20626
20266
20323
20276
20609
20757
20701
20335
20391
20299
20410
20346
20522
20397
20272
23490
21549
20700
20424
20208
20250
20721
20600
20265
20192
20489
20347
20301
20471
20275
20565
20276
20547
20675
20577
20394
20146
20178
20538
20419
20236
20156
20544
20645
20319
20821
20339
20259
20482
20368
20236
20534
20676
20565
20558
20620
21740
20706
20358
20450
20613
20263
20156
20224
24244
20950
20498
20516
20332
20244
20767
20424
20391
20275
20250
20725
20709
20606
20200
20215
20712
20778
20270
20196
20392
21824
20858
20588
20538
20408
21370
21316
20981
21320
20720
20533
20587
20720
20229
20257
20507
20210
20697
20675
20385
20397
20619
20240
20367
20414
20543
20759
20284
23462
20816
20361
20661
20322
20537
20523
20500
20408
20671
20607
20536
20689
20309
20588
20211
20589
20404
20945
20397
20627
20550
20660
20555
20340
20597
20604
20677
20887
21092
20678
20881
20319
20522
20326
20352
20154
20826
20252
20725
20496
20461
20540
20626
20714
20217
20218
20263
23096
20782
20405
20198
20947
20152
20197
20333
20476
20205
20205
20177
20436
20718
20265
20471
20360
21033
21149
20334
20484
20189
20600
20372
20507
20344
20597
20399
20787
20776
21249
20562
20353
20656
20733
20787
20409
20545
20399
21030
20787
20496
20478
20457
20658
20833
20618
20549
20154
23350
20332
20558
20445
20408
20459
20849
20264
20240
20477
20594
20812
20244
20294
20221
20480
20110
20823
20513
20349
20434
20142
20256
20307
20618
20226
20198
20391
20632
21131
20477
20402
20710
20423
20524
20311
20148
20505
20329
20526
20356
20363
20548
20296
20409
20366
20698
20245
20140
23746
20689
20329
20392
20338
20476
20352
20461
20303
20869
20393
20678
20620
20477
20485
20269
20768
20415
20711
20304
20242
20138
20549
20511
20373
20163
20560
20423
20499
20921
20472
20933
20202
20422
20414
20712
20355
20406
20402
20711
20919
21143
20177
20141
20639
20426
20588
20380
20263
24687
20675
20306
20668
20298
20391
20525
20598
20636
20324
20266
20576
20407
20162
20241
20115
20974
20443
20403
20379
20848
20303
20317
20243
20626
20436
20228
20562
20571
21026
20483
20209
20406
20583
20636
20150
20205
20280
20887
20487
20412
20331
20251
20649
20416
20524
20268
20422
22569
21868
20868
20181
20502
20277
20703
20652
20274
20328
20384
20580
20442
20368
20183
20404
20347
20951
20827
20246
20594
20332
20766
20725
20705
20257
20272
20271
20536
20902
20327
20416
20357
20642
20759
20249
20451
20440
20489
20362
20326
20336
20333
20218
20566
20328
20600
20295
20153
23616
21271
20278
20215
20296
20618
20464
20214
20266
20475
20316
20588
20314
20225
20570
20770
21297
21339
21108
21233
21203
21389
21284
21265
21276
21442
21332
21329
21336
21487
20602
20678
20718
20539
20453
20344
20126
20861
20703
20424
20179
20704
20271
20343
20360
20488
20813
20497
22028
22649
20582
20243
20407
20761
20467
20651
20242
20229
20648
20355
20378
20470
20565
20377
20193
20849
20537
20424
20440
20340
20341
20809
20201
20303
20331
20399
20554
20929
20708
20273
20774
20639
20293
21261
21410
21042
20712
20411
20656
20355
20361
20154
20551
20586
20727
20563
21221
24151
20791
21002
20446
20333
20252
20388
20974
20194
20480
20273
20696
20845
20688
21424
20666
20439
20652
20322
20708
20282
20261
20678
20656
20436
20469
20284
20220
20831
20507
20198
20285
20308
20744
20292
20502
20924
20806
20594
20848
21700
20462
20284
20491
20385
20664
20390
20527
20643
24670
20474
20268
20306
20913
20323
20305
20344
22510
20699
20574
20668
20823
20227
20153
20457
21028
20526
20533
20399
20423
20875
20875
20934
20308
20526
20275
20414
20699
20434
20291
20239
20234
20336
20790
20372
20272
20138
20771
20701
20330
20263
20244
20615
20390
20375
20255
20488
20436
23603
20498
20567
20352
20231
20371
20877
20367
20195
20287
20255
20822
20381
20524
20567
20584
20470
20885
20268
20340
20206
20295
20310
20453
20534
20310
20397
20649
20858
20168
20327
20404
20297
20916
20566
20387
20577
20637
20508
20399
20128
20420
20290
20297
20295
20348
20514
20469
22090
22762
20560
20235
20410
20519
20709
20322
20411
20646
20866
20561
20381
20325
20475
20357
20967
20477
20446
20415
20562
20196
20310
20828
20401
20189
20610
20416
21077
20399
20218
20274
20620
20619
20441
20498
20905
20158
20369
20452
21449
20450
20369
20270
20273
21017
20235
20158
20161
23904
20479
20465
20682
20477
20269
20556
20360
20514
20124
20235
20153
20377
20518
20361
20307
20384
20700
20367
20264
20289
20377
20546
20300
20207
20175
20388
20385
20807
20628
20668
20474
20458
20262
20278
20558
20453
20130
20270
20658
20462
20348
20353
20201
20854
20350
20254
20158
20410
23527
20582
21048
21169
20352
21576
20394
20972
20644
20916
20470
20881
20306
20280
20184
20662
20284
20444
20390
20230
20851
20281
20496
20257
20621
20110
20219
20136
20984
20483
20245
20354
20181
20693
20364
20440
20420
20268
20406
21097
20688
20183
20437
20303
20387
20518
20483
20293
20234
23396
20950
20671
20669
20565
20679
20643
20301
20292
20357
20240
20667
20296
20234
20530
20751
20319
20291
20701
20280
20285
20272
20842
20585
20253
20410
20403
20842
20527
20245
20237
20314
20262
20658
20298
20247
20564
20335
20282
20315
20826
20311
20207
20083
20314
20658
20237
20359
20368
23966
20523
20454
20293
20600
20546
20245
20361
20470
20652
20487
20315
20394
20638
20126
20221
20862
20719
20331
20236
20777
20777
20993
20503
20294
20382
20328
20472
20472
20519
20543
20265
20243
20581
20837
20894
20505
21047
21527
21428
20404
20594
20786
20636
20621
20632
20757
20680
20301
24497
21042
20347
20307
20631
20604
20337
20250
20392
20403
20502
20180
20385
20343
20789
20283
20304
20415
20356
20255
20297
20424
20490
20609
20310
20414
20207
20951
22613
22582
22322
21886
21541
21161
21221
29043
22563
21387
20769
20751
20790
20796
21007
20879
20438
20431
20636
24962
21121
21262
21316
20809
21061
21494
21436
20764
20910
21048
20979
21121
20930
20996
21233
20946
20533
20463
20486
20620
20796
21056
20888
20779
21069
21290
21088
20412
20746
20983
20814
20636
20624
20913
21065
20911
20859
20875
21093
21067
21027
21110
20816
20961
20665
20814
24603
21207
21197
21046
20616
20757
21123
20904
20899
20765
21305
21044
20792
20761
21074
20999
21387
21636
21321
21285
21102
21426
20826
21075
20733
20974
21072
21176
21041
21161
20725
20820
20795
21302
20406
20375
20310
20941
21086
21467
20879
20816
21095
21042
20767
20597
20344
20466
24058
21058
21044
20956
20823
21055
20686
21333
20939
20611
20910
21040
20858
20405
20441
20665
21245
21061
20766
20830
21202
20991
20916
20997
20723
20909
20917
21287
20832
20751
20552
20516
20830
21031
20761
20909
20779
21062
21050
21334
20785
20750
20912
21146
20822
20981
20867
21144
25719
20828
21210
21108
21099
21230
21327
21075
21133
21572
21006
21031
21144
21046
20985
20945
20760
21589
20746
20822
21031
21551
21313
20933
20930
21011
21378
21262
21071
20876
20745
20950
21461
20995
21142
21113
21047
20878
21422
21186
20707
20727
20824
20851
21010
20756
20682
24058
21254
21315
21205
21199
21040
21209
21260
20318
20333
20679
20501
20860
20808
20845
20986
21044
21251
20732
20829
20785
20799
20480
21115
21153
21255
21028
21550
21007
21210
21140
21318
21041
21038
20801
20893
21006
20741
21441
21142
20607
20889
21176
21074
20604
20437
20672
22556
21960
21295
21140
20735
20692
21073
21171
21076
20780
20820
21167
20945
20841
20940
20909
21060
21371
20971
20639
20592
20637
21239
20794
20774
20681
21390
21201
21002
21095
21244
20827
20805
20962
21346
20918
20900
21160
21159
20973
21039
20942
20843
20915
21168
21151
20787
20932
20891
25485
21181
21373
21305
20863
21595
21304
20846
20724
20851
21031
20889
21173
21257
21356
21184
20765
20831
20621
20744
20590
20606
21099
20884
21082
21309
20970
20711
20576
20431
20868
20759
20761
20767
21150
21044
20873
20550
20951
20485
20543
20892
20898
20348
20355
20662
20853
20899
24511
21247
21371
21092
20801
21560
21052
20738
20753
21346
21018
20824
20770
20957
20910
21129
20799
20935
20831
20726
20750
20675
20575
20907
20624
21358
21027
20501
20475
20588
20811
20772
20774
20909
20826
20855
20647
21185
20806
20511
20647
20860
21100
21092
20940
20755
20748
22934
21646
20762
20903
21047
20991
20924
20582
20309
21026
21155
20940
22382
21237
21158
21678
21282
21201
20990
20968
21007
21409
20754
20285
20867
20934
21164
20750
20944
20862
20857
20810
21204
20805
21577
20862
20872
20802
20896
20758
20923
20717
20980
21045
20849
20751
20960
23242
21259
21111
21121
21281
21210
20991
21199
20886
20854
21176
20980
21676
20853
20895
21392
20902
20968
20731
21066
20975
20807
21605
20973
20786
21604
21192
21017
20890
20913
20822
21102
21006
20520
20635
20455
20803
20764
20802
20560
20772
20445
20868
20821
20598
20984
20982
20805
23168
21963
21348
20850
20717
21188
20945
20818
20728
20781
20838
21011
20980
20828
20941
21494
21142
21405
20848
20794
20871
21192
20970
20515
20753
20863
21224
20760
20782
20802
21157
20776
20664
20658
20260
20591
20770
21265
20977
21118
21118
21090
21031
20785
20828
21217
21058
20978
24201
21370
21201
21246
21023
21529
20925
21015
21075
20845
20743
20922
20738
20918
20961
21409
20404
20305
20325
20983
21010
20822
20781
21008
20986
21259
21015
20932
20773
20925
20828
21028
21108
20712
20769
20952
20850
20368
21011
20778
20938
20914
20807
20936
20362
20490
20813
21058
22173
20943
21190
20982
21108
21436
20657
20701
20799
20952
21253
21180
21110
20616
20897
20824
21082
20426
20527
20487
21270
21029
20709
20457
20596
21045
21540
20887
21074
21180
21153
20805
20761
20715
20909
20991
20587
20977
20612
20330
20677
20667
21319
20822
20783
21003
21114
21578
22594
21842
21103
21088
20864
21338
20799
20750
20554
21241
20388
20663
20812
20701
20738
20977
20842
21035
20766
20898
20727
20963
20698
20718
21050
21544
21210
21119
21151
21152
21111
21324
21047
20897
21141
21066
21282
20796
20297
20291
20828
20816
21038
20751
21040
20832
21092
22469
21297
20770
20959
20919
21022
21148
21206
21254
21234
20918
20790
21088
20778
20953
21254
21247
20828
20677
20986
21278
21044
20558
20731
20968
20908
21380
20920
20959
20916
20822
20810
20884
20938
20806
20799
21236
21281
21180
21223
21575
21329
21157
21738
21160
20702
20861
24231
21095
21501
21137
20791
20962
20994
21303
21046
21168
21271
21460
21226
20843
21232
20870
21265
21051
20942
20768
20871
21293
21299
20824
20674
21408
21161
21286
21311
21232
21105
21110
21584
20857
20707
20965
21022
20884
21149
21209
20836
20905
21037
20973
21111
20683
20878
21003
25009
21089
21205
21229
20997
20913
20706
20951
21023
20834
21359
21045
20663
20589
20716
20671
20599
20387
20751
20812
20843
21037
20845
20911
20828
20990
21362
20829
20815
20779
21150
21350
20962
20816
20960
20447
20637
20886
21394
20633
20635
20767
21098
20746
20933
20891
21081
23186
22504
21436
21260
20785
20881
21314
20726
20493
20636
21028
20425
20832
20778
21129
20826
21332
20781
21066
20724
20785
21039
21247
20397
20665
20804
21324
21032
20827
20788
21064
20929
21017
21401
20788
20799
20901
21046
21160
20780
20773
20890
21448
21050
20831
20518
20767
20971
24120
21408
20822
20718
20748
20895
20849
20660
21009
21124
20946
20496
21261
20766
20902
21212
21531
21168
21145
21081
21241
20846
20761
20853
20823
20433
21126
20768
20935
20338
20226
20717
20612
20850
20855
21241
21340
21205
21046
20777
20897
21135
20966
20657
20596
20273
20497
21080
22819
21330
21171
21302
20939
21088
20352
20595
20502
20865
20507
21461
20727
20782
20757
21531
21225
20846
20845
21335
20932
20961
20767
20822
20832
20921
20900
21044
20844
21151
20970
20836
20891
20826
21124
20793
21085
21146
20983
20885
20662
20875
20984
21227
21158
20860
20958
23098
21540
21221
21066
20840
20818
21281
21100
20920
21040
21205
21352
20608
20342
20599
20859
20543
20649
20991
20671
20890
20852
21190
20683
20373
20637
21155
20829
21087
21134
21270
21138
20737
20802
21238
20742
21071
21326
21260
20894
20991
21145
21350
20898
20849
20950
21009
20945
22012
21271
21156
21043
21030
21084
20911
20737
20957
21362
21073
20852
21201
22028
22187
21283
21155
21207
21130
20989
20929
20807
20331
20534
21142
21114
21202
20985
20819
21067
20888
21431
20963
20886
20716
20936
20602
21030
20858
21081
20893
21109
20987
21254
21273
21095
21271
23499
21036
21106
21212
21140
21179
21070
20873
20759
21068
21226
20583
20829
20795
20940
21096
20982
20740
21000
20771
21141
21192
21590
20628
20453
20749
21281
21209
21064
20836
20888
21111
20960
21162
20904
20751
20994
21494
21194
20645
21085
21253
21196
20792
20853
21019
20982
20895
24850
21142
20971
20776
21139
20428
20586
20384
20592
20793
20873
20478
20699
20493
20721
21029
21275
21085
20866
20711
21276
20971
21104
21091
21266
21329
20997
20926
20840
20736
20963
21033
21475
20772
20995
21080
21130
20958
20762
21011
20842
21308
21643
21750
21062
21095
21330
23734
21238
21244
20817
20488
20991
20892
20493
20255
20594
21024
21300
20961
20703
20520
21443
21184
20912
21489
20992
20757
20711
20948
20639
20581
20987
21343
21172
20992
20845
20889
21187
20939
21038
21035
21005
20945
20973
20972
20816
20813
20703
21451
21071
20507
20330
20633
20738
23457
21673
21093
21059
20824
21371
21316
20889
20807
21099
22149
22870
22908
22193
22214
22432
22083
22217
22597
22495
22299
21428
21571
21510
22211
22160
22067
22025
21557
21613
21773
21194
21903
21070
23302
21323
21668
21294
22134
23029
21803
21379
21419
21444
21318
21995
25277
22109
21468
21053
21313
21358
20630
20466
20497
20898
20823
20557
21286
21681
22539
21839
21391
21668
21188
20865
21528
21683
21484
21058
20855
21373
21527
21513
21413
21366
20981
20652
20627
20593
20572
20556
20632
20723
22517
22900
22469
21868
21881
22099
21144
21452
24059
20703
20705
20805
20652
20558
20629
20581
20626
20650
20628
21673
21373
20941
21233
20641
21081
22477
23234
21477
20740
20535
20160
20356
21172
21632
21818
21459
20961
20930
21039
21190
21564
21570
22125
21650
21835
22170
20995
21110
21223
21514
21472
21330
20984
21078
20895
23897
21423
20607
20566
20620
20514
20607
20653
20584
20687
20600
20674
20636
20586
20735
20993
21100
21219
20460
20634
20673
20555
20069
20069
20244
20711
20686
20751
20626
20908
20657
20626
20545
20579
20294
20341
20677
20669
20696
21247
20529
20315
20716
20625
20746
20556
20528
20952
20621
23484
20823
20636
20919
21783
20924
20963
20879
20675
20580
20579
20777
20549
20522
21153
21006
20352
20161
20577
20714
20614
20778
20638
20618
20671
20755
20820
21030
21042
21453
21327
21570
21629
21531
21652
21500
21556
21202
21199
21269
21196
21241
21089
21049
21230
21240
21389
20418
23374
20559
20748
22010
22071
21931
21813
21685
21515
21948
21575
21585
21465
21548
21194
21123
22047
22151
21464
22167
21439
21267
21464
21473
21988
21669
21281
21253
21405
21441
20661
20736
21020
23881
21376
21019
20725
22509
25286
27437
22143
22488
21162
21311
21173
22511
20712
21389
21669
21507
21281
22570
21507
21860
21429
21135
21178
21172
20736
21191
21876
21833
21886
21774
21294
21052
20670
20580
20517
20539
20634
20717
20582
20797
20687
21866
21537
22006
21640
22267
22033
21378
21692
21570
21324
21071
20593
20710
20812
20610
20854
20730
23716
21151
20866
20405
20678
20624
20933
21790
21008
20654
21248
21074
20814
20959
20973
21086
21011
20906
21205
20818
20512
20589
20275
20714
20802
19980
20474
20141
20174
20772
20859
20576
20547
20494
20828
21320
20540
20321
20180
20183
20240
20042
20596
20559
20506
21052
20638
20823
22702
21443
21000
21150
20984
20544
20532
20708
20677
20548
20534
20614
20772
20710
20705
20610
20231
20538
20321
20655
20641
20558
20535
20560
21086
20969
21000
20690
20479
20642
20706
20518
20844
20935
21000
20843
21084
20829
21327
21100
21026
21092
21040
21028
20931
20911
20622
20488
20246
23615
20760
20614
20879
21154
20665
20726
20559
20488
20524
21844
21977
21728
21164
20750
20689
20899
21164
20829
20253
20513
20627
20780
20697
20885
31801
21256
21115
21097
20842
20559
20784
21027
21428
21406
21546
21186
21245
21191
21104
21108
21288
21227
21196
21483
23828
27718
32766
23877
22638
23758
56254
28010
24995
50033
23545
27798
22052
22078
25603
25891
21448
21665
25618
23174
24196
25134
23232
23067
21304
21344
21962
22163
21984
22000
21994
22976
21516
21500
21399
21576
21129
21277
21932
22034
21868
22356
28759
22655
22183
21813
22301
21049
21060
21039
21301
21282
21103
21126
21227
21946
22140
22280
22209
21691
20600
20987
21091
21484
21985
21769
22438
22124
21902
21290
21236
20946
21669
20924
20863
20606
20720
21149
20957
20493
20757
20649
20827
21024
21016
21014
20997
20791
23466
21320
21034
21176
20611
20690
20733
21158
21089
21213
21390
32118
32491
27257
21585
21182
21290
21186
21417
21267
21458
21575
21453
21332
21466
21395
21164
21396
21334
21466
21277
21462
21733
21568
21726
21762
21552
21390
21603
21652
21641
21106
21185
21191
21331
23176
22544
20886
20767
20620
20689
20636
20558
20604
20498
20689
20774
20729
20961
20805
20641
20652
20784
20504
20588
20557
20687
21028
20698
20585
20533
20997
20912
20609
20561
20540
20597
20674
20693
20576
21546
20599
21202
20803
20600
20638
20509
20687
20656
20767
20981
20776
20574
20601
25544
20654
20709
20979
20778
20585
20663
20730
20895
20500
20584
20460
20078
20771
20692
20769
20555
20619
20535
20624
20728
20555
20533
20590
20642
21123
20896
20667
20584
20507
20700
20708
20588
20530
20622
21003
20911
20546
20478
20555
20719
20990
20735
20563
20989
20740
20712
23366
21176
21312
20980
21112
20676
20360
20374
20643
20772
20670
20557
20602
25383
21886
20770
20756
20602
21203
20905
20813
21551
21731
21485
21302
21057
21279
21197
21142
22356
24844
23306
25817
21952
39702
26505
30247
21439
26059
23369
33539
26895
24625
21574
23976
21562
24348
22564
22355
24860
23048
22286
22695
22621
21863
21340
21533
21203
21352
21723
21263
22008
21587
21416
21587
22148
22285
21426
21389
21998
21017
21598
21869
22053
21909
21856
21432
21085
21196
21071
20837
20903
21512
20431
20831
20719
20423
20324
20343
20453
22382
21004
20680
21350
21132
21248
21571
20996
20752
20586
20557
20635
20654
20823
21983
21471
21247
21075
20915
20819
20571
20715
21005
20841
21027
20990
20873
21165
21458
21255
21423
21295
20895
21046
21374
21081
21147
21482
21635
21056
21192
20657
20686
20601
20628
20775
20712
20638
23687
21037
20618
20637
20707
20668
21729
21686
21282
20763
20660
20882
21382
20741
21113
20607
32711
24811
33924
21917
21727
21217
21169
21115
21257
20745
21576
21769
22982
22295
21549
21758
22158
22400
21744
21840
21552
21520
20883
20788
20662
21212
20898
20600
20750
21660
24433
21805
21494
21399
21136
21111
20568
21109
21195
20780
20598
20645
20770
20621
20737
20590
20568
20640
20678
20680
20642
33935
26777
21273
21296
21189
20763
20542
20356
20099
20035
20110
20692
20650
20651
20534
20601
20644
20652
20532
20608
20595
20274
20866
20689
20618
23980
21451
21025
21721
22233
21847
21860
21903
22177
21553
21901
22348
21786
21202
20862
20911
20919
20308
20199
20421
20389
20680
20593
20633
20548
20240
20844
20858
20574
20570
20813
20645
20584
20839
20919
20528
21022
20633
20709
20537
20367
20599
20704
22020
22790
23708
23288
27231
24858
21249
21218
20896
20676
21033
21205
20631
21033
20704
20817
20621
20617
20923
21065
20767
20147
20750
20802
20125
20510
21975
21042
21014
20508
20905
21762
20740
20490
20621
20498
20765
20811
20798
21415
21300
20803
20925
20750
21303
20604
20480
20662
20750
21086
21130
20753
24038
21084
20710
20426
20627
20613
20797
20547
20560
20551
20515
20859
20665
20540
20209
20333
20527
20122
20915
20756
20650
20599
20774
21005
20578
20805
21010
21069
21026
20579
20490
20574
20653
20580
20688
20581
20556
20464
20687
20706
20558
20592
20524
20545
20790
20539
20863
20717
24553
20965
20745
20733
20620
20764
20689
20697
20635
20560
20525
20655
21123
20537
20375
20153
20272
20628
20662
20737
20717
20489
20723
20660
20596
20038
20812
20372
20779
20716
20224
20607
20590
21181
21120
20573
20836
20585
20697
20760
20991
20952
20482
20160
20606
20713
20662
20512
20641
23766
30717
21663
21732
22078
21565
21233
21115
21123
20804
20676
20785
20978
20859
20536
20989
20892
20488
20098
20078
20761
20613
20560
20873
20570
21279
20765
20587
20254
20116
20189
20652
20674
20628
20626
20606
20688
20799
20080
20044
20103
20244
20893
20698
20650
20624
20587
21226
22192
20638
20741
20605
20630
20794
20654
20326
20048
20269
20763
20624
20644
20577
20573
20679
21201
20592
20625
20628
20543
20608
20630
20608
20588
20938
20804
20664
20556
20718
20644
20866
20689
20684
20789
20594
20626
20720
20676
20610
20561
20498
20721
20657
20672
20578
20523
20629
22240
20958
20810
20633
20627
20608
20633
20559
20749
20589
20785
20670
20605
20238
20611
20669
20698
20654
20615
20589
20738
20667
20495
20606
20634
20716
21471
21766
21103
20684
20931
20959
20953
20658
20669
20664
20766
20191
20158
20125
21033
20079
20832
22861
21070
20814
21116
20772
22546
20680
20698
20621
20601
20876
20744
20541
20563
20521
20635
20687
20635
20470
20306
21029
20634
21093
20487
20379
20028
20695
20656
20573
20560
20700
21059
20817
21038
20812
20031
20170
20742
20918
20628
20658
20575
20725
21167
20994
20529
20616
20698
20645
20602
21127
21075
22604
22826
20463
20146
20156
20078
20212
20320
20077
20085
20099
20160
20187
20210
20072
20803
20946
20527
20419
20337
20824
20623
20672
20627
20665
20560
20589
20727
20829
20689
20585
20528
20575
20749
20579
20598
20356
20144
20025
20779
20807
20851
20994
20759
20541
20805
20605
20937
20640
23121
21323
20562
20147
20029
20033
20284
20241
20362
20287
20079
20208
20163
20244
20654
20600
20541
22511
21083
22692
20579
20676
20676
20575
20583
20599
20425
20762
20698
20644
20622
20929
20967
20837
20505
20667
20636
20640
20182
20117
20363
20550
20137
20717
20705
20423
20329
20101
20400
21973
20957
20678
21130
21128
20560
20523
20627
20573
20515
20988
21100
20800
20544
20635
20730
20690
20695
20821
20708
20811
20806
20703
20659
20600
20594
20950
20841
20781
20658
20693
20675
20631
20563
20607
20499
20565
20586
20679
20541
20544
20528
20624
20769
20572
20682
20754
20777
23668
20867
20723
20636
20614
20693
20717
20602
20581
20523
20626
20702
20547
20533
20628
20573
20663
20648
20679
20593
20232
20195
20225
20687
20651
20650
21000
20822
20561
20551
20512
20605
20858
20529
20536
20574
20690
20670
20613
20251
20060
20001
20319
20201
20062
20124
20122
20225
20653
23706
20632
20243
20072
20719
20603
20634
20619
20605
20667
20533
20242
23468
21019
20695
20805
20679
20340
20335
20358
20147
20224
20070
20114
20040
20508
20882
21646
20559
20283
20197
20687
20758
20920
20568
20544
20667
20650
20647
20583
20506
20570
20791
20517
20579
20538
20594
21002
22736
20541
20905
20544
20649
20677
20632
20488
20552
20579
20731
20600
20553
20621
21017
20803
20648
20586
20681
20941
20869
20992
20911
20611
20711
20315
20960
20759
20720
20718
20685
20636
20553
20629
20614
20821
21150
21014
21134
21104
20879
20535
20622
20697
20732
20736
20596
20770
21578
21165
21071
21126
20607
20699
20662
20715
20596
20604
20810
20736
20737
20653
20675
20672
20660
20567
20557
20873
20581
20638
20728
20754
20993
20658
21200
20797
20694
20674
20613
20396
20450
20054
20384
20629
20655
20721
20688
20648
20097
20010
20490
20668
20598
20757
20529
20291
24104
21068
20702
20721
20181
20696
20648
20591
20687
20716
20762
20821
20575
20586
20606
20584
20603
20621
20253
20339
20596
20899
20682
20564
20523
20552
20696
20746
20765
20998
20981
20674
20712
20682
20620
20645
20640
20670
21052
20960
20566
20554
20555
20697
20575
20547
20574
20506
20539
23965
20194
19975
20555
20531
20730
20600
20568
20493
20549
20713
20795
20562
21048
20611
20869
20671
20537
20598
20978
20690
20670
20621
20696
21412
20526
20818
20387
20612
20577
20632
20522
20607
20655
20862
20601
20570
20722
20822
20498
20547
21290
20680
20614
20545
20761
20954
20948
22030
21053
21160
20906
20506
20673
20650
20571
20520
20527
20661
20661
20576
20592
20613
20698
20697
20670
20534
20456
20125
20389
20626
20757
20954
21053
21174
21108
21103
20853
20601
20544
20711
20627
20817
20681
20572
20640
20647
20794
20168
20068
20148
20684
20644
20657
20578
20501
23383
20680
20701
20629
20739
20617
20701
20713
20105
20073
20013
20776
20717
20590
20669
20522
21015
21233
20894
20651
21206
20979
20776
20736
20199
20082
20490
20712
21049
20735
20598
20500
20629
20731
20663
20356
20131
20147
20644
20190
20070
20099
