23198
23176
23164
23198
23148
23178
23336
23178
23237
23416
23323
23309
23276
22961
23183
23302
23302
22915
23137
22981
23227
23055
23282
23164
23002
22613
22917
23208
22957
22850
23007
22908
22982
23313
23124
22922
22841
23094
23362
25127
23408
23135
23308
23238
23309
23177
23216
23165
23192
22990
23143
23176
23321
23323
23147
23292
23331
23364
23260
23132
22927
23217
23384
23230
22948
22747
23836
24931
39930
23664
23387
23426
23407
23423
23465
23281
23150
23171
23602
23330
23282
23832
23327
23260
23329
23460
23261
23133
23344
23145
23209
22840
22597
23255
23379
23315
22960
22740
22708
22897
22769
22595
23072
23162
23123
22782
22612
22813
23165
23111
22872
23202
23145
23175
23382
23162
22847
23169
23172
23182
23163
23344
22814
22962
24744
23392
23497
23396
23386
23360
23381
23420
23416
23140
23183
23152
23160
23191
23184
23163
23242
23356
23041
22844
23311
22892
22934
22946
23583
23253
23245
22845
22923
22729
22916
23065
23320
22999
23005
23316
23368
22883
22738
22722
23148
23267
23196
23284
24040
22925
23236
23142
22977
23148
23188
23143
22973
22983
22635
23119
22814
23146
22905
23127
22976
23131
23159
23120
23262
23278
23374
23133
22928
23305
23385
23235
23287
23151
23160
23220
23334
23385
23132
23205
23210
23222
22683
22966
23387
23385
22859
25823
23438
23404
23353
23316
23059
23043
23362
23267
23219
23263
23373
23336
23187
23287
23352
23338
23248
23228
22741
22888
23345
23338
23249
23133
23169
23172
23134
23033
22622
22962
23031
22791
22823
22674
22883
23146
22938
22834
22808
22769
23065
23093
23213
23373
23387
23349
23346
23253
23298
23276
22898
23422
23346
23308
23330
23338
23310
23301
23339
23357
23099
22782
22980
23318
23330
23221
22783
23098
23019
22778
22760
22705
22326
22792
22687
22883
23024
22896
22818
23027
22281
22201
22879
22850
22801
22151
31156
23382
23432
23779
23412
24047
23546
24050
23533
23670
23967
23783
23278
25135
23865
24982
24191
23401
23320
22560
22274
22149
22259
22152
22867
23892
24067
23350
22953
23717
23358
23049
22795
23577
23261
23568
22336
22099
22848
22798
22694
22509
25179
22556
22707
22074
22020
22207
22838
22579
22176
22069
22221
22732
22463
21986
22008
22294
22516
22527
22132
22667
22747
22476
22005
22006
22103
22346
22669
22740
22306
22035
22081
22051
22146
22080
21985
22972
22697
22291
22541
22670
22714
23080
22732
22352
22962
24361
23231
22816
23012
22925
22780
22845
22610
22204
22094
22619
22849
22752
22151
22065
22628
22293
22101
22315
22050
22621
22514
22235
22045
22101
22694
22791
22821
23096
23070
22484
22279
22111
22207
22447
22715
22599
22127
22902
22628
22679
22348
22158
22112
23427
22836
22335
22236
22162
22059
22870
22779
22312
22222
22635
22780
22529
22146
22159
22600
22808
22514
22236
22072
22696
22673
22375
22240
22233
22554
22390
22215
22329
22770
22803
22723
22572
22552
22552
22923
22619
22586
22265
22709
22740
22326
22099
22067
22409
25613
22389
22261
22390
22264
22836
22846
22840
22669
22876
22728
22937
22729
22073
22384
22573
22479
22189
22017
22080
22125
22160
21978
22021
22264
22110
22653
22431
22269
22270
22764
22931
22588
22099
22763
23115
22520
22172
22109
22205
23032
22929
22439
22105
24607
22539
22413
22153
22132
22332
22382
22749
22629
22260
22832
23692
23775
23743
23369
23222
22908
22658
22707
22073
22868
22836
22524
22838
22697
22950
22879
22952
22174
22647
22321
22511
22579
22013
22449
23086
22624
22059
22429
22699
22894
23330
22468
22581
24284
23235
22749
22538
22870
22832
23138
22639
22867
22997
22982
22576
22551
22623
23717
23710
22715
22516
22635
22491
22617
22799
22737
22523
22544
22853
22860
22553
22761
22682
22858
22728
22479
22188
22244
23049
22210
22651
22730
22688
23059
22719
22348
22109
26234
22533
22361
22657
22426
22705
22799
22408
22124
22258
22866
22627
22659
22624
22237
22751
22508
22034
22076
22118
22526
22066
22137
22020
22087
23036
22958
22484
22064
23271
22776
22407
22025
22016
22467
22563
22651
22211
22245
22771
22930
22789
22850
22548
25306
22888
22748
22123
22146
22436
22749
22664
22157
22158
22053
22104
22148
22016
22212
22613
22603
22539
22078
21996
22408
22678
22446
22008
21986
22141
22195
22203
21991
22337
22380
22801
22564
22011
22037
22274
22741
21972
22558
22430
22758
22558
22012
22006
25224
22876
22795
22671
22655
22886
23156
22859
22935
23010
22927
23259
22493
22547
22103
22551
22765
22308
22516
22658
22268
22162
22026
22023
21907
22260
22248
21973
22147
21979
22561
22731
22333
22128
22046
22289
22408
22292
22036
21976
22671
22941
24575
22086
22000
25569
22384
22219
22197
22089
22406
22340
22173
22102
22168
22346
22576
22678
22510
22058
22359
22275
22282
22139
22027
23078
22850
22426
22138
22136
22681
22302
22169
22083
22161
22295
22234
22239
22087
22153
22853
22663
22453
22279
22631
22285
22973
22789
22471
23971
24743
25090
22368
22266
22325
22633
22747
22126
22221
22778
22412
22228
22111
22561
22511
22403
22728
22680
22578
22231
22247
22517
22727
22742
22694
22776
22636
22178
22081
22316
22281
22176
22174
22086
22488
23010
22697
22073
22210
22636
22909
22510
22041
21988
25733
22563
22457
22229
22102
22399
22292
22130
22175
22119
22639
22953
22721
22159
22081
22340
22428
22754
22774
22230
22746
22805
22766
22402
22159
22966
22708
22917
22236
23017
22379
22296
22218
22258
22654
22335
23117
22772
23086
22764
22559
22806
22944
22356
27528
22323
22287
22091
22347
22851
23367
22732
22620
23356
23172
25202
22870
23516
22844
22921
22975
22626
22587
22621
22737
22590
22102
22106
22675
22761
25578
22740
22632
23196
23417
23037
22782
22727
23141
23543
23042
23031
22761
23194
23104
22269
22139
26075
22793
22228
21949
21950
22467
22776
22574
22194
22022
22189
22865
22046
22036
21968
22344
23143
22717
22254
22635
22821
22919
22623
22627
22179
22758
22931
22909
23493
23417
23503
23594
23727
23014
23029
22711
22144
22756
22750
22746
22347
22600
22183
22125
23664
24533
23176
24681
23417
22695
22653
22734
22191
22081
22540
22137
22027
22116
22152
22264
22371
22201
22185
22278
22231
22254
22360
22203
22204
22499
22848
22773
22231
22187
22215
22496
22218
22615
22434
22395
22508
22432
22343
22266
22485
22788
22066
22036
22081
25739
22802
22698
22058
22028
22601
22729
22615
22290
21999
22582
22573
22301
22261
22087
22641
22683
22545
22102
22137
22774
22521
22112
22082
21978
22883
22775
22349
22018
22002
22584
22719
22400
22103
21991
22570
22722
22875
23239
23284
23153
22013
22136
22042
23995
23785
22451
22182
22170
22315
22875
22384
22139
22621
22888
22570
22219
22178
22188
22581
22539
22248
22158
22178
22278
22841
22790
22332
22211
22235
22255
22396
22144
22168
22516
22772
22713
22633
23060
22752
22876
23172
22824
22740
22630
23086
24315
23061
23780
22645
22103
21954
22011
21882
22075
22033
21981
21928
21976
22021
22228
21976
22010
21891
22130
22086
22055
22157
21933
22080
22112
21996
22028
21925
22299
22213
22037
21922
21937
22043
22075
22043
22017
22035
22245
22199
22431
22730
22557
22455
22804
22075
22039
22880
23458
22226
22123
21974
21936
22061
22120
22001
21999
21982
22541
22163
22037
21925
21976
21986
22060
22128
22013
21939
22259
22184
22040
22073
21887
22116
22027
22136
21951
21956
22026
22025
22045
22075
21963
22075
22269
22040
22421
21963
22028
22426
22256
21989
22099
24194
22276
21974
22004
21876
21927
22170
21982
21964
21908
21979
22074
22073
21909
21951
21899
22174
22023
22035
21961
21915
22285
22090
22229
22436
22238
22133
22132
22047
21977
21942
22187
22083
22001
22041
22034
22109
22214
22270
22200
22033
23311
22117
22035
22007
24030
23227
22187
22146
22048
21962
22142
22113
21933
22004
21899
22199
22196
21961
22042
21900
22187
22142
22018
22033
21876
22057
22256
22040
21937
22303
22679
22759
22151
22126
21903
22078
22072
21963
21968
22051
22011
22201
22121
22139
22264
22527
22466
22247
22022
24095
22263
22038
21924
21961
22150
22027
22228
22023
22063
22040
22185
22438
22513
21984
22091
22159
22131
22078
21989
21943
22016
22227
22056
21965
21955
22196
22044
22801
22556
22571
23712
22114
22107
22096
21976
22178
22706
22209
23110
22007
22652
23014
22699
22240
24597
22455
22427
22470
22376
22016
21975
22105
22015
21963
22041
22153
22824
22624
22447
22588
22331
22142
22423
22100
22019
22216
22279
22150
22095
22226
22132
22401
22240
22280
22466
22347
22185
22793
23078
22276
22125
22183
22473
22217
21996
23545
22745
22710
22308
24938
22623
22124
22054
22044
21968
22035
22162
21913
22163
22693
22094
22010
21944
21899
22048
22053
22172
22041
21898
21973
22038
22141
22072
21943
22050
22262
22072
22015
21942
21980
22012
22153
22082
22097
22243
22163
22069
22394
22193
21843
22897
21990
22105
24333
22424
22456
22586
22558
22476
22163
22175
22362
21953
22004
22088
22159
22199
22175
22103
22048
22105
22097
22036
21941
21990
22179
22208
22097
21936
21997
22132
22114
22002
21989
21904
22121
22113
22015
21967
22067
22267
22069
22062
22410
21872
22494
22010
21997
23769
22956
22621
22346
22015
21991
21948
22156
22118
22001
22100
21924
22651
22754
22610
22229
22289
22337
22475
22412
22066
21979
22184
22070
22048
22020
22075
22095
22126
22035
22082
21962
21999
22277
21971
22058
22123
22119
22249
22056
22495
22086
23233
22179
22115
22486
23900
22499
22420
21879
21914
21936
22133
22155
22041
22080
21943
22396
22218
21996
22049
21950
22453
24156
22163
22043
22043
22051
22184
22042
22006
22034
22105
22110
22008
22027
23213
21970
22267
22005
22053
22101
22136
22126
22099
22189
22185
22793
22171
22042
22021
24307
22573
22753
22423
22216
21993
21989
22073
22093
22024
22039
22086
22163
21953
22055
22061
22039
22189
21983
21987
22125
22114
22043
22139
21995
22092
22176
22159
21987
22022
21965
21977
22095
22036
22049
22085
22056
22091
22137
22197
22220
22547
22056
22028
23624
22241
22031
22073
21923
21916
22023
22031
22143
22076
22013
21964
22494
22108
22072
22016
22005
21970
22103
22099
22003
21920
21963
22158
22087
22139
22088
22004
22161
22283
22016
22035
21925
22109
22155
21981
22139
21980
22206
22082
22030
22362
22476
22569
22888
22566
24135
22483
22323
22323
21947
22012
21958
22170
22294
22116
21960
21989
22173
22028
22003
22059
21963
22146
22103
22003
22017
22004
22135
22125
22114
22138
22073
22231
22181
21992
22024
21962
22094
22260
21996
22145
22015
22144
22107
21985
22183
22736
22475
22257
22007
24052
22003
22079
22098
21894
22018
21990
22097
22139
22092
22045
21988
21959
22252
22027
21952
22213
22034
22087
22162
21996
22036
22104
22129
22021
21981
22027
21969
22207
22082
22133
21984
22115
22054
22108
22065
21980
22203
22021
22060
22114
22850
22177
22725
22452
23632
22946
22601
22174
22046
21915
21905
22120
22154
22088
22066
21947
22083
22098
22079
21994
21973
22007
22080
22162
21956
21992
21934
22120
22166
22069
22006
21921
22253
22015
21983
23037
22497
22591
22099
22068
21967
22009
22191
22124
22520
23064
22366
22242
22166
23939
22164
21915
22065
22015
22016
21961
21941
22177
22510
22830
22561
22401
22708
22624
22166
22086
21962
22188
22156
21966
21974
21939
22173
22068
22036
22119
21955
22213
22124
22012
22023
21990
22160
22245
22122
22288
22076
22107
22207
22045
23124
21868
21972
22020
23896
22756
22502
22071
22024
21947
21998
21969
22061
22147
22052
22557
21991
22293
22182
21983
21977
22029
22086
22214
21963
21983
22103
22119
22065
22016
22009
21961
22131
22153
22019
21965
21974
22119
22085
22157
22006
22169
22282
22068
22030
22643
22301
22273
22274
23496
22548
22140
22060
22109
22061
21950
21969
22147
22040
22053
22095
22445
22599
22401
22035
22013
22160
22088
22155
22032
21997
21914
22170
22147
22057
22099
21919
22095
22214
21965
21993
22126
22135
22186
22025
22114
21958
22191
22184
22052
22621
22334
22173
22203
23761
22057
21994
21954
22022
21973
21990
21970
22140
22100
22039
22005
21980
22002
22132
22080
22052
22015
22064
22158
21974
21997
21936
21995
22187
21995
22048
21953
22019
22082
22228
21994
21963
22099
22048
22308
22053
21970
22040
22211
22052
22032
22453
22851
22331
22557
23872
22087
22098
21933
22067
22013
21922
22056
22222
22014
21998
21938
22213
22096
22058
21967
21952
22124
22139
21938
22095
22065
22160
22039
21972
22069
21957
22171
22152
21980
23302
21925
22102
22217
21971
22132
22048
22119
22112
21990
22030
22593
22268
22245
22318
24282
22160
22292
22113
22012
22050
21928
22022
22219
22072
22002
21964
22641
22854
22739
22125
22111
22272
22299
22127
22126
22020
22311
22664
22449
22130
22025
22130
22189
22023
21979
21954
22057
22107
22034
22079
22114
22056
22042
22118
21989
22615
22511
22583
24163
22495
21990
22370
22560
22253
21884
21847
21862
22039
22038
22448
22882
22398
22160
22024
21958
22015
22324
22491
22517
22046
21998
22000
22653
22514
22306
22150
22039
22083
22206
21997
21992
22424
22642
22603
22530
22135
22269
22178
21995
21922
22536
22310
22103
24213
22839
22584
22057
22125
22018
22162
22033
22007
22240
22025
21977
21999
22108
22174
22465
21983
22092
22043
22094
22117
22067
22043
22185
22179
22015
22086
21911
21963
22078
22302
21989
21969
22067
22106
22166
22186
21988
22044
22212
22058
21980
22188
22600
22060
22307
24297
22038
22120
21931
22030
22031
21959
22216
22643
22422
22065
21981
22211
22422
22439
22176
22119
22009
22063
22073
22074
22011
21950
22225
21947
22171
21980
21952
22141
22079
22065
22027
22010
22270
22115
22081
22070
21935
22062
22130
22000
22246
22202
22334
23732
22534
21993
21858
22032
22006
22025
22009
21957
22080
22798
22689
22262
22124
22085
22176
22017
21981
21953
22111
22107
22047
22024
21996
22155
22219
22058
22026
22107
22008
22058
22123
23279
22529
22465
22179
22168
22035
22013
21971
22145
21972
22150
22181
22431
22613
23902
22021
21936
21940
22127
21993
22005
22104
21991
22460
22024
21970
22046
22336
22589
22600
22218
22136
22052
22375
22357
22462
21990
21973
22153
22058
21961
22028
22042
22005
22115
22009
22125
22398
22074
22191
22295
22535
22404
22167
22045
22038
22091
22709
22071
24124
22708
22472
22185
22456
22581
22175
21853
22012
22143
22026
22049
22717
22514
22039
22200
22103
22115
22053
22040
22104
22557
22414
22314
21989
22226
22030
22039
21945
22107
22132
21956
22010
22040
22663
22561
22118
21995
21922
22313
22092
22238
22135
22134
23975
22427
22547
22526
22560
22016
22010
21891
21863
21847
22754
22497
22266
22000
21893
22112
22218
22051
21949
22043
22255
22182
22047
21967
21928
22136
22141
22039
22073
21964
22115
22197
22027
21986
21961
22087
22258
22087
22014
21953
22615
22225
22310
22587
22547
22823
24048
22026
22104
21920
22417
22528
22435
21953
22336
22151
22682
22894
22513
22454
22438
22736
22883
22812
22276
22301
22329
22337
23085
22786
22357
22413
22292
22107
22360
22133
21980
22015
21963
22672
22872
22386
22886
22188
22491
22803
22159
22183
21983
22583
24547
22694
22455
22129
22320
22534
21980
21876
21899
22207
22995
22116
22486
22135
22108
22047
22037
21975
22068
22209
22258
22011
22121
21952
22069
22047
21961
21946
21946
22183
22213
22079
23063
22067
22039
22440
22000
22150
21960
22090
22177
22430
22420
22617
23376
24797
22708
22673
22479
22197
22081
21932
21957
22256
22315
22072
21884
21862
21796
22158
22068
22032
22041
21831
22228
22243
22029
21864
21959
22061
22063
22332
22549
22602
22704
22128
22031
22042
21985
22233
22309
21976
22655
22692
22240
22067
22020
22468
21948
22272
23726
22826
22098
21997
22181
22118
22071
22134
21969
22137
22214
22048
22026
22238
22279
22216
22193
22189
22050
22127
22473
22087
22043
22087
22214
22199
22213
21967
21938
22054
22229
22117
22091
21914
22014
22296
22003
22223
21872
22102
22067
22006
22187
21988
22173
24146
22091
22155
21938
22012
22215
21985
21918
22155
22103
22154
21995
21945
21900
22070
22083
22036
21997
21930
22037
22131
22142
21930
21965
21992
22003
22159
21961
21919
22018
22193
22029
21985
22135
22091
22076
22297
22002
21973
22000
22091
22104
22352
21929
21964
24125
22461
22133
21944
21941
22031
22105
21979
21970
21957
22623
22477
22199
21964
22002
22187
22124
22005
22028
21941
22162
22096
21987
21985
22060
22185
22116
22056
22048
21989
21992
22131
21976
22059
21991
22088
22297
22159
22044
21987
22120
22067
22402
22078
21954
21982
24834
22159
22150
21893
22081
22098
21930
21908
21793
22424
22777
22297
21996
22002
22014
22237
21987
21920
21985
22025
22099
22139
21979
22067
22104
22249
21967
22022
22021
22033
22163
22016
23208
22036
22026
22104
22246
22107
22137
22078
22106
22360
22275
21957
25478
22832
22306
21865
21908
21887
22079
22124
22009
22019
22114
22146
22121
21984
21956
22046
22174
22087
22181
22011
22128
22046
22082
21923
22015
22060
22153
22042
22081
21972
22027
22106
22121
22024
21977
22046
22169
22066
22122
21946
21977
22364
22159
22289
22050
21884
26242
22220
21969
21886
21849
22162
22092
22087
21939
21943
22125
22074
22080
22490
21961
22867
22675
22728
22446
22111
22356
22189
22021
21978
22003
22174
22092
22034
22003
21936
22135
22089
22161
22048
21929
22261
22223
22031
22048
21917
22091
22213
22313
22295
22403
25788
22187
21974
21933
21826
22374
22195
22023
21916
21940
22204
22084
22005
22028
21927
22121
22046
22007
22011
22004
22091
22148
22224
22085
21999
22143
22174
21991
22021
21961
22050
22175
21976
21980
22051
22245
22086
22158
21989
22013
22081
22134
24265
22055
23729
22972
22487
21864
22009
21788
22052
22179
22094
21947
22011
22158
22151
21950
21965
22044
21994
22196
22010
21957
22066
22005
22070
22160
21975
22033
22344
22256
22032
22031
21926
22130
22154
22022
21950
21989
22220
22070
22140
22029
22001
22051
22109
22438
22070
21991
24797
22956
22326
22045
22192
22046
22109
22128
22025
21976
22037
22102
22140
21998
21968
21922
22327
21997
22004
21984
21920
22195
22067
22040
21946
21926
22259
22117
22096
22104
21980
22098
22215
23203
22020
22028
22207
22083
22004
22084
21958
22179
22518
21962
22073
24017
22688
22617
22015
22081
21960
22366
22379
22129
21967
21873
22090
22144
22009
22025
21912
22089
22239
22291
22120
21962
22101
22209
22086
22003
21924
22226
22140
22065
21992
21940
22081
22604
22359
22291
22074
22178
22180
21971
22102
22021
22098
22494
21997
22002
23677
22788
22739
22013
21956
22050
22045
21961
21872
21920
22226
22239
22093
21983
22437
22080
22064
22193
22024
21946
22034
22052
22176
22074
21961
21940
22206
22098
22029
21970
21890
22127
22098
22223
22313
22135
22335
22133
22139
22047
21932
22166
22408
21955
21984
24435
22695
22815
22963
22415
22295
22194
22106
22154
21954
21913
22427
22099
21999
21988
21931
22162
22066
22025
21980
21991
22139
22073
21979
22095
21938
22235
22162
22030
22026
22023
22071
22138
22034
22035
21966
22347
22169
22020
22027
21917
22019
22582
22016
21979
23805
23116
22943
22492
22071
21905
22111
22205
22016
21925
21944
21956
22404
22097
22050
22738
22690
22640
22155
22014
22130
22069
22097
22101
21979
22014
22073
22249
22075
21977
22021
21953
22026
22223
21967
22058
22117
22180
22092
22289
22074
22042
22590
22082
21995
22242
24338
22043
22380
21840
21915
22266
22021
22182
21935
21968
22197
22096
22005
21954
21980
22095
22124
23379
22782
22304
22695
22505
22238
21976
21886
22248
22133
22018
21978
21931
22112
23041
22601
23029
21960
22667
22499
22593
21938
22020
24095
22819
22196
21997
24317
22631
22405
22279
22449
22571
22482
22063
22520
21928
22055
22083
22135
21955
22038
22055
22540
22548
22408
21998
22167
22238
22122
22136
21974
21958
22255
22141
22497
22327
22194
22059
22371
22041
22020
21979
22286
22200
22078
22031
22995
22202
22691
22475
22201
24104
23020
22568
22355
22701
22683
22456
22331
21991
22435
22409
22132
22255
22262
22712
22055
22195
22231
22016
22313
22116
22063
22592
22381
22168
22128
22284
22129
22036
21991
21976
22408
22206
21981
21967
22280
22780
22248
21990
22012
22192
22344
22675
22021
22570
24354
22661
22190
22056
22476
22383
22577
22467
22215
21955
22973
23188
23150
22620
22558
22388
22259
22029
22083
22057
21992
22242
22035
22270
24109
22446
23881
24187
24026
23683
22074
23235
24968
23784
22720
23119
22596
22812
22786
22687
22749
22833
22639
24839
23036
22655
22523
23068
23002
22604
22589
22662
22602
22844
22924
22940
22645
22508
22994
23069
22851
22554
22497
22850
22666
22551
22065
21971
22764
22692
22907
22813
22674
22684
22625
22612
22566
22601
22776
22728
22665
22467
22655
22708
22850
22709
22571
24804
23473
22794
22212
22229
22383
22715
23087
22769
22842
22732
22677
22662
22599
22568
23000
22750
22647
22690
22503
22837
22701
22543
22624
22493
22733
22906
22592
22653
22497
22854
22939
22594
23379
22608
22808
22702
22577
22544
22595
22703
22944
22735
22140
24438
24593
22798
22584
22550
22741
23035
22621
22523
22696
22693
22941
22577
22559
22577
22847
23211
22732
22157
22641
22700
22673
22613
22574
22499
23013
22866
22565
22294
22077
22508
23104
22384
22741
22402
22779
22804
22576
22720
22529
22676
23011
22658
22563
22483
26194
22750
22778
22587
22825
22987
22647
22620
22506
22857
22995
22733
22687
22639
22899
22638
22619
22588
22621
22668
22650
22668
22538
22623
23204
22686
22566
22634
22626
22919
22846
22599
22592
22648
22753
22840
22409
22069
22304
22690
22900
22639
22568
25228
22877
22701
22658
22606
22593
23203
22561
22624
22496
22637
22835
22582
22559
22586
23001
22618
22592
22642
22581
22679
22649
22631
22485
22522
22816
22741
22608
22621
22549
23105
23197
22867
22993
23124
22564
22736
22615
22554
22848
22775
23192
22513
22145
25443
22993
22783
22987
23736
23484
23161
23126
23240
22617
22737
22751
22529
22633
22544
22954
23071
22297
22222
22076
22459
22684
22545
22580
22494
23030
23062
22825
22556
22496
22646
22642
22578
22500
22807
22899
22376
22089
22004
22000
22795
24138
25945
22206
26966
22540
22074
21978
22599
22653
23250
23169
22572
22579
22791
22748
22654
22522
22578
22896
23148
23153
22523
22319
22659
22266
22005
22225
22011
22591
22714
22622
22639
22511
22798
22727
22615
23237
22525
22832
23023
22872
22570
22576
22805
22388
22028
22188
25835
22298
22483
22261
22600
22640
22398
22777
22882
22774
22990
22697
22642
22623
22792
22660
22772
22622
22626
22660
22528
22674
22344
22718
22629
22917
23110
22936
22634
22727
23104
22980
22615
22648
22472
22976
22692
22589
22609
22529
22850
22911
22578
22537
24880
22709
22783
22624
22584
22631
22882
22804
22844
22673
22820
22197
22408
22206
22423
22996
22999
23071
23024
22904
22847
23143
23006
22712
22577
23003
23742
22864
22965
22998
23250
22796
22484
22183
22168
22679
22727
22647
22543
22547
22794
22946
22588
22649
23991
23195
22649
22549
22835
23045
23029
22646
22163
22358
22734
22592
22650
22581
22530
22707
22707
22674
22623
22190
22803
22688
22599
22554
23041
22859
22422
22052
22401
22761
22653
22615
22720
22590
22773
22802
22635
22676
22487
22627
22789
22914
22564
22648
24211
22644
22506
22497
22490
22589
22657
23259
23069
22748
22771
23128
22688
22601
22545
22626
22747
22264
22219
22623
22997
22849
22552
22588
22610
23013
22958
22565
22691
22483
22842
22812
22677
22543
22692
22776
22699
22269
22021
22040
22698
22833
22619
22611
24610
22812
22816
22630
22681
22507
22261
22873
22118
22238
22627
22301
22194
22197
22178
22562
22421
22212
22114
22277
22220
22220
22570
22591
22615
22730
22845
23220
22569
22604
22806
22886
22543
23006
23412
23059
22802
22216
22213
22059
22572
22931
22611
22603
25558
22633
22429
22071
21959
22418
22276
22586
22319
22041
21922
22782
22643
22770
22656
22639
22558
22613
22368
22539
22638
22705
22670
22626
22608
22819
22748
22645
22713
22571
22551
22787
22641
22597
22688
22721
23199
22565
22188
22053
22463
22920
22655
22619
25403
22880
22748
22641
22583
22571
23290
23338
23204
22883
22493
23172
22871
23048
22996
22998
22870
22702
22528
22710
22575
22607
22729
22689
22618
22724
22725
22713
22645
22563
22784
22675
22575
22615
22618
22708
22872
22636
22605
22801
22853
24281
25496
22673
24504
22909
22655
22505
22456
22603
22524
22629
22635
22577
22669
22757
22711
22657
22586
22587
22820
22589
22699
22779
22594
22728
22523
22177
22398
22894
22690
22717
22610
22576
22601
22649
22929
22646
22843
23016
22838
22202
22158
22107
22328
23191
22680
22553
23433
23879
23018
22735
22660
22509
22672
22618
22779
22735
22712
23240
22682
22805
22709
22477
22433
22155
22120
22176
22598
22717
22676
22501
22486
22786
22874
22622
22201
22119
22490
22695
22675
22757
22638
22940
23069
22647
22550
22529
22729
23076
22527
22597
24395
22819
22978
22675
22486
22108
22762
22653
22721
22827
22545
22921
22584
22544
22608
22664
22604
22633
22089
22009
22175
22647
22684
22678
22682
22768
23145
22692
22684
22578
22386
22780
23101
22556
23492
22729
23119
23038
22516
22596
22577
23097
22639
22585
24668
23006
22228
22450
22072
21985
22624
22692
22622
22811
22605
22799
22660
22581
22662
22574
22732
22742
22618
22595
22709
22712
22714
22493
21969
21987
22761
22662
22634
22568
22526
23297
22902
22919
23056
22798
22955
22835
22408
22116
22133
22911
22989
22694
25433
23264
22744
22340
22355
22656
22677
22134
22047
22414
22655
22689
22835
22600
22581
22671
22654
22753
22573
22645
22637
22600
22741
22732
22273
22051
22523
22747
22724
22710
22616
22756
22604
22036
22094
22147
22365
22352
21989
22034
22064
22506
22816
22905
22607
24698
23138
22799
22696
22505
22386
22761
22846
22953
22749
22574
22803
22628
22524
22574
22713
22877
22716
22320
22195
22180
22833
22487
22252
22363
22704
22630
22755
22624
22527
22565
23179
23105
22949
22669
22635
23448
23180
22628
22703
23211
23004
22870
22535
25553
22667
22664
22656
22632
22639
22382
22263
22182
22856
22481
22745
22173
22094
22376
22767
22718
22967
23008
22760
22831
22839
22786
22202
22056
22608
22682
22619
22676
22481
22631
22834
22522
22688
22826
23103
22673
22573
22640
22529
22898
22914
22660
25127
23060
23214
22641
22665
22576
22595
22961
22583
22700
22733
22856
22875
22287
22660
22615
22678
22709
22610
22028
22044
22225
22657
22684
22645
22542
22802
22688
22678
22663
22583
22226
22775
22653
22535
23659
22603
22754
22739
22579
22568
22919
23987
22629
22700
24128
23113
23171
23060
22560
22870
22896
22723
22616
22702
22823
22821
22571
22600
22576
22793
22822
22557
22272
22066
22544
22110
22161
22092
21922
22069
22678
22718
22642
22566
22530
22891
22533
22571
22645
22705
22915
22836
22580
22653
22904
22934
22687
22578
25849
22829
22805
22730
22566
22289
22975
22656
22599
22529
22971
22767
22772
22579
22624
22607
23155
22755
22818
22725
22747
22876
22763
22617
22611
22872
22879
22750
22401
22058
22520
22763
22563
22579
22676
23079
23365
22961
23081
22986
23176
22949
22682
25299
22815
22678
22700
22623
22548
22844
22872
22723
22222
22177
22572
22435
22197
22117
22152
22325
22376
22304
22474
22743
23046
23176
23080
22896
22553
22766
22710
22569
22698
22544
22626
22865
23051
22737
22656
22946
23043
22879
22559
22517
23008
22632
22369
24550
22803
22816
22647
22635
22460
22518
22740
22155
22173
22092
22764
22325
22457
22133
22075
22290
22790
22508
23346
22399
22780
22509
22271
22802
22145
22425
23193
22869
22640
22546
22575
22853
22539
22550
22661
22971
22877
22719
22585
22535
22840
22878
22635
22740
24021
22907
22592
22566
22803
22539
22678
22536
22242
22605
22489
22635
22442
22562
22530
22544
22718
22809
22764
22438
22600
22714
22673
22692
22545
22657
23169
22709
22599
22569
22575
22604
22763
22498
22608
23346
23066
23162
22596
22709
22926
23130
22838
23026
24686
22859
22106
21971
22073
22685
23126
22574
22973
22924
22841
22886
22980
22691
22479
22046
22616
22707
22149
22187
21926
22807
22626
22714
22527
22631
22912
22584
22746
22799
22633
22728
22690
22608
22669
23160
22786
22486
22148
22063
22393
22981
22654
22586
25155
23226
22651
22544
22615
22585
22690
23049
22835
23213
23203
22628
22850
22556
22551
22644
22939
22966
22585
22759
22534
22684
22653
22642
22574
22584
22829
22645
22545
22600
22517
22973
23301
23084
22645
22989
22689
22764
22552
22576
22685
22784
22676
22508
25917
22796
22573
22575
22476
22691
22780
22647
22647
22659
22873
22694
22382
22325
22651
22587
22665
22723
22528
22624
22688
22659
22574
22573
23169
23040
22873
22516
22547
22491
22291
22780
22747
22755
22653
22382
22738
22697
22607
22504
22835
23639
22638
24886
23326
22900
22566
22561
22138
21967
22371
22020
22057
22006
22008
22972
22688
22741
22825
22655
22629
22663
22630
22617
22529
22656
22665
22643
22521
22631
22869
22540
22642
22615
22609
22640
22723
22559
22673
22649
22978
22937
22408
22129
22451
22829
22613
22604
23715
23140
23210
22533
22656
22524
22724
22974
22805
22673
22651
22977
23216
22880
23517
23933
23715
23683
23097
23268
22945
23020
22696
22610
22578
22669
22641
23216
23360
22932
22976
22913
22711
22740
22745
23520
22429
22351
22629
22795
22929
23122
23006
24818
23112
23243
23128
23146
22501
22160
22560
21994
22005
22065
21982
22837
22729
22563
22633
22533
22698
22751
22734
22848
22515
22848
22769
22387
22082
22159
22683
22642
22647
22515
22518
22819
22716
22540
22199
22143
22797
22621
22585
22593
22833
22783
22880
24899
23042
22321
22617
22665
22557
22575
22922
22904
23065
22554
22586
22852
22908
22515
22574
22522
22603
23214
22521
22668
22594
22890
23125
22617
22090
22234
22330
22413
22253
22511
22655
22957
23072
23057
22660
22542
22734
22754
22613
22599
22792
22626
22805
22538
24577
22596
22330
22075
21922
22050
22549
22770
22679
22464
22163
22484
23105
22658
22525
22576
22762
22746
22718
22641
22548
22759
22604
22765
22697
22697
22746
22829
22848
22495
22117
22577
22195
22221
22210
22084
22777
22704
22570
22587
22588
22997
22647
23585
23516
23309
22799
22828
22634
22557
22768
22876
22610
22581
22596
22548
22908
22701
22249
22020
22177
22669
22713
22593
22577
22729
22719
22584
22570
22650
22785
22672
22699
22574
22579
22553
22747
22603
22626
22575
22728
22802
22532
22562
22529
23110
22644
22657
25417
22734
22979
22684
22654
22627
22733
22991
22521
22345
22051
22061
22768
22452
22073
22040
21937
22704
22690
22679
22579
22527
22693
22686
22711
22658
22568
22845
22563
22709
22613
22383
23029
22665
22649
22581
23316
22802
22299
22009
22279
22683
22176
22084
24018
22733
22869
22116
21991
22106
21988
22264
22850
22166
22409
22658
22645
23141
22612
22521
22549
22729
22624
22608
22679
22606
22789
22753
22706
22313
22112
22471
22784
22651
22560
22569
22832
23407
23048
23070
22932
22761
22707
22597
22588
24446
23041
22306
25448
23011
23000
22623
22713
22394
22080
22374
22775
22644
22520
22782
22812
23278
23250
22492
22640
22781
22720
22214
22169
22686
22835
22710
22548
22553
22738
22720
22716
22562
22635
22519
22571
22811
22782
22957
22764
22819
22699
22582
22588
22918
22733
22639
24998
22922
22779
22761
22654
22642
22606
22170
22760
22585
22617
22633
22616
23093
22894
22632
22593
22610
22675
22772
22573
22547
22660
22643
22690
22541
22680
22819
22586
22613
22653
22498
22571
22795
22673
22585
22633
22775
22924
22526
22200
22488
22336
22356
23913
22794
22649
22757
22697
22609
22516
22536
22795
22690
22530
22693
22490
22922
22916
22614
22591
22745
22687
22663
22478
21997
22019
22637
22625
22982
23057
22755
22789
22742
22546
22644
22540
23063
22608
22692
22568
22635
22676
22741
22619
23115
22743
22663
25244
22737
22864
22857
22676
22662
22536
22566
22776
22664
22569
22715
22540
22571
23076
22784
22341
22122
22600
22563
22386
22214
22105
22582
22680
22639
22286
22110
22441
22412
22154
22250
22058
22475
22779
22600
23435
22606
22740
22690
22629
23005
22841
23153
25668
22641
22204
22131
22642
22726
22671
22539
22915
22845
22638
22625
22569
22667
22897
23003
22761
22519
22197
22078
22244
22052
22155
22801
22788
22696
22406
22153
22166
22474
22211
22089
22189
22238
22259
22450
22160
22119
22550
22423
22178
22275
22836
22815
23426
23697
23039
22342
22321
22547
22598
22659
22638
22688
22722
22585
22907
22708
22860
22980
22834
22735
22384
22832
22757
22639
22503
22546
22883
22762
22645
22656
22558
22755
22761
22561
22513
22637
22732
23181
23014
22554
22724
22614
22668
22720
22162
22201
22722
23781
22782
22599
22859
23245
22573
22592
22878
22877
22649
22578
22633
22590
22714
22984
22764
22618
22523
22670
22716
22660
22532
22592
22938
22559
22675
22792
22699
22817
22737
22615
22513
22699
23059
22782
22157
22017
22285
22685
22632
22744
22684
22620
22761
25081
22549
22287
22484
22835
22676
22208
22417
22735
22370
22339
22134
22126
22464
22661
22781
22691
22536
22760
22759
22651
22611
22553
22711
22961
22777
22086
22245
22591
22952
22645
22617
22606
22697
22822
22638
22576
22525
22858
22876
22741
22547
22131
22619
24957
22635
22434
22523
22806
22679
22619
22573
22525
23090
22742
22621
22553
22605
22722
22848
22813
22581
22669
22934
22829
22435
22094
22249
23047
22665
22603
22561
22905
22644
22622
22526
22766
22958
22675
22771
22508
23425
22780
22596
22528
23078
22800
22738
23589
22807
22775
22658
22776
22755
22110
22277
22707
22664
22623
22721
22710
22753
22697
22803
22830
22553
22549
22814
22626
22593
22540
22618
22758
22561
22617
22560
23170
23367
23041
22992
22518
22685
22776
22863
22505
22583
22832
22622
22513
23200
23046
22844
24276
23396
22828
22468
22911
22732
22580
22615
22817
23063
23184
22731
22800
23147
22886
22894
22648
22363
22780
22134
22046
21977
22542
22108
22191
21955
22080
22259
22703
22729
22598
22640
22575
22825
22700
22675
22550
22618
22806
22613
22555
22781
22632
22685
25470
22535
22208
22449
22707
22714
22597
22503
22929
22727
22547
22693
22571
22700
22688
22571
23158
22632
22636
22777
22559
22151
22001
22557
22706
22625
22628
22574
22783
22720
22643
22597
22551
22744
22651
22670
22663
22571
22653
22738
22654
23198
22804
22951
25883
23052
23003
22660
22560
22775
22582
22162
22489
22862
22407
22198
22136
22551
22896
22671
23212
22987
23101
22892
22416
22036
22015
22590
22684
22598
22657
22536
22718
22571
22313
22087
21940
22639
22587
22314
22132
21953
22615
22689
22621
22959
22538
22794
23731
22734
22559
22116
22738
22692
22641
22597
22494
23182
22703
22372
22148
22107
22882
22878
22781
22520
22509
22126
22210
22022
22300
22340
22577
22645
22684
22526
22592
22818
22591
22580
22540
22607
22812
22668
22542
22903
23567
22959
23393
23103
22700
22723
23589
23429
22654
22838
22932
22878
22421
22226
22787
23297
22812
22568
22275
22591
22655
22868
22532
22976
22747
22748
22740
22618
22576
22519
22788
22909
22802
22318
22141
22985
22470
22215
22040
22089
23061
22263
22214
22413
22642
22759
22692
22768
22589
22608
25247
22982
22589
22621
22951
22798
22695
22592
22602
23015
22822
22664
22588
22508
22596
22760
22505
22624
22228
22078
22169
22189
21977
22579
22742
22721
22620
22656
22654
22786
22591
22486
22217
21918
22338
22799
22693
22535
22626
22880
22728
22877
22143
22130
22683
24486
22744
22551
22148
22799
22537
22663
22682
22615
23196
22887
23031
22995
22738
22643
22748
22697
22665
22682
22687
22683
22539
22615
22674
22904
23782
23148
22586
22815
22771
22856
22245
22211
22366
22865
22577
22524
22627
22574
22660
23038
22826
22574
22645
25768
22790
22123
22047
22675
22679
22419
22004
22669
22943
22581
22684
22567
22682
22710
22642
22836
22768
23142
23397
22989
22994
22998
22779
22664
22726
22549
22507
23028
22812
22378
22125
22745
22919
22670
22576
22583
22848
23177
23127
22909
23002
22987
25425
23627
22895
22932
22902
22873
22343
22154
22099
22569
22712
22678
22731
22650
22683
22759
22615
22621
23028
22661
22762
22598
22602
22551
22726
22671
22758
22596
22496
22866
22698
22548
22959
22980
22761
22675
22619
22466
22993
22802
22787
23033
22460
22205
25078
22984
22523
22533
22704
22605
22185
22061
21949
22234
22777
22635
22574
22521
22629
22762
22567
22584
22907
22610
22579
22736
22540
22640
22664
22717
22701
22507
22580
22758
22665
22577
22609
22534
22624
22899
22524
22671
22667
22628
22772
22824
22641
22566
22747
24427
22807
22652
22608
22743
22676
22630
22589
22821
23312
23324
22718
22622
22310
22617
22137
22214
22598
22705
22213
22164
22024
22008
21965
22635
22672
22635
22570
22518
22797
22676
22573
22596
22580
22849
22621
22285
22065
22088
22687
22756
22684
22201
24402
23030
22281
22049
22062
22249
22807
22634
22567
22584
23072
23520
23072
23125
22595
22571
22741
22679
22616
23039
22727
22759
22611
23342
22786
22822
22882
22866
22199
22151
22394
22266
22172
22247
22072
22727
22834
22562
22598
22590
22738
22722
22916
22662
22769
26254
22924
22836
22748
22420
22695
22650
22656
22566
22731
22767
22836
22600
22549
22589
22871
22556
22569
22949
22805
22654
22750
22828
22888
22835
22708
22717
22518
22557
22730
22710
22515
22634
22519
22662
22979
22567
22657
22587
22505
22864
22731
22582
22592
25731
22745
22599
22610
22606
22760
22682
22661
22522
22519
22784
22653
22585
22539
22565
22781
22540
22624
22878
22847
23102
22762
22577
22539
22679
22692
22717
22560
22571
22654
22565
22670
22535
22565
22618
22788
22507
22699
23321
22615
23224
24753
22487
25366
23074
23028
23062
22846
22756
22945
22832
22498
22143
22119
22701
22458
22213
22105
22061
22692
22644
22580
22891
22861
22926
22563
22567
22648
22609
23339
23343
23061
23133
22712
22611
22719
22567
22530
22839
22905
22761
22188
22162
22311
23068
22265
22166
23758
24190
22986
22652
22564
22599
22660
22925
22643
22258
22773
22729
22302
22366
22623
22581
22688
22687
22632
22761
22869
23120
22678
22574
22573
22343
22582
22150
22061
22074
21992
22652
22653
22685
22613
22601
22685
22683
22703
22555
22482
22870
23068
22902
22298
24624
23277
23150
22997
22999
22701
22766
22664
22144
22827
22706
22640
22573
22533
22601
22787
22532
22552
22570
22915
22868
22555
22132
22567
22600
22787
22660
22539
22637
22800
22623
22564
22718
22689
22640
22842
22560
22663
22500
22548
22918
22792
22668
23666
23080
22721
22637
22541
22561
22741
22683
22614
22560
22737
22801
22750
22566
22750
22611
22688
22653
22614
22097
22172
22304
22128
22079
22008
21981
22627
22746
22682
22535
22557
23339
23245
23126
23213
22833
22936
22327
22226
22164
22273
22859
23156
22824
23200
24541
22618
23786
22598
22581
22738
22712
22613
22550
22479
22729
22748
22530
22594
22537
22712
22954
22594
22571
22690
23211
23102
22573
22571
22649
23167
23150
23022
23029
22683
22934
23091
23008
22511
22659
22741
22598
22350
23360
22206
22916
22122
22011
21982
25247
22563
22498
22175
22168
22274
22695
22827
22553
22603
22833
22720
22523
22762
22588
22571
22797
22556
22788
22773
22872
22889
22530
22688
22609
22920
22733
22487
22161
22119
22635
22623
22621
22636
23520
23424
22627
22630
22516
22556
23017
22836
22558
22607
24524
22622
22815
22597
22569
22659
22835
22859
22711
23056
22898
22705
22591
22552
22541
22631
22682
22630
22550
22388
22934
22750
22585
22514
22565
22677
22733
22650
22617
22618
22789
22776
22684
22581
22584
23199
22750
22636
22174
22030
22310
23095
22501
24964
22717
22656
22706
22654
22554
22598
22753
22700
22416
22296
22626
22819
23091
23025
22525
22565
22868
22611
22655
22550
22738
22827
22439
22101
22214
22670
22293
22670
22589
22700
22698
22645
22601
22670
22593
22816
23122
23017
22898
22981
22876
23142
22570
24282
23992
23066
22910
22593
22638
22564
22957
22859
22558
22200
22053
22712
22634
22720
22517
22521
22987
23239
22876
22756
23188
22800
22136
22131
22146
22826
22598
22631
22656
22590
22628
22644
22774
22537
22611
22706
22854
22808
22238
22133
22302
22853
22583
22598
24076
23036
22744
22629
22551
22952
22720
22816
22536
22993
23140
22528
22817
22827
22618
22593
23037
22759
22757
22630
22931
22915
22778
22740
22092
22713
22683
22612
22661
23530
22910
22608
22168
22153
22119
22702
22901
22732
23370
22984
22998
23059
22722
24776
23075
23005
22612
23120
22814
22693
22217
22581
22805
22639
22739
22891
23051
22975
22704
22779
23116
23009
22613
22594
22871
22966
22595
22604
22642
22640
22894
22554
22615
22608
22902
22621
22373
22042
22093
22442
22662
22670
22950
22981
23152
22745
22550
25201
23372
23004
22648
22618
22614
22516
23417
22935
22973
23168
23052
22758
22711
22564
22609
22579
22603
22752
22592
22548
23549
23203
22998
23089
22533
22803
22754
22789
22784
22108
22386
22659
22381
22621
22728
22702
22946
22829
22298
22208
22568
22320
22207
22099
25981
23070
23008
23010
22980
22944
22952
22732
22951
23147
23117
23209
23202
22777
22409
22694
22268
22167
22144
22266
23018
22488
22592
22572
22533
22894
22684
22726
22244
22029
22923
22911
22658
22532
23040
22793
22947
22595
22584
22695
22963
22661
22617
24242
23161
22884
22804
22758
22134
22455
22761
22560
22594
22768
22727
22736
22644
22605
22705
22765
22775
22629
22611
22598
23104
22814
22609
22604
22542
22847
22577
22613
22699
22551
22643
22732
22566
22518
22693
23051
23026
23180
22807
22737
22783
22696
23077
24435
22585
22427
22252
22043
22015
22194
22283
22101
21992
22431
22661
22709
22871
22550
22703
22640
22623
22794
22736
22596
22888
22855
22512
22104
22039
22335
22789
22578
22634
22634
22586
22694
22932
22451
22099
22422
22725
22715
22938
22139
22689
22363
22640
23133
23818
22961
22823
22818
23007
22052
22759
22672
22602
22559
22555
22781
22675
22585
22572
22614
22849
22793
22718
22049
22838
23003
22758
22518
22646
22698
22931
22812
22351
22211
22290
22673
22666
22530
23067
22918
22915
22807
22123
22082
22500
24219
22557
22684
25933
23650
23294
23002
23042
22622
22809
22483
22612
22764
22741
22657
22593
22571
22510
22716
22803
22707
22614
22572
22898
22776
22833
22881
22547
22739
22724
22568
22630
22468
23142
23418
22448
22094
22157
23005
22608
22299
22099
22144
22908
22697
22226
23792
22648
22720
22743
22679
22560
22714
22699
22745
22315
22471
22521
22185
22118
22084
22058
22229
22702
22640
22613
22533
22604
22758
22990
22366
22149
22563
22610
22085
21858
22003
22274
22680
22618
22628
22666
22855
23109
23047
22955
23000
22874
22949
22588
24500
23781
22763
22747
22577
22564
22663
22946
22734
22629
22639
22754
22752
22618
22615
22586
22561
22795
22540
22593
22628
22648
22880
23039
22396
22136
22237
22760
22711
22568
22755
22921
22856
22683
22620
22719
22935
23343
22730
22630
22543
22697
22962
22555
22567
24449
22607
22914
22498
22633
22550
22824
22784
22623
22673
22605
22772
22682
22605
22600
22506
22772
22637
22672
22594
22575
22950
22833
22723
22571
22604
22716
22703
22608
22557
22689
22869
22727
22609
22601
22773
23171
23239
22858
23472
22915
22947
22824
22762
25172
23171
23072
23137
22589
22564
22692
22807
22395
22236
22393
22749
22287
22264
22129
22050
22643
22615
22659
22495
22575
22789
22911
22665
22754
22700
22699
22710
22687
22663
22492
22666
22754
22554
22797
22765
22672
22635
22596
22601
22868
23221
23203
25362
22661
22619
22237
21978
22042
22042
22328
22621
22741
22691
22684
22591
22623
23345
23218
23217
23044
23064
22929
22572
23078
22857
22910
22884
22180
22237
22703
22669
22729
22651
22492
22904
22873
22505
22191
22143
23055
22673
22589
22616
22744
23247
22898
25200
22958
22697
22190
22045
22026
22000
22160
22767
22629
22621
22608
22675
22618
22795
22588
22562
22881
22806
22603
22131
22128
22295
22653
22786
22630
22628
22664
22766
22636
22611
22582
22568
22682
22712
22340
22119
22361
22661
22657
22645
22601
22965
22919
22487
24945
22792
23187
22762
22683
22281
22147
22684
22705
22589
22605
22612
22600
22802
22600
22593
22616
22549
22730
22787
22500
22272
22345
22756
22661
22668
22666
22690
22591
22500
22042
21988
22067
22571
22723
22551
22587
22520
22752
22703
22599
22873
22639
22629
24193
22752
22381
22659
22678
22594
22613
22488
22575
22854
22697
22937
22662
23099
22748
22648
22557
22551
22730
22707
22741
22638
22722
23006
22633
22234
22076
22110
22265
22072
22003
22020
22075
22141
22160
22187
22016
22028
22722
22673
23044
22795
22604
22797
25080
23337
23112
22790
23159
23091
22666
22521
22602
22812
22514
22445
22161
22267
22735
22678
22560
22616
22740
22665
22625
22105
22075
22294
22981
22604
22733
22579
22663
22923
22545
22177
22088
22547
22483
22264
22167
22067
22515
22661
22559
22831
22552
22689
24613
22996
22887
22911
23358
22668
22139
22280
22113
22730
22341
22634
22780
22696
22881
22893
22686
22092
22111
22755
22658
23191
22563
22562
22934
22869
22993
23022
22857
23048
22872
22380
22175
22289
22647
22692
22558
22584
22753
22602
22565
22855
22552
22590
22720
25831
22900
22616
22704
23005
22936
22876
23097
23089
23165
22909
22644
22552
22717
22694
22554
22560
22539
22679
22661
22689
22574
22453
23402
22771
22679
22550
22553
22808
22616
22592
22624
22933
22831
22694
22329
21994
22117
22444
22092
22631
22015
22019
24080
22811
22630
22599
22651
22761
22549
22610
22932
22779
22845
22654
22609
22562
22560
22740
22684
22147
22002
22352
22706
22603
22596
22608
22557
23332
22672
22640
22505
22580
22877
22604
22672
22711
22734
22745
22505
22073
22031
22574
22687
22787
22592
22736
23282
24375
22677
22899
22817
22797
22618
22585
22558
22598
23201
23482
23179
23024
22795
23045
23153
23029
23016
22713
22608
22716
22524
22502
22666
23008
22758
22629
22540
22596
22841
22584
22609
22604
22589
22954
22602
22624
22615
22697
23107
22725
22002
21978
22838
24320
22682
22256
22138
22709
22605
22576
22691
22778
22709
22599
22619
22501
22712
22703
22547
22538
22499
22891
22719
22706
22236
22075
22613
22774
22664
22616
22594
22708
22788
22593
22525
22539
22721
22764
22687
22494
22723
22697
22679
22887
22580
22603
24419
22856
22701
22675
22739
23185
22706
22560
22602
22946
22666
22730
22351
22024
22369
22869
22844
22967
23119
23150
22652
22662
22720
22049
22045
22467
22700
23182
22748
22775
22989
22657
22634
22602
22637
23280
22655
22077
22011
22302
22667
22896
22646
22627
25342
23068
22738
22233
22176
22424
22840
22568
22693
22723
22685
23021
22640
22603
22585
22806
22852
22580
22157
22392
22858
22374
22174
22183
22084
22306
22810
22242
22315
22573
22668
22819
22580
22573
22552
22738
22791
22556
22596
22648
22710
22789
22804
22704
22599
25511
22677
22689
22605
22662
22792
22587
22646
22640
22607
22389
22705
22022
21962
22155
22602
22713
21990
21991
22038
22366
22413
22664
22593
22598
22966
22930
22664
22138
22466
22686
22655
22598
22537
22616
22586
22828
22536
22596
22717
22722
22778
22573
22558
25224
23369
22701
22330
22249
22499
22785
22567
22569
22582
22726
22567
22563
22285
21983
22455
22668
22641
22602
22499
22714
22755
22558
22575
22584
22731
23183
22528
22601
22606
22953
22769
22287
22626
22470
22483
22282
22247
22160
22041
23147
22654
22240
22143
25614
22827
22061
22324
22747
22668
22677
22626
22463
22587
22669
22638
22814
22553
22524
22777
22676
22591
22604
22570
22534
22857
22613
22624
22554
22553
23457
22574
22657
22680
22368
22627
22065
21955
22036
22507
22665
22584
22645
22595
22655
23121
22584
22636
24987
23540
22869
22861
22942
22398
22755
22392
22200
22711
22618
23195
23260
22298
22090
22136
22828
22620
22612
22556
22553
22896
23258
22611
22539
22534
23254
22971
22522
22540
22821
22921
22650
22567
22583
22734
23082
23099
22342
22054
22274
22976
22638
22618
24684
24047
22573
22085
22069
21924
22031
22307
22042
22590
22209
22399
22737
22663
22576
22476
22744
22719
22527
22603
22535
22708
22717
22285
22067
22008
22630
22611
22056
22053
22007
22577
22657
22774
22545
22643
23134
22734
22530
22605
22583
22851
22570
22610
23247
23130
22951
23131
22972
22188
22148
22110
22128
22824
23205
23247
22903
22561
22335
21993
22091
22744
22637
22583
22580
22794
23050
23064
23029
23011
22609
22837
22766
22628
22235
22341
22260
22029
22066
22088
22494
22431
22005
22063
22059
22025
22476
22203
22030
25118
22631
22144
22131
21995
22059
22423
22565
22382
22443
22062
22340
22731
22591
22652
22742
22739
22909
22630
22091
22069
22670
22966
22746
22652
22631
22829
23081
22389
22334
22020
22523
23069
22677
23022
22989
22997
22894
22677
22199
22176
23139
22671
22890
22746
24525
22350
22725
22633
22556
22613
22841
22613
22599
22640
22395
22843
22517
22002
22003
22158
22656
22716
22319
22025
22331
22648
22629
22607
22602
22740
22843
22562
22590
22649
22577
22805
22538
22624
22660
22897
23040
22998
22487
22691
23563
23156
22443
22127
24601
22737
22663
22526
22515
22609
22820
22595
22570
22516
22960
22700
22615
22541
22578
22676
22643
22663
22618
22639
23406
22551
22521
22846
22599
23189
22875
22357
22186
22208
22780
22938
22780
22665
22947
22763
22753
23144
22580
22924
23486
22780
22857
24724
24076
22715
22628
22661
22526
22635
22781
22574
22659
22631
22681
22825
22654
22486
22526
22696
22712
22643
22402
21955
22738
22416
22469
22766
22583
22875
22777
22566
22475
21997
22661
22719
22618
22498
22716
22811
22287
22271
22138
22053
22961
22636
22583
22619
26494
22873
22529
22102
22132
22525
22717
22645
22546
22646
22837
22893
22719
22569
22827
22710
22668
22793
22746
22646
22901
22883
22755
22325
22678
23026
22521
22656
22630
22595
22680
22826
22608
22729
22685
22762
22676
22632
22553
22863
22948
22657
22615
22017
25005
22796
22720
22633
22698
22618
22858
22627
22607
22686
22700
22771
22923
22844
23069
22987
22727
22605
22529
22747
23088
22807
22558
22638
22562
22671
22945
22887
22871
22503
22667
23010
22597
22703
22658
23125
23143
22856
22600
22672
23945
22688
22597
22548
25746
23074
22919
23007
22923
22688
22798
22719
23058
22505
22392
22756
22576
22566
22599
22570
22808
22536
22584
22542
22728
22673
22578
22563
22493
23011
22979
22849
22314
22230
22964
22291
22118
22380
22161
22688
22668
22804
22614
22533
23107
22733
22631
22548
25393
22945
22529
22705
22581
22675
22718
22643
22866
23053
23070
22737
22541
22521
22536
22706
22641
22616
22584
22591
22885
23173
22661
22489
22979
23219
22833
23031
22617
22620
22823
22566
22733
22879
22787
23044
23049
22549
22566
22692
22988
22657
22629
22613
25281
22889
22792
22661
22577
22777
22661
22703
22804
22592
23113
22797
22662
22678
23111
23345
23066
23076
23015
22578
22671
22749
22545
22552
22577
23120
22707
22539
22077
22037
22759
22622
22625
22604
22781
22725
22616
22393
22016
22201
23510
22139
22011
22016
24931
22752
22780
22594
22579
22778
22759
22858
22867
22671
22721
22725
22552
22753
22622
22699
23083
22598
22571
22725
23091
23116
22623
22626
22526
22744
22698
22734
22781
22537
22735
22731
22596
22649
22573
22736
22689
22685
22656
22549
22955
22589
22566
22569
24372
22808
22718
22559
22818
22811
22667
22829
22755
22522
22768
22722
22515
22593
22481
22593
22790
22687
22638
22250
22487
22742
22937
22601
23042
23043
22920
22817
22965
22511
22708
22724
22605
22631
22610
22756
22619
22718
22772
22742
23308
22736
22531
22618
24420
22831
22784
22624
22553
22586
22672
22884
22707
22418
22271
22700
22674
22543
22539
22639
22791
22558
22589
22836
22674
22810
22658
22573
22607
22651
22706
22856
22515
22052
22315
22695
22625
22624
23011
23074
22990
22601
22637
22522
22921
22883
22632
22436
25352
22982
22699
22592
22563
22534
22665
22861
22884
22592
22615
22823
22616
22763
22635
22345
22746
22618
22572
22542
22643
23270
22765
22575
22155
22372
22779
23174
22619
22495
22517
22075
22144
22136
21998
22126
22212
22079
22006
22073
22484
22099
22176
22001
22370
25141
22461
22690
22587
22579
23107
22534
22488
22560
22553
22738
22686
22577
22564
22655
23036
23650
22865
22942
23074
22871
22488
21974
22612
22840
22636
22589
22768
22265
22309
22345
22003
22025
22182
22317
22713
22728
22619
22602
23017
22737
22574
22070
22931
23048
22630
22526
22715
22228
22388
22838
22538
22498
22023
22617
22680
22631
22570
22598
22764
22623
22643
22552
22611
22683
22629
22558
22629
22501
22708
22821
22962
22661
22652
22670
22782
22556
22681
22688
22636
22720
22712
22516
22987
22529
22518
22137
23532
23952
23057
22273
22203
22154
22817
22902
22658
22586
22553
22755
22729
22749
22720
22671
22812
22666
22606
22591
22521
22753
22608
22558
22629
22516
22744
22758
22616
22966
22727
22918
22666
23035
22641
22671
23052
23112
22852
22498
23039
22660
23510
22492
22477
25467
22670
22598
22612
22494
22717
22861
22935
22780
22661
22875
22858
22667
22642
22591
22824
22785
22639
22176
22095
22664
22634
22611
22584
22594
22924
22519
22745
22888
22531
22721
22815
22798
22664
22667
22640
22820
22600
22552
23408
22752
22694
22153
22119
26158
22211
22083
22036
22050
22622
22772
22626
22526
22600
22710
22853
22839
22596
22858
23084
23091
22667
22548
22563
22699
23155
22523
22648
22639
22934
22816
22816
22953
22099
22716
22661
22696
22608
22842
22798
22824
22190
22111
22488
22821
22434
22224
22091
24569
22720
22141
22118
22103
22109
22672
22745
22863
22948
23048
23288
23449
23035
23214
22656
22694
22596
22680
22766
23431
23136
23222
23059
23197
23352
23304
22876
22894
22473
22723
22644
22647
22543
23119
23100
22635
22724
22599
23168
23067
22704
22583
22653
26303
23019
22409
22175
22272
23009
22710
22745
22734
22986
22999
23200
22894
22958
22867
22721
23105
22771
22648
22947
23068
23047
22555
22738
22949
22769
22526
22817
22853
22839
22617
22567
23125
23038
22787
22955
22643
22427
22014
23236
22720
22638
22638
25325
23505
22755
22547
22542
22386
22221
22095
22162
22040
22274
22831
22667
22524
22594
22626
22605
22235
21987
22544
22736
22641
22737
22517
22543
22792
23106
23075
22645
22954
22581
22834
22532
22745
22584
22580
22864
22680
22585
22581
23060
23067
23004
22704
24718
22596
22165
22141
22027
21954
22747
22664
22655
22586
22530
23210
23064
22659
22572
22626
22449
22182
22061
21995
22131
22631
22712
22535
22195
22273
22775
22611
22588
22837
22909
23448
22703
22563
22766
22722
22709
23037
22763
22681
23075
22680
22417
22109
23830
24562
22736
22632
22638
22576
22768
22696
22591
22933
22986
22839
22744
22614
22600
22833
22799
22737
22534
22553
22520
22672
22898
22499
22219
22711
22647
22386
22661
22698
22769
23451
22674
22694
22568
22563
22636
22724
22631
22553
22995
23027
22778
22218
22096
25698
22898
22885
23140
22936
22764
22569
22626
22620
22558
22814
22641
22544
22665
22598
22614
22696
22594
22694
22683
22694
22730
22571
22513
22735
22688
22585
22581
22958
22640
22833
22524
22707
22674
22554
22746
22486
22017
22015
22674
22656
22635
22471
22556
24654
23640
23249
23228
23173
23076
22772
23148
23292
23275
22865
22601
22599
22738
22755
22850
22340
22151
22438
22657
22681
22734
22470
22593
22800
22641
22628
22608
22638
23227
22896
22550
22194
22236
22332
23073
22737
22665
22714
23009
23040
23109
22602
22808
25282
23199
22686
22446
23065
23150
22597
22542
23197
22981
22843
22807
23544
22658
22963
23233
22783
22223
22211
22803
22737
22280
22291
22373
22939
22387
22480
22386
22232
22873
22720
23328
22762
22592
22883
22928
22868
22724
22181
23378
23096
23573
22145
25885
23675
23652
22944
22754
22857
23130
22966
22581
22718
22840
22940
22332
22533
22654
22846
22658
22580
22628
22586
22780
22662
22594
22523
22548
22825
22817
22552
22718
23285
22892
23302
23160
23133
23312
23576
23709
23792
23820
23867
24514
23757
23042
23016
24865
23648
23431
23186
23276
23217
23179
23151
23254
23315
23515
23435
23459
23485
23271
22951
22639
22270
21975
22395
22842
23142
22634
22590
22822
22629
22324
22135
21980
23115
22779
22553
22397
22457
22560
22350
22412
22377
22263
22851
22723
22626
22559
22579
26403
22915
22524
22149
22256
22593
22337
22286
22165
22220
22941
22875
23070
22915
22811
22918
22601
22603
22649
22652
22692
22742
22575
22606
22701
22639
22744
22586
22682
22871
22719
22510
22766
22569
23072
22898
22663
22623
22692
22830
22857
22557
22559
22643
25127
22771
22653
22516
22527
22625
22745
22545
22064
22434
22859
22668
22218
22601
22507
22716
22714
22755
22878
22428
22799
22707
22573
22557
22645
22733
22729
22582
22614
22832
22974
22691
22764
22551
22706
22719
22640
22441
23060
22661
22884
22770
22966
22790
25107
23587
22786
24053
22146
22087
22277
21975
22098
22016
22245
22217
22097
22026
21906
22048
22267
21995
21988
21941
22068
22216
22122
22027
21976
22083
22152
21969
22085
22006
22353
22916
22395
22103
22026
22004
22186
22118
21966
22316
22104
22082
23433
22050
21971
25565
22909
22547
22058
21825
22002
22332
22020
21894
22010
22088
22117
21985
21963
22012
21976
22203
22001
21971
21997
21963
22067
22187
22013
22879
23044
22642
22189
22098
22017
22206
22499
22081
22046
22034
21966
22098
22267
21928
22148
21966
22093
22158
22036
21894
25071
22728
22282
22165
22194
21979
22319
22039
21879
22340
22517
22141
22090
21862
22007
22146
22132
21979
21996
21963
22121
22119
22634
22008
22011
22232
22183
22714
22700
22292
22758
22311
22153
21921
21952
22132
22131
22066
21951
22231
22182
22097
21983
22045
21941
22168
23798
22421
22147
21896
22060
21983
21972
21870
21808
22034
22049
21995
22074
21964
22129
22172
21973
21966
21941
22095
22130
22014
22016
22031
22135
22116
22007
22041
22111
22165
22978
22017
22188
22005
22062
22145
22034
21997
22346
22219
22185
22009
21985
22013
21981
22747
24238
22106
21970
21978
22003
22034
22039
22201
22123
22218
21998
22219
22022
22080
22168
22100
21958
21992
22127
22107
21963
22044
22102
22454
22700
22097
21990
22001
22042
22192
22496
22274
22115
22102
22097
22111
22001
22111
22255
22236
22017
21980
21982
22052
22115
23956
22999
22725
22325
22134
21975
22120
22051
22008
22292
22100
21978
22060
22015
22079
22292
21964
22033
22096
22119
22054
22012
21914
22117
22232
21995
22004
23331
22455
22552
23189
22804
22189
22340
22240
22083
22069
22719
22763
22584
22063
23267
21913
22081
22274
23808
22088
22181
22031
21914
21953
22019
22206
22413
22131
22058
22228
22631
22450
22278
21980
22001
22035
22101
22156
22013
22034
22005
22128
22358
21990
22054
21960
22014
22096
22285
22244
22002
22057
22124
22037
22151
22324
22006
22222
22045
21941
21994
21939
22095
23651
22376
22012
22132
21896
21985
21977
22027
22140
22321
22440
22003
21981
22055
22376
22583
22439
22028
22075
22049
22602
22010
21980
22129
22153
21998
22013
21996
21975
22075
22096
22747
22091
22159
22030
22134
21998
22060
22103
22636
21998
22272
21978
21923
22171
22203
23561
22937
22703
22229
22114
22035
21981
22054
22224
21981
22028
21975
22150
22121
22018
22006
22022
22329
22181
21958
22102
21946
22139
22259
22003
22010
22008
22100
22077
22013
22301
22397
22217
22174
22059
21949
22002
22263
22020
22199
22026
22187
22143
22118
21994
23685
22376
22515
22628
22623
22063
22008
22020
22175
22220
22042
22042
22007
22130
22148
22008
21976
22055
22226
22433
22576
22178
22163
22111
22158
21952
22016
22131
22546
22541
22290
22282
22058
22101
22046
22012
21989
22393
22094
22099
22080
21985
22045
22041
22279
24283
22886
23037
22806
22547
22229
21977
22105
22135
22145
21919
21980
22021
22089
22043
21971
22010
22108
22071
22012
22068
21948
22203
22211
22142
21971
21955
22005
22084
22082
22103
22341
21929
22178
22525
22429
22254
24941
22344
22233
23217
22280
21926
22262
22081
22627
23800
22823
22288
21984
21936
21949
22080
22197
22017
22046
21932
22097
22182
22040
21993
21999
22043
22162
21960
22017
22017
22080
22258
22269
22297
22204
22048
22148
22040
22044
22293
22135
22043
22133
22025
22081
22246
22721
22021
21977
22016
22048
22184
22047
24062
22910
22615
22118
22032
21966
22152
22568
22786
22311
22002
22106
22194
22254
22379
21974
22016
22102
22000
22065
22493
21951
22104
22190
22183
22031
22000
22195
22439
22577
22045
22191
22191
22054
22030
22004
22057
22209
22216
22008
21973
21962
22003
22111
22162
21979
24140
22661
22070
22048
22008
22102
22194
22161
22050
21967
22019
22051
22085
22057
22074
21949
22054
22130
22034
22017
21968
22095
22074
22113
22003
22004
21911
22152
22061
22206
22250
22124
22160
22339
22625
22614
22230
22103
22143
21974
22073
21938
22095
22193
22120
23692
22730
22502
22218
22021
21999
21979
22362
22270
22081
22086
22031
22159
22077
22059
22010
21992
22186
22026
21993
22028
22033
22300
22148
22030
22014
22151
22170
22051
22121
22264
22357
22776
22484
22035
22066
22220
22140
22241
21976
22031
21936
22105
22193
22068
22660
23997
22678
22204
21963
22073
22070
22073
22174
21992
22151
22625
22549
22196
21996
21988
22052
22212
22318
21995
22018
22071
22001
22162
21986
22033
22117
22076
22036
22107
21973
22589
22169
22011
22061
22246
22808
22636
22771
22046
23160
22038
22035
22120
22042
24086
22211
22092
21922
21845
21867
22103
22742
22685
22387
22005
22516
22039
22105
22249
22077
22061
22239
21965
22181
22309
22634
22624
22221
22063
21990
21922
22146
22145
22225
21971
22499
22431
22102
22030
22007
22189
22370
22206
22026
21908
21897
22110
22139
22060
23439
22617
22700
22254
21905
21890
21823
22561
22624
22187
21870
22348
22543
22387
22088
21846
21994
22147
21830
21925
22519
22101
22077
22037
22052
22064
22153
22017
22018
22067
22022
22180
22891
22620
22102
21994
22184
22072
22190
21967
22404
22626
22426
22065
22010
24669
22612
22823
22226
22459
22474
22194
22104
22032
21971
22029
22129
22057
22016
21999
22023
22015
22152
22120
22082
22101
22035
22027
22164
22028
21995
22157
22037
22433
22157
21970
22283
23010
22663
22068
21995
22464
22647
22729
22298
21982
22057
22112
22153
22028
24435
22863
22660
22246
22059
21917
22239
22758
22673
22269
21981
22305
22348
22474
22009
21998
22244
22243
22063
22048
21965
22174
22588
22096
21830
21857
21905
21932
21955
21980
21889
21959
23009
22677
22201
22100
22126
22188
22065
21995
21943
21953
22099
22052
22094
24211
23002
22474
22127
21969
21902
21953
22683
22415
22050
21867
21939
22041
21994
21906
21988
21953
22133
22088
22052
21935
21995
22149
22221
22068
22150
22072
22099
22176
22063
22058
21874
22846
22732
22491
22049
22192
22021
22249
21949
23176
21990
22088
22054
22034
24340
22635
22553
22011
21922
22030
22479
22672
22471
22083
21919
21888
22563
22750
22507
22042
21969
22151
22104
22037
21968
22082
22086
22081
22099
21994
22322
22674
22786
