22646
22995
22196
22478
22708
22697
23256
23053
22891
22210
22446
23423
23119
22946
22807
22935
22795
23404
22937
22941
22595
22534
22673
22663
22776
22614
22835
23112
22769
22897
23169
22915
22830
22584
22622
22781
22684
22723
22452
22628
22614
22692
22654
22792
23051
23566
22742
22819
22674
22612
22828
22666
22962
22468
22539
22622
26912
23086
23259
22629
22579
22674
22257
22445
23259
22825
22936
25035
23868
36319
23407
23313
22774
22917
23056
22765
22593
23009
23113
23181
23322
22721
22367
22800
22660
22554
22309
22340
22932
23114
23101
23079
22529
22782
22794
22736
22633
22657
22358
26180
22845
22683
23195
23166
22736
22703
22668
22909
22732
22041
22482
22182
22567
22942
23022
22740
22516
22304
22303
22712
22575
23059
22615
22325
22339
22662
22003
22591
22714
22583
22408
22331
22501
22829
22398
22216
22129
22769
22301
22219
22308
22162
22735
23941
22841
22466
22656
23176
22539
22547
22076
22164
22543
22235
22145
22659
22660
22722
23160
22749
22562
22643
22841
22833
22700
22554
22668
22912
22868
22585
22157
22327
22464
22208
22149
22527
22867
22255
22359
22107
22136
22666
22676
22627
22727
22663
22538
22826
24610
22899
22458
22522
22590
22140
22230
22397
22603
22732
23031
22795
22660
22326
22430
22207
22175
22045
22377
22380
22120
22269
22056
22803
22606
22641
22975
23215
23099
22781
22614
22571
22605
22727
22741
22665
22529
22664
23028
22668
22635
22127
21971
22645
24465
22760
22515
22155
22899
22805
22663
22678
22881
22723
22660
22577
22666
22683
22572
22659
22119
21942
22259
22124
22101
21996
21986
22622
22462
22236
22114
22010
22252
22130
22545
22726
22581
22335
22211
22064
21979
21991
23263
23123
22221
22006
22087
22247
22191
24235
22709
23122
23072
22642
22200
22127
22283
22741
22633
22552
22551
23140
22684
22611
22248
22616
22672
23469
22400
22243
22125
22272
22841
22837
22814
22640
22763
22954
22781
22374
22342
22741
22636
22624
22640
22656
23006
22818
22603
22325
22099
22691
22701
23816
22793
22743
22824
22922
23038
23034
22836
23025
22654
22575
22538
22968
22671
22624
22802
22627
22494
22457
22623
22099
22506
22232
22241
22121
21966
22092
22615
22719
22657
22716
22994
23018
22100
22311
24279
22149
23068
22056
22037
22185
22207
22681
24159
24154
23144
23007
22677
22956
22614
22663
23522
22878
22703
22116
22165
22559
22553
22872
22625
22721
22691
23124
22674
22773
22495
22281
22387
22388
22643
22672
22696
22746
22599
22595
22533
22846
22849
23221
22807
23022
23583
22653
22608
22656
22613
22942
22723
24483
23034
22812
23070
23305
22999
22764
22407
22770
22384
22138
22082
22417
22702
22653
22571
22847
22704
22653
22506
22018
22072
22195
22244
22049
22033
22039
22751
22683
22670
22564
22535
23152
23061
22680
22591
22625
23036
22743
22618
22736
22929
22767
22385
24479
22815
22629
22845
22869
22705
22618
22570
22496
22616
22671
22588
22703
23373
23027
22882
22894
22962
23057
22807
22861
22750
22815
22724
22718
22552
22676
23211
23027
23038
23012
22886
22703
22566
22685
22559
22560
23162
23300
22740
22759
22322
22752
22417
23941
22904
22745
22681
22848
22278
22288
22738
22729
22646
22601
22570
22770
22399
22704
22800
22929
23154
23015
22328
22054
22487
22707
22707
22921
22624
22837
22675
22640
22212
22033
22458
22794
22575
22646
23003
23233
23500
22866
22615
22719
23312
23335
22934
25468
22983
22394
22279
22666
22026
22231
22752
22516
22045
22009
22596
22726
22179
22026
22078
22201
22717
22658
22075
22032
22187
22694
22714
22908
22755
22711
22771
22534
22160
22591
22358
23189
22655
22753
22725
22746
22896
22748
22759
22760
22792
22833
22791
22783
24597
22812
23146
23084
22358
22076
22677
22715
22643
22615
22661
22731
22824
22697
22648
22051
22765
22394
22217
22131
22142
22506
22318
22833
22694
22925
22975
22933
22629
22500
22701
23042
22596
22538
22590
22674
22998
23326
22520
22291
22446
22774
22912
22739
24918
22813
22175
22100
22557
22297
22501
22743
22720
22628
22586
22591
22900
22586
22680
22751
22973
22673
22632
22630
22595
22716
22733
22717
22735
22646
22442
22165
22051
22251
22124
22527
22834
22576
22608
22619
22808
22892
22310
22161
22146
22577
22704
22979
24356
23083
23272
23016
22724
22742
22591
22820
22669
22898
22600
22677
23059
22575
22041
22009
22551
22140
22702
22587
22604
22690
22549
22585
22152
22462
22219
22839
22369
22091
21962
22324
22511
22863
22573
22604
22632
23107
23201
22912
22790
22716
22287
22213
24766
23072
22822
22939
22541
22311
22079
22718
22673
22814
22750
22871
23003
23232
22944
23026
22897
22711
22693
22442
22015
22065
22674
22438
22572
22616
22189
22764
22671
22608
22575
22591
22724
22766
22584
22819
22649
23249
22619
22180
22010
22333
22762
22638
25351
23181
23182
22749
22565
22950
22609
22654
22714
22700
22206
21959
22440
22821
22664
23068
22898
22776
22656
22538
22066
22471
22264
22451
22611
22538
22026
22216
22107
22044
22146
21981
22536
22719
22690
22752
22526
22973
22560
22478
22193
22047
22660
22720
22679
26078
22644
22702
22632
22775
22001
22578
22158
22086
22212
21961
22565
22244
22090
22155
21959
22217
22797
22621
22531
22616
23132
23456
22945
22727
22707
22833
23231
23106
22845
22621
22784
22693
22813
22721
22549
22693
22091
22032
22556
22753
22860
22863
22436
25724
22858
22639
22140
22014
22294
22275
22645
22732
22741
22504
22708
23164
23210
22676
22708
23077
23130
22710
23075
22881
22972
22541
22457
22693
22582
22684
22770
22687
22417
22098
22438
22289
22204
22155
22081
22867
22244
22153
22335
22158
22634
22618
22233
22858
23514
22956
22758
23067
23234
22596
22869
22725
22823
22136
22068
22410
22267
22297
22429
22655
23185
22668
22604
22681
23137
23033
22700
22682
22960
22721
22731
23094
22650
22655
22795
22703
22634
22596
22582
22947
22821
23163
22428
22239
22421
22887
22662
22746
24339
22700
22622
22028
22652
22806
22748
22548
22657
22728
22626
22798
22631
22703
21985
22365
22750
22643
22604
22563
23081
23078
22867
22706
22745
22721
22738
22740
22649
23012
23130
22734
22579
22624
22835
23321
23674
22135
22140
22165
22699
22715
22646
22565
25920
22825
22912
22617
22740
22415
22684
22674
22650
22666
22869
22670
22462
22109
22014
22059
22283
22621
22620
22573
22782
22682
22665
22646
22688
22620
22218
22017
22103
21969
22416
22764
22622
22644
22561
22708
23098
22550
22656
22655
22753
22619
22684
22586
25957
22942
22739
22625
22581
22946
22675
22659
22367
22212
21983
22828
22631
22193
22000
22620
22139
22091
22060
21989
22192
22195
22089
22573
22678
22667
22684
22313
22162
22738
22654
22732
22638
22639
22615
22719
22919
22377
22129
22001
22311
22080
22061
22093
21983
25421
22763
22653
23611
22639
23124
22842
22845
22840
22732
22772
22810
22891
23094
23305
22732
22634
22522
22061
22085
22253
22067
22231
22265
22239
22693
22380
22136
22183
22410
22696
22736
22601
22577
22773
23078
22560
22610
22987
22887
22939
22200
22171
23882
23924
22819
22602
22979
22606
22815
22600
22395
22026
22453
22733
22786
22885
22611
22601
22569
22308
22240
22173
22080
22775
22716
22611
22749
22781
22381
22327
22188
22121
22125
22924
22858
22807
22702
22936
23310
22315
23100
22246
22399
22955
22879
22586
23473
24626
22772
22494
22565
22636
23008
22745
22441
22011
22209
22413
22683
22643
22926
22545
22839
22926
22755
22327
22059
22556
22960
22435
22158
22666
22745
22681
22618
22593
22542
22887
22786
22827
22143
22062
22799
22749
22280
22373
22216
22717
23032
22641
22650
24333
22891
22834
22690
22710
22740
22952
22611
22095
21967
22190
22220
22139
22089
22054
22137
22489
22203
22069
21961
22034
22271
22190
22102
22130
22039
22288
22101
22052
22092
21985
22622
22673
22651
22593
22619
22975
22573
22327
22271
22728
22300
22409
22143
22033
25687
22685
22737
22324
22767
22967
22784
22724
22569
23102
22973
22920
22241
22140
22242
22471
22534
22721
23001
22826
22845
22744
22399
22999
22873
22757
23002
22729
22778
22554
22527
22228
22122
22193
22501
23171
23090
23043
22815
22732
23031
22598
22776
22588
25154
23145
22868
22713
22401
22884
22419
22160
22138
22045
22790
22656
22684
22538
22554
23014
22820
22758
22144
22057
23079
22580
22343
22614
22648
22826
23021
22702
22717
22781
22862
22709
22591
22540
22718
23297
22883
22743
22412
22363
23156
22846
23045
23091
25869
22856
22785
22738
22590
22651
23077
22550
22568
22609
22752
23085
22565
22054
21974
22233
22162
22105
22059
21964
22501
22664
22704
23235
22722
22921
22809
22407
22673
22590
22835
22747
22619
22597
22554
23193
22884
23415
22176
22275
22304
22247
22357
22630
24387
23525
22748
22708
22705
22593
23254
22587
22565
22638
22623
22712
22736
22623
22618
22512
22338
22065
22107
21994
22336
22845
22635
22716
22567
22347
22722
22634
22543
22524
22968
23137
22857
22677
22584
22998
22554
22382
22099
22053
22638
22832
23059
23088
22553
26418
22852
22719
22657
22740
23125
22905
22304
22210
22450
22685
22784
22704
22694
22784
22366
22025
22093
21987
22261
22813
22674
22534
22571
22342
22224
22150
22071
22635
22793
22683
22659
22593
22594
23055
22849
22593
22809
22601
22610
22866
22624
22654
22504
25287
22819
22687
22727
22623
22459
22400
22529
22274
22153
22566
22139
22178
22054
22091
22826
22647
22603
22608
22632
22637
22801
22611
22967
22932
22283
22290
22003
22030
22273
22545
22718
22595
22590
22962
22792
22632
22279
22193
22304
22665
22662
22625
22624
25937
22811
22716
22681
22602
22591
22372
22079
22011
22298
23094
22566
22227
22282
22056
22639
22779
22268
22046
21990
22188
22214
22121
22121
22341
22755
22512
21980
22095
21936
22677
22799
22600
22586
22759
23409
22920
22580
22175
22167
22366
22291
22323
22263
22701
24940
22532
22646
22312
22199
22953
22625
22195
22170
22283
22305
22398
22378
22341
22349
22860
22556
22297
22117
22146
22869
22183
22156
22241
22180
22449
22297
22177
22081
22189
22832
22849
22737
22635
23127
22635
22332
23250
22235
22258
23056
22764
22615
22750
26150
22939
22346
22615
22629
22590
22787
22812
22529
22556
22499
22196
22163
21991
22157
22786
22322
22162
22255
22064
22391
22898
22149
22227
22334
22510
22707
22666
22580
22518
22801
22643
22601
22537
22868
22899
22676
22662
23069
23292
22925
23103
23025
22664
24428
24218
22842
22632
22697
22626
22811
23065
22460
22169
22329
22333
22273
22162
22136
22724
22656
22204
22195
22430
22459
22759
22688
22649
22779
22704
22646
22861
22554
22570
22881
22905
22773
22572
22995
24055
22846
22494
22358
22063
22497
22858
22294
22258
23810
23266
22858
22844
22635
22363
22984
22888
22281
22084
22089
22631
22236
22161
22013
22360
22439
22124
22138
22037
22392
22596
22721
22628
22601
22688
22741
22359
22148
21978
22029
22679
22618
22644
22683
22764
23146
23073
23153
22836
22650
22718
22734
22566
22702
24731
22682
22710
22036
21996
22316
22734
22439
22077
21950
22181
22353
22668
22603
22602
22695
22551
22219
22025
21970
22314
22153
22100
22740
22070
22650
22685
22690
22569
22630
22653
22754
22426
21977
22501
22237
22137
22224
22054
22047
22634
22018
22058
22022
23515
23984
22692
22614
22525
22712
23161
23407
22566
22614
22611
22343
22108
22080
22013
22349
23056
22695
22141
23522
22413
22517
22207
22531
22698
22632
22742
22599
22317
22049
22472
22734
22385
22089
22167
22623
22739
22618
23046
22585
22366
22272
21998
22032
22801
23906
22748
22649
22535
22677
22960
22840
22897
22345
22079
22665
22246
22073
22103
21986
22545
22903
22025
22213
22854
22794
22844
22914
22731
22788
22885
22819
22811
22313
22176
22782
22647
22553
22166
22412
22447
22338
22276
22180
22150
22746
22657
22599
22533
26264
22966
22686
22665
22585
22659
22734
22900
22667
22617
22748
22979
22953
23057
22750
22855
22746
22365
22057
21999
22473
22757
22634
22905
22552
22766
22709
22565
22711
22643
22738
22660
22666
22744
23280
22746
22663
22124
22115
21972
22575
22694
22677
22579
25200
22796
22755
22669
22466
22336
22659
22116
22707
22408
22976
22792
22597
22087
22061
22632
22699
22659
22632
22507
22688
22688
22756
22638
22560
22766
22671
22265
22051
22083
22223
22791
22353
22632
23000
22302
22759
22295
22055
21973
22317
22452
22050
22052
23919
23911
22726
22624
22619
22599
22573
22772
22771
22734
22487
22379
22704
22756
22593
22588
22890
22757
22540
22165
22085
22488
22258
22233
22243
22076
22560
22755
22630
22596
22608
22871
22839
22562
22612
22221
22903
22750
22421
22064
21972
22403
22291
22176
24923
22522
22308
22248
22116
22009
22055
22731
22722
22771
22575
22750
22901
22302
22195
22495
22811
22944
22837
22566
22138
22352
22913
23068
22638
22515
22614
22673
22614
22020
22050
22328
22698
22684
22585
22916
22647
22686
23101
22524
22335
22394
22760
22646
22546
25639
22991
23461
23257
22773
22425
22709
22694
22551
22038
21973
22864
22683
22730
22645
22623
22881
22735
22693
22681
22748
22775
22773
22554
22662
22575
22701
22671
22120
22113
22278
22362
22427
22645
22511
22361
22548
22577
22711
22054
22504
22787
22770
22761
25731
22959
22706
22625
22617
22594
22824
22824
22518
22536
22588
22824
22319
22149
22229
22069
22253
22452
22115
22134
22605
22668
22412
22132
22218
22115
22629
22628
22668
22601
22508
22709
22841
22848
22906
22143
22901
22685
23163
23193
22851
23093
23175
22896
24821
23024
22702
22774
22517
22581
22624
22658
22731
22750
22794
22855
22924
22819
22244
22121
22454
22980
22691
22220
22242
22435
22931
23136
23082
22796
22631
22924
22740
22379
22038
22707
22709
22585
23031
22601
22915
22703
22666
22683
22504
22715
22767
24322
24151
22882
22757
22659
22279
22025
22182
22743
22352
22513
21994
22703
23096
23142
22750
22267
22294
22800
22598
22183
22117
22284
22647
22762
22332
22193
22876
22655
22684
22602
22569
22956
23312
22989
23002
22591
22622
23217
22802
22873
22441
22216
22527
22149
24554
22723
22461
22731
22645
22670
22604
22717
22652
22789
22802
22873
22549
22288
22229
22195
22113
22768
22710
22600
22556
22624
22731
22794
22723
22346
22369
22743
22708
22715
22567
22664
22900
22723
22740
22159
22287
22567
23311
22097
22160
22391
23277
23393
23041
24216
22732
22847
22777
22638
22178
22298
22195
21970
22519
22657
22161
22398
21989
22402
22667
22115
22174
22092
21993
22139
22654
22292
22078
22033
22126
22702
22715
22522
22528
22642
22453
22326
22734
22759
22762
22894
22856
22397
22150
22340
22649
22136
22142
23862
23963
22354
22072
22016
22044
22271
22295
22272
22007
23102
22808
22384
22019
22058
22566
22601
22793
22610
22153
22577
22304
22810
22112
22344
22617
22701
23039
23044
22929
22547
22756
22737
22812
23348
22898
22738
22831
22713
22687
22301
22570
22770
23099
24478
22944
22726
22765
22634
22569
22535
22785
22723
22431
22228
22103
22402
22485
22589
22551
22553
22855
22611
22626
22625
22240
22620
22834
22561
22568
22683
22649
22744
22610
22603
22867
22873
22162
22464
22138
23141
22947
22554
22345
22589
22410
22283
22091
22006
24509
22994
23091
23138
22637
22604
22713
22614
22614
22457
22120
22737
22670
22296
22591
22704
22800
22743
22582
22693
22633
22958
23182
22824
22613
22540
22717
22689
22761
22568
22529
22663
22758
22788
22065
22049
22449
22084
22198
22208
22087
22465
22235
22116
23948
23145
22833
22991
22771
22413
22418
22290
22192
22161
22666
22683
22430
22368
22415
22720
22685
22699
22758
22605
22257
22252
22699
22611
22027
22490
22652
22108
22289
22653
22641
22631
22758
22749
22773
22562
22369
22993
22366
21976
22068
22568
22224
22004
22453
24067
22646
22686
22594
22592
22790
23030
22792
22590
22711
22423
22579
22267
21990
22013
22240
22202
22093
22085
22148
22553
22824
22205
22163
22285
22509
22682
22659
22628
22591
22771
22669
22574
23917
23210
23748
23399
23451
23203
23166
23441
23690
23535
23322
26269
23047
22256
22244
22124
22305
22647
22199
22136
22259
22442
22288
22788
22613
22659
22982
22868
22570
22650
23141
22745
22930
23065
22654
22215
22483
22563
22145
22170
22188
22337
22326
22196
22855
22069
22304
22197
22137
22080
22246
22363
22836
22569
22599
24211
23291
22311
22553
22605
22532
22730
22745
22608
22584
22902
22880
22637
22589
22561
22598
23085
22848
22426
22032
22015
22673
22201
22074
21988
22203
22480
22660
22625
22642
22587
22781
22635
22905
22041
22005
22878
22718
22637
22593
22591
22892
22641
22592
22603
26100
23116
22473
22245
22411
22329
22341
22216
22092
22355
22881
22934
22812
22785
22617
22608
23076
22876
22684
22240
22542
22808
22404
22203
22113
22717
22942
22578
22246
22175
22731
22688
22814
22713
22690
22808
22745
22698
22581
22519
22740
22781
22546
25403
23036
22923
22682
22705
22554
22808
23000
23327
22604
23377
23514
23166
22496
22493
22614
22678
22799
22599
22578
22585
22811
23561
22771
22370
22145
22295
22319
22193
22213
22147
22506
22674
22861
22610
22520
22942
23251
22737
22248
22083
22729
22626
22146
25034
23121
22645
22734
22702
22609
22588
22758
22612
22857
22815
22923
22622
22685
22749
23067
22671
22843
23154
22688
22596
22778
23225
23047
23024
23060
23053
23035
22671
21983
22088
22302
22744
22952
22589
22909
23038
22950
22565
22023
22039
22118
22277
22013
22010
24200
22468
22699
22666
22587
22734
22810
23033
23040
22921
22869
22856
22660
22697
22627
22642
22316
22046
21965
22654
22502
22606
22216
22119
22128
22394
22338
22163
22226
22108
22448
22773
22844
22644
22723
23145
22864
22620
22148
22115
22686
22326
22242
22665
24057
22635
22670
22696
22610
22611
22737
22659
22639
22054
22017
22781
22785
22833
22773
22902
22802
22737
22584
22627
22643
22799
22873
22850
22821
22765
22720
22634
22622
22038
22639
22740
22466
22062
22142
22241
22697
22742
22465
22652
22720
22638
22719
22569
23963
22936
22828
22579
22689
22606
22625
22778
22530
22115
22011
22558
22372
22051
22565
22632
22743
22466
22244
22030
22050
22523
22708
22545
22611
22491
22500
22773
22314
22083
22058
22534
22498
22417
22089
22000
22368
22145
22077
22072
21945
22509
22526
22150
22825
23893
22689
22144
22054
22027
21988
22557
22454
22089
22023
22036
22822
22304
22167
22718
22788
22706
22607
22569
22653
22918
22717
22802
22740
22661
22931
22489
21990
22159
21963
22518
22712
22748
22034
22212
22369
22213
23031
22092
21989
22551
22701
22642
22740
23961
23223
22698
22199
22089
22463
22659
22061
22072
22038
22409
22884
22275
22597
22706
22817
22602
22094
22081
22000
22122
22110
22463
22902
22819
22915
23113
22975
22654
22572
22818
22765
22493
22580
22121
22303
22144
22084
22118
21963
22516
22714
22653
22508
25466
22832
23095
22927
22641
22088
22766
22543
22296
22095
22111
22583
22693
22792
22707
22806
22935
22710
22193
22175
22808
22846
22785
22690
22692
22880
23088
22589
22091
22044
22239
22803
22614
22941
22559
22739
22911
22866
22152
22146
22177
22251
22391
22133
23615
24416
22568
22689
22619
22711
23042
22543
22537
22108
22056
22386
22860
22376
22058
22655
22674
22629
22396
22484
22513
22397
22683
22633
22546
22564
22719
22729
22624
22377
22078
22079
22375
22448
22240
22026
22591
22703
22491
22589
22511
22616
22676
22658
22553
24073
23112
22694
22672
22573
22536
23037
22708
22548
22644
22612
22754
22777
22614
22580
22824
22643
22882
22815
22597
22756
22792
22675
22752
22700
22710
22785
22591
22688
22764
22744
23261
23062
22941
22307
22665
22819
22084
22083
21988
22568
22629
22444
22276
24412
23131
22240
22013
22144
21982
22574
22765
22945
22997
22874
23013
23057
22662
22079
22638
22717
22852
22811
22680
22723
22860
22675
22665
22582
22594
23077
22723
22766
22772
22667
22913
23111
23159
23400
23344
23406
23567
22733
23029
23062
22797
22808
25381
23412
23111
22712
22655
22564
22610
22778
22726
22476
22136
22290
22521
22817
22584
22411
22652
22672
22742
22284
22003
22146
22222
22029
22094
22027
22127
22650
21994
22153
22041
22034
22656
22828
22699
22535
22570
22621
22599
22489
21983
22052
22699
22685
22643
23996
22864
22851
22905
22646
22541
22586
22784
22613
22533
22693
22738
22900
23141
22185
23045
22461
22410
22274
22710
22177
22537
22667
22726
22751
22691
22697
23076
22714
22755
22472
22646
22675
22832
22655
22634
22886
22809
22616
22319
22149
22763
22906
22751
25532
23178
23210
22874
22484
22286
22982
23083
22359
22134
22133
22326
22780
23300
23069
23035
22306
22634
23182
23051
22941
22993
23156
22959
22534
22541
22912
23143
22656
22682
22508
22626
22972
22884
22634
22597
22776
22827
22629
22624
22609
22757
22595
22373
23689
22826
22678
22681
22647
22511
22669
22971
22809
22223
22169
22404
22860
22999
22154
22438
22199
22250
22446
22184
22395
22606
22623
22720
23199
23065
22999
22957
22715
22155
22174
22243
22443
22626
22173
22334
22443
22371
22235
22150
22056
22514
22834
22777
26858
22923
23496
23150
23108
22230
22367
23203
22897
22603
22616
22740
22993
22975
22014
22034
22375
22662
22691
22681
22556
22755
22710
22780
23123
22724
22975
23049
23064
23085
22754
22596
22875
23036
22727
22657
22571
23300
22182
22014
22024
22227
22183
22095
25100
22665
22688
22652
22645
22623
22549
22841
23065
22491
22179
22016
22570
22695
22374
22631
22487
22574
22673
22598
22683
22539
22814
22632
22230
22319
22683
22718
22621
22633
22557
22792
22691
22804
22744
22671
22376
22190
22166
22051
21984
22788
23167
22307
23463
22881
22782
22639
22659
22665
22537
22664
22728
22637
22546
22727
22657
22793
22784
22608
23038
22983
22636
22579
23293
22722
23015
22729
22195
22627
22826
22996
22806
22707
22628
22776
22712
23395
22759
23009
22846
22405
22157
22073
22096
22683
22387
22078
24203
23170
22696
22480
22845
22667
22599
22839
22828
22485
22045
22239
22735
22736
22881
22608
22766
22846
22513
22127
22112
22221
22757
22713
22605
22605
22636
22298
22272
22386
22610
22854
22763
22828
22642
22572
22970
22782
22757
22255
22019
22429
22807
22587
23384
24156
22931
22910
22811
22375
22111
22970
22631
22684
22763
23240
22797
22300
22421
22511
22370
22371
22057
22076
22030
22499
22252
22106
22062
22242
22691
23094
23038
22969
22568
22843
22639
22824
22724
22590
22682
22886
23317
23022
22707
23171
23158
22543
22014
23959
22630
22417
22842
22699
22477
22353
22210
22112
22099
22811
23190
22789
22286
22932
22797
22755
23316
23215
22435
22429
22289
22252
22142
22204
22870
22704
22346
22086
22061
22662
22719
22770
22625
22705
22537
22424
22428
22886
22346
23124
22669
22649
22544
24520
22704
22542
22542
22658
22880
22738
22574
22038
22109
22168
22265
22107
22011
22218
22254
22494
22425
22969
22290
22426
23769
23597
22837
22574
22627
22685
22653
22591
22791
22712
22795
22689
22717
22603
22509
22693
22455
22315
22352
22706
22664
22643
22658
24104
22944
22742
22656
23317
22831
22861
22873
22584
22101
22222
22753
22687
22719
22556
22937
22553
22072
22780
22622
23016
22964
22733
22810
23164
22844
22736
22670
22321
22043
22149
22627
22792
22787
22573
22784
22764
22639
22636
22557
22716
22768
22787
22872
25189
22798
22409
22640
22615
22548
22702
22666
22393
22084
22019
22254
22163
22055
22091
22694
22363
22616
22639
22155
22183
22544
22519
22071
22116
22054
22471
22739
22311
22101
21967
22252
22186
22369
22068
21992
22127
22317
22041
22046
22031
22496
22670
22605
24571
23447
23225
22843
22750
22601
22583
22948
22802
22789
22168
23262
23817
22838
22666
22735
23022
23034
22391
22153
22194
22640
22903
23089
22231
22332
22892
22747
22463
22264
22130
22248
22486
22787
22236
22158
22374
22360
22358
22126
22143
22436
23294
23343
22175
25311
22977
22846
23137
23099
22700
22838
23033
23313
23299
22892
22879
22643
22656
22703
22841
23010
22669
22658
22660
22649
22948
22771
22498
22099
22356
22643
22120
22189
21992
22061
22734
23253
22718
22513
22663
22813
22651
23241
22078
22128
22083
22194
22025
23811
22967
22663
22582
22765
22858
22951
22575
22477
22611
22611
22715
22845
22557
22613
23251
22720
22757
22722
22691
22168
22413
22490
22255
22262
22190
22719
22686
22753
22852
22633
22700
22988
22618
22663
22642
23251
23602
22895
22666
22503
22799
22718
23612
23598
23177
23548
23459
22947
22946
22638
22687
22760
22692
22614
22842
22890
22798
22255
22388
22664
22789
22807
23069
23178
22703
22909
22591
22658
22716
22524
22496
22131
22034
22267
22943
23088
22266
22137
22408
22853
22929
22695
22688
22711
22698
22619
22597
25854
22923
22735
22682
22588
22612
22753
22683
22658
22604
22668
22923
22708
22290
22078
22237
22752
22714
22790
22572
22792
22881
22559
22686
22564
22716
22646
22508
22591
21957
22620
22678
22935
22596
22830
22751
22728
22455
21992
22012
22582
22103
22091
22095
24384
22949
22908
23069
23168
23345
22971
22751
22337
22088
22741
22437
22164
22579
22278
22773
22817
22720
22555
22226
22876
22837
22664
22147
22114
22825
22704
22904
22544
22520
22676
22681
22834
22625
22626
23120
22851
22818
22586
22676
22865
22642
22544
22623
25429
23376
23719
23226
23019
22783
22611
22132
22187
22167
22547
22744
22662
22647
22503
22806
22852
22537
22236
22141
22551
22677
22763
22715
22365
22743
22884
22466
22465
22568
22442
22272
22454
22318
22076
22759
22700
22707
22606
23642
23537
22669
22686
22629
24325
22875
22748
22556
22599
22613
22806
22727
22621
22637
22652
22735
22746
22638
22408
22274
22148
22328
22409
22739
22855
23036
22643
22575
22608
22645
22815
22636
22573
22783
23031
23085
22996
22692
22617
22441
22344
22123
22008
22215
22852
22774
22511
23152
24749
22852
22763
23413
22714
22979
22903
22695
22643
22596
22703
23322
23439
23281
23561
23318
24233
23042
22929
22466
22505
22704
22161
22179
22098
22525
22869
22984
23111
23041
23034
23498
23228
22843
22555
22867
22901
22779
22134
22076
22714
24618
22570
25750
23557
23251
22823
22566
22994
23133
22704
22622
22597
22620
22637
22698
22632
22607
22526
22748
23022
22949
22313
22424
22446
22955
22922
22810
23044
22808
22979
22830
22812
22680
22819
22763
23181
23146
23372
23293
23582
23364
23402
22899
23161
23116
22541
24140
22888
22945
22785
22650
24693
23714
23660
22031
22144
23098
22725
22745
24127
22630
22360
22690
22823
22566
22084
22230
22718
22745
22608
22679
22891
22753
22384
22107
22144
22001
22723
22817
22419
22016
22141
22749
22754
22772
22263
22217
22831
22193
22389
23548
23117
23057
22623
23034
22784
22717
22637
22818
22585
22721
23275
23153
22613
22588
22957
23123
23008
22442
22168
22368
22610
22807
22599
22634
22591
22627
22931
22751
22618
22387
22616
22927
22798
22575
22637
23209
22698
22590
23188
22120
23046
22693
22643
25244
23334
22875
22656
22617
22697
22923
22423
22279
22291
22298
22511
22283
22204
22177
22107
22336
22161
22582
22658
22549
22700
22700
22406
22007
21971
22323
22157
22600
22619
22631
22475
22878
23294
23162
23544
22860
22538
22639
22646
22699
22847
22637
23746
24764
22850
23085
22758
22758
22015
22048
22180
22073
21934
21980
22426
22433
22115
21984
21968
22115
22249
22132
22003
22031
22333
22238
22038
21995
21982
21941
22218
22042
22010
22023
22083
22094
22312
21981
22206
22328
22106
22114
21943
21934
22155
22205
22019
21964
24708
22515
22365
21977
21934
22377
22457
22224
21984
21902
21983
22721
22631
22302
22129
22093
22315
22147
22050
22141
21967
22408
22239
22070
21982
21960
22129
22239
22027
22063
21991
22191
22109
22315
22022
21992
22228
22217
22016
22240
22020
22097
22230
22029
21976
24136
22694
22021
21911
21919
22032
22260
22014
21999
21944
22023
22107
22183
21984
22091
22203
22287
22191
22160
22189
22009
22282
22168
22015
21949
22055
22080
22243
22007
21975
22091
22154
22295
22217
22088
22012
22329
22083
22058
21945
22009
22110
22199
22003
21991
24107
22354
22013
22025
21863
21867
22313
21920
22046
21868
22003
22186
22112
22031
22007
21955
22256
22066
22014
22272
22174
22278
22619
22012
22017
21940
22066
22719
22031
22023
21960
22129
22128
22046
22391
21984
22318
22816
22444
25348
22921
23381
22515
22202
22069
26357
22145
22100
21887
21855
22144
22380
22118
22043
21965
22017
22184
22057
22015
21959
21884
22444
22153
22087
23052
22277
22155
22451
22248
22035
22021
22208
22205
22023
21976
21913
22095
22078
22522
22443
21961
22228
22149
22115
22022
21969
22166
22188
21983
21961
23800
22414
22092
22104
21940
21955
22259
22117
22078
22046
21968
22206
22187
22025
21964
21955
22406
22177
22014
22174
21916
22100
23002
22036
22110
22023
22223
22143
21949
22059
21972
22232
22284
22493
22260
22275
22594
22522
22060
22111
22003
21989
22246
21956
22035
24163
22963
22085
22157
22002
21964
22152
22162
22031
22011
21989
22011
22285
22014
21963
22049
22191
22274
22303
21933
22144
22115
22271
22094
22024
21976
22274
22811
22699
22210
22142
22034
22093
22382
22123
22054
22372
22112
22053
22011
21993
22040
22216
22002
22561
24311
22439
22106
22170
21983
21947
22397
22122
22482
22047
22006
22090
22325
22097
21994
21996
22390
22200
22139
22047
22159
22062
22250
22260
22048
21953
22010
22248
21974
22045
22122
22325
22218
22395
22153
22037
22097
22239
22169
22116
22045
21889
22344
22077
22049
24280
22764
22186
22132
22049
21936
21938
22328
22582
22369
22154
22011
22247
22085
22010
21996
22037
22691
22551
22003
22115
22025
22249
22353
22001
22003
21934
22173
22072
22055
22026
21970
22156
22382
22309
22020
22134
22057
22183
22540
24475
23071
22478
22537
22516
24757
22641
22788
21892
22003
21987
22038
22114
22204
21998
22023
22167
22350
22127
22102
22035
22122
22149
22179
22130
22391
22070
22384
22414
21998
21920
21916
22256
22162
22058
22060
21905
22000
22521
22065
21975
22277
22170
22195
22130
22074
21942
22196
22182
22016
24731
22643
22727
22288
22142
22145
22194
22584
22486
22019
22086
21994
22195
22139
22135
22205
22014
22079
22150
22010
22206
22356
22614
22200
21913
21850
21976
22102
22178
22001
22079
22485
22722
22862
22522
22689
22411
22074
22565
22171
22131
22020
22097
22098
22297
23967
22235
22383
22184
22154
22065
22042
22228
22353
22041
22022
22098
22212
22137
22077
22004
22114
22143
22142
22106
22078
22084
22644
22776
22321
22023
22104
22160
22097
22033
22114
21963
22185
22250
22127
22121
22029
22159
22194
21999
22054
22263
22448
22112
22049
23762
22980
22792
22242
21956
22023
22423
22629
22144
22022
22022
22005
22225
22072
22067
21967
22054
22285
22010
22040
22182
22198
22299
22165
22224
21982
21974
22249
22088
22058
22011
21972
22183
22609
22006
22179
22080
22216
22201
22047
22129
21922
22154
22054
22218
23831
23150
22565
22128
22024
22068
21955
22296
22127
22019
22044
21971
22178
22114
22053
22034
22174
22770
22684
22212
22507
22440
22645
22400
22132
22073
22021
22136
22107
22362
22169
22055
22125
22319
22042
22050
22046
22291
22613
22225
22063
23248
22086
22147
22101
22526
24269
22807
22171
21836
21968
22003
22089
22291
22030
22032
22015
22117
22203
22049
22065
22097
22494
22266
22002
22042
22233
22304
22221
22206
22018
22318
22072
22205
22264
22015
22020
22106
22820
22428
22212
22093
21992
22327
22084
21991
22048
22057
22063
22221
21973
24702
22752
22161
22078
22076
22087
22056
22142
21979
21994
22071
22091
22037
22043
21965
22200
22304
21948
22073
21957
21963
22896
22125
22210
21989
21972
22155
22124
22135
22042
21964
22139
22355
22030
22060
21990
22177
22099
22068
22027
21936
22147
22097
22064
23062
23762
22911
22319
21850
21928
22341
22586
22485
22048
21959
21872
22024
21942
21858
22027
22366
22771
22612
22199
22062
21967
22777
22118
21983
22243
21993
22141
22066
22044
22118
22074
22558
22267
22066
22051
22056
22147
22211
22057
22079
21936
22067
22076
22093
22266
24483
22662
22410
22027
22047
21928
22130
22726
22648
22375
22038
22262
22065
22029
22049
22201
22673
22545
22037
22093
21977
22195
22189
22074
22166
21974
22454
22753
22493
22012
21936
22070
22490
22584
22655
21984
22066
22265
21984
22046
21958
22102
22137
22017
22154
23871
22827
22271
21906
21928
22034
22058
22154
21982
22054
22148
22433
22554
22457
22047
22188
22088
22079
22015
22057
21958
22448
22811
22640
22430
22031
22016
22145
22176
21976
22035
22115
22620
22034
22043
22245
22202
22322
22108
21979
23273
22046
22051
22251
24470
22708
22661
22143
22054
22145
22542
22599
22378
22003
22044
21968
22070
22186
22107
22040
22130
22070
22109
22087
22014
22001
22424
22642
22384
22268
21987
22047
22276
22219
21971
22046
22012
22432
22169
22070
22071
22069
22356
22176
22065
22015
22144
22024
22208
24052
23135
22376
22067
22131
22266
22526
22749
22333
22078
21979
21979
22118
22172
22022
21997
22220
22258
22135
22194
22033
22008
22880
22107
22061
22272
22044
22031
22154
22058
22069
21985
21990
22508
22094
22150
22025
22018
22190
22083
22119
22169
22182
22136
22110
22017
24562
22068
22228
22196
22088
22110
22159
22621
22062
22184
21961
21983
22171
22108
21972
22094
21945
22193
22323
22558
22484
22074
22707
22419
22207
22213
21963
22158
22171
22028
22024
21955
22790
25017
22192
22003
21968
22192
22123
22110
22032
21940
22363
22682
24499
22355
22210
22109
22108
22027
21984
21954
22129
22057
22047
22011
22188
22526
22334
22237
22032
21916
22128
22089
22036
22012
22126
22882
22611
22430
21963
21942
22635
22776
22604
22088
21923
22399
22098
22126
22007
21974
22249
22130
22011
22015
21917
22181
22073
23943
22277
22066
22194
22140
21957
22169
22182
22153
22103
22040
22071
21984
22128
22065
21971
22653
22532
22620
22198
22072
22044
22045
22555
22765
22438
22199
21894
22075
22195
22001
22078
21915
22649
22799
22589
22128
22000
22175
22088
22083
23275
21972
22084
22213
24544
22611
22496
22221
21974
21990
22539
22537
22360
22252
21999
22020
21967
22202
22329
22054
22686
22497
22441
23369
22061
22186
21955
22726
22711
22619
22249
22074
22605
22607
22711
21996
22112
22591
22556
22731
22350
21941
22253
22120
22026
21963
21923
22239
22128
24470
22659
22698
22146
22127
22120
22662
22441
22242
22701
22301
22394
21940
22060
22363
22546
22393
22182
22249
22143
22108
22197
22619
22330
21994
21938
22089
21866
22034
22095
21942
22173
22456
22219
22149
22131
22041
21914
22150
22613
22547
22301
21972
21958
23843
22878
22281
22181
21957
21995
21952
21876
21852
21973
22283
22567
22556
22014
22028
22593
22250
22029
21962
22198
22224
22056
22073
21936
22566
22720
22635
22186
22002
22399
22786
22594
22169
23106
22126
22166
22091
22075
21918
22181
22116
22032
22096
22030
22042
23054
23505
22760
22408
22165
22268
22079
22030
22238
22651
22722
22113
22471
22663
22696
22573
22322
22691
22529
22200
22302
22071
22125
21996
22484
22232
22140
22234
21965
22083
22253
22039
21989
22309
22032
22353
22267
22539
22095
22096
22033
22162
21986
22178
22103
22069
24013
22744
22201
21911
22200
22113
21972
22441
21867
21941
22032
21880
21895
22241
22574
22575
21924
21893
21974
22017
21959
21942
21917
22256
22682
22714
22513
22004
22110
22115
22121
22021
23504
25369
22223
22037
22061
22107
22340
22654
22662
23356
22090
22078
24838
22111
21962
21885
22039
22207
22568
22554
22008
22049
22255
22006
22022
22012
22115
22114
22138
22030
22077
22180
22171
21984
22117
22004
22354
22776
22545
22200
22057
22066
22100
22239
21984
22297
22500
22857
22573
22066
21950
22042
22281
22036
22032
22200
23022
25887
22811
22994
23391
22024
22048
22230
22158
22468
22360
22102
21873
21972
21793
21902
22151
22001
21886
21917
22087
22251
22196
22046
22571
22498
22743
22571
22373
22027
22142
22243
22034
22202
22467
22033
22214
22251
22011
22078
22159
22105
22063
22047
22117
22636
24486
22048
21984
22004
21885
22083
22326
22007
21991
22348
22639
22491
22038
21963
22013
22272
22285
22129
22189
22039
21998
22197
21996
22061
22449
22597
22681
22261
22035
22040
22210
22051
22360
22471
22083
22127
22375
22010
22023
22238
22509
22535
22095
21978
22053
23670
22346
22332
22154
22011
21981
21985
21880
21863
21880
22063
22108
22079
21966
21998
22199
22184
22047
21987
22028
22212
22059
22121
21950
21974
22844
22519
22661
21851
21856
22215
22166
22203
23065
22156
22140
22104
22038
22003
21945
22172
22132
22084
22045
21918
25729
22513
22295
21895
22111
22169
22120
22064
21968
21965
22241
22100
22085
22007
21993
22153
22186
22048
21985
22014
22209
22106
22098
21995
21950
22848
22641
22856
22129
22143
22183
22152
22091
22259
21903
22205
22259
22087
22032
21946
22152
22150
23456
22002
21956
25882
22519
22228
21825
21849
22203
22196
22230
22007
22082
22180
22100
22030
22084
21979
22205
22168
21994
22074
22324
22743
22693
21994
22069
22088
22291
22051
22053
22334
22015
22278
22100
22308
22738
22303
22329
22416
22022
22045
22081
22157
22008
22008
21965
22007
24299
22541
22309
21888
21909
22137
22088
22022
21971
22501
22558
22625
22144
21979
21979
22181
22007
22474
22556
22404
22188
22111
22002
22652
22147
22625
22714
22296
22259
22171
22083
22022
22207
22181
22128
22256
22051
21953
22010
22080
22074
22018
21987
21962
22109
24537
22106
22006
21965
21979
22020
22041
21947
21984
22187
22068
22065
22169
22026
22103
22088
22012
22145
21947
22105
22103
22130
22008
21967
22132
22215
21981
22054
22132
22360
22666
22419
22228
25469
23179
22141
22076
22155
22159
22110
21979
21963
21953
22267
24335
24087
22678
22378
22033
22055
22063
22051
21967
22117
22145
22024
22056
22009
22025
22285
22089
22105
22206
22152
22068
22081
22089
22062
22121
22122
22205
22015
21973
22153
22236
22048
22000
22605
22032
22148
22262
22041
22054
22125
22139
22051
22011
22066
22215
22040
24074
22687
22464
22029
22042
22219
21985
22162
22109
22119
22077
22065
22018
22066
22206
22072
22026
22589
22664
22478
22393
22100
21943
22102
22173
22236
22534
22368
22390
22860
22596
22331
22346
22300
22476
22229
22014
21982
22162
22081
22006
22090
23258
22000
22157
24490
22096
22081
22108
22126
22207
21998
22033
22098
22081
22126
22159
21989
21997
22254
22001
22004
22079
21977
22102
22235
22145
21992
22009
22689
22558
22381
21983
21977
22728
22509
22489
22271
22264
22127
22082
22082
21999
22067
22130
21953
22072
21973
21991
24063
23261
22356
22289
21971
22047
21941
21889
21995
22603
22569
22068
21882
21954
21867
22265
22075
21986
22419
22551
22545
22087
22084
22197
23197
22610
22350
22173
22094
22052
22373
21969
22017
22407
22079
22301
22001
22038
22031
22213
22046
21964
22016
22098
22080
22098
24172
22450
22434
22518
22571
22291
21957
22213
21978
21902
21855
21880
21992
22109
22254
22010
21973
22130
22735
22669
22523
22069
22021
22114
22050
22888
22357
22103
22079
22354
22068
22007
22209
22283
22410
22458
22119
21964
22340
22073
22074
21973
21945
22142
24051
22214
22101
21889
22001
22043
22602
21967
21991
22274
22760
23025
22916
22948
23675
22748
22543
22884
23491
23311
24198
23790
23172
23039
23318
22714
23449
22999
23772
23175
22781
22601
23474
22998
23093
23063
23533
23508
22375
22250
23069
23644
23920
25603
26609
23696
24043
23278
22907
22825
22757
22923
22603
22504
22680
22001
22800
23705
23158
23471
23527
22768
22365
22105
22105
22949
22531
22170
22100
21979
22323
22621
22474
22334
22107
21961
25014
22184
22049
26945
23365
24742
23828
24009
23713
24473
23465
25934
23452
22509
22337
22496
22546
22158
22142
21993
22798
22563
22497
22298
22376
22433
22289
21947
21934
22188
23192
21973
22310
22548
22216
22152
22039
22081
22397
22079
22200
22410
22270
22550
22916
22681
22527
22661
22167
22142
22064
22081
22257
22462
22503
22570
24809
22320
22189
22124
22127
22290
22134
22125
22363
22653
22588
22350
22041
22034
21993
22054
22107
22160
22218
21979
21927
22200
22070
22566
22023
21973
22273
22159
22041
22011
22219
22174
22291
22027
21972
22029
22165
22131
21997
22014
21922
22039
22182
21983
23314
23310
22661
22213
21874
21941
21945
22252
22137
22085
22043
21973
22046
22670
22612
22490
21943
22046
22272
21995
22515
22571
22696
22109
22054
22008
21931
22125
22259
22007
22049
22124
22058
22336
22104
21953
22080
22128
22278
22081
22029
21975
21987
22176
21989
21982
24467
22813
22815
21909
21834
21952
21954
22050
21958
21943
22524
23041
22876
22427
22007
21975
21976
22189
22243
21999
24384
24142
24619
24094
23778
21979
24160
27209
23937
22596
22813
23405
22835
22775
23121
23062
23127
23168
23029
22922
23018
22742
22630
22722
24614
22914
22755
22523
22594
22588
22783
22593
22713
22563
22738
22819
23082
22667
23101
23124
22859
22586
22719
22556
22839
22682
22665
22616
22519
23346
22644
22976
22619
22643
22662
23059
23192
23066
23163
23095
23117
22894
22576
22722
22683
23009
22653
24415
22811
22729
22664
22591
22531
23000
23045
22585
22605
22615
22606
22809
22630
22641
22603
22702
22712
22680
22547
22682
22787
22640
22600
22573
22557
22714
22655
23011
22702
22550
22944
23065
22609
22567
22751
22741
22572
22637
22559
22719
22688
22860
22578
25122
22816
22809
22634
22490
22599
23220
23058
22611
22562
22706
23150
23132
22633
22592
22564
22685
22802
22560
22758
23461
23089
22680
22551
23197
22813
22642
22589
22735
22650
22695
23114
23234
22887
22808
22726
22622
22649
22557
22729
22708
22561
22720
22517
25842
22914
23100
23074
22960
22744
22667
22651
22599
22553
22751
22782
22659
23045
23043
22724
24451
23057
22608
22784
22707
22699
22581
22547
22911
23092
23149
22687
23006
22845
22921
23079
23166
22896
22788
23406
23065
23068
22543
22714
22694
22641
22539
22563
27619
23121
22857
22616
22575
22692
22704
22578
22578
23135
23100
23321
22640
22579
22751
22702
22841
23104
22895
22714
23027
22589
22543
22555
22764
22692
22968
22882
23112
23201
23126
24327
23681
22735
22630
22978
23046
22822
22686
22660
22596
22631
22545
26073
23131
22757
22696
22614
22945
23137
22758
22793
22532
22804
22778
22580
22632
22568
22744
22639
22622
22590
22592
23033
22752
22700
22769
23035
23193
22618
23060
23178
23092
23138
22765
22823
22642
22920
23055
22835
22615
22593
22693
22743
22601
22707
23077
23653
22747
22718
22580
22516
22800
22668
22581
22605
22517
22937
23230
22798
22663
22662
23039
23119
22812
22594
22548
22946
22680
22669
22614
22559
22844
23065
22997
22958
23070
23139
22835
22775
22774
22945
23135
22376
22268
22656
22596
22603
22797
23846
24698
23511
22795
22626
22669
22823
22879
22702
22534
22646
22569
22897
22758
22574
22639
22816
22713
22447
22053
22638
22573
22821
22802
22610
22630
23040
22805
22761
22617
22682
23005
23022
23196
22728
22607
22772
23195
23071
22723
22565
22599
22812
22572
22579
24589
24145
22958
22632
22615
22718
22931
22753
22572
22572
22539
22791
23096
22595
22618
22466
22804
22651
22703
22539
22591
22934
22739
22605
22913
23145
22993
22691
22573
23042
22997
22954
23250
22916
23001
23092
23094
23079
22751
22553
22689
22951
22757
22710
24941
23264
22725
22571
22631
22880
23138
23031
22605
22575
22656
22704
22669
22695
22531
22795
22718
22605
22588
22544
22708
23557
23068
22745
22550
22623
22799
22576
22788
22728
22780
22767
22848
22667
22717
22836
22588
22714
22547
23070
23135
23608
22631
22567
26284
22603
22737
22596
22655
22850
22790
22548
22564
23116
23065
22772
22603
22612
22722
22650
22611
22669
22556
22813
23293
22620
22608
22620
22570
22899
23011
23071
22753
22970
22782
22575
23175
23062
22894
22735
22586
22658
22552
22762
22656
22703
23445
22532
26413
23069
22757
22595
22616
23224
22894
22832
22690
22956
23122
22625
22606
22650
22565
22689
22630
22573
22648
22675
22767
22756
22600
22495
22716
22854
22788
22840
22570
22778
22497
22705
22732
22593
22851
22745
22669
22581
22515
22746
22741
22577
22562
24019
24709
23271
22869
22531
22756
22976
22890
22627
22233
22713
22726
22756
23071
23030
22772
22785
22615
22859
23057
23063
22904
22676
22519
22614
22808
22644
22618
22639
22552
22928
23126
23888
22576
22524
23185
23085
23022
23104
22951
22895
22558
22608
22570
25567
22842
22656
22621
22700
22647
22642
22797
22615
22592
22593
22721
22776
22567
22553
22674
22727
22592
22546
22650
22861
23024
22791
23070
23000
23039
23164
22900
22589
22658
23107
23102
22966
22620
22552
23218
23060
22780
22561
22576
22728
22629
22640
22600
25480
22850
22712
22594
22567
22677
22829
22606
22577
22633
22585
22747
22646
22604
22634
22824
23067
23073
22567
22509
23065
23136
23067
22926
22534
22814
22785
22784
22644
23136
23221
23092
22894
22581
22623
23141
23126
22623
22624
22573
22674
22740
22584
22619
24829
22780
23104
23039
23044
23211
23072
22637
22637
22789
22606
22917
22591
22618
22563
22566
22811
22573
22645
22657
22784
22972
23079
23042
22653
22655
22645
22614
22535
22651
23208
23107
23117
22605
22758
23192
23041
22765
22543
22606
22652
22766
23292
24295
23866
23034
23109
22915
22626
23026
23077
22893
22910
23037
22812
22729
22586
22645
22523
23132
23070
23076
23379
23125
22859
22653
23190
23048
22691
22343
22637
22381
22628
22854
23316
23318
22794
22672
22861
23123
23081
22564
22567
22744
22733
22609
22660
23357
23263
23145
23107
23072
22937
23087
23050
22524
22559
22941
23108
22907
22665
22699
22732
22619
22582
22670
22507
22783
23165
23061
22724
22572
22838
22667
22620
22636
22572
22960
23387
23293
22722
22644
23240
23612
22797
22683
22767
22660
22653
22664
22579
24435
22826
22684
22626
22548
22869
23188
23025
22623
22576
22558
22811
23079
23065
22653
23001
23059
22862
22618
22527
23097
23125
23431
23046
22664
22794
22636
22664
22570
22269
22850
22628
23179
22761
22701
22678
22759
22616
22568
22657
22674
22681
22608
22598
24488
22930
22798
23057
23028
23067
23045
22923
22689
23030
23130
22901
22608
22690
22538
22748
22756
22614
22604
22562
22831
22845
22578
22572
22597
22781
22991
23089
22959
22608
23164
23035
22700
22721
22801
23180
23023
22683
22595
22551
22678
22694
22569
24366
24167
23002
23119
23027
22793
23026
23080
22858
22725
23060
23144
22690
22647
22540
22598
22733
22638
22620
22651
22485
22984
23156
23107
22804
22702
22704
22699
22572
22662
22617
22939
24060
22884
22835
22849
23060
23009
22612
22543
22682
23154
23020
23368
25084
23091
23056
23067
22663
22540
23229
23111
22797
22617
22597
22723
22776
22638
22930
23093
22710
22729
22586
22555
22857
22723
22636
22630
22593
22612
22796
22660
22629
22660
22620
22923
23148
22842
22915
22601
22688
22742
22659
22587
22676
22598
22440
21989
24266
22909
22644
22670
22615
22883
22902
22651
22596
22631
22536
22722
22761
22632
23068
23059
22780
22683
22595
22570
22604
22651
22342
22606
22619
22712
22868
22625
22611
22552
22630
23092
23019
22566
22788
22879
23181
23096
22600
22541
22761
23054
23078
22579
26012
22877
22757
22628
22592
22501
22969
23065
22619
22613
22527
22747
22683
22544
22660
22511
23080
23073
22837
22520
22616
22795
22709
22645
22612
22689
22711
22654
22682
22637
22560
22976
23034
22568
22658
22764
23172
22579
22587
22686
22553
22679
22757
22586
24422
22965
22958
23096
22850
22610
22743
22842
23060
23039
22646
22808
22719
22634
22546
22584
23057
23137
23164
22674
22597
22833
22745
22665
22962
23015
22737
22768
22620
22598
22662
23061
22702
22659
22866
23061
22938
22569
22666
22581
22670
22771
22443
24286
22750
22858
23234
23074
22554
23060
22889
22894
22592
22601
22651
22746
22831
23064
23021
22679
22682
22686
22846
22566
22554
23010
22693
22895
23145
23015
22833
22520
22689
22530
22570
23794
23189
22888
22970
23233
22945
23393
22644
22805
22625
22534
23257
24983
23161
22997
23120
23079
22662
23054
23393
23056
23109
23027
22836
22790
23162
23089
22646
22543
22708
22699
22654
22871
22755
22702
22758
22648
23013
23072
22669
22669
22790
23078
23208
23288
23023
22821
23088
23178
22731
22649
22619
22716
23102
23150
22563
24128
22870
23058
23037
22807
22850
22642
22295
22054
22525
22588
22738
22760
22585
22725
22533
22643
22721
22284
22064
22290
22771
22654
22640
22573
23084
22734
22708
22773
22613
22543
22786
23211
23106
22944
22799
23216
23041
22739
22557
22622
22619
22750
22348
24048
22903
22728
22617
22613
22872
22788
22543
22661
22514
22702
23151
23040
22764
22624
22604
22702
22726
22541
22663
22637
22676
22738
22266
22574
22671
22676
22640
22881
23076
23166
23097
24419
23073
22790
22794
22691
22638
22619
22542
22771
22733
22578
22554
24434
22983
23121
23028
22913
22848
23052
23039
22581
22520
22929
23073
23055
22689
22556
22586
22779
22637
22604
22532
22888
22829
22370
21993
22174
22718
22736
22837
22633
22696
22822
22910
23030
22776
22560
23118
23144
23123
23057
22792
22769
22731
22619
25445
22805
23011
23116
23005
23082
22621
22642
22678
22653
22606
22742
22738
22694
22581
22558
22727
22702
22542
22612
22572
22982
23263
23047
23043
22714
22634
22695
22661
22609
22580
22755
22954
22854
22599
22682
22704
22908
23060
23024
22992
23138
23049
22728
24690
23034
23034
22674
22652
22578
22854
22856
22584
22599
22557
22778
22764
22627
22638
22561
22663
22676
22659
22580
22527
22967
23249
22758
22644
22872
22871
22730
23051
23065
22516
22723
22898
22822
22600
22598
23185
23150
22712
22594
22673
23074
23066
22665
24202
23434
23118
22923
22625
23032
23193
23075
23064
23038
23038
22807
22769
22596
22560
22570
23028
23102
22836
22644
22578
22832
22760
22609
22985
22580
22952
22689
22626
22667
22623
22832
22700
23211
23245
23009
23029
22746
22854
22584
22440
22393
22606
22435
25607
22716
23714
23079
23021
22633
23101
23088
22888
22636
22523
22754
22882
22702
22562
22474
22917
23033
22238
21973
22038
22250
22551
22625
22603
22641
22687
22693
22677
22588
22699
23119
23243
22994
22958
23004
22762
22628
22824
23087
22947
22766
22598
22561
25474
23052
22969
22571
22618
22614
22662
23043
23040
22630
22521
22740
22755
22596
22587
22520
23205
23095
22925
22573
22620
22957
22633
22614
22887
22960
22670
22747
22505
22638
22627
22934
22869
23042
23089
23045
23089
23111
22570
22608
22840
22608
22564
25530
22819
23062
23061
23020
22576
22787
23128
23000
22585
22652
22715
22918
23066
23005
22528
22663
22707
22670
22559
22531
22781
22730
22614
22579
22976
22696
22752
22572
22640
22527
22689
22835
22837
22693
23169
22655
22694
22764
22864
22874
22665
22550
22666
25662
22703
23104
23073
22932
22550
22587
23053
22588
22990
23022
23000
22837
22577
22593
22694
23128
23133
22909
23041
22960
23244
23066
23066
23028
22891
22702
22594
22619
22593
22878
22743
23293
22871
22627
22966
23186
22616
22613
22674
22680
22717
22832
23081
25629
23056
22818
22550
22547
22647
22787
22787
22734
22574
22553
22877
22558
22630
22624
22730
22633
22709
22588
22531
22783
22894
22974
22548
22533
22785
23149
22635
22648
22575
22778
22707
22744
22827
22628
22731
22899
22592
22636
22708
22835
22764
22581
22580
25941
22912
23118
23024
22805
22705
22770
22661
22991
22671
22674
22948
23021
23072
22576
22910
22772
22577
22590
22575
22704
22748
22588
22590
22481
22783
22745
22741
22575
22659
22755
23018
22679
22824
22730
22826
22723
22652
22640
22947
22657
22760
22562
22877
24511
22946
23110
23030
22865
22851
22521
22349
22584
22546
22804
22741
22568
22677
22571
22659
22729
22545
22697
22531
22767
22861
22624
22545
22564
22864
22712
22624
22549
22656
22700
22909
22611
22896
22762
23149
22755
22627
22534
22854
22813
22996
22537
24658
24165
23115
23133
23053
22836
22704
22711
22629
22206
22605
23012
23098
22800
22615
22506
22719
22718
22550
22618
22572
22914
22674
22609
22588
22655
22648
22663
22589
22549
22714
22612
23002
22584
22697
23240
22668
22945
22633
22625
22683
22690
22592
22548
25870
22865
22739
22599
22582
22723
22600
22797
22572
22598
22663
22649
22619
22600
22516
22728
23166
22595
22627
22526
22633
22901
23060
23038
22779
22985
23100
22935
22559
22599
22737
22759
22860
22603
22883
22875
23086
22884
22816
23101
22791
22642
22548
22580
25906
22812
22604
22616
22679
22584
22633
23185
22573
22583
22658
22726
22647
22541
22588
22722
22673
22795
23046
22933
22763
22827
22741
22651
22581
22889
22759
23063
22690
22602
22726
22715
22906
22625
23206
22748
23305
22848
22628
22613
22598
22577
22297
22537
25360
22913
22577
22741
23000
22938
22866
22532
22581
22652
22845
23134
23074
22596
22604
22722
22764
22632
22587
22521
22845
22800
22816
23053
22949
23078
22829
22809
22607
22573
22746
22726
22800
22562
23106
22692
23088
23084
23155
22973
22931
22778
22551
23396
24657
22788
22643
22549
22561
22677
22719
22650
22624
23036
22824
22907
22588
22623
22530
22747
22701
22554
22717
22759
23124
22838
22625
22590
22540
22752
22669
22656
22493
22936
23100
23441
22901
22559
22941
22998
22805
22580
22594
22715
22943
23240
22601
22257
25891
22671
22596
22446
22441
22710
22767
22734
22786
22596
22950
23059
23009
22682
22514
22794
22788
22548
22638
22581
23100
23132
22855
22541
22897
23137
22730
22578
22546
22610
22766
22967
22640
22569
23278
23082
22619
22465
22604
22677
22768
22611
22593
25609
23000
23031
23114
23028
22561
22572
22747
22734
22598
22587
22987
23882
24103
22620
22589
22739
22674
22702
22581
22524
22785
22800
22569
22590
22508
23156
22526
22723
22576
23081
23072
23011
22605
22502
23174
22711
22741
22629
22556
23097
22585
22610
22565
25918
23170
22820
22581
22584
22608
22682
22764
22717
22701
22597
22684
22758
22634
22598
22706
22716
22615
22565
22568
22675
22952
22514
22647
22508
22786
23258
22966
22635
22650
22652
22734
23117
23040
22866
23279
23088
23086
22593
22625
23134
23142
22917
21940
24265
22748
22613
22602
22574
22878
22937
22662
22569
22527
22598
22745
22793
22545
22621
22802
23015
23071
23072
22583
22756
22817
22603
22664
22504
22759
22849
22532
22644
22551
23003
23188
23071
22636
22659
23134
23116
22957
22617
22537
22941
23089
23078
22608
25889
22771
22783
22609
22560
22906
23075
22920
22197
22604
22545
22782
23051
23060
22746
22543
23242
22793
22415
22206
22556
22733
22643
22593
22676
22577
22656
23128
23044
22903
22634
22863
22688
22625
22649
23199
22613
22727
22710
22565
22821
23560
23071
24395
23763
23138
23144
23066
22810
23130
23539
23075
22618
22509
23008
23080
22888
22618
22549
22716
22638
22538
22650
22543
23086
23171
22846
22529
22574
22672
22722
22740
22656
22604
23086
23028
22601
22533
22793
22717
22698
22759
22547
22633
22825
22541
22540
25567
22821
22877
22668
22583
22580
22606
22830
22746
23032
23047
22692
22741
22999
23055
22655
22720
22748
22622
22498
22540
22787
22733
22579
22704
22536
22607
22816
22592
22649
22578
22723
23011
22598
22618
22573
23045
22692
22891
23052
22985
23144
23060
22818
23817
23149
23032
22646
22615
22835
23077
22846
22742
22635
22602
22630
22854
22545
22588
22657
22704
22691
22638
22582
22739
23198
23072
22689
22566
22560
22813
23113
22562
22645
22803
22856
23894
22650
22629
22652
22795
22654
22732
22560
22689
22787
22608
24213
23875
23286
23035
23113
23053
23040
23141
23059
22850
22924
23057
22849
22590
22624
22570
22605
22683
23108
23083
22771
22820
23158
23099
22620
22576
22700
22669
22800
22810
22937
22772
22854
22646
22600
22570
22569
22823
22589
22796
22746
22707
22632
22587
24006
23292
22716
22631
22623
22556
22998
22670
22577
22623
22512
23099
23124
22825
22575
22559
22709
23044
22666
22632
22662
22680
22692
22697
22550
22573
22827
22587
22791
22505
22620
22785
22819
22607
22574
22755
22628
22847
22577
22693
22590
22648
22733
22575
22953
24280
23073
22604
22626
22594
22692
22786
23065
22991
21961
22380
22860
22582
22629
22543
22703
22763
22573
22581
22584
22739
22768
22639
22600
22818
23131
23071
22729
22823
23114
22712
22629
22640
22930
23096
22776
23040
22850
22926
22504
22723
22755
22576
24592
24037
23447
22895
22609
23072
22792
22893
23030
22824
23036
23208
23168
22953
22950
23074
23029
22653
22662
22573
23403
22847
22807
22562
22628
22651
22624
22746
22899
23079
23169
23087
22997
22692
22747
22899
22686
22842
22613
22510
22853
22777
23044
22678
24137
23130
22942
22650
22607
22605
22716
23080
22973
22567
22268
22607
22889
22554
22636
22783
23082
23112
22622
22621
22765
23278
22971
22637
22539
22874
23118
22887
23131
22691
22679
22640
22846
22709
23135
23196
23069
23203
23027
22795
22816
22652
22572
22597
24790
23179
22917
23088
23018
22717
22933
22648
22645
22817
22747
22831
22673
22575
22572
22857
23106
23135
22652
22643
22755
22805
22588
22579
22506
22736
22680
22563
22948
22623
22702
23240
22564
22698
22670
22960
22784
22725
22813
22549
22792
22721
22656
23986
22912
23016
22702
22630
22624
22629
22679
22769
22692
22532
23277
23264
23202
23170
22732
22605
22757
22653
22614
22703
22699
22744
22863
22536
22637
22704
22661
22867
23016
22987
22709
22894
22518
22656
22576
23088
23036
23168
23087
22923
22914
22702
22639
24198
22942
22800
22641
22463
22487
22606
22699
22847
22733
22626
22713
22728
22698
22606
22589
22577
22811
22637
22576
22585
22670
23073
22918
23045
22629
22684
22688
22675
22646
22952
22651
22955
22628
22594
22572
23094
23059
23283
23117
22906
22729
22694
22625
24039
23021
22957
22681
22587
22615
22533
22699
22765
22600
22569
22754
22702
22584
22614
22542
22913
23058
23061
22612
22493
22748
22726
22598
22561
22650
22642
22763
22618
22513
22636
22683
22925
22665
22628
22750
23201
23045
22721
23033
22998
22991
22585
22586
24276
23138
22998
22569
22601
22547
22691
22621
22689
22602
22603
22807
23067
22615
22595
22525
22993
23125
22845
22672
22507
22884
22661
22604
22530
22517
22705
22718
23085
22599
22741
22658
23048
23037
22906
22748
22692
22293
22313
22610
22753
22907
22600
22601
25579
23184
22932
22635
22617
22648
22653
22762
22584
22542
22752
22658
22580
22619
22543
22616
22753
22834
22648
22535
22549
23229
23037
22854
22218
22535
22716
22621
22685
23117
23181
22751
22799
22634
22618
22727
22732
22547
22900
23039
23182
22867
22589
22679
25904
23269
22909
22594
22556
22623
22881
23120
22644
22591
22769
23170
23105
22580
22601
22703
22758
22602
22543
22620
22969
23163
23035
22704
22507
22635
22789
22578
22636
22579
22630
22750
23075
22906
22622
23122
23086
22882
22867
23059
23168
22858
22616
22542
24930
23595
23324
23151
22697
22669
22757
22619
22626
22607
22782
22840
22556
22614
22613
22604
22639
22628
22581
22498
22763
22992
23083
22866
22607
22780
22657
22551
22840
23080
23111
22917
22645
22650
22613
23121
23089
22694
22757
22929
23023
22915
22672
24347
23280
23509
23150
23054
23024
23066
22711
22642
22601
22624
22896
22788
22574
22596
22575
22906
23149
23037
22693
22544
22636
22951
22568
22542
22576
22787
22685
22593
23032
23093
23065
23193
22708
22415
22559
22651
22496
22822
23183
23025
23201
23231
23135
23432
23314
23246
23220
23094
23296
23437
23756
23412
23197
23228
23622
23316
23327
23187
23215
23487
23292
23349
23041
22729
22908
23080
23020
22572
22681
22659
22564
23169
22601
22569
23012
22584
22539
22920
23610
23696
23223
23253
23230
23207
23147
22742
23683
23741
22910
22708
22629
22708
22797
23181
23030
22883
22445
22806
22732
22409
21998
21968
22644
22718
22633
22574
22551
23127
23327
22874
22778
22547
22757
22643
22645
22538
22634
22689
23796
22657
22564
22798
23151
23075
22721
22582
23132
23214
22870
22569
25798
22935
22951
22601
22585
22561
22726
22714
22655
22556
22576
22673
22670
22664
22567
22504
22742
22731
22605
22652
22521
22997
23372
22805
22578
22578
22687
22693
22589
22857
22888
22616
22841
22685
22525
22820
22694
22615
22609
22627
23141
22919
22991
22478
24008
22926
22752
22647
22558
22718
22631
22653
22608
22570
22650
22998
23096
23036
22569
22717
23187
22976
22623
22509
22663
22832
22612
22603
22651
22680
22693
22613
22614
22535
22776
22717
23059
23033
22907
22740
22678
22523
22666
22589
23143
23108
23134
23046
26242
22836
23501
23084
23052
22841
23174
23066
22717
22634
22591
22695
22735
22625
22619
22705
22725
22695
22580
22533
23051
23135
22882
22641
22517
22621
22707
22543
22677
22533
23093
23168
23141
23101
22981
22728
22702
22646
22635
22684
23131
23127
22874
24513
24586
22568
22486
22521
22519
22600
22722
22613
22694
22487
22941
23136
22840
22597
22546
22755
22710
22562
23033
23049
22952
22728
22703
22562
22567
22724
22665
22645
23057
22659
22853
22810
23029
22819
22663
22673
22762
22587
22611
22771
23143
22713
22730
24504
24919
23071
23023
23070
22917
23128
22853
22599
22618
22526
22849
22670
22622
22664
22573
22744
22778
22571
22569
22494
23231
23143
22822
22580
22604
22716
22716
22640
22502
22865
22698
24048
23058
22781
22860
23092
23021
22699
22578
22867
23079
22985
23014
23386
22846
23082
23070
22826
22849
23143
23118
22579
22552
22522
23205
23110
22740
22561
22587
22707
22677
22732
22573
22652
23182
23086
22750
22655
22620
22714
22631
22526
22625
22829
22671
23184
23039
22834
22640
22543
22505
22315
22554
22939
23062
23066
22820
25707
23411
22696
22642
22626
22553
23188
23086
22774
22663
22469
23203
23105
22813
22541
22543
22687
22728
22601
22482
22679
22764
22638
22627
22597
22553
22797
22593
22582
22662
22586
22741
22895
22563
22584
22800
23139
23120
22678
22595
23080
22879
22839
23105
24552
22756
23529
22686
22559
22533
22702
22676
22690
22534
22536
22990
22580
22583
22540
22586
22667
22706
22581
22605
23375
23241
23136
22714
22564
22775
22770
22587
22624
22720
22677
23184
23187
23082
22844
22790
23177
22923
22650
22598
22979
23180
23069
22788
25382
23121
22999
22629
22586
22597
22642
22739
22616
22583
22591
22751
22719
22638
22539
22588
22858
22589
22553
22633
22758
23252
23006
22589
22636
22576
22634
22803
23077
22628
22731
23002
23128
23030
22771
23167
23085
23040
23049
22783
23454
23515
23093
22697
23606
23141
22888
22648
22888
23120
23092
22611
22569
22570
22785
22715
22639
22569
22544
22878
22593
22580
22613
22629
22754
22773
22581
22565
22644
22692
22734
22556
22585
22769
22622
23107
23029
23013
22942
23083
22964
22607
22576
22611
23021
22858
22773
25077
23531
22823
22633
22658
22508
22849
22777
23058
22862
23047
23169
22883
22606
22530
22552
22689
22682
22725
22542
22710
22879
22658
22576
22594
22578
22760
22643
22548
22620
23153
23077
22812
22606
22792
22756
22606
22597
22890
23021
22776
22815
22605
22913
26764
23911
24027
23456
23219
23808
23178
23191
23127
23209
23833
23654
23744
23491
23626
23568
23400
23349
23561
23399
23479
23275
23184
23118
23608
23133
23106
23339
23828
23581
23217
24069
23054
22776
22620
22825
22608
22572
22563
22618
22920
22578
22544
24948
24145
23170
