23347
23486
23147
23222
23170
23183
23160
23060
23158
23155
23205
23106
23177
23211
23167
23143
23147
25334
23330
24831
23352
23232
23177
23143
23049
23128
23118
23092
22973
23077
23198
23067
23186
23159
23156
23171
23084
23180
22753
23256
23540
23347
22694
23224
23919
23067
23244
23294
22800
22970
22691
22754
22735
22797
24080
26351
24215
23241
23291
25014
24404
24502
23259
23739
23545
25362
25946
46612
23185
23179
23130
22929
22992
22868
24377
23885
25209
24103
23669
24244
23408
22957
22694
22947
22647
22658
23137
23864
23044
22785
22702
23215
22754
22832
22449
22570
23372
23010
22999
23350
23045
25806
23077
22723
22703
22625
22654
22798
22924
23063
22626
22803
22762
23008
22774
22928
23036
22715
23011
22966
23276
23473
23124
23148
23064
23354
22986
23032
23042
23137
23291
23188
22675
22571
22645
22669
22723
23192
23116
23401
22814
22948
23058
23021
22834
22791
24605
22954
22585
22633
22788
22631
22663
22558
22649
22828
22552
22659
22704
22709
22713
22655
22136
22105
22651
22686
22672
22620
22551
23471
22693
22686
22672
22580
23119
23107
22810
22656
23027
22857
22847
22554
22554
23022
22701
23095
22807
22625
22879
23074
23697
23206
23207
22871
22730
22601
22618
22669
22586
22703
22606
22586
22694
22805
22594
22579
22568
22707
22923
23064
23061
22620
23088
23173
22760
22925
22574
22604
22881
22608
22650
22565
22813
22749
22613
22478
22623
23084
22720
22670
22817
22532
23080
23038
24738
22705
22730
23169
23056
22690
22797
23871
22791
22587
22549
22578
22696
22718
22665
22578
23059
23137
22790
22675
22671
22924
23499
22718
22789
22686
22575
22793
22691
22610
22770
22522
22763
22761
22639
22594
22892
23388
23173
22633
22765
22677
22796
22881
24506
23154
22836
22815
22609
22716
22869
23003
22784
22577
22667
22569
22721
22795
22637
22622
22539
22756
22811
22555
22596
22618
23432
23105
23231
23077
22737
23167
23082
22789
22556
22536
23741
22680
22612
22613
22823
22786
22661
23258
23593
22857
22982
25846
23123
22796
23026
23225
23083
22927
22728
22736
23111
22995
22815
22527
23185
23079
22870
22579
22516
23079
22666
22648
22910
22935
23120
22573
22866
23303
23299
22877
22665
22584
22692
22788
23271
23517
23045
22898
23505
23575
23176
23494
23038
23020
23157
25512
23018
22968
23480
22976
23338
23272
23196
23204
25745
22560
22778
22911
22625
22570
22642
22559
22683
25021
23901
22654
23712
23402
23139
23068
23114
22774
22684
22929
23075
23084
22656
22733
22743
22816
23121
23091
23099
23129
22808
23026
23024
22942
24174
22824
22577
22781
22670
22659
22674
22921
22287
22790
22616
23133
23872
23637
23751
23668
23808
23346
23083
22551
22502
22626
22975
22669
22707
22596
22494
22863
23067
23076
22571
24086
24871
22935
22541
22479
22304
22631
22545
22647
22834
22575
22939
22715
23952
23520
22941
22816
22626
22613
22571
23116
23106
23057
22738
22991
23073
22979
23020
23067
23114
22867
22653
22573
22638
22573
23364
23121
22893
22670
23079
23098
23149
22852
22938
23118
23071
23074
22592
22667
23008
22606
22646
22611
22926
22962
22790
22807
25573
22798
23011
23214
23097
22628
22530
22767
22742
22538
22622
22632
22870
23019
23092
22819
22610
22720
22745
22686
22611
22852
22785
22746
22627
22651
23065
22557
22990
22675
22751
22758
23194
23030
22682
22668
22871
22894
22706
22577
23693
22945
22937
23021
24506
22748
23122
23089
22690
22611
22632
22773
22582
22683
22597
22798
22861
22630
22660
23678
23055
22927
22783
22732
22746
23334
23101
23347
24084
22934
22160
22049
22041
21981
22031
22298
22029
22000
22004
22099
22590
22542
22258
22101
22768
22228
22326
22218
23689
22819
22632
22024
22080
21950
22014
22046
22161
22024
22011
22018
22193
22344
22456
22504
22275
22225
22066
22093
22005
22039
25283
22726
22828
22036
22059
22564
22649
22533
21982
21958
22103
22080
22153
21962
21896
22758
22687
22258
21991
22112
22212
22125
22167
24056
22705
22068
21930
21967
21864
21978
22299
22026
21996
22038
21991
22163
22123
21983
22028
21959
22598
22657
23019
22662
22608
22282
22164
22110
22162
21925
22679
22733
22580
22049
22350
22770
22682
22143
22031
21964
22691
22681
22635
22031
22094
22096
22185
22590
24118
22150
22040
21965
21933
21893
21860
22071
21929
22233
21984
22008
22111
22080
21872
22075
21906
22085
22054
22102
22015
22337
22225
22254
22185
22223
21984
22493
22835
22612
22122
22092
22094
22057
22002
22076
21991
22183
22128
21984
22183
22135
22009
22196
22218
23713
22150
22592
22511
22528
22094
21803
22124
21962
21955
22054
22045
22026
22372
22079
22013
22034
22143
22266
22034
22051
22376
22476
22627
22197
22141
22097
22252
22570
22702
22262
22135
22152
22256
22163
22059
21997
22363
22190
21974
22040
23388
22210
22291
22215
24090
22211
22211
22260
22431
22571
22450
22198
22112
22049
21994
23468
22102
22155
22026
22046
21997
21975
22424
22145
22131
22460
22137
22186
22133
22022
22055
22129
22307
22372
22102
22032
22030
22079
22158
21999
22096
22137
22200
22041
21976
22103
22143
22222
22345
24212
22402
22277
22113
22081
21990
22075
22404
22054
22063
21959
22031
22184
22111
22038
21960
21944
22153
22104
22105
21980
22379
23046
22751
22626
22118
21990
22368
22181
22148
21950
22079
22296
22215
22007
21923
21896
22304
22149
22036
22038
21951
22298
22268
22160
23727
22591
23035
22513
22151
22179
22001
22298
22177
22052
22176
22256
22231
22085
22038
22076
22000
22130
22208
22002
22104
22300
22122
22204
22183
22049
21984
21996
22838
22694
22563
22014
22527
22850
22485
22062
22006
22619
22667
22354
22000
21992
22798
22813
22589
23993
22993
22473
22186
22022
22069
21897
22168
22084
22117
21936
22143
22261
22108
22008
22062
21916
22004
22270
22017
22003
22231
22122
22297
22156
22038
21958
22063
22319
22064
22072
21897
22130
22181
22033
21952
22368
22300
22200
21989
21987
22015
22585
22651
22658
22802
24053
22615
22355
21865
21885
21929
22473
22775
22581
22087
22201
22291
22297
22461
22585
22578
22177
22151
21979
22100
24018
22364
22348
22154
22100
21995
22110
22142
22074
22042
21990
22111
22088
22112
22047
21963
22067
22238
22356
22955
22389
22452
22351
22224
23943
22022
22134
22034
21892
22060
21983
22077
22173
21982
22012
22144
22180
22239
22680
22601
22428
22273
22616
22586
22678
22463
22080
22445
22081
22120
21975
22149
22189
22143
22053
21911
22081
22175
22076
22050
21956
22119
23006
23316
22140
22259
22588
22515
22310
24231
22575
22208
22057
21898
22008
21950
22065
22221
22056
22050
22044
22035
22085
22132
21996
22036
22079
22119
22022
22141
22478
22021
22753
22055
21977
22021
22060
22129
22161
21968
22104
22100
22207
22026
22005
21989
22171
22210
22053
22007
22009
22244
22200
22476
24168
22295
22605
22149
22234
22037
21933
22013
22143
22090
21993
22192
22077
22088
22260
22011
21918
22016
22080
22204
22106
23892
23069
22372
22770
21963
21941
21939
21949
22307
22742
22743
22555
22333
22162
22411
21937
22301
23685
22625
22312
21935
22372
22318
21962
22768
23710
22204
22002
21928
21938
21803
22016
22102
22045
22039
21990
22191
22378
21993
22042
21902
22107
22139
22063
22103
22499
22144
22475
22062
22157
22198
22614
22837
22670
22104
22013
22026
22105
22161
22134
22007
21966
22233
22483
22629
22241
21882
22555
22402
22355
24371
22263
22077
22049
22043
21856
22086
22151
22088
22199
22121
21980
22192
22076
22023
22037
21956
22165
22121
22127
22305
22066
22310
22129
22064
22025
21947
22274
22221
21993
22078
21965
22626
22949
22547
22579
22482
22232
22125
23151
22016
21966
22877
22259
22062
24095
22919
22106
22019
21866
22043
22058
22043
21943
21937
22095
21954
22189
22168
22034
22081
21973
21990
22225
22100
22251
22020
22716
22752
22663
22167
21944
22087
22220
21964
22221
22028
22090
22330
21999
22027
22030
22261
22276
22042
21969
22017
22117
22292
21999
24052
22244
22037
22203
21920
21928
22064
22083
22253
22249
22179
22064
22158
22097
22040
22053
21976
21988
22162
22103
22312
22013
22171
22380
22256
21990
22016
22085
22225
22109
21994
22023
22221
22746
22540
22002
22084
22701
22526
22187
21972
21971
22147
22319
22098
23744
22310
22255
22262
22024
21916
21962
22096
22038
22017
22061
22077
22222
22063
22024
21992
21983
22165
22082
22173
23570
21972
22170
22182
22145
22006
21976
22116
22263
22150
22069
21993
22266
22077
22027
22155
22116
22438
22090
21957
22014
21959
22043
22424
22063
23173
22765
22734
22618
22412
22313
22017
22475
22287
22155
22051
21925
22133
22196
22140
22194
22658
22724
22485
22159
22252
21951
22470
22206
22150
21963
21984
22133
22527
22471
22470
22019
22181
22119
22039
22278
22682
23132
22842
23384
23054
23017
22803
22967
22874
23999
22735
23014
22898
22534
22937
22930
23090
22012
22069
22062
22246
22879
23250
23089
23134
23245
23102
23167
23262
23026
22556
22690
22017
22002
21942
22150
22366
22524
22659
22295
22149
22251
21959
22004
21957
22499
22677
22563
23272
22090
22295
22574
22573
24072
22849
22110
22088
21884
21904
22464
22508
22593
22029
22023
21870
22150
21880
21936
22008
21988
22108
22193
22496
22663
22611
22185
22041
21953
22077
21996
22204
21999
21988
22046
22044
22104
22080
21959
22022
22115
22164
22081
22029
22021
22049
22429
22503
22138
24770
23522
22170
22123
21966
22101
22168
22065
22025
21962
22205
22048
22129
22075
21953
22018
22081
22097
22089
22092
22132
22310
22189
22513
22655
22555
22210
22129
22092
21981
21994
22124
22089
22053
21960
22015
22170
22098
22016
21972
21982
22138
22094
21934
22192
21943
25710
22540
22518
21848
21839
22536
22220
22345
21856
21951
22093
22064
22118
21900
21935
22213
22183
22550
22692
22433
22176
22214
22048
22088
22047
22595
22502
22318
21948
22139
22082
21970
22095
21994
22078
22172
22052
22524
22050
22999
22197
22011
21970
22151
22144
23476
23830
22909
22323
22503
22356
22200
22042
21927
22537
22796
22338
22083
21977
22120
22215
22068
22029
22154
22114
22158
22152
22050
21960
22086
22125
22218
22085
22089
22361
22582
22497
22065
21988
22039
22165
21997
22079
22191
22067
22215
22359
21950
22206
22080
22207
24080
22437
21947
22020
22076
22114
21987
22006
22055
22071
22141
21936
22010
22119
22175
22061
21991
22201
22064
22234
22079
22007
22012
22094
22103
22119
22065
22056
23513
22076
21996
21913
21847
21877
22167
22131
22106
22205
23186
22013
22100
21989
22154
22129
22340
22865
23882
22874
22438
22170
22026
21997
22598
22730
22317
22026
21989
22456
22163
22113
21999
22017
22317
22121
22178
22101
22313
22082
22073
22176
22073
22054
22042
22183
22054
22193
22638
22488
22355
22259
22083
21995
22099
22089
22533
22217
22059
22248
22740
22672
23986
22908
22096
22478
22582
22270
22044
21997
22099
22335
22573
22455
22228
22098
22208
22009
22027
22375
22153
22142
22131
22060
22456
22013
22216
22048
22007
21981
21972
22060
22189
22020
22016
22358
22697
22652
22064
22013
21999
22228
22033
21965
22182
22161
22128
23955
22405
22164
22477
22642
22487
25314
22720
22377
22096
22016
22049
22040
22168
22304
22062
22045
22468
22154
22293
22111
22014
21953
22074
22182
22055
21968
22671
22456
22416
22030
21986
22050
22115
22172
22237
22513
22669
22392
22080
21964
22031
22162
22054
22020
24458
21961
21935
22043
21988
22060
21993
22128
22125
22136
22049
22005
21935
22075
22059
22256
22080
22485
22308
22645
22855
22046
22196
22360
22102
22086
22005
22009
22010
22093
22202
21976
22441
22631
22317
22255
22007
22007
22167
22276
22061
22014
22032
22224
22079
24620
22059
21943
22109
21917
22262
22003
22127
22112
22131
22086
22003
22009
22006
22112
22096
22066
22549
22744
22707
22715
22578
22316
22116
22086
22077
22108
21982
22075
22119
22117
22040
22036
21952
22203
22072
22079
22008
23142
22185
22105
22178
22199
22210
22106
24168
22576
22079
21994
22740
22757
22541
22084
22009
22085
22144
22091
21977
21970
22132
22104
22088
22218
21984
22183
23135
23471
22437
21874
22168
22013
21965
21840
21856
22025
22098
22064
22032
21943
22188
22229
21999
22035
21965
22598
22564
22571
21989
22229
22655
24173
22205
22174
22015
22615
22740
22285
22136
21994
22170
22078
22061
22242
21937
22138
22025
22108
22323
21942
22071
22474
22361
22920
22827
22304
22159
21984
22049
21896
22156
22112
22017
22050
21947
22036
22243
21999
21970
22181
22568
22560
22145
21959
22202
22431
24579
22140
22089
21940
22339
22650
22451
22160
21844
22015
22090
22189
22019
22029
22070
22089
22111
22982
21992
22014
22374
22182
21996
22064
22045
22673
22770
22571
22032
22188
22109
21975
22023
22047
22100
22144
22029
22018
22063
22013
22069
22130
21977
22086
22277
24167
22390
22038
21912
22188
22714
22484
22288
21873
21875
22075
22294
22050
21958
22028
22074
22243
22688
21982
22170
22228
22138
21978
21992
22098
22137
22170
22051
22338
22898
22089
22155
22138
22023
22109
22789
22392
22096
21980
22076
22058
22199
22036
22074
23861
24117
22224
21910
21878
22007
22721
22522
22278
21948
21962
22173
22162
22080
21953
22076
22079
22109
22198
22000
22179
22181
22056
22017
21992
22063
22232
22102
22013
21955
21978
22172
22138
22084
22036
22010
22137
22030
22019
23334
21932
22189
22071
22038
22055
22132
25982
22263
22292
21857
21834
22222
22140
22071
22011
22085
22231
22179
21963
22072
21947
22121
22150
22228
22002
21984
22252
22157
21953
22051
22046
22344
22679
22299
22060
21993
22169
22154
22095
22091
22321
22597
22513
22407
22100
22135
22501
22717
22596
22189
22410
25951
22816
21883
21902
21873
22586
22536
22347
21864
21920
22424
22348
22207
22229
22001
22080
22183
22263
22128
22037
22115
22165
22600
22067
21934
22125
22255
22017
22691
22508
22284
22239
22037
21961
22061
22365
22780
22581
21998
22036
22219
22102
22006
22039
23265
23212
22974
22185
21897
21959
21909
21954
22211
21845
22014
22084
22042
22117
22019
22056
22103
22406
22371
22033
22040
22034
22095
22252
22007
22006
22092
22157
22165
22043
21935
22144
22083
22176
21984
21986
22223
22016
22151
22351
22690
22834
22378
22023
22006
22028
24818
22113
22192
21843
21841
22039
22025
22197
22036
21987
22104
22294
22065
22102
21961
22064
22073
22350
22165
22134
22163
22073
22130
22102
21995
22004
22173
22016
22082
21959
21999
22042
22149
22089
22000
21922
22674
22383
22081
21979
21939
22220
22114
22058
22011
25659
22099
22202
21917
21846
22085
22272
22127
22036
22093
22054
22235
21988
22037
22043
22082
22140
22268
22035
22083
22242
22144
22022
22054
22062
22025
22162
22870
22797
22727
22601
22619
22791
22177
22047
22475
22776
22579
22034
23163
22589
22278
22020
22067
22158
25447
22317
22145
21948
21898
22017
21958
22115
21831
21913
22098
22114
22174
21984
22036
21980
22277
22321
21987
22079
22102
22102
22315
22142
22035
22283
22168
22081
22005
21923
22083
22129
22166
22001
21996
22183
22052
22119
22083
22033
22121
22866
22611
22584
21922
24671
23360
22777
22134
21953
22180
22516
22715
21866
21890
22044
22037
21942
21883
21843
22017
22280
22326
21995
21996
22113
22111
22151
22541
21994
22343
22110
22036
22302
22137
22076
22173
21997
22030
22028
21973
22601
22581
22396
21999
21895
22146
22117
22193
22452
24476
22902
22135
22092
22045
22064
22572
22670
22516
21915
21961
22160
22090
22038
21958
21998
22177
22414
23044
22581
22634
22214
22382
22037
22004
21968
22100
22134
22127
22729
22572
22736
22141
22043
22050
21964
22178
22112
21969
22025
21934
22186
22166
22019
21990
24150
23278
22491
22269
21868
21892
22267
22369
22080
22054
21985
22161
22118
22085
22056
21947
22127
22385
23140
22637
22947
23024
23059
22725
22346
22028
22176
22194
21977
21968
21999
22535
22093
21964
22167
22056
22559
22355
22124
22039
21934
22118
22203
22000
22046
23924
22500
22024
22177
21845
22216
22628
22687
22017
22120
22047
22032
22027
21878
21927
21936
22541
22162
22107
22121
21964
22128
22265
22025
22043
21959
22046
22459
22148
22062
22050
22050
22103
22301
22656
22572
22522
22704
22425
23330
21948
22056
22194
22042
22008
24300
22487
22072
22120
21900
21846
22310
23115
22453
22033
21825
22196
22717
22536
22107
21887
22380
22029
22358
22618
22647
22332
22687
22600
22188
22083
22108
22162
22111
22055
21951
21978
22153
22194
22035
22177
22714
22451
22208
21973
21962
22056
22265
22108
22002
24693
22713
22268
22203
22038
22064
22094
22165
22119
22021
22041
22132
22086
22050
21997
22140
22557
22788
22651
22318
22058
21977
22082
22806
21989
22099
22076
22444
22567
22600
22094
22029
22175
22023
21998
22060
22078
22072
22353
22080
21981
22298
22137
22145
21992
23660
22718
22400
22205
22022
21862
22054
22066
21937
21896
21951
22215
22089
22043
22101
21963
22402
22228
22567
22713
22659
22255
22134
22084
22025
21956
22123
22161
21994
22052
21924
22089
22201
22000
22115
21939
22167
22111
22033
22943
23012
22962
22524
22504
23059
23572
22343
22435
21916
22199
23409
24654
24146
23755
23666
22311
22985
25603
24121
23065
23669
23083
22986
23104
23177
23157
23085
23077
22648
23015
23059
22534
22639
22550
22854
23188
23003
22799
22714
22816
22699
22592
22669
22895
23196
23349
23062
22917
25956
23224
23373
23131
22854
23019
23287
23045
22549
22551
22696
22815
23023
23061
22598
22612
23702
22593
22763
22808
23288
23134
23143
23087
23069
22708
22775
22630
22653
22572
22708
22700
23081
23068
23013
22712
22616
22621
23410
22705
23191
23038
22647
22677
24167
23228
22712
22656
22726
22693
22936
22647
22592
22607
22757
22736
22663
22616
22521
22902
22919
22641
22656
22657
22717
22849
23028
22988
22702
23267
22830
22147
22186
22633
22415
22741
22592
22653
22621
22773
22674
23089
23040
22912
22724
22742
22743
24117
22767
22858
22746
22704
22731
22808
22957
22673
22562
22629
22623
22984
23081
22820
22607
23073
22711
22610
22691
22534
22735
22659
23188
22594
22614
22809
22749
23023
23078
22961
22783
22703
22690
22573
23076
23070
23048
22516
22568
22827
23128
23000
22359
25136
22828
23172
23134
22665
22788
22831
23019
22759
22673
22634
22675
22868
23048
23062
22749
23315
22606
22672
22546
22639
22543
22355
22539
22630
22725
22739
22658
22658
22574
22829
22891
22580
22631
22627
23119
23096
22867
22553
22634
23151
23108
22844
22594
24424
23119
22898
22673
22757
22676
23110
23129
23047
22764
23174
22940
22641
22692
23054
23166
23264
22652
22713
22554
23078
23124
22968
22533
22629
22760
22640
22701
22660
22628
23464
23638
23232
23235
23194
22910
22550
22632
22591
22595
22721
22652
22662
23285
23569
22918
22905
22602
22817
23018
23170
22885
22618
22541
22705
22630
22715
22738
22627
22825
23036
22591
22728
22577
23219
23119
22860
22600
22630
22731
22737
23116
22591
23011
22372
22717
22564
22620
22916
22890
22752
22614
23345
22691
22861
22612
22586
25330
23383
23513
22998
22618
22665
23143
23188
22846
22538
22608
23135
23067
22851
22604
22696
23499
23094
22757
22632
23101
23122
22859
22614
22597
22702
22925
23222
24162
22597
22657
22862
22538
22580
22840
22620
22706
22689
22770
22755
22784
22751
22838
22594
26005
22988
22636
22925
22602
22735
22658
22859
22648
22521
22588
22819
22812
22793
22900
22330
22948
22777
22700
22792
22827
22666
22778
23110
22649
22742
22692
22571
22653
22572
22835
22747
22555
22675
22797
22709
22819
22585
22584
22580
23063
23011
22833
22652
25203
23067
23061
23107
23010
23036
22627
22688
22637
22921
23163
22934
22620
22671
22548
22758
24555
22591
22650
22676
23133
23091
22635
22588
22651
22680
22763
23085
23049
23006
22708
22859
23052
23097
22802
23125
22993
22619
22532
22567
22863
22592
22628
22809
25297
22898
22623
22748
22881
22921
23279
22773
22282
22267
22738
22701
22942
22564
22903
23266
23108
22829
22631
22652
22818
23005
22551
22855
22704
22639
22672
22699
22653
22622
22652
22772
22565
22598
22863
23119
23085
22581
22536
22811
22652
22562
22675
22524
25931
22827
22603
23182
23063
22792
23273
23038
22757
22548
22688
22721
22610
22513
22611
23007
22687
22591
22637
22593
22809
23070
23069
22573
22684
23136
23057
23094
23041
23034
22795
22583
22575
22672
22523
22655
22820
23365
23448
22678
22978
22995
22616
24086
23507
23059
22671
22707
22611
23234
22814
22565
22643
22585
22734
22660
22652
22641
22538
23018
22803
22598
22619
22627
22761
22641
22579
22626
22640
22511
22733
22704
22745
22630
22936
23077
22781
22578
22793
23178
23047
22804
23160
23099
23147
22957
22299
24944
23262
22818
22196
22860
22596
23080
22920
23058
22599
22609
22830
23088
23083
22598
22677
23318
23060
22961
22599
22603
22756
22681
22755
22613
22631
22711
22862
23050
23054
22933
22867
23108
22985
22729
23101
22675
22622
22585
22534
22731
22695
22567
22675
24431
23498
22818
22665
23188
23073
23234
23170
22852
22703
22784
22851
22739
22616
22517
22793
23017
22743
22593
22633
22841
23067
23052
22795
22831
22775
23009
22684
22782
22556
22849
23171
23062
22855
23184
22782
22809
22614
22625
22513
22717
22733
22634
22541
25782
22952
23065
23131
23122
23043
23113
22598
23136
23048
22921
22687
23053
23087
22896
22974
22767
22783
22981
23029
22925
22886
22644
22599
23045
22509
22353
22057
22008
22128
22471
22636
22675
22529
22657
22704
23085
22550
22656
22670
23022
23129
22844
22590
25125
23259
22999
22673
22958
22867
23041
22682
22638
22574
22729
22719
22869
22659
22717
23614
22636
22717
22635
22568
22720
22673
22677
22614
22575
22723
22727
22693
22613
22839
22709
22672
22682
22642
22586
22782
22674
22584
23265
22992
22710
22646
22604
22553
25335
23104
23064
22788
23162
23188
23008
22650
22540
22533
22688
22651
22604
22622
22609
23202
23074
22906
22750
22586
22849
22581
22607
22549
22627
22736
22759
22579
22605
22581
22667
22719
22668
22574
22580
22632
22741
22543
22597
22641
22959
22664
22597
22651
24983
23279
22741
22587
22810
22913
23077
22570
22578
22641
22706
22678
22637
22648
22499
22966
22731
22721
22569
22597
22870
23059
22797
23231
22498
22971
23174
23278
23100
22807
22746
22697
22623
22579
22770
22690
23028
23036
22948
22608
22611
22756
22760
23060
25905
23379
22746
23059
22871
22690
22601
22402
21972
22016
22305
22726
22571
22621
22711
23093
22719
22736
22658
22557
23037
23093
22849
22633
22619
23236
23098
22907
22673
22497
22826
22708
22695
22599
22541
22737
22750
22606
22574
22624
23177
23116
22670
22602
24614
23451
23067
23067
23173
23280
23099
23125
23030
23034
22940
23082
22572
22599
22786
22667
22727
22916
23063
22944
22723
22746
22597
22593
22674
23024
22811
22591
22570
22576
22804
22704
22684
22569
22837
23232
22807
22668
22497
22572
22857
22578
22528
22551
24770
23443
23077
22696
23215
23163
22991
22681
22555
22623
22727
22687
22593
22633
22770
22705
22757
22681
23102
23017
22787
22637
22564
22634
22595
22842
22883
22927
22696
22556
22742
22861
22600
22576
22571
22754
22690
22907
22879
22597
23535
23199
23344
22570
25240
23106
23090
22320
22745
22940
23011
22588
22650
22562
22551
22887
22566
22581
23008
22730
22728
22638
22598
22562
22726
22745
22737
22573
22527
22787
22668
22582
22700
22680
23161
22983
22711
22688
22510
23422
23636
23042
22694
23167
23179
23124
22681
22574
25286
23335
23152
22795
23210
22724
22699
22618
22634
22796
22652
22684
22647
22666
22731
22604
22844
22675
22915
22781
22754
22726
22802
22677
22562
22716
23049
22657
22615
22583
22918
23105
22801
22599
22509
23067
22658
22679
22645
22627
22806
22729
22588
22581
24726
22924
22794
22612
23130
23091
23170
23188
22535
22671
22891
22746
22600
22815
22803
23179
23071
22578
22650
22531
22633
22793
22619
22655
22478
22777
22747
22520
22583
22569
22702
22671
22628
22672
22646
22996
22622
22676
22529
22483
22785
22641
22543
22613
26100
22855
22564
22531
22993
22957
22797
22798
22515
22612
22587
22656
22710
23221
23129
23180
23095
23053
22574
22572
22720
22780
22680
22888
23042
22682
22755
22834
23048
22914
22646
22865
23059
22902
22042
22665
22749
22715
22626
22569
22720
22701
22666
22549
26455
23074
22754
22624
23111
22806
22756
22641
22578
22557
22568
22875
22550
22831
22633
23037
23199
22885
22621
22549
22707
22759
22662
22617
22526
22772
22730
22562
22621
22612
22788
22629
22614
22680
22865
23151
23043
23179
22962
22883
22723
22679
22584
22626
25878
23189
23209
23084
23166
22780
22713
22675
22623
22640
22806
22617
22766
23233
22990
22879
22726
22578
22688
23175
22811
22770
22587
22583
22694
22685
22688
22574
22534
22710
22793
22561
22614
22576
22899
23186
22870
22648
22588
22703
22666
22882
23079
22868
26307
23054
22929
23162
22943
22954
23029
22607
22560
22936
23202
22838
22878
22616
22815
23158
22660
22584
22555
22552
22824
23333
23032
22633
22858
23186
23069
22606
22597
22721
22770
22591
22620
22714
23100
23077
22899
22580
22535
22783
22618
22615
22631
22591
26428
22700
22688
22721
22954
23409
23095
22796
22553
22777
23126
23117
22896
22649
23094
23155
22679
22654
22599
22690
22739
22694
22650
22690
22711
22808
22626
22648
22643
22525
22868
22611
22709
22520
23039
23092
22916
22588
22579
22824
22667
22650
22579
22603
26103
23206
23204
23201
23299
23078
23108
22662
22993
23048
22763
22603
22883
22589
22635
22795
23052
23062
22656
22579
22860
22595
22612
22568
22959
22974
22763
22603
22579
23038
23074
22878
22627
22581
22705
22645
22874
23072
22839
22882
22641
22618
22585
22572
25861
22851
22787
23088
23301
22986
23137
22831
22634
22579
22652
22938
23061
23054
23013
22747
22640
22610
22576
22751
22784
22567
22644
22639
23020
23183
22617
22778
22711
22757
22748
22631
22619
22571
22836
22950
23142
22589
22640
22732
22639
22773
22606
24667
24110
23138
23143
23142
22784
23165
23103
23065
22842
22560
22913
22939
23194
23000
22766
22774
22629
22652
22554
23015
23114
23040
22746
22781
22823
22721
22650
22602
22604
23303
23066
23142
23031
23038
22813
22576
22566
22701
22588
22640
22744
22586
22651
25185
23194
23108
23176
23057
22671
22861
22662
22619
22527
22958
23027
24867
22557
22685
22769
22683
22583
22696
22500
22738
23262
22598
22655
23013
23085
22855
22561
22569
22702
22657
22712
22692
22772
22714
22698
22657
22648
22561
22805
23172
23035
22763
22580
25426
22942
22753
22678
22828
22760
22770
22595
22640
22562
22703
22739
22838
22710
22719
22717
22716
22655
22559
22538
22774
22702
22583
22598
22615
23200
23067
23037
23049
22742
22693
22723
22565
22580
22635
22699
22763
22584
22661
22788
22704
22577
22645
22564
25475
22721
22611
22706
22676
22654
23010
22584
22695
22583
22774
22819
23164
23034
23189
23026
23087
22928
22589
22573
22743
22642
22698
22539
22953
23133
22801
22624
22575
22933
22766
22788
22864
23039
22753
22660
22723
22613
23019
22978
22893
22628
22564
22596
25523
23294
22805
22658
22897
22819
22890
22603
22567
22589
23135
23082
22599
22734
22637
22975
22540
22507
22256
22588
22443
22784
22561
22599
22703
22425
22559
22618
22667
22642
22807
22570
22848
23016
22946
22876
23382
22572
22649
22605
22649
22788
22612
22649
25143
23137
23605
22871
22995
22684
22709
22646
22586
22525
22946
23122
22855
22560
22582
23236
23069
22856
22631
22765
23223
23014
23108
23078
22923
22949
23299
22616
22635
22682
22649
22748
22591
22895
22628
22387
22647
22648
22537
22678
22746
22568
22703
25027
23250
22792
22690
22653
22838
23142
23150
22717
22589
22782
22694
23092
23058
22868
22984
23061
22989
22618
22492
22587
23363
22521
22785
22639
23044
23043
22867
22605
22608
22761
22794
22573
22591
22607
22664
22684
23058
22692
22636
22801
22616
22715
22507
24702
23390
22975
22832
22658
22849
23211
23081
22645
22572
22593
22781
23332
23030
23566
24087
23484
22731
22570
22545
22743
22734
22652
22533
22459
22763
22693
22583
22616
22631
22682
22681
22573
22613
22518
22662
22687
22611
22609
22555
22731
22585
22624
22585
25155
23381
22894
22787
22702
22858
23095
22948
22597
22601
22666
23062
23093
22645
22644
22816
22736
22569
22557
22537
22765
22693
22548
22632
22563
22681
22681
22755
22755
22594
22834
22584
22603
22595
22516
22700
22987
22933
22670
22610
22660
22711
22577
22579
25809
23174
23267
22537
22594
22889
22666
23060
22785
22551
23185
23297
22804
22712
22503
22781
23184
22858
22445
22601
22712
22712
22615
22832
23062
22836
22732
22660
22544
22625
23420
23076
23059
22589
22567
22838
22763
23360
22574
22589
22850
22599
22554
22614
25839
22955
23199
23050
23039
23017
23144
22920
22674
22772
22963
23129
22993
22696
22564
23015
22999
23023
22533
22626
22712
22641
22702
23046
23036
23261
23048
22756
22634
22623
22692
22779
22822
23135
23113
23116
23110
22872
23018
22993
22733
22550
22556
22584
25739
22871
22593
22582
22586
23081
23081
22979
22649
22568
22802
23315
23113
22889
22587
22660
22791
22558
22540
22747
22720
22725
22684
22831
22768
22764
22668
22635
22614
22773
23140
23029
22765
22559
22698
22814
22532
22596
22647
22545
22562
22704
22525
22550
25804
23021
22886
23068
23030
23189
23071
22954
22577
22571
22977
23112
23090
22739
23148
22966
22652
23075
22650
22598
22673
22738
22833
23031
22937
22615
22761
22563
22621
22766
22675
22590
22670
22534
22692
22691
22603
22716
22702
22946
23130
22938
22665
24377
23192
22689
22429
22480
22477
23437
23601
23008
22639
22635
22892
22677
22712
22628
22642
22598
22881
23097
23041
23024
22809
22622
22599
22674
22750
23200
23031
22604
22644
22574
22734
22657
22600
22721
22753
22616
22614
22589
22691
22809
23046
23029
22696
25164
23392
23323
22938
22670
23009
23117
23034
22866
22545
22853
23260
23067
22878
22639
23004
22994
22834
22600
23034
22859
22695
22620
22741
22847
23161
22618
22558
22701
22621
22643
22740
22628
22842
22814
22576
23466
22260
22348
22727
22681
22611
22614
22763
25936
22812
22897
22637
22572
22919
23105
23080
22693
22559
22723
23229
23033
22814
22566
22949
23173
22794
22611
22792
23057
23174
23181
22703
22662
22745
22587
22622
22613
22602
22966
22922
22590
22514
22592
22727
22607
22598
22600
22552
22688
22765
22520
22603
26340
23148
22829
22639
23122
22912
22171
22070
22685
22558
23067
22662
22590
22660
22588
22756
22704
22632
22610
22649
23199
23095
22866
23071
22984
22868
23059
22526
22625
22579
22656
22677
23043
23060
23018
22748
22837
23090
22924
22629
22760
22564
22704
25254
23263
22799
22563
22610
22872
23040
22733
22825
22566
22573
23130
22708
22775
22560
22614
23147
23069
22740
22599
22693
22767
22649
22731
23084
23041
22943
23036
22797
22774
22845
23133
23093
22613
22665
22394
22050
22282
22046
22032
22247
22658
22687
22620
23124
24108
23011
22635
22616
22606
22583
23258
23002
22838
22542
23003
22941
23367
23578
23435
23659
23647
23201
23340
23666
23447
23856
23669
23553
23291
23949
23810
23618
23682
23531
23538
23541
23336
23381
23446
23204
23585
23293
23498
23541
23117
23055
22717
24458
22936
22927
23103
22889
22399
22855
22509
23126
23261
22986
22750
23071
23378
23463
23536
22754
22522
22524
22896
22679
22587
22861
22808
22810
22721
22674
22729
22530
22713
22761
23393
23613
23332
22648
22866
22884
22555
22597
22681
22787
22571
22519
25799
22892
22918
22630
22650
22772
22724
22774
22705
22628
23028
23243
23126
23163
22987
22718
22665
22636
22612
22594
22686
22759
22647
23052
23028
22748
22746
22765
23077
23032
22646
22696
22691
22850
22812
22914
22605
22624
22631
22594
22545
22599
22659
24634
23996
23449
22960
22701
22789
23164
23135
22687
22785
22723
22950
22677
22662
22751
23142
23127
22757
22539
22659
22596
23395
22711
23043
23052
22804
22721
22678
22657
22786
22900
22676
22640
22629
22665
22782
22630
22646
22747
22643
23088
23058
22735
22797
24558
24148
22839
22619
22617
22600
22675
22854
22500
22564
22391
22830
22720
22583
22697
22745
22701
22749
23188
23058
23081
23125
22968
22660
22586
22810
22873
22599
23017
23073
22847
22869
22608
22925
23049
23033
22676
22663
22571
22611
23156
23042
22617
22158
24036
23690
22724
22650
22740
22766
22740
22783
22794
22815
22828
23453
23007
22645
22618
22652
22659
22973
22616
22772
23274
23086
22629
22633
22533
22911
23017
22921
22624
22553
22803
22701
22561
22608
22767
23201
22867
22684
22567
22548
22695
22802
22584
22607
26019
23619
23130
22748
23067
23060
22668
22862
23014
23072
23210
23223
22696
22696
22569
22594
22857
22559
22727
22592
22768
22731
22632
23160
23061
23063
22757
22659
22608
22545
23210
23057
22748
22759
22701
23113
22755
23367
22541
22589
22853
22625
22571
22597
24986
23409
23158
23040
23060
22868
22748
22755
22145
22208
23102
22757
22602
22914
22874
22917
22630
22635
22593
22558
22742
22734
22583
22677
22670
23017
22723
22552
22593
22594
22775
23128
22694
22613
22557
22695
22698
22624
22576
22603
22817
22581
22593
22539
25756
23337
22779
22633
22827
22811
22801
22783
22631
22681
23049
23119
22858
22688
22788
22823
22667
22604
22770
23093
23279
23064
22941
22645
22491
22861
22598
22684
22736
22578
23064
23033
22821
22385
22593
22653
22678
22652
22904
23047
22689
22794
22559
23996
24651
23175
22721
22574
22593
22721
22969
22926
22630
22714
22997
22857
22619
22689
22540
22731
22701
22697
22596
22618
22698
22743
22625
22602
22555
22796
22686
22663
22599
23092
23160
22837
23052
23094
22890
22604
22683
22613
22939
22840
22652
22664
22568
24141
23824
22852
22751
23047
23085
22665
22706
22444
22582
22786
23352
23069
22795
22770
23101
22862
22986
22931
22697
23070
23075
23120
22897
22596
22640
22728
22695
22643
22539
23076
23076
22928
22797
23542
22711
22673
22728
22593
22534
23179
23134
22686
22587
24207
23933
23216
23032
23088
22974
22831
23028
22781
22221
22855
22729
22547
22508
22618
22765
22695
22558
22682
22572
22586
22826
22806
23029
23007
22763
22763
22559
22673
22554
22709
22668
22619
22626
22690
22768
22686
23500
22502
22580
22720
22638
22571
22655
25595
23013
22701
22615
22772
22799
22681
22621
22899
23069
23170
22615
22794
22655
23081
22919
23077
23041
22668
22626
22725
22692
22614
22764
22566
22731
22759
22577
22731
22505
22646
22796
22565
22676
22655
22777
22859
23090
22625
22717
22837
22804
22604
22584
25465
23125
22552
22685
22554
22639
22840
22636
22943
23023
23352
23188
23247
23011
23042
22667
22864
23070
22856
22924
23262
22982
22795
22658
22568
22972
23009
22974
22617
22552
22716
22712
22609
22797
23037
23218
22585
22621
22628
22591
22667
22762
22587
22600
26111
23112
22790
22628
22643
22558
22688
22722
22829
22884
22966
22828
22682
22595
22583
22727
22652
22642
22744
22679
22949
23118
22689
22219
22196
22685
22743
22603
22541
22592
22794
22647
22572
22653
22450
22680
22892
23037
22552
22517
22826
22552
22589
22820
24250
22832
22696
22633
22573
22921
22911
22912
22783
22736
23849
23087
22804
22612
23097
23649
22998
22610
22563
22611
22843
22631
22796
23196
22864
22601
22710
22650
22578
22685
22674
22625
22572
22594
22805
22604
22588
22567
22702
22602
22686
22583
22577
25260
22957
23195
23075
23089
22781
22752
22633
22588
22932
23201
22935
22586
22784
22777
22855
22718
22624
22586
22655
22770
22736
22784
22795
22724
22758
22676
22703
22682
22781
22676
22577
22652
22505
22747
22932
23433
22688
22652
22655
22664
23661
23083
22882
24039
23364
22779
22593
22914
22869
23110
22865
22557
23005
23280
23041
22692
22534
23052
23077
22827
22660
22504
22771
22793
22660
22599
22842
23204
23087
22561
22850
23296
22790
22630
22672
22636
22721
22805
23317
23344
23046
22729
23266
22826
22658
23492
22541
25106
23158
22765
22553
23177
23159
22956
22676
22624
23248
23243
22868
22663
22701
23101
23096
22689
22578
22828
22687
23066
22655
22482
22620
22773
23058
22575
22636
22898
22847
23065
23055
22864
22691
22792
22873
23010
22546
22725
22723
22596
22588
22546
24238
24001
23218
23091
23166
23422
22899
22522
23128
23323
23389
23160
23142
22688
22541
22843
22603
22552
22586
22630
22664
22709
22504
22658
22728
22681
22615
22623
22545
22699
22756
22548
22685
22690
23039
22847
22553
22708
22566
22706
22690
22638
22581
22532
25253
23675
23146
22639
23124
22890
23081
22944
22523
22724
22811
22716
22661
22871
22989
22809
22539
22591
22635
22605
22820
22592
22580
22626
22802
22804
22594
22583
22560
22749
22740
22616
22595
22569
23024
23083
23244
23230
22737
22696
22763
22560
22643
22542
25598
23207
22854
22638
22676
22720
22845
22607
22569
22722
22838
22605
22751
22616
22738
22703
22620
22663
22536
22611
22836
22593
22633
22648
22703
23024
22570
22610
22681
22962
23070
23151
23039
23052
22668
22720
22557
23453
22641
22893
22627
22594
22655
22505
25911
23111
22634
22648
22936
23170
22816
22606
22614
22640
22928
22936
22683
22588
22765
22708
22657
22582
22758
22705
22704
22552
22661
22516
22695
23101
22946
23002
23034
23122
23103
22842
22652
22469
22701
22766
22588
22549
22702
22725
22634
22773
22587
24765
23856
22775
22749
22617
23045
23008
22634
22629
22548
23117
23451
23092
22701
22625
22853
23190
22963
23546
22849
23316
22718
22617
22567
22591
22708
22675
22690
22619
22525
22841
22726
22581
22595
22570
22862
22538
22772
22907
22797
22300
22748
22648
22576
25516
23504
23089
22871
23066
23122
23057
23034
22587
22518
23375
23044
22945
22692
22812
23151
22898
22623
22625
22551
22714
22761
22582
22861
23043
23110
22720
22748
23048
23082
22657
22785
22568
22566
22605
22677
22736
22789
22778
22882
22714
22644
22614
22570
25024
23079
22852
22726
22805
23161
23063
23058
23044
23137
23120
22641
22836
22546
22705
22718
22553
22627
22485
22709
22811
22541
22611
22636
22657
22985
22635
22645
22629
22680
22713
22618
22565
22575
22755
22668
22644
22601
22597
22864
22575
22621
22632
22598
24169
23022
23086
23069
23164
22804
22829
22586
22640
22692
23328
23068
22923
22681
22705
22723
22567
22613
22596
22676
22718
22567
22643
22506
22617
22851
22845
22667
22888
22872
23089
22877
22654
22566
22660
22680
22778
23492
22224
22213
22021
22485
22855
22678
25002
22780
23284
22632
23171
22955
22694
23085
23251
22451
23063
22588
22585
22716
22709
22310
22176
22630
22635
22762
22650
22659
22616
22585
22661
23068
22559
22619
22814
22739
22684
22778
22555
22729
22818
22592
22667
22636
22737
22856
22593
22615
22516
22627
25652
23026
23095
23039
23523
23351
22889
22493
22674
23013
23406
23133
23139
22855
23021
23070
22595
22626
22790
22749
23091
22659
22546
22596
22772
22646
23167
22965
22646
22764
22562
22590
22711
22907
22666
22576
22719
22696
22929
22918
22369
22156
22434
24671
23808
22787
22545
22662
22793
23091
22723
22622
22536
23023
22956
22597
22886
22747
22673
22753
22617
22622
22566
22676
22794
22577
22607
22677
22678
22947
22627
22582
22563
22843
22530
22626
22573
22637
22833
22663
22787
22578
22968
23092
22974
22599
22583
24629
24196
23187
23072
22883
22736
22947
23089
22811
22628
23074
22878
22860
23086
23013
22871
22684
22503
22400
22635
22684
22827
23051
23030
22823
22760
22640
22644
22557
22951
22841
22598
22572
22579
23058
23092
22809
22693
22682
23021
23059
22638
22571
22643
25902
22814
22704
22642
22744
22666
22779
22687
22885
22748
24629
23047
23075
22855
22840
22592
22621
22961
23028
22994
22672
22547
22612
22617
22636
22687
22597
22652
22780
22622
22622
22647
22585
22854
22571
22596
22533
22641
22695
22712
22563
22618
22912
22850
24955
23009
22554
22736
22705
22650
22452
22655
22909
22687
22858
23293
23119
23401
23078
22977
22661
22529
23132
23100
22845
22704
22651
22655
22629
22528
22295
22647
22663
22671
22670
22553
22583
22818
22655
22595
22558
22749
22757
22642
22602
22658
22675
22718
25234
23083
22724
22750
22682
22611
22541
22484
22561
22821
22739
22808
22605
22996
23075
23121
22655
22558
22755
23248
22566
22632
22665
23205
23081
22812
22541
23022
22893
22686
22557
22568
22658
22661
22696
23031
23061
22843
22693
22699
22616
22543
22694
22712
24092
22851
23059
23113
23285
22822
22853
23043
23169
23223
22671
22747
22657
22786
22714
22672
22619
22540
22773
22729
22684
22602
22532
22823
22674
22931
22818
22793
22871
22687
22691
22560
22557
22674
22763
22584
22601
22658
22970
22770
22609
22569
22638
25430
23044
22793
22600
22631
22896
22975
22601
22656
22866
23216
23084
23238
22888
22771
22814
22554
22710
22588
22821
22704
22612
22559
22513
22764
22645
22687
22505
22718
23092
22664
22614
22641
22590
22792
22727
22571
22689
22562
22665
22783
22706
22559
22688
24326
23032
22732
22658
22813
23074
23120
22698
22732
22602
23198
23019
23201
22788
22958
23173
23052
22703
22514
22747
22794
22611
22507
22531
23079
23070
22892
22539
22649
23179
22835
23440
23075
23019
23154
23057
22732
22566
23025
22604
22405
22616
22618
22579
25248
23140
22724
22622
22646
22680
22722
22598
22617
22898
23075
22702
23034
23399
23308
23155
22971
22675
22551
22813
22643
22579
22693
22510
22665
22950
22842
22614
22583
22703
22727
22606
22595
22747
23030
22666
22710
22662
22766
22709
22675
22668
22486
26243
23535
23134
22804
22567
22579
22951
23061
23053
22634
23161
23141
22823
23024
23068
23107
22891
22627
22546
22549
23300
22960
23041
22761
22711
22634
22669
22698
22761
22878
22816
22660
22585
22553
22690
22786
22642
22651
22742
22546
22631
23237
22744
22633
25424
23094
22732
22633
22534
22724
22656
22626
22591
22515
23237
22693
22683
22791
22580
23031
23118
22847
22609
22627
23140
23092
22837
22536
22647
22645
22721
22610
22630
22807
22662
22671
22615
22616
22597
22551
22965
22668
22119
22608
22685
22728
22585
22961
25189
23283
23164
23033
23057
22742
22762
22987
22566
22521
23146
22982
22955
23259
23031
23232
23118
23162
23117
23093
23256
23036
22700
22694
22778
23156
22634
22430
22306
22308
22700
22732
22564
22569
22630
22627
22689
22654
22591
22840
23066
22937
22887
22586
25555
23020
23109
23058
22928
23057
23154
22957
22594
22575
23299
23103
22987
22641
22706
22673
23067
23034
23038
22924
22973
23185
22605
22227
22478
22643
22646
22628
22612
22585
22808
22582
22571
22622
22566
22769
22646
22602
23674
23165
22874
22657
22613
24196
23328
22686
22468
22487
22493
23092
23065
22926
22603
22743
22885
22611
22958
22614
22588
22738
22806
22516
22594
22697
22871
22959
22622
22671
22958
23079
23073
22602
22556
22646
22720
22529
22659
22525
22659
22966
23056
22664
22558
22806
23172
23006
22592
24256
23221
23110
22235
22730
22580
23094
23058
22998
22564
22745
22952
22555
22960
22571
22685
23175
23059
22546
22687
22598
22652
22743
22589
22569
22650
22681
22724
22581
22705
23173
23046
22681
22642
22631
22835
22559
22632
22620
22522
22705
23167
22725
22714
25638
23015
23002
22617
22583
22721
22883
23092
22880
22580
23103
22735
23147
23231
23071
23254
23006
22571
22841
22991
23249
22845
22623
22671
23069
23155
22777
22840
23211
22922
23058
23075
22690
22546
22772
22659
22583
22708
22554
22682
22683
22644
22991
23028
26333
22806
23023
23066
22890
22706
22705
22631
22739
22756
22927
22753
22681
22956
22578
22834
22756
22629
22567
22782
22716
22617
22570
22600
22852
23242
23059
22666
22842
22942
23139
22786
22591
22614
22712
22724
22778
22738
22583
22705
22640
22623
22624
22593
26061
22858
22740
22829
23065
23122
22577
22815
23026
22827
22540
22741
22636
23104
22567
22515
22632
22615
22573
22727
22630
22671
22547
22665
23161
23054
22814
22576
22642
22927
22912
23111
23050
22970
23169
23066
22719
23534
22764
22680
22760
22558
23033
25739
22884
22812
23033
22575
23175
23073
22949
22566
22547
24238
23890
22737
22642
23200
23163
22821
22548
22601
22621
22682
22796
22598
22659
22732
23015
23078
22562
22754
22836
22587
22581
22569
23055
23178
22670
22587
22889
22759
23109
23118
22557
22558
22697
25639
23040
22652
22667
22705
22646
22720
22602
22508
22757
23167
22661
22688
22591
23059
22591
22760
22707
22592
22731
23270
22627
22556
22752
22839
22767
22551
22618
22905
22695
22581
22667
22579
22717
23195
23065
22594
22613
22704
23240
23096
22643
22721
22826
24657
23019
22784
23120
22770
22775
22586
22505
22717
22742
22995
22633
22666
22514
23049
23060
23097
22544
22773
23196
23086
22592
22652
22710
23132
23116
22790
22573
22876
23112
23117
22645
22627
22796
22701
22572
22585
22614
22721
22809
23068
22814
22156
22127
24605
22739
22813
22795
23168
23057
22684
22536
22914
23243
23077
22915
22477
23072
23255
22888
22796
22565
22713
22713
22625
22830
22533
22907
22730
22548
22552
22604
22941
22930
22818
22192
22217
22681
22693
22691
22559
22594
22848
22611
22618
22546
22618
25227
23023
22894
22976
22904
23141
23045
22708
22661
22608
23001
22837
22641
22658
22542
22746
22558
22803
22517
22777
22768
22542
22666
22571
23146
22739
22550
22699
22556
22778
22732
22662
22551
22494
22688
22766
22642
22559
23544
22733
22668
22657
22639
22577
24009
23037
22945
23026
22973
22944
22612
22561
22601
22613
23084
22578
22636
22705
22626
23189
23030
22824
22496
22810
22714
22566
22621
22832
23177
22867
22620
22849
23033
23270
22586
22613
22535
22599
22712
22685
22616
22651
22665
22608
22762
22595
22535
22740
24220
23137
23052
22667
22938
23058
22901
22737
22541
22918
23237
22981
22698
22557
22609
23364
23021
22803
22619
23261
22687
22658
22523
22559
22740
22680
22606
22561
22538
23300
23116
22898
22632
22520
22897
22591
22623
22617
22550
22748
22678
22578
22602
22889
24787
23444
22910
22993
22965
22614
22633
22608
22809
23313
23217
22698
22599
22803
23160
23157
23314
23089
22803
22748
22738
22705
22643
22749
22655
22625
22573
22564
22742
22698
22615
22922
22436
22563
22815
22519
22684
22762
22630
22727
22641
22087
22224
22823
23980
22970
22591
22603
23187
23102
22741
22584
22572
22818
22994
22832
22710
22737
23011
22858
22510
22746
22734
23193
23061
22651
22601
22574
22604
22768
22599
22576
22836
22688
22406
22380
22548
22789
22772
22698
22639
22674
22580
22796
22612
22633
22587
24264
24478
23191
22709
22666
22745
22713
22688
22542
22678
22785
23202
23068
22877
23187
23089
23155
23064
22742
22611
22869
22632
22561
22585
22813
23167
23056
22625
22666
22611
22645
22701
22623
22549
22663
22784
22640
22659
23470
22963
22855
22511
22667
22511
25003
23863
22792
22542
22509
23182
22781
22695
22590
22645
22868
22778
22587
22594
22791
23133
23069
22901
23093
22759
22659
22616
22640
22576
22604
22830
22563
22689
22522
22599
22902
22547
22565
22565
22777
22666
22592
22607
22577
22704
22696
22716
22654
22583
24789
23566
23483
22635
22693
23247
23028
22736
22537
22635
22955
22752
22863
23040
22640
22620
22811
22622
22796
22957
23401
23061
22537
22590
22788
22698
22568
22640
22543
22745
23191
23133
22851
22584
22575
22834
22863
23075
22848
22772
22752
22557
22676
22772
25793
23074
22651
22571
22653
22701
22661
22652
22560
22645
23026
22678
22728
22548
22796
23173
23205
23044
22908
22677
22852
22637
22649
23138
22973
22789
22756
22515
22683
22978
23096
22892
22672
22546
22701
22694
22618
22688
22538
22679
22742
22552
22737
23028
25654
22782
22616
22660
22625
23154
23104
22756
22496
22684
22965
23158
23057
23061
23191
23073
23228
23031
22891
23270
23095
22690
22673
23068
23246
22695
22625
22619
22567
23000
23126
22808
22645
22505
22698
22682
22568
22661
22498
22705
22663
22623
22661
22745
25307
22417
22276
22633
22402
22824
22570
23001
23126
23054
23204
23122
22778
22625
22667
22578
23226
23022
22808
22592
22676
22807
22531
22615
22745
22675
22679
22796
22657
22735
22708
22569
22716
22559
22590
22825
22630
23447
22664
22707
22774
22550
22988
22776
26236
23173
22586
22580
22698
23094
22877
23080
23019
23213
23037
23071
22660
22570
22573
22850
22837
22597
22754
22681
22770
22572
22579
22637
22813
22986
23040
22609
22939
23046
23015
22608
22596
22600
22925
23070
22938
22606
22539
23141
23055
22793
22609
22558
25460
23112
22784
22631
22618
23170
23103
22882
23180
23218
23159
23124
22865
22593
22671
22657
23105
22948
22698
22798
22768
22574
22646
22562
22873
23035
22754
22686
22801
22835
23195
22612
23085
23043
22979
23107
23060
22689
22512
23212
23109
22671
22146
23881
24252
22685
22783
22594
22755
22668
22629
22646
22664
22637
22881
23171
23094
23047
22850
22789
22675
22613
23052
23056
22953
22701
22604
22765
22934
22679
22632
22643
22582
22696
22607
22632
22640
22552
23092
22775
22568
22615
22537
22804
22765
22721
22925
28648
23826
22542
22541
22648
22663
22672
22755
22675
23072
22873
23023
22750
22955
23079
23132
23158
23081
23251
23037
23010
22768
22653
21987
22332
22687
22733
22629
22621
22771
22677
22620
22621
22557
22703
22603
22601
22871
22553
23150
23063
22844
22592
22562
25791
23157
22734
22500
22443
22715
22778
22565
22648
23195
23083
23214
23043
23058
23098
23091
23121
22728
22684
22855
22726
22557
22646
22595
22588
22799
22580
22587
22643
22715
22779
22612
22734
22635
22672
22895
23098
23741
22642
23028
23787
23106
22742
24350
23825
22816
22903
22536
22469
22793
22646
22670
22561
22717
22955
22643
23239
23410
22842
22832
22743
22649
23048
22860
22754
22637
22568
22532
23087
22955
22870
22316
22619
22912
22543
22600
22567
22542
22662
22734
22625
22557
22543
22767
22692
22938
22600
24984
23572
23012
22570
22589
22752
22733
22565
22534
22973
22644
22741
22635
22629
22592
22610
22752
22964
22861
22862
22766
22728
23036
22623
22461
22439
22682
22669
22613
22553
23034
23097
22962
22660
22550
22747
22671
22621
22657
22589
22720
22812
22646
22614
24721
23637
22988
22567
22606
22682
22639
22737
22647
22778
22280
22714
22715
22685
22585
22738
23220
23126
22726
22777
22689
22846
22508
22663
22806
22859
23465
22990
22655
22695
22830
23309
23287
23581
22848
22757
22694
22716
22550
22536
22767
22641
22965
23210
24598
24745
22813
23013
23156
22926
22955
22777
23029
22946
22632
22830
23107
23064
22648
22933
23133
22971
22675
22949
22922
22663
22752
22635
22565
23101
23145
22759
22793
23027
22832
22594
22297
22223
22646
22700
23154
23105
22992
22640
22622
22756
22578
22531
25583
23465
22763
22861
23018
23484
23140
22974
22834
22989
23087
22905
22554
22474
22270
22646
22777
22874
22618
22751
22632
22821
22735
23082
23005
22689
23130
23188
22771
22878
22901
22670
22643
22615
22584
23034
23138
23428
22616
22548
22879
22843
22870
22697
25105
23591
22884
22631
22587
22801
23100
23061
23142
22595
22769
22700
22666
22632
22605
22693
22709
22842
22612
22709
23221
23035
22779
22577
22743
22814
23088
22664
22640
23359
23072
22909
22654
22624
23156
23062
22804
22515
23159
23193
22825
22645
22565
22617
26217
23052
22672
22645
22750
23198
23053
22613
22874
22739
23020
22694
22618
22541
23058
23070
22894
22966
22772
22702
22714
22669
22615
22517
22757
22923
23052
22942
22628
22766
22670
22608
22603
22843
23191
23111
22743
22533
22780
23137
23104
22673
22574
22862
23775
22839
22743
22577
22741
22857
22860
22583
22876
22654
22881
22579
22693
22796
22709
23058
22821
22759
22620
22736
22705
22608
22620
22520
22773
22684
22642
22690
22539
23105
23142
22823
22608
22548
23188
23077
22786
22768
23157
23114
22990
22645
22602
22826
26057
22854
22695
22722
22612
22734
22939
23115
22636
22640
23190
23091
22660
22616
22744
23177
23226
23093
23112
22943
22736
22989
23784
23710
23385
22845
22904
22718
22525
22625
22806
22598
22526
22595
22700
22901
23008
22931
22504
22624
22139
22064
22032
22344
26112
22859
22749
22640
22641
22918
22604
22896
22615
22597
22796
23109
23045
22642
22685
23077
23294
22844
23373
22654
23017
23133
22855
22595
22747
22777
22657
22831
22799
22757
22696
22866
23046
22882
22931
22868
22999
22706
22727
22729
23360
22938
22845
23726
26327
23250
23070
23094
23075
22836
22827
22850
22612
22820
23230
23231
22705
22602
22908
23111
24267
22567
22516
22480
22281
22002
22099
21950
22429
24220
22043
22157
23023
22724
22291
22694
22668
22573
23054
23100
22872
22593
22542
23243
22841
22838
22594
26276
23213
22443
22629
22111
22034
22229
22460
22690
22408
22150
22115
22205
22026
22052
22276
22519
23400
23322
23588
23960
24468
22594
25618
22943
23174
22946
22611
22603
22903
23231
23061
22771
22612
22525
22780
24173
23731
22956
22706
23112
23070
22670
23205
24399
22545
22516
22628
22658
22972
22823
23646
22664
22634
22951
22712
22614
22692
22546
22604
22795
22899
22671
22733
23143
23168
22853
22633
22564
23227
23134
22864
22582
23126
23106
22803
22658
22544
22854
22736
22647
22619
22607
22760
22704
22652
22666
22623
25226
22975
22600
22590
22755
22818
23106
22787
22935
23163
22724
22665
22658
22571
22643
22801
22591
22908
22621
22822
23156
22768
22583
22626
22716
22733
22724
22668
23107
22869
22320
22072
22017
22649
22672
22702
22682
22662
22531
22593
22626
22537
22278
22015
25153
22796
22607
22626
22589
22872
22984
23033
22665
22760
23159
23083
22696
22560
22608
22802
22524
22920
22573
22619
23119
23564
23050
22945
23217
23231
23121
23035
23083
24266
22775
22297
21985
21840
22027
22210
23323
22200
21920
22225
22175
22057
22517
24246
22572
22233
21880
21871
21923
22413
22377
22791
22158
22143
22307
22062
22074
22085
21939
21997
22235
22028
22231
21948
22546
22733
22515
21957
22039
22140
22165
21971
21985
21981
22407
22702
22560
22201
22271
22140
22159
22040
21984
22053
22193
22164
22072
22100
22700
23919
22551
22222
21845
21931
22275
22522
22831
22308
21982
21984
22010
21930
22061
22006
21972
22192
22053
22136
22547
22196
22093
22127
22010
22017
23102
24916
23803
22625
23125
22708
23087
23232
23338
22594
22677
22419
21911
22008
21893
22447
22578
22259
22007
24023
22973
22579
22118
21901
21796
22506
22782
22506
21914
21938
22046
22167
21946
21990
22082
22496
22368
22319
22241
21949
22304
22118
22050
22044
21933
22613
22735
22187
22088
21964
22294
22043
22015
25330
22808
22645
22562
22267
22063
22120
22666
22426
22167
22071
25663
22627
22580
22097
22075
22081
21979
22222
21981
21804
22153
22282
22037
22436
22471
22203
22132
22300
22206
22406
22634
22744
22053
21955
21966
21998
22226
21982
21930
22031
22286
22754
22087
21990
22023
22200
22110
21968
22025
21935
22147
22229
22068
22007
22199
25237
22408
22055
21842
21931
22303
22492
22792
22499
21994
22103
22211
22103
22013
22010
21981
22128
22393
21999
22353
22367
22392
22115
22014
21972
22043
22194
22040
21956
21997
22225
22711
22769
22345
22070
22134
22070
23367
22033
22032
22233
22668
22590
22187
22189
25030
22965
22089
21977
22063
22151
22101
23956
22008
22132
22142
22160
21997
22026
22019
22064
22177
22154
22016
22692
22615
22917
22793
22639
22205
22077
22178
22102
21988
21999
22314
22779
22600
22518
22576
22422
22181
21998
21993
21967
22221
22172
22051
22069
21998
25258
22714
22476
22017
21896
22286
22807
22510
22556
21888
22048
22094
22209
21986
22009
22554
22665
22680
22111
22740
22009
22269
21987
22015
22014
22357
22501
21976
21859
21901
22373
22566
22515
22095
21894
22083
22531
22467
22510
22357
22211
22753
22399
22021
22872
23518
22579
21981
21859
22038
22309
22916
21956
22050
22082
22059
22145
21997
21981
21978
22055
22019
22635
22014
22259
22133
22213
22018
22071
22012
22204
22190
22031
22105
22111
22105
22066
22178
22027
22025
22072
22151
22108
22021
22008
22175
22647
22818
22356
22024
24231
22517
22405
21883
21856
22179
22559
22181
22037
22106
22107
22195
22027
21970
22017
22086
22053
22141
22051
22085
22182
23914
22675
22158
22030
22014
22261
22033
22082
21957
22127
22578
22495
22138
21969
22057
22106
22085
22055
22197
22166
22294
22048
22104
22014
24816
22697
22656
22039
21998
22111
22442
22454
22238
22027
22123
22145
21996
22053
21977
22016
22049
22146
22123
22113
21997
22430
22525
22386
22068
21971
22270
22102
22105
22412
22565
22215
22085
22063
22137
22199
22064
23052
22039
21957
21975
22705
22514
22238
22083
25783
22824
22276
22170
22161
22227
22341
22065
22050
22027
22180
22132
22160
22189
21977
22051
22223
21993
22030
22093
22124
22380
22039
22141
21939
22053
22272
21978
22056
21947
22646
22578
22300
22000
21983
22771
22646
22431
22049
22010
22097
22159
21986
22080
22042
25928
22635
22102
22077
22022
22090
22814
21925
22056
21815
22149
22084
21951
22067
22299
22613
22396
22035
22570
22287
22198
22284
22016
22091
21964
22139
22124
21994
22074
22007
22414
22821
22402
22102
21965
22525
22744
22453
22121
22178
22480
22585
22361
22141
21948
26036
22450
22465
21995
21838
22535
22728
22402
21980
21929
22126
22140
22087
22030
21969
22135
22354
22297
22501
22208
22038
22332
22007
21981
22031
22106
22171
22079
21974
21962
22190
22218
22074
21921
21967
22016
22063
22132
21968
22025
22314
22650
22552
22101
22033
25051
22782
22592
22007
21838
21971
23726
22572
22596
22009
22089
22217
22086
21969
21967
22102
22413
22040
21995
22426
22624
23002
22305
22135
22019
22130
22066
22026
21988
21960
22271
22111
22022
22031
22041
22130
22213
22003
21991
22054
22466
22710
22620
22207
22561
26130
22760
22474
21920
21830
22347
22219
22030
22141
22016
22198
22094
21994
22033
21918
22186
22117
21973
22042
22135
22052
22410
22053
22146
22171
22097
22120
22019
22053
21983
22205
22103
22010
22024
22064
22076
23422
21977
22053
22038
22123
22297
22116
22037
21975
25639
22658
22349
22008
21833
22107
22209
21966
21867
22162
22426
22615
22316
21850
22015
22120
22168
22033
22045
22290
22423
22765
22043
22070
22087
22305
22745
22309
22146
22218
22087
22084
22123
21974
22053
22110
22194
22113
21970
21988
22036
22135
22218
22016
21945
24926
22348
22114
21930
21966
22386
22272
22110
22076
22028
22092
22040
22241
22000
22018
22117
22087
22088
22620
22011
22187
22189
22192
22056
21964
22607
22555
22484
22495
22547
22265
22094
22166
22047
21992
22000
22142
22027
22010
21989
22024
22184
22165
22011
21979
21930
25408
22211
22095
21950
22177
22780
22677
22565
22039
22019
22244
22026
22015
22035
21928
22419
22527
22467
22133
22642
22726
22514
22079
22081
21978
22278
22005
22044
21980
22125
22747
22795
22298
22025
21995
22167
22078
22051
22212
21988
22187
22177
22045
22026
24512
22779
22554
22292
21988
22236
22198
22102
22208
22081
22081
22252
22090
21999
22032
21921
22255
22145
22045
21963
22121
22148
22280
22027
22002
21978
22283
22074
21989
22021
21992
22661
22829
22468
22093
22039
22131
22154
22020
22087
21988
22077
22256
22083
22085
23765
22950
22635
22431
22656
22577
22294
22123
22059
22041
21912
22134
22202
22047
22067
21912
22060
22199
21970
22022
22127
22248
22251
22037
21990
22035
22434
22551
22577
22631
21958
22037
22518
22146
22078
22220
22641
22324
22160
22026
22018
22107
22126
22075
22023
23356
23198
22921
22140
22027
22269
22296
22416
22094
21984
22056
22162
22150
22048
22440
22590
22304
22183
21996
22010
22192
22009
22073
22404
22026
22098
22047
22262
22043
22013
21981
22058
22170
22027
22040
22037
21975
22026
22357
22001
22081
22146
22155
22050
22042
21927
25538
22791
22321
21831
22393
23587
22021
22073
21886
21967
22160
22129
22052
22077
22041
22126
22242
22666
22031
22086
22802
22511
22360
22015
21955
22127
22097
22143
22027
21955
22617
22606
22211
22012
21953
22303
22713
22614
22330
21997
22433
22124
22030
21998
21920
26467
22254
22146
22038
22320
21991
22042
21930
21889
21856
22154
22076
22114
21991
21940
22504
22150
22119
22152
22099
22646
22545
22302
22000
21969
22190
22143
22045
22028
21944
22676
22728
22254
22059
21936
22208
22202
21977
22043
21990
22110
22193
22076
22243
22075
25912
22188
22344
22525
22614
22316
22554
22558
22242
21815
22102
22019
21965
21913
21860
22201
22090
22057
22055
21959
22612
22618
22552
22570
22641
22263
22053
22021
22075
22084
22705
22513
22238
22069
21952
22126
22234
21994
22005
21957
22170
22153
22146
22005
21970
25469
22695
22257
21988
22245
22379
22587
22516
22594
22093
22077
22162
22272
22039
22046
22137
22079
22111
21987
22048
22650
22553
22511
22088
22169
22043
22159
21997
22024
22068
22130
22074
22084
22021
21994
23233
22230
22254
22116
22145
22758
22549
22123
23086
24632
23259
22735
22455
22145
22431
22140
22436
22287
22104
22235
22394
22021
22024
21994
22229
22310
22145
21996
21932
22334
22574
22287
22243
21944
22160
22150
22104
22072
22033
22134
22123
22002
22078
21972
22158
22165
22010
22033
21999
22251
22164
22095
22053
22004
25085
22127
22166
22032
21986
22458
22416
22350
22424
21985
22059
22305
21995
22040
21919
22108
22196
22080
21977
22557
22071
22463
22055
21997
22215
22051
22107
22176
21986
22084
22478
22194
22037
21979
22059
22268
22857
22546
22224
22105
22100
22129
22071
22037
22219
25559
22559
22411
22007
22003
22236
22011
22056
21906
22838
24416
24596
23105
22483
22085
22085
22022
21867
21953
21942
22461
22762
22647
22130
21965
22134
22139
22064
22027
21991
22508
22619
22376
22162
22008
22173
22149
22021
22012
21939
22110
22197
22083
22036
21948
25804
22366
22110
22057
22207
22244
22109
22197
22040
22243
22715
22606
22088
21960
21837
21961
22192
21985
22052
21967
22116
22374
22037
22164
21993
22153
22186
21980
22021
21991
22347
22718
21983
22038
21978
22074
22105
22017
21962
21973
22212
22181
22047
22022
22019
25420
22865
22503
22000
22345
22866
22282
22146
22055
21988
22168
22065
22006
21986
22222
22227
22174
22034
21942
22142
22148
22239
22046
21928
22304
22181
22146
21995
23148
23751
22012
22070
21851
21907
22012
21947
23172
22087
22190
22230
22493
22144
22057
22007
24953
23163
22475
22173
21860
22359
22548
22622
22234
21976
22109
22243
22285
22198
22122
22136
22462
22267
22272
22131
22058
22027
22205
22074
22113
22469
22179
22056
21979
22049
22088
22244
22071
22001
22011
22175
22527
22571
22438
21987
22057
22032
22178
22091
21989
23930
23781
22026
21922
21887
22148
22086
22123
22103
22036
22021
22188
22038
22069
21946
21971
22371
21967
22112
22496
22166
22214
22091
22286
22014
22290
22119
22067
22099
22032
22029
22181
22144
22049
22078
21965
22597
22701
22567
22021
21960
22105
22159
22045
22075
22080
25852
22050
21973
21931
22161
22152
22118
22101
22089
21949
22136
22064
22000
22068
21908
22262
22004
22010
22012
21964
22091
22100
22288
22065
22272
22120
22142
22003
22096
21969
22477
22841
22603
22200
21969
21984
22087
22269
22000
22018
22117
22361
22080
21998
22126
25294
22547
22253
22245
22164
22065
22094
21913
21924
21919
22106
22128
22001
21999
21992
22347
22676
22611
22289
22013
22012
22041
22405
22120
22407
22159
22078
22125
21992
22022
22071
