22901
23064
23005
23139
23233
23110
23200
23342
23286
23206
23127
22872
22879
23189
22949
22683
23136
23129
22718
22885
23293
23125
23162
23138
23197
22975
22625
25059
23179
22700
22916
23168
23179
22877
23384
23358
22848
23148
23465
23166
23132
23149
23199
23193
24159
23184
23165
23173
23100
23135
23114
23442
23134
23212
22840
23173
23442
23428
23257
23313
23356
23434
23182
23297
23143
25716
24809
37767
25154
23733
23383
23334
23207
23270
23492
23351
23179
23283
23058
23172
23144
23070
22610
22795
23323
23000
23239
23310
23322
23249
23076
22951
22800
22993
23360
22843
22879
23134
23173
23374
22691
22877
23139
23177
23149
23360
23344
23384
23277
23619
23471
25097
25373
23633
23616
23750
23283
23297
23194
23156
23515
23321
23192
23339
23397
23273
23295
23431
23423
23456
23320
23159
23158
23138
23162
23233
23301
23353
23446
23295
23370
23302
23245
23353
23249
23277
23212
23138
23298
23331
23365
23267
23176
23137
23288
23401
22823
22759
22811
22725
23243
23129
23158
22754
23041
31502
24261
23487
23425
23533
23200
23356
23311
23374
23362
23373
22832
23276
23411
23408
23177
23156
23288
23163
23164
23142
22876
23135
23188
23172
23198
23281
23437
23227
23152
23179
23138
24733
23360
23671
23391
23384
23402
23539
23364
23512
23406
23300
23356
23271
23161
23213
23227
23625
23230
23243
23706
23504
23426
23304
23194
23320
23938
24125
24050
23637
23387
23698
23368
23233
23643
23226
23342
24107
23344
25960
23154
23206
29598
25251
25588
23214
23354
23822
23790
23217
23235
23521
23566
23143
23559
23678
23784
23448
23433
23289
23140
23178
23337
23184
23142
23654
23672
23416
23272
23363
23388
23351
23151
23372
23335
23338
23173
22895
22917
22709
22829
23213
23268
23187
23098
23367
23749
23213
23314
23371
23212
23473
23502
23351
23531
23390
23347
23148
22983
23066
23146
23193
23136
23169
23192
23211
23130
23171
23164
23411
23477
23917
23449
23357
23405
23183
23142
23159
22710
22986
22687
22618
22768
22878
22902
22761
23032
22889
23064
23709
23253
23508
23162
23538
23306
23182
23161
23146
23211
23177
23154
23144
23162
23183
23147
23154
23134
23224
23151
23533
22921
23183
23700
23161
23169
23393
23335
23299
23472
23085
23336
23324
22636
23226
23321
23261
23214
23035
23254
23301
23089
23290
24810
23558
23069
22931
23174
23223
23210
23144
23168
23767
23172
23190
23182
23172
23152
22997
23003
23172
23213
23418
23454
23145
23175
22948
23177
22871
22825
22831
23182
22992
23152
23142
23155
23164
23145
23162
23124
22855
23017
22696
23107
22875
22967
23133
23511
23180
23169
23174
23192
23462
23170
23174
23414
23878
23191
23224
23675
23604
23398
23258
23322
23346
23359
23302
23324
23374
23265
23253
23346
23007
23132
22841
22755
22827
22676
22828
22759
22569
22486
22681
22645
22903
22889
22321
22981
24344
25040
23640
28037
23763
23560
23680
25724
23206
23533
24630
23400
23641
23886
24442
23280
23815
24336
23796
23589
23707
23861
23435
23309
22924
22591
22557
22748
22667
22462
22074
22028
22201
22818
22648
22560
22949
23148
22898
22660
22614
22634
22614
23035
22717
22608
25983
22946
22608
22688
23384
23210
23066
22867
22847
22147
22147
23016
22848
23236
23031
22804
22343
22365
22622
22140
22066
22806
22796
22745
22721
22624
22501
22238
22349
22073
23453
23164
23289
23619
22936
22733
22643
22777
23122
23136
23153
23189
23103
23981
24318
23404
23163
22944
22891
22700
23079
23090
22860
22224
22914
22354
22195
23045
22629
23120
22692
22666
22768
22858
22563
22432
22060
22072
22008
24283
22631
22724
22321
22210
22755
22871
22303
22659
22322
22862
22588
22729
22546
23590
23187
23634
23359
24119
23389
22551
22054
22372
22743
22458
22304
22690
22567
22171
22767
22803
22686
22616
22880
23364
23070
22622
22814
22720
22539
22309
22192
22289
22255
22465
23338
22744
22325
22112
22395
22304
22223
22354
22808
22908
22421
22535
22647
22524
23007
22794
22512
22365
25346
22862
22653
22973
23020
22777
22715
23301
23001
22617
23100
23367
23936
23921
23324
22957
22811
22692
22817
23125
23240
22967
22797
22742
23041
22931
22936
22785
22664
22896
22999
22977
23146
23000
22992
22746
23290
23206
24094
23387
23314
22913
23223
25037
23477
23347
23396
22791
22926
22475
22872
23317
23280
23183
23206
22849
23022
23425
23427
23415
23579
23347
23678
23426
23339
23353
23744
23521
23259
23552
23237
23360
23423
22745
22793
22805
22755
22400
22360
22268
22635
22531
22322
22809
22848
22774
22757
25136
23090
23105
22970
22271
22248
22073
22577
22784
22725
22701
22626
22536
22102
22767
22640
22634
22908
22951
23035
22348
22547
22974
22930
22893
22688
22670
22725
22281
22289
22728
22587
22507
22909
22626
22535
22510
22715
22718
22587
22548
22632
22661
22617
23547
22914
22832
23051
22717
22234
22316
22019
22556
22753
22605
22576
22560
22292
22497
22169
22036
21985
22618
22377
22068
22037
21951
22524
22624
22650
22450
22550
23019
22422
21968
22042
22036
22548
22638
22614
22586
22566
22707
22627
22685
22025
21933
22603
25306
22803
22381
22522
22605
22371
22106
21992
22221
22963
22659
22661
22654
22542
22734
22731
22862
22006
22103
22765
22654
22609
22580
22661
23137
23108
22681
22715
22673
22686
22724
22604
22656
22782
22731
22652
21974
22012
22131
22249
22059
22037
22085
22214
22257
24296
22148
22186
22757
22252
22408
22166
23097
22326
22569
22297
22413
22250
22378
22917
22664
22615
22575
22633
22940
22543
22628
22650
22724
22723
22788
22829
22743
22912
22863
22819
22730
22703
22792
22853
22808
22731
22496
22716
22742
23070
23065
22677
23820
23435
23026
22462
22809
22668
22830
23035
23001
22724
22926
23060
23042
23061
23280
23067
22763
22601
22635
22849
22874
22440
22244
22045
22512
22512
22156
21974
22198
22152
22185
22057
21994
22590
22541
22877
22679
23117
23169
23208
23446
23244
23143
22848
22449
23560
22532
22216
24083
22303
22229
22065
22187
22203
22742
22236
22138
21959
21949
22665
22423
22562
22596
22590
23016
22661
22564
22615
22496
22717
22940
22374
22077
21976
22758
22312
22605
22615
22713
22814
22595
22492
22002
22020
22550
22304
22119
22008
22093
22691
25368
22492
23893
22903
22686
22691
22556
22554
22979
23065
22766
22200
22091
22491
22949
22642
22096
22362
22562
22834
22669
22600
22630
22753
22729
22665
22731
22684
22735
22481
22028
22153
21973
22176
22293
22003
22071
22032
22457
23027
22712
22610
22633
22455
25475
22798
23316
22259
22743
22640
22640
21940
22453
22828
22939
23010
22767
22842
22758
22753
22254
22098
22752
23041
23087
23048
22761
22770
22676
22705
22703
22589
22773
22940
22841
22683
22596
22639
22782
22615
22438
22686
22867
22711
22535
22536
22533
22640
24043
22512
22416
22121
22220
22125
23000
22027
22039
22086
22849
22358
22071
22242
22434
22267
22039
21954
22171
22429
22214
22120
22051
22700
22493
22223
22029
22016
22271
22601
22703
22536
22646
22718
22700
22984
23041
22643
22518
22802
22600
22622
22029
22255
23936
24780
22385
23442
23121
23149
22927
22594
22519
22736
22792
22543
22471
21955
22692
22677
22708
22619
22592
22326
22358
22671
22644
22568
22930
22885
22782
22328
22321
22767
22939
22832
22992
22750
22238
22334
22214
22425
22703
22750
22262
22337
22633
22696
23032
25298
22824
25438
22813
22788
22558
22932
23407
23214
23130
22279
22020
22323
22669
22656
22386
22001
22938
23166
22440
22046
21989
22546
22584
22588
22580
22666
22701
22769
22658
22602
22501
22676
22534
22457
22739
22680
22877
22934
22429
22212
22117
22675
22665
25560
23087
22976
23008
22980
22716
22096
22896
22603
22449
22904
22653
22573
22836
22792
22854
22121
22270
22630
22318
22153
22143
22401
22474
22578
22665
22836
22942
22895
22712
22323
22405
22382
22631
22218
22139
22163
22357
22927
22951
22667
23033
23105
22797
25579
22764
22891
22826
23049
22598
22025
21957
22533
22775
22979
22928
22635
22828
22700
22750
22086
21939
22623
22693
22585
22546
22582
22691
22744
22645
22594
22656
22736
22645
22576
22041
22109
22510
22674
22646
22657
22547
22673
22787
22629
22567
22646
22616
22726
24243
23314
23127
22767
23083
23404
23069
22897
22847
22619
22807
22725
23120
22833
22709
22881
23020
23091
22735
22619
22757
22745
22376
22664
22262
22747
22383
22205
22242
22294
22507
22372
22887
22751
22667
22720
22776
23265
22595
22575
22612
22623
22625
22716
24112
23476
23199
23369
23194
22231
22041
22663
23125
22677
22242
22133
22694
22628
22563
22801
22585
22928
22787
22501
22082
22095
22769
22711
22671
22549
22638
22684
22676
22658
23148
22555
22672
22712
22603
22705
22750
22643
22260
22251
22166
22150
22759
22957
24757
23304
22459
22652
22686
22561
22556
22885
22656
22759
22683
22577
22718
22655
22472
21997
22337
22781
22770
22389
22056
22265
22787
22894
22692
22643
22735
22527
22917
22588
22618
22644
22915
22756
22537
22616
22521
22916
22664
22313
22116
22817
22659
22607
22584
24258
22559
22603
22654
22612
22651
22922
22940
22688
22885
22748
22959
23010
22598
22757
23045
22947
23216
23015
22810
22452
22860
22933
22810
22783
22396
22705
22672
22648
22646
22634
22752
23069
23087
22990
22667
23137
22972
22431
22177
22274
22685
22605
22214
27164
22606
22135
22123
22007
22113
22305
22164
22010
22278
22195
22394
22347
22160
23601
23447
22703
22704
22627
22564
22731
22770
22890
22796
22388
22400
22809
22659
22570
22710
22580
22808
22575
22595
22608
22748
22894
22729
22175
22082
22595
22738
22566
22819
24742
23348
22640
22643
23166
22642
22797
22779
22554
22804
22575
23117
22786
22582
22913
22833
22790
22406
22785
22232
22482
22799
22900
22713
22987
23135
22812
22551
22738
22857
22595
22422
22350
22155
22178
22256
22767
22459
22561
22400
22518
22846
22714
22710
25563
22939
23094
22809
23067
23054
22772
22654
22602
22305
22604
22611
22774
22237
22016
22002
22535
22166
22150
22122
22577
22356
22325
22603
22699
22498
23068
22699
22564
22644
22801
23065
22779
22607
22537
22674
22729
22717
22078
23340
22637
22604
22101
22097
26472
22789
22647
22676
22677
22573
22755
23541
22828
22863
22766
22718
22817
22700
22630
22595
22847
22906
22676
22125
22034
22495
22507
22788
22744
22890
23049
22802
22743
22844
22578
22666
22326
22208
22116
22070
22710
22319
22256
22270
22241
22725
22708
22242
25361
23114
22889
22645
22666
22507
22734
22835
22706
22655
22949
23005
23397
22985
22598
22653
22960
22959
23067
22800
22528
23496
23161
22926
23064
22921
22825
22683
22782
22645
22350
22515
22606
22667
22652
22473
22712
22598
22550
22616
22700
22664
22627
22596
24830
23501
22701
22564
22629
22521
22914
22757
22422
22230
22542
22896
23087
23020
22698
22538
22936
22676
22588
22523
22659
22858
23184
23006
22430
22156
22756
22627
22160
22038
22089
22672
22733
22581
22390
22251
22357
22646
22613
22564
22627
22668
22617
22634
22818
24552
22736
22679
22608
23403
22626
22924
22567
22648
22812
22834
22800
22462
22089
22253
22354
22737
22704
22541
22538
22794
22685
22578
22129
22005
22398
22684
22869
23036
22883
22702
22708
22645
22611
22263
22597
22430
22784
22618
22603
22772
22655
22674
22330
25485
22737
22132
22038
22061
22253
22118
22224
22025
21971
22780
22996
22637
22536
22545
22739
22774
22814
22705
22551
22726
22857
22631
22634
22672
22933
22781
22554
22548
22602
22935
22684
22724
22562
22561
22699
22661
22666
22600
22691
22938
22581
22576
22822
24647
23763
23310
22163
22219
22288
22782
23142
22568
22642
22896
22931
22264
22091
22123
22488
22805
22357
22897
22972
22857
22868
22551
22820
22689
22703
22972
22953
23011
22980
22709
22639
22687
22640
22632
22920
22733
22678
22052
22093
22903
22857
22811
23126
24642
24887
23093
22767
22576
22699
23054
23186
23016
22787
22725
22853
22736
22519
22551
22699
22710
22526
22335
22171
22513
22720
22301
22573
22557
22637
22765
22596
22606
22554
22816
22911
22474
22115
22105
22741
22874
22773
22615
22509
22726
22661
22648
22822
23038
25631
23198
22624
22748
22740
22774
22670
22557
22649
23243
23409
22469
21983
22047
22164
22180
22331
22001
21938
22154
22281
23313
23683
22457
22520
22755
22604
22662
22705
22743
22790
22579
22576
22530
22889
22873
22732
22141
22039
22733
22832
22418
22558
22154
25727
22713
22738
23134
23076
22689
22836
22632
22598
22683
22869
22833
22407
22113
22265
22569
22547
22185
22119
22253
23089
22797
22857
22729
22709
22975
22632
22622
22710
22566
23005
22825
22551
22567
22693
22779
22763
22505
22100
22327
22351
22191
22430
23131
25296
22393
22030
22225
22013
22292
22321
22003
22031
21956
22510
22379
22191
22112
22407
22619
22778
22586
22663
22550
22645
22709
22618
22645
22562
22805
22729
22717
22764
22977
22518
22643
22805
22730
22683
22794
22708
22716
22963
23176
23417
22614
22167
22503
24792
23761
22717
22553
22656
22551
22784
22797
22673
22680
22832
22802
22538
22118
22178
22346
22503
22153
22264
22089
22189
22581
22625
22640
22558
22712
22766
22638
22617
22568
22776
22763
22772
22604
22122
22707
22275
22270
22345
22568
22239
22259
22067
22690
22638
25923
22865
22698
22775
22701
22490
22326
22266
22137
22223
23029
22142
22142
22023
21916
22812
22733
22608
22579
22597
22765
22773
22675
22638
22655
22169
22125
22224
22039
22576
22548
22154
22157
22556
22058
22189
22201
22114
21941
22004
22655
22356
23072
23354
24932
23405
23169
22665
22621
22990
22794
22219
22179
22092
22869
22475
22319
22412
22409
22405
23087
23360
22891
22597
22435
22671
23094
22594
22470
22681
23048
22901
23006
22631
22660
22525
22291
22086
22059
22091
22655
22643
22608
22748
22670
22594
22780
22728
25855
23174
23082
23526
22526
22855
22915
22767
22214
22057
22613
22508
22145
22152
22099
22831
22926
22803
22621
22547
22709
22816
22892
22581
22049
22973
22737
23263
23348
22647
22819
22513
22702
22568
22621
22867
23022
22370
22443
22914
22554
22854
23056
22856
25461
22737
22789
22695
22225
22808
22516
22199
22292
22183
23134
22291
22058
22079
22021
22283
22196
22274
22737
22442
22795
22909
22726
22964
23078
23058
22971
23063
22769
23218
22796
22678
22365
22070
21956
22184
22236
22115
22028
21953
22739
22661
22777
22845
25828
24025
22698
22669
22551
22542
22938
22578
22541
22579
22831
22861
22551
22128
22071
22443
22661
22649
22038
22109
22454
23076
22831
22824
22760
22965
22944
22611
22660
22557
22580
22809
22625
22775
22702
22533
22257
22281
22181
22055
22621
22953
22696
22869
22533
25587
23017
23004
22514
22574
23303
22799
22612
22575
22657
22967
22694
22560
22590
22618
22635
22940
22587
22591
22650
22800
22964
22931
22429
22294
22440
22186
22216
22153
22347
22752
22677
22518
22595
22813
23158
23231
22117
22089
22500
22981
22806
23328
23023
26338
22667
22556
22237
22137
22909
22709
22545
22651
22687
23255
22732
22564
22605
22518
22727
22690
22840
22531
22614
22774
22752
23277
23068
22959
23075
23352
22795
22133
22290
22910
23541
23855
23902
22639
22930
22813
22301
22169
22605
22970
22959
22872
22678
25747
22439
23160
22573
22713
22855
22808
22795
22099
22136
22903
22297
22251
22154
22085
22794
22665
22721
22765
22597
22608
22808
22594
22609
22724
22860
22752
22580
22471
22256
22414
22396
22221
22047
22313
22314
22451
22119
22142
22581
22716
22911
22575
22793
24516
22928
22651
22587
22575
22854
22751
22995
22769
22704
22917
23069
22684
22246
22086
22507
22909
22447
22554
22196
22638
22930
23111
22586
22641
22842
23108
23113
22812
22269
23532
22670
22767
23317
23585
24944
22675
22655
22637
22822
23004
23142
22601
24196
23596
22741
22671
22516
22603
22647
24577
22615
23124
23235
23281
23167
22613
22567
22508
23206
22671
22946
22731
22915
22938
22893
23224
22673
22635
22792
22681
22566
22862
24173
23382
22976
22772
22708
22969
23094
22599
22601
22596
23279
22955
22937
22615
25827
23690
23272
23290
23087
22878
23006
23759
23473
23378
23399
23845
23245
25504
24343
22939
22747
22778
22737
22599
22273
22569
22279
22052
21985
23163
23933
23456
22833
22802
23081
23104
22983
22672
22702
22995
22382
22331
22183
22265
23023
23010
22745
22603
26517
22821
22699
22668
22813
23233
23413
23044
22852
22575
22713
22685
22522
22670
22983
23149
23044
22815
22745
22515
22584
22666
22424
22191
22378
23094
22766
22730
22462
22420
22764
22633
22953
23016
22939
22748
22689
22617
22652
23095
22587
22785
22658
22545
25991
23346
22713
22636
22667
22759
22656
22285
22303
22600
22696
22919
22567
22650
22698
22500
22423
22543
22058
22145
22754
22667
22685
22507
22653
22754
22686
22254
22028
22166
22640
22349
22562
22627
22661
22730
22642
22610
22594
22862
22984
23100
22364
22626
25665
23024
22119
22136
22112
22397
22823
22523
22079
22650
22901
22957
22830
23462
23065
23212
23195
22756
22713
22861
23009
24425
23178
22304
22230
22625
22483
22801
22571
22064
22053
22208
21951
21956
22733
22100
22186
22002
22023
22097
22950
25500
24236
23379
27120
23766
23136
22745
22039
22092
21974
21894
21952
21869
22259
22585
22637
23440
23290
23228
23433
23736
23046
23397
23446
23218
23396
23138
24046
22975
22311
22240
22181
23088
22294
22398
22633
22481
22259
22324
22214
22934
22954
22648
22685
24670
22808
22417
25657
22129
21988
22065
21976
22085
22040
21912
22230
22185
22055
22648
22509
22191
22148
22289
22179
22186
22354
22040
22362
22103
22096
22612
22357
22817
22211
21945
22061
22177
22194
22139
22220
22048
22268
22690
22517
22139
22159
22028
22050
22682
21990
22062
22252
22052
24656
21986
22179
23066
22607
22111
22080
21962
22227
22943
22719
22179
22229
22062
22139
22055
21939
22084
22061
22096
22155
21990
23152
23338
22852
24398
22527
22128
22005
22064
21892
21932
22394
22715
22769
22394
22048
22214
22697
22610
22456
22025
22023
22170
24328
22890
22644
22179
22142
22056
22163
22021
22129
22200
22027
22166
22031
22048
22057
22232
22031
22252
22078
22133
22111
22058
21959
22252
22373
22169
22046
21891
22067
22143
22316
21989
22008
22120
22106
22100
22207
21954
22036
22205
22045
22889
22802
22025
22155
22109
24532
22534
22930
23230
23090
23072
23171
23282
23110
22906
22134
21962
22119
22084
21968
21827
22177
21855
22330
23136
22941
22182
22270
22543
22195
22010
22484
22784
23332
22886
22948
23074
23308
23221
22923
23613
23491
23595
23090
23241
23061
21940
22167
24651
22184
22280
22138
22456
22486
22266
21841
21869
22045
22021
22087
22360
21984
22088
22151
21937
21966
22132
22117
22212
22098
22030
21932
22148
22033
21975
22040
21904
22059
22287
22002
21968
21952
22217
22255
22135
21948
22046
22455
22656
22807
22659
22401
22340
24570
23136
22238
21886
22032
21981
21870
21863
22091
22640
22561
22031
22079
21928
22246
22560
22143
22007
22154
22115
22303
22098
22057
21898
22091
22245
22058
22245
22473
22058
22322
22023
21981
22076
22440
22592
22460
22028
22138
22316
22285
22480
22121
21991
22008
22599
23467
21989
22093
21912
22021
21992
21882
21974
22384
22643
22398
22112
21883
21898
22089
22096
22322
22248
21910
22082
22172
21858
22029
22753
23254
23224
23278
23099
23335
22799
22629
22095
21947
21987
22259
22064
21984
22043
22082
22335
22766
21965
21994
22386
24935
22371
22053
22170
22024
22219
22013
22072
21993
22075
22212
22032
22165
21933
22098
22242
22038
22143
22190
22021
22345
22011
21973
22035
22011
22033
22197
21947
21983
22021
22060
22084
22009
21923
21979
22219
22084
21996
21904
22025
22017
22427
22042
22045
22194
24938
22569
22572
22091
21987
22140
22041
21936
22053
22051
22051
22181
22161
21951
22034
22083
22452
22480
22470
22306
22196
22062
22103
22128
22011
22021
22150
22033
22409
21905
22167
22153
22075
22022
21950
22187
22233
22043
21953
21939
22192
22452
22064
21965
22007
22648
24245
22615
22257
21834
22192
22073
22026
22112
22001
22320
22117
22111
22172
21981
22219
22125
22048
22132
22128
22148
22281
22043
22135
22464
22498
22158
22017
22004
21910
22091
22201
22066
22024
21922
22042
22222
22020
21934
22025
22061
23488
22035
21957
21994
25763
22246
22064
22342
22073
22184
22225
21993
22289
21948
22011
22042
22107
22274
22010
22164
22168
22062
22020
22156
22141
22289
22085
22001
21977
22150
22163
22225
22089
22029
22095
22169
22000
21997
21991
22043
22378
22098
21958
22014
21995
22454
22246
21956
21985
25566
23113
22032
21968
21939
21938
22121
22081
21918
21920
22060
22006
22173
22233
22043
22145
22018
22234
22030
21939
22325
22147
22091
21996
21979
22109
22101
22232
22117
21945
22409
22136
22047
22045
21977
21985
22126
22146
22008
21951
22047
22480
22200
21982
22022
25091
23694
22034
21884
21949
21906
22052
21861
21884
21946
22141
22035
22162
22113
21983
22111
22066
22158
22120
21991
22413
22095
22122
22038
22032
21926
22150
22086
22065
21991
21917
22158
22065
22140
22195
22001
22159
22107
22005
22041
21945
22396
22094
22047
22017
21956
25810
22552
22490
21875
22048
22219
22094
22055
22002
21988
22196
22198
22278
22339
22085
22164
22126
22000
22138
22067
22012
22299
22403
22602
22578
22327
22150
21997
22577
21908
22176
22094
22033
21974
22038
22057
22398
22050
21984
22020
22395
22135
22097
21965
23754
23761
22639
22320
22201
21978
22096
22205
22042
22065
21976
22020
22127
22167
22389
22418
22162
22231
22051
21968
22181
22011
22518
22130
22047
22083
22129
22360
22515
22440
22134
22086
22159
22045
22024
22522
22736
22282
22060
22521
22609
24703
24284
21996
22119
23566
22848
22588
21911
21913
21862
21988
22023
22196
22033
21997
22145
22332
22082
22192
21838
22188
22578
22517
22057
22046
21981
22080
21935
22027
21970
22027
22160
22047
21957
22035
22029
21997
22852
22184
22205
22092
22077
21960
22096
22054
22532
22792
22238
22109
23111
23045
22115
22001
21848
21864
22267
22402
22418
22142
22362
22034
22245
21833
21992
21933
21896
22109
22216
22052
22696
24160
23719
23559
23306
23150
23584
23097
22839
22906
22762
23297
23772
23822
23007
22951
22321
22174
22120
22658
22858
22294
22044
22142
24616
24833
22934
23847
23307
23164
22438
22713
22709
22463
22609
22768
22209
21898
22251
22059
22055
22377
22034
22090
22641
22374
22387
22354
25558
22399
22021
23843
22703
22844
22690
22764
22852
22984
22434
21967
22188
21925
21989
22141
22564
22514
22359
21994
25337
22801
21996
21916
21964
21912
22100
22131
22022
22009
22138
22085
21949
22014
22165
22597
22713
22385
22230
22681
22421
22285
22178
21968
22068
22394
22554
22458
21953
22512
22033
22255
21990
21990
21968
22087
22070
22132
21954
21974
22049
22260
22128
21964
21975
24754
23355
22541
21976
22496
22586
22558
21904
21923
21869
21991
22080
22184
21979
21972
22253
22130
22166
21993
21899
22151
22305
22559
22084
22007
22009
22076
22206
22278
22715
23703
23698
23333
23920
23240
24113
23020
23260
23324
22670
22744
22238
21867
21878
21985
25855
22788
22197
21977
22623
22940
22836
22950
23059
22857
22606
22033
23294
22238
22539
22405
21909
21932
21865
21953
22297
21910
21929
21979
22076
22176
22038
22103
21907
22943
24030
23444
23684
23686
23466
22786
22168
21952
22337
22660
22536
22125
21912
21914
23174
24085
22752
22925
22564
23123
23189
23509
23781
23421
23325
23358
23483
23620
22950
22731
22864
22539
24752
22069
22502
22409
27231
23685
22671
23161
25620
23367
23184
23117
22778
21975
22295
22372
22177
22321
22942
23224
24004
23414
23382
23108
23647
23994
23966
22147
22032
22003
22082
21925
21869
21997
23152
23629
23286
22984
23048
22429
22600
22475
22519
22059
22680
22556
22382
21989
22416
22438
22675
22865
22254
22209
22054
22004
21987
21984
22190
22181
22096
22091
22071
22443
22736
23522
24473
22803
22620
22455
24858
22054
22017
22008
22087
22107
21884
21971
22094
22560
22212
21986
21986
21872
21926
22126
21861
21881
21976
22085
22053
22343
21984
22013
22060
22071
22061
22149
22617
22162
22075
22022
22351
22038
22208
22040
22010
21945
22047
22645
22918
22506
21971
22022
22194
23934
22578
22457
22129
21958
22035
22052
22004
22073
22088
22070
21996
22013
21983
22120
22191
22055
22014
21967
22244
22151
22298
22076
22116
22174
22087
22019
22003
22056
22233
22090
22035
22096
21942
22131
22123
22004
22076
21939
22071
22345
22042
22041
21986
22144
24405
22741
22449
22487
22191
22004
21868
21919
21852
21898
23226
23168
22486
22026
22137
22265
22098
22038
21955
22096
22210
22628
22305
21972
22014
22249
22056
22006
22027
22108
22091
22046
21996
21990
22085
22125
21989
21997
21957
22000
22777
22073
21948
22011
22063
24313
22319
21921
21980
22215
22244
22117
22056
22155
21959
21961
22103
22272
22442
21950
21960
22126
21881
21837
22199
22203
22054
22271
22342
22372
22363
22087
21977
21996
22100
22098
21935
22083
21979
22190
22266
22006
22078
21993
22345
22250
22060
22044
21952
22519
24698
22289
23260
21977
22210
22091
21973
22009
22014
22576
22579
22282
22036
21934
22182
22110
22655
22679
22599
22309
22161
22109
22486
22486
22676
22459
22016
21987
21939
22102
22106
22036
22081
21952
22141
22192
21999
22092
21926
22078
22432
22068
22008
21992
22121
23985
22536
22125
22183
22109
22134
21891
21862
21878
22231
22630
22440
22022
22005
22075
22130
22264
22118
22041
22105
22339
23630
22044
22514
22125
22700
23155
23120
22017
22743
22480
22286
21851
21895
22088
22153
21947
22329
22437
22627
23040
22334
22011
22045
22059
24714
22592
22344
22115
22017
21888
21864
21852
21904
22111
22022
21965
22009
21977
22083
22094
22173
21989
22218
22264
22372
22608
22654
22022
22215
22563
22077
21965
22285
22648
22757
22258
22020
22159
22104
22039
21989
21992
22145
22687
22916
22290
22063
22048
22074
24721
22392
22001
22170
21981
21965
21846
21865
22126
22708
22449
22037
21892
21914
22011
22182
22121
21971
22202
22183
22195
21987
21947
22233
22398
22114
22067
22159
22029
22016
22078
21981
21997
21985
22126
22031
22024
21983
21943
22786
24068
22440
21984
22004
23673
23097
22507
21986
22607
22678
22658
22045
21952
22322
22765
22628
22295
22003
22366
22720
22627
22416
22092
22130
22119
22158
22021
21989
22676
22710
22345
22060
21925
22058
22100
22267
21994
22015
21983
22091
22123
22082
21938
21969
22059
22537
22130
21993
21965
23761
22815
23280
21908
21992
22047
22067
22023
22000
21982
22730
22658
22554
22002
21924
22305
22006
22142
22073
21976
22227
22144
22192
22125
22147
22282
23210
23464
23588
22828
23411
22910
23230
23567
23815
23748
23026
23169
23164
23696
23599
22521
22946
22468
22588
24959
22170
21985
22119
23407
23268
23182
22401
22297
22018
22171
22619
22395
22452
22626
22415
22167
22768
22517
22263
22056
21882
22004
23333
22195
22593
22835
25068
24561
23930
25106
23315
23907
23220
22912
23032
22652
24829
24640
22545
22029
23087
24892
37350
25346
23348
23639
23216
22954
22148
22256
22566
22543
22456
22367
21808
22483
22489
22057
22283
21791
22065
21981
21909
21866
21788
22164
21934
22060
22010
22467
23730
22776
23350
23265
22969
23792
22937
23267
24013
23627
23609
23135
22758
23212
23341
25112
23429
22529
22159
21988
21946
22034
21914
22103
22519
22765
22605
22348
22152
22150
22236
22151
22053
22441
22300
22187
22679
22494
22344
22927
22167
22788
22639
22711
22311
21998
22084
22169
22178
22280
22788
22600
22545
22681
22493
22255
22182
21975
22579
22855
24505
22839
22236
24211
22156
22557
21969
22264
22507
22237
22428
22091
22388
22605
22202
21915
21904
21959
22764
22455
22399
21830
22008
22085
22354
22492
22411
22474
22752
23853
22553
22424
22235
22030
22088
22039
21943
22059
22106
22042
22370
21950
22088
22082
21985
25106
22761
22889
22715
22037
22231
22104
22005
21979
21945
21885
21781
21955
21941
22022
21972
21989
21997
22312
22073
21984
22035
22352
22573
22481
22113
22017
22188
22330
22129
22016
21979
22040
22482
22150
22114
21961
22338
22568
22400
22181
22031
22067
22218
24949
23859
22516
22612
23168
23003
23302
22804
22694
22394
22034
21975
22026
22805
23325
22918
23034
22311
22236
22137
22279
22055
22073
22146
22072
22225
22145
22119
22133
22020
22519
22369
22147
22171
21998
22097
21972
22054
22055
22158
22118
23452
21981
22044
22238
24270
22383
22091
21998
21879
21913
21986
22005
22219
22043
21982
21961
22168
22093
22074
21952
21896
23006
22476
23334
22354
22241
22164
22146
22181
22441
22665
22938
22315
22341
22158
21978
22221
22084
22145
22053
23114
29005
22209
22588
22664
22192
21904
22048
24184
22798
22244
22254
22715
22051
22073
22046
22201
23315
23466
22390
22472
22653
22236
22709
22945
23562
25051
23950
24062
29644
25669
23997
24461
42520
24898
24518
24402
23510
30446
29393
24576
23719
23433
27619
24557
23768
24870
24604
23456
25398
23459
23412
23949
24309
23893
25290
23353
23272
24150
23825
25119
23952
23337
24064
23538
23393
22888
22641
23578
23290
23429
23211
23445
23719
24174
23710
23610
23180
22773
22507
22078
21961
21938
22384
22225
22080
21993
23989
22944
22722
22542
22508
27116
24382
24142
23682
23740
23869
23086
22540
21998
22109
22065
22029
21984
22790
23150
23452
22692
22584
22297
22349
22470
22755
22251
22197
22662
22965
23434
23833
23532
23639
22803
22327
22730
22474
22503
22057
21987
22110
22467
22715
24226
23990
22841
22487
27446
22214
22250
22763
22611
22323
23100
22635
22514
22211
22127
22889
22630
22657
22232
22498
24687
24772
24502
24496
24760
24424
24456
24382
24905
24633
24016
24249
24546
24928
24983
24873
25483
26072
24242
25099
24376
24074
24017
23343
23439
28255
24216
23900
24761
23089
22779
22592
22414
22236
22054
22518
22529
22363
21814
21800
22018
21929
22010
21983
21950
23107
22533
22906
22638
22400
22731
23114
22379
22318
22475
22104
22140
22102
22016
22137
22665
22629
22371
22578
22332
22715
22939
22094
22066
22750
24916
22837
22275
22639
22508
21931
21901
21846
21915
21927
22114
21991
21962
21967
22155
22020
22659
22580
22430
22288
22152
22149
22489
22301
22171
22437
22319
21953
22152
22219
22238
22176
22099
22111
22413
22193
22024
21978
22228
22727
22794
22997
22893
22862
22767
24771
22147
23568
25071
24534
24333
23410
22773
23412
26685
23478
22311
22090
22700
22682
22660
22518
23102
23279
23328
23534
23644
23942
23577
23525
23876
23582
23651
23685
23702
23460
23364
23589
23560
23462
23454
23884
24076
24121
23438
22869
23201
24937
23719
22859
23577
22615
22196
22564
22721
22539
22873
22407
22558
22611
22853
23127
22655
22754
22626
22665
22613
22630
22796
22639
22971
22924
22519
22533
22850
22826
22871
22439
22180
22749
22655
22588
22855
22564
22799
23078
22867
22884
22677
22796
22837
24681
23879
22701
22896
22785
22593
22556
22667
22693
22682
22699
22592
22870
23274
23088
22590
22514
23402
23145
23184
23013
23058
22882
23084
22897
22628
22755
22760
22672
22541
23120
22723
22719
22568
22670
22579
22670
22820
22642
23093
22549
22593
22926
22618
23105
24175
22748
22977
23026
22955
22491
22729
22727
22670
22278
22539
22751
22617
22616
22422
22606
22227
22002
22181
22025
22825
23129
23098
22978
22533
23402
22687
22658
22554
22555
23220
22688
22551
22735
22509
22713
22755
22631
23027
22857
22713
22777
22629
25744
22810
22727
22850
22617
22562
22713
22684
22628
22549
22552
22972
22887
22684
22268
22723
22508
22492
22571
22849
22566
22767
22693
22495
22036
21975
22743
22760
22610
22661
22513
22810
22579
22556
22680
22536
23026
23470
24030
23063
22544
22787
22668
37360
52003
23726
23313
23210
24564
23319
22886
23175
23158
22908
23141
23125
22507
22782
23920
24156
23975
23532
23491
23908
23638
23842
23583
23577
23704
23526
23726
23547
24063
23055
22887
22811
22533
23052
23198
22998
23513
22930
22984
22736
22288
25292
25484
23447
24380
23896
23432
23350
23252
22625
22537
22617
22682
22666
22714
22600
22649
22837
22758
22756
22544
23056
23601
23541
23488
24187
23185
23093
23260
23622
23437
23986
24003
23455
23740
23206
23290
23248
23202
23981
22789
22602
22582
22657
27352
24776
24362
24141
23203
23100
23096
22867
22446
22485
22393
22637
35934
32619
24897
23474
23498
23378
23010
22885
22741
22201
22230
22091
22444
23184
22658
22649
22760
23477
23245
25193
22783
22527
22742
22954
22892
23808
23624
23350
23466
23686
27741
23951
23536
23227
23069
23294
23323
22885
22644
22265
22120
22744
22640
22717
23083
22841
22969
22889
23096
23065
22638
22618
22891
22638
22843
22899
23338
22869
22399
22170
22520
22815
22693
22072
22090
22330
22375
22034
22056
22747
22678
22821
22565
22588
25668
23166
23410
23463
23172
23020
23591
22793
22544
22647
22484
22758
22887
22905
23119
22827
22427
22659
22653
22671
22626
22668
23072
23165
22545
22762
23385
22759
22570
22775
22724
22750
23134
22769
23214
23025
23195
23364
23600
23060
23109
22794
22681
23897
23559
23145
23275
23327
23096
22742
22916
22965
22930
23170
23247
23366
23255
23142
22899
23076
22854
22555
22836
22907
22579
22884
22732
22686
22624
22818
22871
22638
22642
22601
22659
22404
22505
22668
22559
22818
22598
22537
22889
22698
22710
22737
22431
23703
23257
22622
23144
22733
22622
22237
22057
22174
22121
22016
22013
22732
22662
22636
22538
22626
22913
22600
22629
22986
22504
22472
22500
22026
22608
22855
22384
22920
22763
23033
22973
22737
22576
22623
22559
22632
22860
22502
22966
22580
22686
22788
22467
23709
23758
22575
22215
22234
22571
22455
22609
22477
22696
22595
22515
22793
22828
22698
22565
22587
22716
22947
22681
22591
22716
22688
22765
22563
22253
22661
22428
22272
22093
21964
22736
23382
23625
23322
23583
23279
23695
23568
23853
23351
23044
22969
22807
27735
23366
23508
23294
23345
23445
23170
23122
22536
24943
22598
22344
32002
26835
30346
36292
43152
38370
35599
24977
33028
23975
23641
25943
24058
26721
23148
23864
25436
24034
23699
23193
23271
23382
23457
23586
22960
24015
25782
29265
23974
23965
23576
23781
23835
23662
23833
24153
24311
23163
23996
23887
24488
23858
23474
23752
24468
24603
24342
24668
24551
25028
26097
24070
23021
23026
22669
22689
22581
22541
22532
22641
22836
22750
23207
23569
24143
23975
24232
23160
26106
24079
23090
23551
23340
24141
24208
22935
25214
23481
28740
26198
24826
26574
23459
23536
23202
23628
23221
23087
22568
22601
23077
22936
23249
23078
23191
22725
22653
22458
22401
22213
22694
22682
22891
22701
22301
22841
23159
23622
23442
23576
23456
26586
23915
24292
24049
23664
23639
23360
23101
22769
23131
23450
23120
23429
23281
23222
23963
23256
23683
23330
23130
23142
22955
22999
22924
22140
22079
22581
22167
22459
22987
22890
22659
24556
22712
23094
22793
24502
30781
24651
24636
23884
23394
27955
23371
23504
23559
23733
23648
24593
24290
23510
23387
23337
23305
23303
22176
22148
22560
23197
24135
23141
22738
22832
22793
22933
22740
22331
22710
22447
22690
23069
22664
22883
23415
23144
23055
22921
22300
22848
23536
23828
23461
23449
23105
22773
24297
23567
23683
24923
23789
23465
22439
22453
22908
22669
22631
21906
23115
23040
22567
22697
23071
22678
23219
23828
23168
22960
22779
23161
22843
22738
22677
22897
23505
24890
23216
22664
23218
29333
23100
22395
22671
23205
23647
23259
22933
23341
22724
25646
22974
22640
22771
22596
22356
22044
22006
22609
22742
22593
23088
22995
23375
22875
23010
22652
23044
22742
22806
33154
23441
23699
24617
23501
26162
31587
28769
33445
26707
23341
23221
23121
23051
22765
23060
22914
22799
22733
22660
23059
23105
23030
25616
22745
23024
23674
23233
23753
23212
22569
22726
22689
23090
22971
22788
22660
22700
22626
22792
22874
22757
22987
22560
22685
22993
22570
22948
22509
23121
22715
22567
22626
23019
22787
22855
22844
22550
22549
23035
23058
22868
22648
22533
22878
23235
24944
22989
23155
23520
23130
26663
30123
28358
25309
26057
44623
23700
22969
22894
23680
23471
23092
22906
22744
22818
22974
23350
22782
22560
22963
22798
22576
22818
23245
23517
23594
23272
23183
23397
23303
23466
23758
23029
22909
22816
22732
22377
24536
22974
22705
22722
23326
23266
23027
22728
22999
22508
22893
24364
23272
23263
23477
23521
25305
26811
27685
30747
26731
23325
23236
23057
22411
22639
22669
22755
22758
22669
22854
23149
23280
22912
22755
22577
23033
23074
23063
23369
23198
22819
23655
25726
22932
22784
22655
22806
22351
22846
22242
22316
22858
22625
22602
23040
22999
24233
23212
23764
23208
23011
23130
22652
23132
22972
22923
22711
22618
22973
22810
22747
23095
22985
22530
22594
22756
23628
23942
23894
23583
23547
23342
28106
30904
31231
39591
23175
23158
23177
23027
23253
22622
22557
22797
22732
22899
22694
24335
23927
23731
23143
22861
22946
22795
23045
23024
23071
23195
22674
22545
22781
23084
22587
23008
22993
22831
22621
23025
23017
22598
23758
23509
23201
23217
23242
23341
23083
26524
23081
22886
22669
22830
22848
22598
22018
22452
22874
22431
22191
22222
22999
22985
23076
22797
23107
23046
22999
22920
23053
23046
22913
23168
22955
23268
24392
23588
23567
23243
22717
22576
22758
22702
22702
22924
22728
22695
22652
22631
22624
22523
22698
24326
23432
23568
22596
22619
23223
23031
23013
22721
22785
22960
22577
22176
22844
22498
22193
22197
29866
22457
22558
23315
23306
22797
23836
23209
23433
23437
23409
23202
22752
23221
25846
26442
28129
25018
24094
48461
35119
23802
42481
34488
45477
24451
23568
27250
26804
25575
23641
25057
25033
25633
24253
23326
24773
24655
24679
27081
25380
23413
24615
24624
23360
23713
24497
26050
23767
24416
23656
23259
23719
23406
23645
23636
23497
23578
23646
23496
23952
22783
23706
26471
23474
23268
23080
23253
22985
22601
22995
22869
22831
22578
22593
22693
23573
22982
22694
22425
22685
23024
22970
23488
23350
23246
23058
22547
22639
22760
23357
23165
22592
22227
22199
22301
22769
22621
22646
22847
22702
22643
23086
22732
23426
22463
22271
26150
23020
23157
22844
23391
23963
23533
23706
23838
24053
23697
23909
24051
23790
23501
23217
23286
23414
22790
22740
22679
22743
23136
22590
23045
23187
23173
23379
22968
22677
22509
22624
22764
22319
22407
22724
22688
22821
33083
27529
30693
23680
25957
24808
23551
23607
23313
23559
23323
23579
23373
23331
23708
23531
23423
23178
23159
23308
23399
23603
23409
23336
24215
23548
23945
22770
22803
22774
22521
24080
23997
24162
23171
23521
23318
23440
23240
23152
23153
23285
23409
23233
23641
23232
23188
26001
23305
22846
22587
23028
23235
22690
23169
23061
22761
22243
22195
22452
22742
36230
30080
23349
23342
23143
22987
22568
23373
22740
22307
22573
22700
22949
23615
23915
24208
23880
23888
24158
23743
23738
23591
23227
24406
24918
23507
23430
24176
23205
23217
23128
22782
22738
22645
23607
23714
23603
23358
23724
23877
23744
23716
23686
23124
23087
23744
23098
22868
23010
23122
23281
23048
23188
22352
23608
24170
24039
23704
23310
24037
24112
23103
23048
24017
22880
22747
22824
23207
22820
22422
24291
22911
22410
22411
22130
22006
22596
22688
22690
22954
22678
22636
22351
22739
22282
22645
22671
22789
22746
22446
22413
22760
22238
22986
22734
22731
22609
22699
23155
22798
22474
22467
22796
22673
22693
22698
25009
22791
22918
22584
22570
22769
22559
22916
24493
23093
22501
22150
22177
22042
22062
21982
22353
22655
22629
22567
22569
22566
22851
22602
22724
22693
22592
22850
22538
22620
22555
22953
23040
23370
23161
22791
23052
22846
22606
22590
22514
22732
22628
22512
22823
22753
22788
22793
22848
22444
22110
22755
24328
22876
22576
22785
22846
22720
22647
22553
22624
22686
22943
22893
22599
22740
23117
22634
22661
22623
22529
22783
22634
22525
22611
22639
22667
22910
22848
22792
22894
23464
23674
22749
22481
22692
22690
22592
22917
22600
22810
23086
22556
22719
22561
22678
25445
22873
22842
23077
22770
22763
22804
22676
22596
22658
22735
22583
22571
22642
22723
22732
22691
22569
23167
22664
22614
22646
22612
22816
23186
23035
23040
22876
22619
22834
22666
22605
22879
22714
22870
22575
23056
22561
22747
23194
22640
22590
22534
22783
25862
22997
22808
22554
22688
22772
22678
22549
22704
22977
22554
22719
22582
22621
23145
23139
23068
23035
22664
22643
22777
22557
22535
22794
22668
22952
22942
22610
22624
22873
22550
22789
22271
22081
22256
22033
22573
22032
22341
22738
22611
22940
23009
22925
26060
22872
22587
22537
22774
22725
22603
22513
22545
22723
22787
22799
22651
22408
22732
22711
22646
22597
22462
22729
22696
22547
22562
22698
22724
22874
22671
22544
22811
22781
22726
22675
22574
22659
22823
23330
23382
22794
22743
22901
23074
22630
22549
22660
26072
22772
22700
22614
22758
22652
22588
22636
22500
22718
22661
22639
22557
22702
23109
22727
22681
22628
22524
23027
22739
22668
22729
22654
22711
23241
22616
22535
22857
23921
22589
22099
22047
22260
22726
22650
23304
22848
22596
22758
22690
22522
22591
22623
25597
22593
22724
22612
22664
22695
22621
22732
22808
22765
22674
22609
22631
22593
22872
22582
22698
22747
22600
22716
22625
22623
22953
23107
22743
22830
22674
22400
22756
22682
22638
22589
22632
22786
22667
22584
24952
23251
22920
22755
22880
22844
22781
24376
22976
22722
22643
23418
22732
22752
22585
22592
22769
22641
22618
22570
22553
22744
22974
22917
22611
22543
22569
22881
22528
22599
22548
22805
22736
22769
22766
22725
22695
22280
22256
22234
22422
22883
23015
22751
22944
22387
22824
22836
22741
22788
23024
25080
23141
22685
22486
22488
22559
22700
22556
22621
22588
22661
22740
22584
22593
22769
22917
22666
22650
22540
22616
22811
22619
22706
22826
22635
22799
22730
22636
22620
22569
23392
22698
22689
22824
22936
23012
22465
23162
21990
22459
22663
22640
22615
22551
23726
24766
22802
23211
23188
23212
23075
22749
22589
22592
22660
22941
22564
22560
22750
23259
23491
22841
22785
22767
22652
22721
22524
22626
22717
22731
22825
22643
22528
22348
22816
22615
22648
23099
22565
22847
22941
22605
22552
22781
22696
22670
22582
22545
25863
23138
22801
22544
22652
22777
22700
22625
22561
22529
22846
23156
23038
22671
22757
22872
22669
22233
22029
22041
22664
22708
22740
23075
23197
23214
23422
23154
23024
23666
23927
24082
23939
23771
23750
23656
24096
23574
23651
23285
23278
23557
23277
27627
23941
23046
22690
22547
23165
22690
22635
22666
23610
23535
23050
23260
23355
23007
22861
22468
22099
22203
22842
23073
23088
22837
22539
22713
22771
22676
22674
22625
23091
23178
22747
23367
23595
24029
24282
23476
23149
23153
23746
23524
23371
23138
25872
23623
22764
22717
23081
23059
22484
22025
21992
22752
22798
23033
22743
22938
23386
24069
24191
23486
24099
24303
23814
23803
23397
23305
23199
23352
23358
22841
22739
22716
22647
23057
23138
22886
23188
23079
23165
23037
23059
22821
22580
22628
22619
22621
25436
23374
22865
22673
22723
22726
22621
22564
22563
22776
22658
23238
22750
22349
22846
22639
22746
22619
23083
23785
23842
23381
22816
22671
22721
23219
22646
23111
23121
23279
23239
23202
23114
23109
23318
22955
22678
22573
22740
22677
22617
23170
23085
22750
25259
22804
22790
22614
22952
22838
22488
22090
22305
22669
22727
22161
22228
22805
22883
22830
22632
22494
22777
22880
22586
22615
22582
22644
22807
22555
22569
22736
22599
22789
22765
22712
22651
22465
22657
23002
22810
22831
22717
22665
22631
22570
22555
22678
23941
23343
23570
23820
23486
23944
23689
23600
23158
22701
22648
22155
21994
22299
22517
22298
22663
22803
23358
23066
23047
22458
22204
22402
22685
22615
22661
22726
23062
22773
22752
22765
22793
23475
23269
23652
23433
23234
24095
23422
23338
23253
23419
23171
25620
23700
22862
22803
23169
22772
22032
22038
22446
22701
22638
22585
22616
23135
23288
23035
23105
23230
23506
23057
23015
22919
22956
23540
23262
23280
23503
23327
23806
23610
23238
23512
23850
23761
23387
23360
23317
23268
23368
22976
22360
22765
22610
22160
25019
22963
22715
22792
22676
22610
22590
22769
23229
22865
23050
22770
22806
23222
23228
23029
23002
22959
22780
22625
22724
22850
22566
22858
22642
22503
22777
22718
22717
22788
22619
22573
22646
22723
22922
23396
23750
23959
23704
23468
23593
24237
23522
26660
25125
23877
23869
23414
23243
22596
23031
23850
23617
23823
23237
23368
23048
22659
22859
24699
23069
23007
23986
35524
29315
23959
23974
25083
24388
23292
23567
23554
24226
24431
24304
26209
27006
24647
24745
23920
23632
23755
22889
23515
27239
24838
24506
23499
23263
22360
22380
22409
23292
23707
23585
24039
24622
23567
22680
22763
22705
23062
22626
22580
22740
23711
23329
23574
23990
25230
23607
22983
23207
22790
22839
23397
22897
23963
22571
23395
23257
22586
22270
22976
24427
25331
23260
34511
25160
23255
23436
23124
23597
23333
23520
23812
23715
23845
23932
23847
23708
23604
22941
22430
22064
22170
22327
22326
22838
22464
22963
23401
23534
23870
23462
23361
23441
23046
22702
22562
22725
22665
23227
23143
22568
22626
22842
25796
24740
23127
23099
22760
23666
26122
28617
23842
23696
23453
23099
23498
23144
22718
22411
22647
22861
22922
23112
23432
22711
22742
24110
23606
23998
24385
24402
23750
23457
24191
24290
23690
23787
22905
22877
22945
22758
22600
22578
22804
23576
22893
22799
22804
25304
25472
24137
24272
23992
23511
22737
22570
22453
22426
23459
23185
22936
22649
22805
22696
22686
23215
23777
23799
23968
23597
23462
24098
24493
23267
22824
23091
22450
23690
23205
22981
23733
25015
24263
23472
22978
22280
23006
24164
22684
22965
23046
26425
23447
23313
29219
31451
24922
23917
25550
23221
23311
22969
22671
22530
22636
23222
22727
22701
22820
23588
24758
26850
24306
24204
24197
28340
26591
23428
24639
23492
27091
23270
24047
26778
23999
24642
23432
23516
23160
23239
23111
23382
25486
23855
23354
23057
22924
23169
23519
22948
22794
23521
23546
23419
23057
22621
23180
23369
23369
23585
23423
23587
23817
23185
23297
23154
23308
23289
23257
23481
24160
25516
23470
23717
24547
24942
23312
23288
23362
23422
23480
23280
23553
24360
29733
24487
23942
23290
24277
23529
23297
23169
22870
23105
22988
22607
22996
23641
23161
23277
23045
23232
23096
22355
23087
22538
24699
22715
22617
22697
27413
27435
23365
24248
23846
23479
23201
23675
23254
23221
23131
23163
23123
22974
22601
22742
23573
27155
23781
23609
23739
23919
23910
23480
23439
23636
23160
22929
22447
22535
23041
22945
22774
22571
31153
24261
23900
22813
22841
23165
22768
22605
23681
24350
23077
23221
23382
22991
23152
23416
22726
22679
22797
22749
22900
22837
22809
22446
22735
24178
23163
23373
23242
23089
22483
22353
22176
22455
22525
22259
22901
22897
22960
23127
22869
22533
22844
22715
22910
22754
22645
22953
22791
22406
22707
22285
22711
23040
22693
22636
22660
22763
22825
23084
22574
22750
22355
22411
22614
22629
22326
22509
22501
23441
23142
22626
22592
22679
22681
22723
22648
22652
23212
22685
22928
22150
22959
22745
22623
22248
22428
22615
22684
22696
22739
22434
22808
23122
22817
22695
22960
22975
23121
23040
22212
22180
22857
22679
22296
22491
22724
22867
22771
22543
22236
22221
23066
24190
24182
23010
23519
22897
22632
22861
22791
23249
22886
22678
22731
22963
22926
22864
22930
23163
23045
23144
23203
22903
22529
22520
22748
22703
22668
22552
23010
23133
22891
22708
22225
22612
23181
23054
23222
23340
23137
22640
22383
22193
22761
23022
23004
22848
25704
23019
22901
22849
23126
22604
22569
23097
22496
22792
22572
22647
22601
22921
23026
22495
22382
22835
22618
22612
22699
22575
22459
22213
22579
22721
22669
22671
22785
22368
22109
22387
22689
23241
22586
22165
22238
22745
22674
22642
22562
22664
22682
24194
23139
23117
23276
22820
22611
22645
22588
22982
22596
22692
22596
22918
22872
22959
23002
22555
22945
23230
22539
23037
22582
22344
23010
23604
23860
23398
23312
23230
22343
22252
22789
22599
22613
23126
22584
22904
23155
22783
23121
22722
22720
22967
22826
22637
25174
22733
23229
23197
22924
22641
22844
22784
21986
22529
22813
23042
22552
22728
22662
22705
22881
23066
23222
23105
23059
23254
22809
22516
22223
22664
22453
22827
22102
22058
22594
22627
23265
23070
23315
23024
22671
22809
22305
22115
22694
22636
22691
22582
25923
23149
22827
23160
22907
22512
22613
22981
22493
22685
22570
22854
22805
22760
22791
23221
23216
23034
23511
22733
23010
22974
22874
22797
22426
22233
22992
23035
23080
22835
22831
22842
22963
22385
22375
22604
22381
22402
22602
22126
22548
22813
22771
22797
26665
23200
23098
22708
23015
22891
22847
23141
22706
22666
22606
23070
22829
22728
22790
23368
22834
22227
22276
22626
22800
22680
22761
22541
22644
23117
22824
23035
22564
22200
22896
22944
22911
22629
22676
22535
22567
22489
22408
22814
22530
23154
22995
24161
24288
22885
22593
22736
22740
22709
22706
22602
22552
23114
22714
22599
22082
22740
22691
22830
22725
22681
22888
22916
22886
22801
22761
22601
22632
23113
22901
22488
22239
22210
22867
22587
22790
22628
22600
22721
22714
22614
22551
22600
23109
23121
22602
25228
22561
22671
22824
22543
22544
22689
22705
22590
22547
22501
23091
22877
22679
22829
22715
22657
22761
22617
23046
22630
22781
22823
22502
22553
22529
22761
22541
22627
22190
22325
22792
22602
23132
22855
22318
22705
22004
22155
22617
22580
22833
22803
22581
25239
23094
22619
22778
22593
22546
22721
23071
22633
22166
21992
22204
22735
22690
22621
22597
22575
22764
22628
22241
22562
22620
22633
22810
22656
22555
22508
22845
22313
22695
22093
22472
22773
22943
22548
22454
22294
22960
22653
22573
22597
22638
22726
22790
22574
24984
22830
22924
22707
22618
22548
22780
22731
22753
22620
22543
22844
22692
23153
23843
22590
22748
22639
22617
22605
22568
22716
22706
22632
22608
22734
22682
22979
22196
22163
22588
22876
22844
22675
22638
22705
22911
22598
22106
22145
22585
22404
22323
22098
25198
22806
23142
23026
22596
22665
22884
22701
22579
22573
22497
22848
22697
22585
22802
22680
22730
22669
22608
22652
22726
22725
22681
22556
22532
22524
22958
22538
22945
22364
22129
22353
22993
22647
22565
22567
22838
22599
22606
22558
22651
22680
22753
24876
23032
23019
23017
22722
22548
22621
22669
22763
22678
22600
22048
22521
22726
22855
23046
22989
22754
22856
22608
22664
22555
22733
22753
22540
22598
22575
22836
22678
22808
22623
22641
22770
22628
22583
22559
22502
22880
22651
22573
22580
22630
22726
22699
23766
23132
22860
22811
22598
22281
22009
22175
22681
22709
22579
22773
23119
22975
22439
22199
22162
22359
22768
22609
22647
22605
22542
22701
22745
22531
22620
22848
22691
22883
22598
22532
22737
23008
22791
22851
22636
22758
22973
22480
22159
21952
22430
22198
22009
24534
23109
22759
22244
22298
22444
22620
22680
22724
22679
22584
22699
23012
22767
22571
22648
22612
22705
22948
22627
22682
22426
22102
22219
22012
22117
22676
22793
22711
22914
22520
22873
23154
23031
23065
23279
22914
22808
22803
22512
22512
22768
22792
22568
25003
23226
23174
23113
23018
22537
22716
22713
22570
22617
22494
22690
22843
22513
22671
22894
22577
22639
22628
22547
22585
22584
22665
22779
22558
22560
22783
22754
22862
23194
22931
22750
23169
22567
22623
22528
22584
22818
22898
23062
23064
23120
23125
23019
25291
22865
22895
22836
22558
22561
22689
22662
22719
22603
22593
22782
22663
22712
22617
22519
22545
22873
22792
22911
23014
22691
23076
22673
22606
22728
22842
23081
23054
22904
22995
22932
23039
22569
22630
22585
22788
22772
22475
22171
22145
22828
23171
24594
23689
22780
22868
22598
22291
22026
22026
22700
22727
22598
22634
22633
22709
22706
22866
22606
22671
22638
22401
22107
22681
22629
22717
22572
22577
22627
22611
22652
22839
22980
23216
22605
22858
22697
22503
22665
22706
22742
22666
22640
22585
22725
22722
22603
24755
22801
23219
22688
22541
22681
22534
22701
22774
22603
22594
22553
22829
22723
22751
22600
22686
23208
23331
22516
22157
22209
22450
22496
22684
22582
22829
23384
23230
23034
22770
23023
24224
22756
22586
22683
22897
23111
22979
22597
22638
22747
22652
22593
25677
22886
23081
22666
22656
22505
22725
23175
23048
22746
22613
22445
22118
22164
22638
22585
22981
22570
22710
22075
22007
22135
22668
22693
22390
22407
22864
22640
22555
22425
22748
22738
22993
22838
22609
22544
22566
22778
22709
22550
22707
22824
22726
22556
24040
22679
22739
22579
22588
22657
22911
22743
22606
22150
22505
22646
22686
22728
22548
22586
22681
22640
22557
22744
22566
22553
22848
22532
22504
22499
22375
22784
22858
22706
22306
22431
22766
22884
22627
22504
22744
22842
22575
22572
22606
22709
22685
22546
25602
22681
23120
22811
22800
22200
22141
22831
22603
22695
22603
22719
22754
22646
22489
22031
22140
22638
22642
22687
22553
22661
23037
22628
22545
22552
22637
22698
22790
22570
22828
22651
23123
22983
22622
22552
22686
22725
22611
22515
22627
22713
22706
22558
24195
23009
22923
22771
22617
22686
22529
22734
22782
22639
22616
22785
22505
22141
22524
22614
22596
22684
22636
22696
22586
23104
23276
23117
22729
22685
23157
22757
22210
21982
22310
22243
22326
22289
22593
22622
23490
22995
22986
22673
22652
23014
23243
23003
24713
22856
23370
23578
23694
23062
22958
22763
22544
22214
22109
22048
22663
22678
22960
22894
22568
22864
22629
22625
22118
21948
22803
22639
22397
22113
22210
22714
23283
23140
23478
23421
23489
22908
22659
22596
22754
22656
22414
21958
22092
22507
22688
22587
26519
23566
23001
22783
22827
22544
22117
22801
22615
22641
22666
22535
23246
23370
23243
22797
22658
23201
23395
23003
23028
23069
22724
23361
23474
23458
22954
22938
22791
22679
22890
23401
22754
22705
22635
22517
22760
22766
22576
22621
22668
22874
22745
22578
25211
22532
22828
22849
22793
22761
22952
23150
22811
22691
22173
22313
22278
22275
22310
22135
22175
22931
22613
22664
22575
22631
22660
22736
22534
22723
22740
22949
23255
22596
22591
23314
22673
22801
22606
22536
22722
22784
22538
22643
22665
22603
23289
25733
23602
22926
22842
22726
22606
22649
22564
22683
22748
22552
22631
22618
23074
23095
22931
22785
23419
22879
22939
22828
22553
22687
22820
22604
22574
22572
23063
22955
22537
22565
22665
23950
22725
22968
22574
23247
22944
23103
22754
23176
23111
23207
23126
25236
23495
23197
22901
22815
22706
22627
22637
23097
22649
22733
22719
22873
22990
22233
22118
22136
22222
22710
22734
22544
23111
23149
22680
22740
22592
22500
23140
23098
23058
23053
23026
22754
22968
22491
22098
22010
22316
23223
22827
22704
23419
22819
25477
23297
23126
23444
22846
22752
22534
22556
22719
23335
23270
23213
22811
22790
23114
22890
22557
22077
22991
22813
22725
23106
22889
22759
23014
22583
22566
22633
22663
22668
22772
22575
22904
22855
23065
23101
22544
22589
22862
22622
22618
22723
22514
22615
25177
22748
22933
22096
22729
22881
22600
22856
22637
22808
23122
22985
22616
22738
23027
22727
22109
21983
22997
22952
22719
22616
22558
22553
22781
22599
22528
22780
22843
22969
22571
22146
23065
22673
22367
22476
22840
22395
22327
22010
21952
22140
22141
22076
24217
23387
22669
22692
22839
22996
22686
22740
22779
22804
22715
22404
22208
22655
23148
23097
22673
22471
22455
22790
22667
22513
22546
22885
23156
22841
22580
22574
22736
23160
22660
22528
22806
22990
22677
22858
22534
22608
22920
22540
22602
22644
22581
22687
22752
25259
22661
22396
22411
22783
22516
22602
22622
22666
22688
22659
22659
22779
23124
22473
22046
22012
22218
22855
22639
22587
22588
22649
22648
22771
22683
22655
22927
23014
22519
22055
22061
22963
22723
22555
22815
22564
22665
22728
22663
22739
22077
22731
23065
24459
22724
22805
23061
23131
22683
22564
22632
22854
22847
22710
22116
22448
22737
22682
22620
22512
22734
23175
23080
22647
22597
22630
22643
22680
22612
22561
22063
22158
22453
22049
22031
23208
22919
22630
22756
22593
22652
22863
22567
22752
22581
22592
23996
23873
22837
22810
23110
23227
22437
22189
22093
22735
22630
22712
22624
22530
22760
22680
22662
22562
22507
23062
22822
22374
22100
22564
22711
22648
22589
22543
22594
22689
22719
22594
22664
22860
22711
22652
22821
22581
22667
22747
22584
22644
22655
22680
22760
25170
22577
23847
22745
22537
22164
22162
22216
22503
22668
22685
22630
22527
22765
22790
22691
22366
22042
22856
22885
22595
22653
22537
22757
22728
22570
22639
22496
22791
22664
22635
22836
22933
23278
22687
23278
22511
22210
22809
22605
22720
22614
22587
22706
24415
22717
22655
22320
22679
22687
22532
22618
22708
22669
22687
22636
22665
22738
22860
22804
22642
22143
22406
22810
22612
22644
22538
22612
22838
22564
23087
23162
23231
23224
23116
22867
22639
23141
22745
22742
22146
22129
22816
22860
23046
22578
22901
23142
24246
22441
22284
22161
22737
22584
22113
22010
22247
23272
22983
22705
22543
22625
22690
22662
22617
22583
22770
23534
22743
22230
22170
22345
23360
23189
22600
23115
23120
22839
22019
22064
22601
22804
22241
22196
22566
22667
22734
22593
22672
22593
22558
22628
24503
23332
23393
23294
23064
23052
22836
22979
23050
22724
22728
22619
22543
22729
22565
22188
22074
21984
22728
22679
22578
22554
22555
22645
22735
22621
22545
22549
22965
22644
22652
22584
22912
22801
22546
22479
22187
22144
22751
22578
22740
22616
22581
22631
23098
23778
23333
23005
22641
22715
22619
22650
22647
22321
22036
22150
22116
22282
22430
22051
21987
22125
22622
22693
23070
23033
22583
22649
22693
22551
22059
21971
22472
22733
22594
22702
22872
22634
22936
22601
22814
22585
22747
22777
22555
22704
22614
22985
22813
25760
23643
22649
22654
22605
22597
22526
22757
22673
22549
22705
22601
23052
23212
22820
22499
22609
22655
22690
22592
22532
22593
22683
22727
22602
22442
22125
22741
22157
22035
22044
22483
22110
22967
22762
22708
22779
22677
22705
22516
22802
22796
22676
22543
24071
22961
22691
22681
23155
23088
22989
23051
22877
22601
22756
22608
22732
22616
22627
22590
22577
22709
22745
22679
22544
22522
23092
22799
22396
21997
21963
22616
22571
22630
22642
22819
22694
23110
22782
22566
22766
22925
22816
22853
22667
22673
22632
22657
23555
23133
23027
22575
22543
22620
22596
22602
22774
22577
22573
22726
22666
22729
22708
22640
22656
22427
22704
22723
22517
22647
22711
22675
22678
22540
22574
22694
23368
23120
23106
23118
22727
23061
22543
22601
22796
22751
22768
22713
22783
22537
22703
22743
22814
23653
22922
23079
22716
22199
22003
22039
22783
22597
22642
22636
22635
22791
22653
22579
22543
22597
22675
22838
22551
22594
22637
22629
22737
22620
22593
22727
23011
23045
22930
24621
22860
23101
22322
22112
22304
22581
22764
22588
22764
22689
22736
22732
25347
22698
22450
22677
23078
22721
22604
22543
22779
22675
22823
22651
22558
22782
22769
22592
22600
22649
23236
22643
22593
22615
22592
22582
22737
22607
22547
22831
22708
22693
22593
22946
22783
22836
22900
22261
22200
22621
22744
22610
22674
22590
22558
22769
23799
22830
23509
22672
22616
22671
22519
22550
22647
22732
22653
22667
22495
22725
22770
22723
22693
22428
22661
22686
22598
22597
22868
22998
22511
22045
21923
22212
22668
22589
22701
22937
22679
23164
23277
22356
22021
22642
22727
22608
22759
22558
22738
22701
23064
23856
22867
22498
22452
22660
22570
22611
23178
23140
22802
22914
22584
23015
22812
22692
22715
22876
22833
22700
22594
22799
22904
22692
22611
22591
22488
22714
23577
23154
23039
23187
22724
22623
22801
22633
22507
23236
23371
23002
22683
22895
22463
22334
25084
22811
22368
22315
22386
22354
22035
22265
22717
22662
22632
22665
22608
22855
22593
22594
22699
22680
22724
22553
22631
22683
22643
22572
22672
22534
22575
22889
22960
22555
22599
23058
22781
22515
22055
22773
23101
22745
22599
22809
22626
22760
22747
22576
25271
23142
23081
22625
22699
22731
22706
22731
22621
22579
22541
22927
22766
22680
22574
22606
22719
22636
22675
22623
22535
22704
22670
22604
22602
22459
22740
22748
23001
22725
23017
23032
22883
22761
22714
22966
23036
22786
22544
22674
22798
22694
22524
22619
23762
23186
22680
22649
22593
22580
22585
22726
22568
22834
23065
22569
22114
22201
21991
22165
22744
22658
22070
22079
21964
22326
22708
22609
22647
22503
22591
22788
22661
22556
22519
23007
22686
22633
22535
22817
22742
22642
22745
22642
22405
22697
22581
22183
24881
22673
23613
22018
21991
22251
22641
22681
22751
22619
22661
22634
23066
23077
22690
22561
22756
22654
22616
22622
22563
22726
22749
22571
22597
22617
22648
22747
22673
22517
22690
22945
22960
22668
22536
22709
23180
23011
22855
22576
22758
22811
22639
22521
25136
23355
22791
22543
22614
22854
23218
23327
22630
22735
23020
22894
22333
22239
22157
22082
22766
22273
22459
22687
22572
22714
22667
22595
22609
22498
22719
22734
23197
22542
22604
23687
22649
22559
22565
22716
23001
22709
22857
22558
22749
22840
22785
22635
24287
23987
22908
22721
22663
22618
22238
22413
22182
22084
22431
22712
22649
22603
22522
22807
23420
22744
22218
22270
22328
23157
23306
22847
22626
22703
22734
22667
22610
22504
22774
23101
22633
22593
22617
22720
22758
22597
22788
22504
22739
22790
22926
22646
22541
26104
22791
22294
22001
22621
22377
22128
22072
21989
22081
22705
22741
22617
22561
22550
22850
22603
22545
22669
22699
22555
22654
22001
22005
22135
22677
22272
22359
22559
22867
23002
22418
22388
22691
22831
22694
22966
22610
22744
22744
22640
22633
22586
22761
22835
24061
22768
22608
22723
23133
22676
22193
22708
23005
23214
23038
22570
22569
22657
22683
22589
22613
22572
22778
22669
22610
22637
22532
22683
22633
22577
22659
22528
22876
23122
22499
22104
22079
22750
22800
22699
22570
22338
22996
22603
22626
22107
22108
22830
22750
25299
22686
22791
23167
23030
22883
22713
22648
22879
22637
22545
22623
22711
22622
22684
22194
22075
22413
22683
22611
22525
22630
22886
22784
22516
22986
22990
22760
23113
22755
22369
22026
22934
22820
22627
22622
22454
22610
22667
22681
22589
22504
22677
22768
24497
23277
23056
23169
23047
22694
22660
22714
22912
22582
22596
22576
22509
22722
22717
22602
22572
22364
22620
22307
22469
22507
22568
22515
22056
22111
22712
22631
23106
22642
22512
22618
22536
22739
23122
22641
22392
22691
22867
22801
22658
22665
22846
24340
23634
22558
22061
22782
22073
22024
22138
22031
22631
22709
22611
22570
22548
23027
22812
22298
22249
22544
22749
22655
22662
22542
22580
22932
22567
22625
22701
22653
22935
22692
22642
22552
22625
22688
23025
22539
22566
23001
22654
22676
22646
22615
22676
22709
24305
22824
22950
22928
22809
22558
22593
22699
22660
22787
22606
22202
22034
22156
22212
22626
22650
22564
22701
22687
22674
22548
22523
22660
22678
22631
22566
22492
23336
