3806
3700
3978
3706
3698
3898
3953
3740
3730
3705
3849
3963
3845
3729
3705
3895
3729
3704
3760
3789
3733
3729
3703
3732
3816
3704
3833
3706
3787
3759
3697
3795
3828
3817
3834
3817
3835
3856
3818
3821
3865
3817
3908
3816
3850
3841
3816
3814
3705
3704
3783
3698
3729
3732
3788
3731
3728
3702
3888
3816
3841
3841
3816
3866
3817
3840
3872
3816
3847
3811
3810
3773
3703
3729
3728
3699
3732
3731
3706
4031
3822
3848
3845
3819
3851
3844
3816
3872
3815
3875
3824
3817
3833
3704
3705
3810
3705
3734
3733
3705
3749
3732
3704
3759
3704
3768
3733
3705
3733
3731
3713
4125
3953
3969
3953
3953
3919
3841
3846
3846
3816
3861
3823
3816
3764
3706
3769
3733
3704
3734
3732
3705
4019
3816
3824
3821
3810
3827
3814
3814
3823
3809
3846
3817
3809
3811
3704
3797
3735
3698
3725
3731
3703
3862
3708
3734
3732
3704
3729
3730
3704
3759
3705
3704
3800
3707
3730
3737
3704
3728
3836
3705
3761
3698
3759
3742
3698
3726
3728
3705
3762
3704
3727
3734
3705
3764
3734
3703
3761
3703
3703
6475
4086
3831
3819
3882
3730
3705
3762
3881
3798
3734
3704
3884
3821
3817
3823
3809
3903
3822
3817
3821
3762
3706
3761
3704
3728
3750
3698
3780
3705
3727
3876
3927
3880
4095
3820
3858
3845
3844
3895
3817
3844
3818
3862
3752
3706
3730
3791
3704
3753
3706
3704
3856
3699
3723
3736
3730
3761
3727
3699
3761
3727
3772
3737
3705
3791
3729
3703
3801
3707
3793
3737
3705
3812
3868
3817
3873
3817
4304
4210
3949
4036
3917
3871
3783
3700
3735
3927
3708
3889
3816
3877
3845
3816
3878
3815
3867
3844
3810
3846
3847
3815
3773
3705
3901
3731
3697
3732
3733
3729
3852
3810
3867
3845
3818
3900
3818
3840
3874
3817
3874
3822
3841
3784
3704
3734
3756
3705
3732
3732
3705
3949
3815
3839
3846
3816
3846
3870
3816
3875
3817
3843
4033
3979
3919
3790
3736
3837
3705
3735
3731
3703
4042
3734
3734
3732
3703
3733
3733
3705
3760
3704
3704
3763
3704
3764
3732
3705
3810
3704
3703
3761
3705
3785
3848
3912
3762
3705
3705
3953
3705
3735
3761
3704
4199
3704
3698
3761
3758
3905
3849
3835
3956
3816
3865
3842
3880
3846
3760
3707
3765
3728
3734
3731
3703
3759
3733
3703
3760
3703
3779
3845
3816
3849
3870
3965
7143
3953
3908
3823
3868
3924
3877
4117
3948
18003
4383
3970
3823
3854
3850
3888
3928
3818
3878
4036
3936
3962
3818
3888
3910
3816
3994
3817
3969
3878
3817
3863
3870
3818
3831
3817
3853
3823
3816
3838
3705
3759
4659
4446
3972
3991
3902
3818
3813
4023
3710
3705
3755
3743
3891
3733
3705
3764
3784
3705
3757
3703
3830
3731
3704
3728
3735
3757
3876
3705
3735
3753
3706
3849
3957
3703
3784
3703
3761
3729
3728
3727
3734
3705
3756
3729
3734
3729
3703
3826
3845
3817
3869
3863
3852
3849
3819
3842
4103
3818
3845
3811
3918
3819
3817
3889
3904
3843
3842
3816
3848
3924
3809
3872
3815
3885
3730
3706
3761
3766
3705
4090
3965
3971
3943
3940
3946
3825
3938
3851
3819
4080
4076
4115
4104
3981
3967
3817
3837
3843
3817
3981
3817
3817
3869
3811
3866
3842
3815
3892
3840
3851
3916
3815
3798
3761
3705
3818
3705
3767
3758
3707
3755
3761
3704
3832
3702
3702
3821
3704
3761
3759
3705
3762
3759
3697
3821
3754
3758
3760
3703
3765
3759
3704
3822
3816
3818
3818
3818
3919
3972
3966
3948
3928
3969
3948
3817
3821
3809
3855
3946
3935
4001
3816
3842
3842
3816
3844
3842
3817
3869
3816
3840
3760
3704
3811
3825
3818
3832
3818
3824
3816
3810
3823
3809
3811
4005
3937
3938
3931
3928
3871
3893
3844
3846
3818
3928
3936
3940
3841
3819
3867
3846
3817
3868
3839
3850
3842
3814
3869
3817
3858
3761
3703
3766
3760
3705
3828
3707
3703
3817
3706
3767
3818
3816
3823
3817
3817
3845
3816
3820
3813
3809
3820
3810
3816
3813
3706
3801
3848
3818
3874
3872
3842
3841
3817
3872
3816
3809
3871
3818
3843
3841
3815
3871
3817
3846
3841
3817
3845
3840
3816
3875
3817
5265
4693
4073
3947
3918
3884
3980
3836
3732
3705
3906
3732
3705
3764
3698
3815
3827
3819
3820
3907
3817
3870
3809
3929
3843
3816
3864
3815
3903
3894
3698
3814
3943
3817
3871
3815
3858
3820
3818
3822
3810
3810
3945
3928
3941
3930
3929
3877
3810
3862
3843
3816
3818
3704
3788
3759
3703
3763
3729
3706
3758
3704
3703
3916
3820
3819
3819
3963
3818
3705
3706
3925
3705
3793
3820
3809
3863
3704
3764
3856
3816
3841
3891
3816
3874
3816
3846
3841
3818
3882
3938
3942
3943
3936
3948
3940
3936
3948
3936
3947
3943
3935
3920
3818
3894
3732
3729
3762
3705
3902
3758
3705
3732
3732
3787
3801
3698
3728
3733
3705
3733
3733
3704
3763
3706
3734
3731
3704
3732
3731
3705
3793
3704
3704
3811
3705
3732
3732
3705
3762
3706
3740
3766
3705
3733
3735
3704
3733
3731
3705
3762
3704
3781
3967
3705
3730
3732
3706
3763
3703
3730
3734
3704
3774
3733
3705
3763
3705
3703
3797
3704
3732
3732
3702
3760
3703
3697
3760
3698
3736
3733
3704
3733
3733
3705
3763
3705
3795
3732
3703
3771
3733
3703
3764
3704
3711
3775
3704
3734
3732
3704
3830
3705
3704
3962
3817
3848
3822
3894
3837
3816
3851
3852
3814
3817
3816
3809
3831
3700
3729
3732
3756
3751
3732
3703
3787
3705
3734
3732
3704
3759
3732
3704
3763
3725
3733
3732
3697
3732
3758
3705
3809
3704
3728
3774
3704
3733
3731
3728
3764
3706
3703
3843
3704
3736
3730
3699
3732
3731
3699
3761
3706
3735
3732
3704
5301
4619
3966
3858
3990
3829
3817
3824
3819
4125
3815
3705
3741
3815
3820
3851
3841
3839
3757
3706
3736
3731
3757
3734
3730
3703
3777
3705
3799
3903
3819
3790
3731
3703
3754
3729
3739
3743
3704
3735
3752
3698
3752
3703
3729
3759
3705
3796
3753
3705
3726
3731
3704
3883
3705
3735
3728
3704
3756
3726
3699
3759
3704
3763
3731
3704
3730
3728
3703
3791
3705
3704
3759
3704
3800
3887
3815
3866
3818
3843
3988
3868
3842
3840
3839
3874
3817
3839
3784
3705
3807
3858
3858
3850
3815
3820
3811
3811
3834
3809
3889
3818
3808
3780
3730
3704
3785
3703
3729
3818
3727
4646
3918
3707
3783
3704
3775
3731
3705
3786
3702
3697
3764
3789
3735
3731
3703
3762
3704
3703
3764
3705
3734
3733
3753
3734
3730
3704
3827
3706
3732
3731
3704
3735
3733
3705
3762
3705
3706
3762
3705
3734
3732
3704
3928
3840
3823
3823
3814
3820
3816
3810
3823
3809
3842
3823
3819
3829
3716
3703
3784
3704
3733
3732
3704
3768
3731
3704
3765
3705
3828
3733
3704
3734
3732
3705
3818
3754
3732
3733
3704
3756
3732
3703
3763
3702
3698
3803
3704
3734
3734
3706
3765
3704
3705
3760
3704
3734
3733
3703
3732
3734
3702
3809
3706
3732
3732
3705
3795
3736
3705
3894
3704
3772
3733
3704
3900
3735
3704
3762
3756
3706
3762
3703
3790
3731
3704
3761
3706
3758
3762
3755
3733
3757
3704
3761
3704
3706
3785
3704
3772
3734
3728
3731
3732
3706
3761
3729
3733
3732
3706
3757
3731
3705
3762
3703
3758
3732
3696
3726
3814
3705
5572
4125
4073
3829
3868
3845
4068
3831
3822
3819
3825
3861
3831
3762
3705
3784
3704
3704
3763
3759
3730
3789
3703
3862
3983
3706
3790
3704
3754
3730
3704
3772
3729
3727
3759
3704
3730
3753
3704
3734
3730
3705
3782
3705
3727
3730
3727
3767
3730
3703
3759
3728
3705
3794
3705
3820
3733
3707
3798
3708
3707
3755
3707
3776
3730
3704
3735
3728
3705
3754
3704
3735
3728
3704
3760
3775
3705
3755
3705
3733
3731
3703
3734
3729
3705
3892
3966
3822
3842
3859
3947
3951
3810
3818
3812
3987
3849
3816
3877
3808
3769
3742
3809
3739
3782
3704
3759
3705
3729
3757
3698
3723
3750
3706
3759
3705
3705
3783
3704
3728
3730
3729
3766
3728
3703
3757
3728
3731
3779
3703
3761
3729
3702
3757
3704
3812
3731
3704
3771
3727
3698
3758
3708
3705
3813
3698
3731
3729
3703
3971
3758
3704
3752
3704
3770
3728
3699
3725
3734
3706
3772
3704
3734
3729
3703
3730
3733
3705
3755
3705
3735
3729
3705
3725
3735
3704
3753
3707
3703
3758
3704
3813
3736
3703
3755
3704
3705
3762
3704
3729
3735
3704
3764
3728
3705
3758
3698
3728
3730
3702
3725
3730
3702
3756
3706
3705
3760
3705
3758
3729
3702
3757
3703
3704
3759
3705
3730
3728
3705
3858
3729
3696
3759
3698
3784
3730
3704
3733
3728
3838
3795
3704
3728
3894
3703
3813
3729
3753
3760
3705
3728
3730
3758
3736
3728
3706
3812
3703
3703
3755
3704
3756
3727
3701
3758
3727
3703
3755
3706
3734
3754
3704
3734
3729
3728
3754
3704
5292
4539
3891
3822
3820
4014
3842
3817
3877
3818
4138
3845
3816
3865
3863
3736
3729
3703
3815
3732
3812
3891
3953
3876
3841
3816
3843
3812
3811
3815
3809
3844
3821
3817
3819
3811
3741
3754
3703
3738
3753
3703
3760
3703
3703
3777
3698
3766
3731
3729
3735
3728
3705
3785
3788
3733
3731
3704
3771
3729
3704
3754
3704
3734
3728
3703
3736
3729
3704
3760
3703
3697
3754
3751
3734
3729
3699
3755
3704
3703
3755
3705
3736
3729
3703
3764
3734
3701
3756
3704
3735
3730
3703
3728
3735
3704
3876
3704
3703
3759
3704
3808
3842
3834
3756
3704
3703
3955
3704
3725
3736
3703
3839
3705
3705
3759
3757
3729
3732
3704
3782
3705
3705
3792
3821
3847
3846
3816
3846
3841
3823
3819
3816
3871
3816
3820
3819
3858
3818
3727
3704
3761
3727
3728
3731
3704
3735
3752
3703
4024
3758
3807
3730
3704
3772
3730
3705
3759
3702
3697
3783
3703
3729
3731
3705
3735
3729
3703
3753
3706
3734
3732
3708
3735
3728
3705
4350
3702
3728
3729
3753
3768
3733
3701
3755
3709
3737
3728
3697
3729
3728
3703
3787
3704
3704
3761
3707
3737
3735
3708
3758
3707
3706
3761
3704
3733
3729
3703
3756
3729
3706
3758
3705
3764
3730
3706
3728
3730
3703
3792
3703
3733
3729
3699
3763
3733
3708
3762
3709
3707
3760
3708
3732
3781
3707
3737
3732
3709
3764
3709
3794
3733
3707
3738
3728
3837
3775
3705
3728
3922
3706
3738
3730
3705
3810
3703
3728
3731
3758
3731
3728
3703
3813
3705
3703
3754
3706
4085
4809
4054
3882
3999
3816
3733
3705
3951
3762
3987
3932
3946
4002
3910
3942
3934
3981
3935
4001
3980
3881
3842
3855
3733
3753
3803
3807
3733
3736
3758
3733
3733
3707
3789
3706
3752
3736
3704
3758
3733
3705
3762
3729
3704
3763
3705
3764
3755
3707
3762
3705
3729
3801
3705
3731
3757
3704
3767
3732
3704
3785
3705
3733
3730
3788
3736
3732
3705
3765
3703
3726
3783
3704
3733
3733
3707
3763
3706
3705
3794
3703
3733
3733
3925
3972
3910
3964
3963
3805
3967
3905
3983
3935
3807
3918
3937
3819
3922
3886
3880
3872
3818
3876
3815
3854
3843
3848
3882
3853
3865
3923
3703
3815
3733
3778
3801
3702
3950
3841
3706
3849
3917
3840
3944
3864
3956
3737
3778
3733
3783
3860
3767
3849
3805
3937
3775
3835
3849
3841
3959
3889
3943
3940
3941
3971
3912
4059
3947
3937
3943
3929
3961
3947
3921
3973
3968
3947
3945
3920
4011
3988
3966
3959
3907
3993
3951
3920
3981
3949
3953
3949
3867
4026
3921
3952
3927
3892
3996
4065
4076
4096
4118
4377
4123
3965
4153
3942
3944
3936
3958
3943
3940
3946
4019
3952
3947
3938
3959
3939
3946
3941
3941
4033
3845
3824
3893
3878
3767
3705
3706
3899
3706
3774
3731
3718
3771
3729
3706
3755
3729
3736
3730
3705
3757
3729
3751
3755
3705
3790
3729
3706
3735
3753
3703
3816
3704
3704
3898
3731
3779
3735
3734
3760
3705
3744
3767
3728
3734
3732
3705
3969
3703
3699
3763
3704
3934
3733
3704
3757
3754
3703
3762
3703
3785
3735
3705
4095
4614
3957
3856
3766
3766
3876
3824
3871
3818
3896
3820
3840
3934
3959
3863
3819
3817
3832
3841
3817
3849
3815
3895
3974
3964
3967
4091
3979
3960
3877
3990
3965
3958
3888
3830
3957
3818
3842
3848
3852
3765
3729
3704
3761
3768
3759
3734
3897
3849
3817
3809
3853
3816
3818
3825
3817
3820
3816
3819
3828
3818
3804
3736
3754
3751
4011
3844
3992
3971
4008
3963
3921
3969
3921
3985
3945
3921
3953
3950
3923
3945
3922
4055
3912
3944
3948
3920
3979
3889
3936
3994
3971
3925
3869
3958
3825
3810
3871
3868
3865
3912
3918
3828
3935
3951
3884
3922
3894
3868
3818
3822
3815
3838
3834
3841
3824
3762
3729
3799
3731
3704
3897
3705
3770
3734
3742
3862
3734
3704
3803
3754
3734
3732
3706
3790
3732
3704
3763
3829
3934
3902
3942
3975
3973
3873
3981
3945
4102
3944
3944
3958
3902
3927
3923
3920
3931
3963
3893
3889
3885
4045
3888
3893
3891
3969
3952
3969
3935
3921
3889
3845
3888
3823
4065
3861
3906
3908
3997
3941
3793
3946
4066
3926
3983
3922
3981
3947
3871
3973
3893
3932
3843
3817
3845
3865
3818
3867
3818
3849
3841
3816
3874
3816
3816
3809
3703
3766
3851
3858
3840
3816
3818
3822
3815
3821
3845
3847
3827
3839
3814
3753
3704
3737
3727
3698
3783
3705
3728
3730
3785
3735
3729
3704
3759
3704
3717
3743
3703
3897
3974
3944
3999
4032
4091
3959
3935
4023
3875
3910
3841
3875
3956
3796
3705
3827
3965
3826
3817
3847
4923
4163
3884
3883
4048
4004
3820
3848
3894
3892
3937
4046
3851
3942
3932
3894
3832
3965
3876
3923
3983
3960
3950
3952
3923
3942
3946
3897
3950
3935
3959
3916
3896
3932
3997
3955
3899
3920
3986
3922
4013
3927
3898
3939
3920
4057
4080
3930
3968
3912
3943
3932
3872
4087
3936
4143
4415
4035
3983
4272
4259
4233
4284
4053
3922
3915
3913
3961
3917
3930
3916
3930
3941
3977
3979
3987
3935
3872
3855
3985
4034
3906
3914
3925
4189
4183
3924
3918
4125
3910
3913
3915
4390
3949
3870
3922
3891
3901
3864
3809
3720
3878
3874
3819
3850
3895
3849
3819
3816
3835
4192
3844
3817
3817
3856
3818
3816
3810
3862
3817
3816
3816
3848
3818
3817
3816
3822
3838
3817
3816
3864
3838
3761
3704
3704
3799
3869
3740
3735
3706
4159
3765
3706
3754
3758
3754
3729
3704
3760
3841
3843
3841
3815
3871
3903
3939
4085
3928
3952
3951
3924
4054
3923
3974
3952
3946
4476
4260
4105
4065
4069
4157
4068
4048
4143
4060
4070
4247
4127
3931
3924
3921
4003
3943
3936
3936
4107
3973
3946
3957
3965
3867
3819
3817
3967
4120
3943
3938
4025
4288
3945
3975
3938
4166
3941
3877
3934
4075
3913
3864
3863
3874
3937
3937
3936
3918
3995
3940
3937
3949
3938
3923
3920
3920
3937
3923
3920
3934
4011
3887
3985
3905
3916
3952
3922
3918
3996
4153
3908
3909
3918
4032
3915
3913
3924
3915
3909
3910
4003
3979
3947
3921
5393
5539
3981
3946
3930
4028
3979
3872
3923
4020
3900
3843
3922
4186
3996
3903
3913
3980
4041
3926
3922
3951
4000
3872
3817
3831
3849
3876
3819
3858
3732
3874
3875
3814
3900
3919
3706
3735
3732
3888
3768
3704
3732
3732
3754
3824
3845
3815
3920
3816
3856
3845
3896
3838
3705
3704
3765
3941
3835
3833
3908
4051
3926
3981
3919
3967
4025
3921
3955
3961
3961
3978
3920
3918
4069
3925
3990
3927
3977
3936
3922
3958
4005
3926
3888
3871
3940
3901
3870
3876
3865
3839
3823
3817
3825
3864
3704
3892
3817
3941
3894
3820
3876
3817
3895
3896
3705
3850
3809
3704
3761
3704
4004
3826
3839
3824
3840
3833
3767
3706
3733
3894
3706
3739
3731
3697
3812
3802
3994
3934
3897
3989
3868
3949
3999
3926
3955
3922
3987
3951
3920
3950
3950
3951
4082
3920
3928
3905
3920
4026
3920
4025
3947
3919
3975
3937
3986
3953
3921
3970
3838
3941
3975
3967
4382
4129
4026
4090
4201
4156
4070
4056
4108
3972
4148
4019
4264
4136
4043
4053
4240
3966
4143
4075
4230
3995
4069
4076
4180
4001
4024
4218
4941
4562
4449
4392
4713
4429
4819
4387
4553
4026
4045
4042
3947
3962
3940
3944
3942
3938
3938
3949
3937
3936
3937
3907
3867
3809
3810
4117
5001
4462
4388
4198
4453
4324
4366
4153
4811
4153
4468
5132
4427
4303
4242
4915
4542
4282
4347
4822
4456
4547
4123
4339
4136
4025
4098
4286
3991
5670
4346
3951
3969
3952
3956
3949
3941
3939
4104
3986
4063
3940
4078
4101
3944
3939
3954
3954
3938
3932
3958
4013
3822
3820
3859
3876
3942
3939
3952
3963
3910
3816
3816
3875
3925
3940
3935
3961
3940
3818
3817
3863
3769
3892
3816
3884
3816
3994
3870
4001
3878
3983
3928
3894
3893
4003
3920
3969
4060
3957
3955
3949
3940
3970
4024
3949
3940
3938
4063
3942
3943
3943
3942
3996
3965
3967
4112
3948
3952
3946
3982
3951
3936
3959
3929
3949
3914
3820
3989
3947
3947
3819
3816
3929
3819
3818
3875
3845
3848
3841
3817
3866
3861
3782
3842
3817
3990
3734
3705
3754
3704
3877
3730
3752
3833
3890
3705
3857
3702
3834
3893
3858
3849
7537
5092
3948
3987
4215
3979
3948
3938
4201
4020
4019
3957
3964
3970
3957
3955
4176
4375
3963
3944
3988
4017
3950
3945
4620
3949
3940
3938
3992
3941
3936
3938
3950
3942
3938
3936
3961
3938
3946
3936
3938
3901
3863
3817
3816
3866
3847
3809
3809
3811
3896
3817
3817
3818
3851
3863
3806
3866
4066
3937
3912
3912
3938
4015
3951
3911
3976
3973
4014
4117
3807
4184
3949
3922
4178
4021
3960
3916
3919
4076
4003
3944
3922
3900
4021
3900
3938
3877
3983
3880
3841
3870
3978
3823
3900
3844
3848
3894
3819
3844
3843
3842
3869
3816
3816
3857
3704
3805
3850
3907
3926
3817
3842
3842
4015
3845
3842
3817
3967
3816
3833
3759
3789
3870
3706
3703
3818
3898
3758
3759
3705
4099
3703
3699
4392
4355
3869
3830
3835
3910
3904
3888
4059
3822
3942
3818
3828
3824
3911
3860
3818
3819
3849
3817
3883
3822
3816
3876
3819
3847
3763
3859
3738
3733
3699
3764
3753
3731
3733
3705
3816
3732
3704
3762
3705
3865
3734
3703
3730
3888
3706
3783
3705
3780
3735
3704
3772
3732
3758
3762
3703
3736
3953
3952
3944
3929
3929
4006
3819
3842
3845
3920
3881
3816
3858
3844
3699
3786
3763
3705
4009
3705
3825
3769
3997
3763
3765
3705
3898
3819
3847
3881
3816
3907
3816
3818
3872
3837
3845
3847
3822
3860
3706
3734
3731
3705
3759
3732
3704
3762
3727
3705
3760
3704
3735
3756
3705
3808
3706
3728
3762
3704
3733
3731
3728
3736
3731
3704
3845
3704
3766
3845
3815
3845
3842
3817
3870
3816
3824
3821
3816
3856
3810
3815
3775
3704
3822
3732
3704
3761
3704
3704
4040
3816
3846
3844
3816
3877
3817
3844
3844
3817
3876
3817
3816
3874
3817
3839
3731
3743
3774
3704
3704
3794
3705
3733
3733
3704
3734
3732
3703
3760
3705
3753
3731
3704
3730
3733
3705
3763
3704
3732
3732
3704
3788
3734
3705
3762
3705
3701
3795
3703
3736
3732
3703
3796
3704
3704
3760
3704
3773
3733
3704
3877
3818
3831
3843
3816
3845
3840
3816
3869
3816
3865
3840
3816
3800
3760
3705
3818
3703
3758
3759
3706
3761
3759
3698
3815
3703
3697
3818
3706
3760
3760
3705
3761
3759
3697
3816
3703
3753
3759
3703
3762
3758
3697
3817
3706
3704
3815
3706
3762
3760
3705
3764
3758
3696
3816
3703
3795
4578
3979
3958
3949
3862
3940
3975
3837
3898
3818
3909
3818
3874
3846
3816
3810
3759
3734
3734
3704
3766
3786
3706
3768
3746
3805
3732
3705
3731
3731
3727
3761
3704
3706
3785
3697
3729
3733
3706
3785
3705
3703
3762
3726
3732
3732
3703
3810
3845
3818
3822
3808
3892
3823
3815
3830
3816
3825
3845
3816
3822
3732
3703
3778
3704
3735
3734
3704
3764
3733
3705
3762
3705
3698
3763
3697
3729
3732
3704
3871
3703
3704
3763
3703
3788
3733
3813
3747
3716
3705
3780
3704
3733
3924
3855
3873
3885
3870
3904
3910
4093
3984
3922
3950
3921
4192
3957
3915
3972
3990
3965
3979
3916
3970
3945
3944
3944
4178
3973
3898
3927
4041
3991
3951
3914
3953
4034
3900
3945
3911
4072
3942
3915
3973
4072
4023
3836
3811
4020
3941
3808
3972
3884
3877
3863
3853
4066
3950
3833
3823
3817
3954
3819
3818
3874
3845
3745
3733
3703
3763
3757
3704
3834
3706
3795
3740
3697
3761
3706
3728
3758
3704
3734
3756
3705
3733
3732
3704
3797
3706
3734
3732
3728
3788
3731
3704
3762
3728
3781
3733
3702
3756
3731
3696
3801
3715
3806
3732
3704
3761
3790
3842
3973
3915
3967
3944
3913
3972
3937
3921
3984
3912
3939
4055
3915
4034
3912
4031
3936
3888
4017
3979
3902
3916
3807
4050
3809
3733
3734
3705
3809
3730
3752
3789
3863
3942
3837
3808
3787
3730
3810
3763
3704
3784
3836
3704
3762
3756
3705
3762
3704
3747
3737
3705
3732
3730
3729
3800
3704
3732
3731
3727
5342
4294
3868
3906
3813
3942
3931
3963
3855
3818
3912
3870
3824
3876
3817
3844
3892
3816
3824
3811
3855
3876
3816
3830
3845
3812
3790
3703
3732
3758
3699
3760
3703
3725
3762
3706
3733
3733
3728
3736
3732
3704
3802
3704
3726
3733
3728
3735
3732
3703
3762
3728
3769
3733
3703
3757
3732
3704
3810
3704
3803
3745
3703
3770
3734
3704
3947
3817
3845
3915
3912
3942
3941
3989
3991
3902
3955
4022
3913
4053
3922
3967
3832
3909
4134
3953
3960
3928
3921
3983
3996
3952
3942
3945
4836
3900
3895
3877
4270
3950
3939
3927
4115
3888
3909
3706
3781
3797
3705
3789
3732
3864
3766
3704
3727
3782
3703
3730
3731
3699
3820
3705
3731
3732
3757
3877
3731
3698
3761
3727
3697
3794
3706
3758
3818
3697
3808
3727
3704
3761
3705
3828
3756
3703
3759
3705
3728
4000
3815
3846
3844
3840
3876
3817
3843
3892
3818
3854
3843
3817
3874
3818
3905
3734
3704
3762
3706
3704
3763
3704
3732
3732
3697
3732
3733
3704
3762
3704
3734
3735
3704
3732
3731
3704
3763
3705
3704
3761
3704
3775
3731
3705
3761
3704
3704
3782
3705
3734
3731
3704
3768
3732
3706
3762
3704
3734
3733
3705
3734
3733
3704
3764
3704
3720
3744
3754
3735
3732
3704
3760
3704
3704
3799
3704
3735
3733
3704
3801
3706
3704
3762
3704
3779
3734
3704
3731
3734
3705
3778
3704
3735
3733
3705
3775
3735
3704
3761
3704
3709
3787
3697
3727
3734
3704
3860
3704
3704
3762
3705
3734
3734
3705
3734
3731
3704
4560
4712
3915
4045
3865
3974
3765
3744
3729
3704
3897
3706
3731
3729
3754
3769
3729
3698
3759
3758
3728
3730
3703
3787
3729
3697
3792
3717
3715
3754
3704
3734
3753
3704
3759
3704
3728
3788
3697
3732
3731
3729
3770
3728
3703
3779
3703
3764
3842
3815
3840
3841
3816
3871
3863
3839
3865
3817
3869
3817
3856
3760
3705
3762
3760
3703
3823
3702
3696
3821
3698
3761
3758
3704
3767
3760
3703
3816
3704
3752
3822
3697
3761
3758
3810
3840
3704
3704
3824
3703
3764
3759
3705
3757
3765
3702
3870
3706
3768
3761
3705
3759
3765
3705
3817
3704
3705
3820
3702
3756
3812
3698
3757
3761
3703
3821
3704
3759
3766
3703
3756
3759
3704
3822
3705
3704
3821
3705
3775
3820
3816
3826
3816
3816
3851
3816
3817
3819
3816
3849
3809
3814
3731
3705
3762
3730
3703
3759
3705
3741
3874
3812
3728
3730
3702
3759
3705
3706
3759
3705
3729
3729
3704
3809
3705
3698
3794
3705
3729
3729
3706
3735
3729
3704
3758
3703
3796
4580
4120
3772
3704
3771
3729
3703
3725
3729
3706
3786
3703
3704
3758
3704
3761
3731
3704
3758
3704
3704
3776
3702
3723
3731
3704
3800
3728
3704
3760
3705
3822
3730
3702
3732
3730
3704
3759
3705
3778
3727
3698
3763
3728
3698
3757
3704
3697
3789
3697
3731
3801
3965
3968
4088
3944
3982
3938
4051
3922
3955
3946
3920
4102
3899
3921
3914
3977
3895
3854
3911
3969
3855
3890
3831
3971
4079
3894
3948
3946
3945
3968
3913
3897
3918
3914
3875
3816
3957
4807
3924
3965
3998
3866
3830
3822
3859
3868
3820
3857
3818
3851
3823
3815
3920
3848
3822
3737
3709
3828
3735
3703
3759
3704
3774
3732
3704
3734
3759
3706
3762
3705
3728
3755
3705
3838
3849
3840
3874
3816
3859
3733
3731
3733
3734
3706
3820
3706
3734
3734
3715
3778
3733
3752
3761
3728
3721
3777
3704
3756
3735
3705
3779
3704
3727
3760
3697
3762
3758
3706
3759
3704
3703
4010
3820
3841
3843
3816
3867
3815
4058
3842
3816
3878
3850
3817
3822
3705
3744
3758
3700
3761
3760
3704
3819
3705
3749
3771
3703
3786
3830
3817
3828
3810
3819
3815
3838
3824
3815
3811
3856
3818
3813
3732
3704
3739
3736
3709
3761
3703
3735
3732
3704
3735
3732
3703
3761
3704
3735
3734
3703
3736
3733
3703
3758
3703
3704
3785
3704
3733
3733
3704
3769
3729
3704
3762
3705
3817
3846
3811
3729
3731
3706
3771
3706
3735
3733
3704
4358
3755
3702
3762
3705
3734
3733
3704
3729
3732
3704
3764
3706
3734
3732
3705
3806
3865
3882
3973
3909
4013
3952
3922
3972
4030
3977
3939
3913
4141
3914
3948
3914
3951
3938
3895
3898
3918
3926
3920
3924
3856
4151
3855
3922
3878
4129
3851
3788
3826
3977
3793
3849
3985
3815
4044
3791
3821
3811
3937
3846
3704
3932
3848
3705
3754
3704
3705
3871
3875
3841
3851
3840
3867
3816
3846
3843
3818
3841
3848
3818
3865
3810
3843
3842
3782
3730
3734
3704
3755
3727
3734
3730
3704
3751
3734
3705
3755
3716
3783
3729
3704
3729
3758
3703
6911
3938
3946
3821
3860
3821
3868
3835
3816
3825
3847
3817
3819
3822
3813
3846
3705
3735
3732
3729
3752
3735
3703
3759
3703
3729
3733
3706
3733
3733
3698
3790
3703
3705
3762
3704
3756
3735
3705
3757
3705
3705
3763
3704
3732
3734
3702
3731
3731
3704
3822
3704
3767
3783
3704
3730
3731
3705
3792
3702
3727
3732
3699
3767
3732
3704
3761
3702
3698
3793
3704
3733
3732
3703
3847
3814
3811
3825
3809
3860
3868
3817
3832
3816
3827
3847
3857
3796
3731
3704
3783
3704
3734
3732
3704
3734
3733
3705
3761
3704
3757
3745
3704
3732
3733
3706
3814
3705
3705
3761
3704
3733
3732
3705
3762
3704
3699
3792
3704
3727
3733
3704
3770
3733
3705
3761
3696
3728
3732
3705
3735
3733
3704
3796
3705
3702
3759
3698
3766
3732
3697
3759
3706
3703
3843
3704
3763
3733
3706
4064
3770
3703
3760
3706
3771
3733
3705
3736
3733
3755
3795
3703
3730
3734
3704
3738
3731
3705
3761
3704
3771
3734
3704
3733
3732
3706
3763
3703
3700
3760
3697
3730
3732
3705
3760
3706
3704
3810
3705
3734
3733
3704
3765
3733
3704
3764
3704
3750
3732
3704
3729
3733
3705
3792
3704
3705
3763
3706
3729
3735
3705
3760
3705
3770
3794
3703
3728
3734
3706
3733
3731
3698
3761
3705
3772
3736
3704
3731
3731
3704
3764
3704
3731
3733
3699
3774
3734
3704
3762
3704
3696
3779
3702
3728
3731
3696
3761
3705
3704
3762
3705
3772
3732
3703
3735
3732
3704
3986
3705
3734
3734
3704
3771
3732
3703
3762
3705
5116
6560
4067
3712
3708
3941
3824
3824
3820
3863
3827
3817
3822
3839
3844
3819
3820
3815
3823
3698
3724
3740
3762
3732
3731
3708
3761
3726
3724
3734
3705
3752
3729
3704
3760
3709
3744
3781
3703
3728
3755
3704
3762
3705
3698
3782
3705
3765
3759
3750
3761
3706
3753
3792
3789
3730
3730
3702
3768
3730
3704
3759
3705
3762
3728
3704
3732
3728
3704
3859
3702
3722
3730
3697
3836
3729
3703
3759
3704
3809
3808
3705
3736
3729
3704
3816
3705
3702
3754
3705
3765
3729
3704
3734
3727
3697
3753
3704
3733
3729
3703
3733
3729
3704
3754
3751
3748
3771
3705
3734
3729
3705
3791
3703
3704
3759
3705
3735
3727
3704
3731
3727
3703
3759
3705
3734
3730
3706
3778
3730
3704
3765
3708
3761
3733
3709
3732
3732
3709
3793
3703
3704
3759
3703
3788
3850
3818
3875
3818
3860
3907
3817
3821
3817
3810
3835
3810
3811
3783
3705
3769
3731
3706
3763
3706
3772
3732
3706
3733
3732
3703
3765
3704
3733
3733
3703
3753
3733
3704
3761
3706
3704
3764
3704
3733
3733
3705
3807
3705
3704
3762
3705
3790
3827
3818
3829
3816
3817
3877
3817
3845
3845
3817
3875
3816
3847
3844
3815
3864
3734
3705
3800
3717
3734
3735
3705
3732
3732
3703
3761
3704
3733
3733
3705
3752
3734
3704
3761
3705
3703
3761
3699
3729
3735
3705
3734
3731
3705
3763
3706
3735
3734
3705
3733
3733
3701
3766
3702
3726
3734
3698
3730
3732
3704
3763
3703
3704
3829
3824
3868
3818
3809
3871
3815
3867
4005
3817
4395
4424
3968
3941
4069
3956
3935
3957
4089
3820
3946
3936
3941
3948
3937
3943
3938
3943
3938
3936
3895
3817
3826
3747
3703
3791
3731
3703
3762
3728
3705
3755
3704
3734
3754
3704
3791
3705
3729
3753
3702
3730
3729
3728
3733
3729
3706
3812
3704
3736
3780
3704
3789
3729
3704
3757
3788
3771
3730
3706
3733
3728
3703
3771
3703
3705
3761
3697
3840
3730
3703
3753
3704
3703
3787
3706
3735
3832
3705
3808
3705
3704
3761
3704
3733
3730
3704
3728
3730
3704
4620
3845
3729
3729
3704
3753
3702
3705
3758
3696
3764
3729
3705
3814
3703
3699
3759
3697
3729
3730
3705
3728
3727
3705
3761
3705
3735
3728
3699
3726
3731
3705
3758
3705
3704
3760
3703
3729
3727
3698
3731
3729
3704
3826
3704
3732
3729
3706
3770
3730
3704
3760
3704
3765
3731
3703
3735
3729
3704
4020
3705
3729
3730
3705
3824
3731
3702
3809
3707
3704
3850
3704
3734
3729
3705
3759
3704
3704
3758
3705
3724
3729
3704
3733
3728
3703
3775
3702
3724
3729
3697
3756
3731
3703
3760
3702
3696
3754
3706
3735
3728
3697
3788
3704
3703
3754
3705
3754
3729
3703
3728
3734
3704
3792
3705
3734
3729
3704
3728
3735
3756
3754
3704
3738
3755
3697
3726
3735
3705
3783
3705
3705
3760
3703
3748
3732
3698
3728
3730
3702
3759
3705
3731
3736
3704
3730
3729
3697
3757
3704
3726
3736
3704
3727
3728
3703
3759
3703
3703
3757
3705
3729
3730
3705
3734
3730
3704
3885
3819
3846
3846
3818
3882
3932
3892
3842
3815
4016
4481
3859
3893
3819
3865
3847
3986
3835
3817
3829
3866
3817
3833
3814
3811
3818
3706
3732
3733
3757
3763
3704
3697
3812
3705
3741
3731
3699
3813
3706
3704
3795
3727
3735
3733
3704
3793
3821
3817
3829
3817
3825
3822
3815
3831
3816
3822
3824
3864
3786
3733
3702
3794
3704
3784
3733
3705
3765
3732
3705
3761
3703
3706
3779
3704
3729
3732
3704
3877
3703
3706
3758
3703
3791
3730
3698
3815
3734
3704
3777
3703
3728
3734
3705
3735
3732
3704
3762
3704
3769
3731
3699
3732
3733
3704
3776
3704
3704
3763
3703
3735
3733
3754
3758
3704
3705
3762
3703
3734
3731
3704
3733
3732
3704
3762
3704
3734
3733
3696
3728
3733
3702
3763
3705
3705
3760
3705
3765
3733
3704
3762
3704
3704
3799
3704
3733
3732
3705
3796
3731
3703
3762
3705
3732
3733
3704
3734
3735
3705
3988
3817
3839
3845
3815
3871
3815
3704
3762
3704
3765
3737
3704
3732
3729
3705
3762
3704
3730
3734
3703
3726
3729
3705
3759
3704
3704
3777
3698
3725
3732
3704
3784
3705
3705
3757
3704
3731
3729
3705
3734
3728
3701
3792
3705
3729
3730
3703
3824
3825
3817
3833
3817
3849
3826
3816
3832
3816
3815
3877
3817
3795
3733
3705
3763
3704
3705
3763
3705
3734
3733
3706
3760
3705
3703
3800
3704
3731
3733
3702
3733
3732
3704
3762
3705
3770
3733
3705
3736
3732
3706
3777
3703
3705
3758
3697
3741
3733
3704
3761
3704
3705
3759
3703
3735
3732
3704
3733
3734
3704
3761
3704
3767
3994
3756
3737
3730
3706
5968
3897
3869
3819
3855
3894
3819
3874
3817
3866
3883
3818
3847
3846
3756
3803
3704
3722
3774
3704
3735
3734
3705
3785
3704
3702
3762
3697
3729
3732
3705
3768
3733
3705
3762
3704
3771
3734
3704
3731
3732
3706
3762
3705
3733
3732
3705
3823
3729
3697
3760
3706
3705
3792
3764
3731
3732
3886
4008
3918
3922
3919
3924
3950
3890
3909
3920
3937
3969
3922
3940
4027
3961
3929
3955
3993
3956
3943
4307
4133
3968
4316
3896
3942
3948
3914
3922
3866
3932
3898
3919
3926
3952
3952
3949
3842
3937
4009
3851
4075
3859
3950
3922
3910
4067
4026
3973
3897
3960
3950
3911
3940
3938
3987
3972
3908
3919
3965
3914
3961
3937
4064
3924
3910
3937
3912
4024
3833
3706
3873
3909
3806
3756
3704
3817
3727
3706
3735
3729
3753
3760
3840
3846
3929
3813
3954
3815
3732
3761
3703
4035
3840
3807
3867
3817
3842
3843
3816
3842
3841
3816
3874
3814
3836
3766
3704
3824
3819
3817
3849
3818
3820
3823
3814
3817
3809
3809
3854
3815
3791
3734
3705
3756
3702
3705
3759
3704
3770
3734
3705
3754
3726
3703
3777
3703
3731
3759
3705
3763
3728
3726
3761
3705
3836
3735
3789
3729
3729
3705
3759
3705
3728
3733
3704
3730
3728
3698
3759
3703
3697
3777
3703
3729
3729
3702
3756
3705
3704
3760
3703
3766
3732
3702
3732
3730
3704
3761
3704
3728
3731
3704
3766
3729
3696
3758
3705
3704
3753
3704
3734
3730
3704
3790
3703
3705
3838
4001
3770
3729
3704
3759
3704
3705
6276
3984
4011
4050
3750
3736
3706
3762
3882
3860
3946
3840
3887
3819
3852
3822
3845
3824
3823
3818
3859
3841
3824
3822
3817
3878
3704
3705
3763
3729
3768
3734
3706
3752
3755
3703
3764
3705
3755
3733
3703
3735
3733
3729
3763
3754
3734
3756
3704
3734
3732
3703
3977
3868
3916
3917
3948
3981
3920
3897
3924
3841
3871
3869
3840
3899
3819
3923
3732
3726
3755
3706
3751
3819
3705
3736
3732
3703
3733
3731
3704
3762
3704
3734
3732
3698
3729
3734
3706
3782
3704
3704
3762
3703
3734
3734
3703
3764
3753
3704
3890
3816
3826
3824
3815
3825
3810
3818
3816
3810
3818
3816
3809
3769
3702
3731
3733
3705
3732
3731
3704
3798
3704
3733
3732
3704
3782
3733
3704
3763
3705
3703
3797
3704
3729
3734
3704
3799
3704
3704
3763
3701
3793
3731
3704
3735
3733
3703
4000
3817
3822
3873
3818
3932
3932
3934
3931
3928
3934
3930
3928
3891
3810
3846
3841
3814
3862
3704
3760
3758
3700
3764
3760
3704
3818
3702
3701
3814
3698
3765
3818
3816
3823
3815
3814
3866
3886
3856
3937
3817
3964
3935
3948
3842
3818
3875
3816
3841
3874
3815
3807
3753
3705
3759
3752
3753
3898
3819
3843
3842
3905
3876
3817
3843
3910
3819
3867
3816
3877
3872
3817
3819
3735
3765
3760
3742
3745
3820
3705
3734
3730
3703
3847
3705
3703
3761
3766
3735
3728
3697
3750
3765
3705
3760
3704
3854
3731
3704
3770
3729
3704
3761
3699
3727
3728
3704
3795
4135
3706
3892
3819
3819
3817
3809
4250
4319
3852
3868
3819
3840
3819
3992
3737
3706
3851
3759
3732
3761
3705
3739
3862
3815
3819
3818
3835
3832
3817
3822
3825
3840
3830
3816
3815
3783
3704
3766
3733
3728
3762
3706
3704
3763
3729
3732
3732
3704
3759
3732
3704
3812
3705
3796
3732
3704
3732
3817
3705
3798
3705
3725
3733
3706
3766
3733
6195
7665
4018
4241
3905
3883
3845
4592
4191
4102
4175
4265
4279
4172
3988
4073
3973
3990
3983
4215
3949
3985
3958
4064
4053
3948
3979
3949
3944
3958
3937
3938
3956
3939
3922
3818
3844
3833
3817
3823
3845
3811
3794
3704
3705
3814
3705
3801
3732
3729
3762
3703
3699
3764
3728
3732
3730
3698
3756
3732
3697
3761
3707
3825
3732
3705
3735
3753
3703
3801
3703
3754
3731
3705
3762
3731
3789
3764
3703
3697
3907
3818
3819
3814
3811
3965
3818
3845
3821
3817
3843
3842
3816
3869
3816
3842
3849
3814
3865
3818
3848
3841
3816
3813
3767
3706
3815
3704
3704
3940
3912
3969
3940
3909
3963
3938
3937
3935
3911
3925
3959
3937
3937
3851
4013
4266
4213
3896
4138
4006
3975
3966
3998
3944
3951
3921
4369
3897
3997
3999
4108
3900
3901
3962
3970
3979
3944
3941
3935
3943
3957
3985
3967
3941
3953
3966
3961
4043
3912
3938
3940
4082
3993
3873
3954
4003
3942
3899
3919
3937
3988
3954
3967
3942
4139
3961
3903
3899
4025
3885
3971
3775
3933
3908
3872
3911
3891
3945
3992
3977
3951
4055
3975
3953
3960
4199
3985
3973
3960
4133
3969
3952
5238
4735
3971
3949
3877
4024
3943
3954
3945
3943
3965
3931
3941
3938
3891
3963
3816
3815
4050
3881
3853
3842
4168
3884
3818
3847
3944
3817
3827
3816
3953
3822
3817
3814
3849
3869
3875
3842
3847
3936
3817
3847
3818
3954
3730
3704
3799
3842
3887
3876
3816
3852
3891
3817
3833
3818
3844
3909
3816
3846
3844
3841
3924
3820
3843
3889
3816
3872
3816
3840
3853
3817
3853
3820
3933
3955
3966
4005
3990
3817
3820
3810
3974
3730
3702
3737
3729
3753
3753
3752
3703
3812
3703
3870
3849
3905
3869
3815
3872
3819
3958
3822
3820
3818
4081
3818
3852
3844
3925
3761
3704
3728
3730
3789
3830
3844
3817
3923
3814
3913
3888
4007
4048
3916
3898
3937
3864
3842
3849
3818
3888
3810
3834
3761
3728
3855
3816
3809
4000
3966
3912
3936
3936
3956
3937
3947
3941
3930
3944
3931
3924
9565
4153
3958
4239
4043
3855
3874
3886
4532
3712
3743
3730
3895
4282
4235
4133
4222
4192
4092
4074
4326
3974
3840
3986
3961
3918
3905
3821
3944
3820
3814
3831
3947
3878
3825
3818
3832
3887
3851
3849
3819
3879
3818
3818
3900
3847
3842
3843
3816
3871
3841
3841
3847
3816
3847
3843
3816
3818
3779
3817
3767
3704
3761
3916
3707
3827
3705
3812
3760
3705
3780
3760
3838
3819
3705
3762
3942
3700
3758
3760
3749
3881
3817
3849
3842
3840
3845
3819
3814
3898
3817
3862
3980
3841
3833
3706
3706
3796
3754
3736
3728
3703
3847
3706
3704
3763
3704
5408
4697
3967
3989
3843
3835
3835
3839
3908
3820
3845
3818
3866
3789
3699
3778
3868
3817
3875
3919
3913
3995
3891
3897
3892
3984
3896
3889
3936
4035
3924
3928
3863
3992
3915
3883
3998
3913
3966
3952
3943
3947
4152
3954
3915
3877
4222
3874
3944
3913
4023
3958
3924
3962
4284
4071
3952
3918
3926
3929
3966
3979
4125
4188
3968
3962
3989
3971
3923
3921
3866
4063
3913
3930
3909
4037
3982
3924
3883
4058
4025
3988
3937
3914
4077
3926
3957
3951
3952
3984
4065
4178
4043
3912
3957
3920
3999
3937
3922
3937
3948
3931
3876
3870
3879
3847
3827
3822
3818
3832
3735
3704
3810
3727
3735
3733
3706
3769
3758
3705
3762
3704
3728
3791
3705
3732
3735
3729
3761
3703
3705
3786
3703
3779
3735
3705
3770
3719
3704
4024
3840
3822
3823
3809
3929
3744
3722
3744
3804
3918
3837
3806
3861
3863
3913
3882
3863
3829
3840
3913
3786
3705
3888
3835
3808
3813
3961
3927
3743
3705
3979
3795
3806
3762
3705
3903
3733
3705
3734
3866
3806
3951
3811
3837
3931
3817
3869
3817
3902
3845
3811
3949
3904
3818
3828
3704
7097
5200
4166
4004
4468
3972
3942
3962
3941
4283
3944
3936
4057
3936
3945
3940
4017
3950
3936
3951
3965
3940
3947
4017
3944
4026
3939
3956
3937
3995
3856
3816
3829
3880
3947
3942
3937
3999
3824
3817
3856
3816
3827
3836
4009
3800
3756
3725
3733
3704
3832
3733
3705
3762
3705
3728
3765
3704
3735
3756
3705
3762
3706
3703
3782
3699
3980
4427
3953
3876
3827
3862
3992
3846
3882
3818
3849
3918
3818
3847
3845
3787
3901
3819
3851
3865
3817
3866
3816
3817
3904
3815
3845
3844
3817
3833
3702
3801
3771
3704
3765
3760
3704
3811
3704
3698
3820
3704
3758
3759
3704
3761
3759
3706
3820
3705
3753
3774
3705
3834
3762
3764
3816
3705
3750
3853
3811
3813
3815
3810
3844
3817
3824
3819
3818
3820
3825
3816
3800
3697
3790
3849
3907
3929
3817
3816
3786
3867
3739
3730
3755
3810
3703
3703
3754
3705
3810
3730
3706
3730
3789
3703
3755
3705
3734
3752
3703
3730
3735
3728
3753
3702
3759
3742
3714
3727
3735
3700
3814
3704
3703
3758
3730
3766
3735
3704
3755
3730
3703
3760
3705
3812
3733
3699
3726
3728
3704
3762
3704
3730
3736
3704
3723
3780
3705
4086
3706
3729
3734
3703
3766
3731
3704
3758
3703
3727
3730
3703
3725
3731
3704
3760
3702
3699
3761
3704
3729
3730
3703
3730
3729
3704
3786
3705
3730
3727
3699
3734
3729
3705
3760
3703
3727
3731
3705
3734
3730
3703
3776
3704
3704
3754
3705
3774
3731
3704
3734
3779
3704
3787
3707
3733
3728
3706
3814
3828
3817
3829
3814
3852
3823
3816
3830
3819
3816
3823
3810
3792
3733
3705
3902
3819
3813
3837
3846
3950
3824
3819
3832
3840
3848
3823
3816
3847
3705
3704
3823
3704
3788
3733
3703
3760
3727
3703
3761
3703
3733
3757
3704
3834
4003
3834
3799
3708
3734
3760
3709
3790
3704
3704
3787
3704
3732
3732
3727
3734
3732
3704
3762
3784
3727
3733
3705
4014
4660
3973
3826
4027
3880
3710
3704
3771
3879
3742
3731
3705
3779
3729
3704
3797
3709
3793
3729
3706
3731
3780
3704
3762
3704
3733
3752
3697
3773
3736
3728
3787
3705
3704
3782
3703
3745
3734
3703
3754
3704
3703
3795
3722
3730
3737
3705
3842
3852
3819
3832
3816
3892
3846
3819
3885
3853
3846
4092
3819
3845
3845
3810
4275
4640
4431
3706
3779
4516
3700
3759
3705
3703
4183
3697
3728
3734
3704
3981
3817
3858
3853
3817
4037
4493
4135
3816
3809
3871
3841
3979
3876
3810
3841
3820
4038
3827
3817
3852
3869
3704
3732
3729
3789
3763
3704
3730
3735
3789
3796
3730
3704
3819
3705
3752
3829
3816
3819
3820
3815
3829
3820
3822
3828
3820
3824
3821
3820
3756
3702
3849
3790
3706
3801
3729
3704
4091
3707
3737
3813
3704
3754
3705
3703
3762
3697
3730
3730
3704
3730
3729
3702
3760
3704
3733
3729
3703
3760
3728
3706
3760
3703
3704
3883
3706
3730
3729
3704
3757
3705
3707
3760
3704
3728
3730
3704
3734
3727
3698
3774
3702
3723
3729
3704
3767
3730
3754
3760
3704
3764
3731
3705
3734
3728
3703
3791
3704
3704
3771
3744
3799
3731
3703
3759
3704
3705
3754
3702
3730
3731
3704
3770
3728
3703
3754
3704
3733
3731
3702
3731
3730
3704
3753
3704
3703
3759
3704
3764
3860
3705
3754
3705
3746
3895
3705
3736
3729
3754
3842
3969
3755
3814
3706
3761
3730
3705
3808
3703
3704
3759
3728
3732
3728
3704
3729
3752
3704
3758
3698
3756
3729
3704
3727
3729
3730
3762
3704
3734
3729
3702
3907
4546
4120
3935
3822
3830
3780
3879
3884
3819
3843
3888
3816
3823
3703
3750
3761
3704
3730
3729
3758
3733
3718
3755
3811
3706
3729
3730
3705
3757
3728
3705
3793
3727
3728
3728
3704
3793
3730
3697
3758
3705
3778
3869
3817
3840
3914
3815
3862
3816
4044
3883
3817
3935
3938
3944
3957
3934
3940
3936
3939
3933
3930
3953
3934
3928
3762
3703
3768
3758
3703
3817
3704
3704
3817
3751
3760
3757
3698
3755
3759
3702
3813
3701
3763
3759
3700
3758
3757
3702
3816
3744
3742
3819
3703
3818
3758
3700
3756
3889
3704
3845
3704
3901
3761
3706
3763
3811
3703
3817
3702
3753
3815
3703
3761
3760
3759
3818
3703
3697
3817
3728
3759
3760
3704
3787
3759
3705
3868
3698
3783
3760
3698
3857
4020
3817
3870
3816
3903
3844
3817
3868
3816
3904
3840
3810
3815
3884
3705
3815
3704
3731
3790
3702
3750
3770
3705
3815
3705
3703
3820
3705
3761
3763
3702
3800
3828
3817
3830
3816
3836
3820
3810
3821
3809
3810
3926
3857
3870
3846
3815
3885
3704
3733
3733
3697
3810
3855
3816
3866
3817
3845
3916
3815
3870
3819
3814
3925
3817
3832
3760
3786
3819
3706
3704
3816
3704
3761
3762
3705
3761
3759
3703
3815
3704
3762
3759
3704
3763
3759
3697
3812
3705
3703
3817
3705
3762
3758
3699
3755
3760
3705
3904
3909
3840
3889
3704
3761
3760
3715
3975
3706
3762
3762
3754
3761
3763
3704
3868
3705
3704
3817
3705
3812
3762
3704
3810
3771
3704
3819
3704
5030
4565
3957
3955
4074
3944
3819
3817
3876
3899
3839
3815
3819
3840
3705
3761
3736
3759
3729
3728
3704
3763
3758
3704
3758
3752
3786
3730
3705
3761
3702
3727
3759
3705
3729
3752
3704
3732
3729
3705
3784
3706
3832
3729
3729
3734
3728
3703
3855
3886
3820
3819
4017
3925
3704
3704
3761
3704
3753
3730
3704
3738
3730
3704
3795
3703
3730
3730
3705
4133
3927
3821
3826
3820
3847
3821
3815
3821
3925
3843
3842
3817
3843
3842
3817
3791
3706
3737
3728
3706
3728
3728
3704
3761
3705
3757
3741
3704
3729
3729
3703
3762
3704
3705
3759
3704
3766
3728
3704
3759
3705
3705
3797
3705
3724
3730
3705
3797
3728
3902
3759
3706
3748
3729
4011
3739
3728
3704
3887
3706
3730
3837
3703
3853
3728
3703
3759
3789
3795
3937
3817
3878
3816
3816
3846
3818
3819
3820
3815
3819
3810
3818
3766
3705
3783
3730
3705
3760
3703
3762
3785
3703
3731
3753
3706
3759
3704
3706
3843
3704
3730
3728
3699
3756
3706
3704
3793
3703
3723
3729
3705
3769
3731
3705
3790
3703
3747
3734
3705
3729
3730
3704
3793
3705
3704
3761
3705
3730
3731
3705
3757
3704
3706
3759
3698
3724
3728
3697
3731
3729
3704
3760
3705
3750
3842
3811
3840
3840
3817
3872
3816
3841
3842
3818
3872
3816
3816
3811
3697
3756
3761
3704
3763
3760
3704
3821
3705
3779
4073
3705
3798
3759
3702
3821
3705
3767
3760
3705
3763
3760
3706
3822
3704
3704
3816
3705
3826
3886
3704
3822
3756
3870
3819
3703
3767
3811
3705
3762
3757
3699
3869
3705
4086
4318
4221
3965
3941
3946
4142
3824
3831
3819
3842
3871
3817
3820
3819
3773
3760
3698
3784
3783
3703
3730
3728
3703
3816
3707
3734
3729
3728
3728
3730
3705
3804
3729
3734
3728
3697
3835
3729
3703
3760
3705
3729
3911
3818
3892
3866
3816
3851
3816
3846
3812
3810
3842
3817
3862
3794
3705
3734
3731
3704
3742
3716
3704
3794
3704
3735
3730
3706
3758
3729
3755
3762
3706
3769
3730
3705
3728
3734
3705
3754
3702
3704
3758
3704
3757
3736
3704
3756
3704
3703
3760
3704
3730
3734
3704
3793
3729
3705
3761
3704
3766
3734
3704
3730
3729
3704
3790
3704
3728
3734
3704
3766
3729
3705
3760
3705
3704
3759
3703
3728
3730
3703
3794
3728
3751
3891
3704
3758
3729
3747
3860
3730
3704
4026
3754
3731
3729
3702
3788
3729
3702
3760
3703
3784
3728
3702
3733
3752
3705
3822
3704
3729
3754
3705
3736
3730
3730
3761
3704
3703
3754
3728
3735
3729
3703
3797
3703
3698
3753
3712
3866
3728
3703
3734
3811
3704
3863
3866
3844
3842
3815
3869
3818
3818
3865
3817
3844
3841
3817
3837
3705
3746
3843
3858
3844
3819
3816
3827
3815
3820
3817
3809
3819
3809
3810
3756
3705
3747
3729
3702
3744
3718
3705
3759
3704
3731
3731
3705
3764
3729
3702
3759
3703
3728
3728
3704
3734
3729
3703
3849
3939
3762
3729
3696
3770
3731
3702
3757
3704
3698
3754
3704
3735
3730
3704
3735
3729
3704
3754
3705
3733
3731
3705
3734
3729
3703
3753
3706
3733
3729
3703
3762
3731
3704
3756
3703
3704
6049
4062
3879
3821
4221
3829
3818
3827
3869
3833
3822
3817
3853
3703
3705
3807
3703
3787
3730
3704
3729
3784
3704
3759
3704
3733
3751
3704
3728
3726
3725
3760
3705
3734
3728
3728
3839
3729
3706
3785
3703
3734
3871
3876
3820
3827
3819
3845
3841
3830
3821
3810
3917
3817
3816
3867
3816
3848
3843
3816
3872
3818
3870
3729
3704
3734
3731
3705
3816
3706
3729
3730
3705
3754
3728
3704
3759
3704
3696
3753
3698
3729
3731
3703
3926
3937
3941
3939
3936
3951
3933
3931
3937
3931
3932
3932
3928
3807
3706
3757
3766
3703
3760
3759
3705
3821
3704
3761
3765
3703
3757
3761
3703
3825
3704
3702
3821
3704
3761
3759
3702
3811
3761
3703
3822
3703
3854
3821
3817
3827
3818
3816
3953
3938
3937
3937
3934
3972
3934
3939
3940
3816
3843
3816
3901
3769
3702
3763
3777
3703
3755
3702
3729
3784
3703
3733
3727
3758
3753
3703
3702
3758
3728
3770
3731
3705
3779
3744
3745
3765
3704
3758
3728
3704
3805
3753
3703
3760
3704
3821
3754
3698
3726
3727
3725
3792
3706
3734
3812
3704
3729
3730
3704
3760
3704
3704
3760
3704
3728
3729
3704
3762
3705
3705
3757
3698
3741
3731
3703
3733
3728
3697
3794
3697
3723
3728
3702
3730
3729
3704
3759
3706
3703
3804
3744
3815
4037
3756
4204
3880
3842
3843
3817
3868
3818
3817
3868
3816
3840
3841
3809
3867
3705
3764
3760
3704
3755
3765
3704
3813
3705
3704
3824
3703
3766
3765
3705
3756
3759
3704
3821
3705
3759
3764
3699
5135
4591
3919
3927
3819
3829
3816
3899
3818
3819
3871
3913
3822
3878
3844
3879
3857
3699
3761
3707
3753
3821
3704
3729
3785
3703
3750
3718
3703
3812
3705
3839
3728
3728
3734
3728
3703
3789
3726
3729
3730
3808
3843
3851
3817
3875
3841
3851
3846
3816
3876
3840
3815
3878
3816
3845
3843
3816
3808
3704
3817
3733
3704
3745
3734
3704
3762
3754
3735
3732
3705
3733
3732
3705
3780
3704
3705
3762
3702
3727
3732
3703
3731
3732
3705
3771
3705
3731
3732
3706
3767
3733
3704
3771
3702
3776
3733
3703
3735
3731
3705
3799
3703
3705
3760
3705
3751
3731
3698
3759
3704
3704
3761
3705
3734
3731
3699
3743
3732
3705
3761
3756
3756
3732
3704
3735
3733
3704
3858
3704
3735
3731
3702
3803
3976
3813
3761
3704
3753
3845
3811
3840
3842
3814
3868
3817
3844
3841
3815
3868
3817
3817
3807
3702
3816
3761
3704
3949
3700
3698
3820
3704
3928
3761
3703
3763
3808
3705
3818
3705
3758
3813
3704
3765
3790
3756
3819
3703
3705
3839
3701
3762
3759
3698
3783
3761
3696
3816
3728
3763
3760
3707
3781
3783
3696
3814
3704
3755
3790
3703
3758
3759
3727
3809
3705
3704
3903
3704
3763
3760
3705
3759
3760
3704
3817
3704
3751
3771
3703
3746
3759
3706
3818
3704
3704
3938
3911
3808
3762
3704
3826
3706
3704
3818
3703
3740
3760
3705
3763
3758
3697
3814
3704
3704
3818
3697
3751
3761
3704
3805
3718
3705
3815
3699
3753
3760
3704
3762
3761
3705
3817
3705
3704
4809
3981
3888
3814
3844
3947
3817
3824
3822
3895
3858
3820
3809
3774
3717
3763
3706
3754
3815
3705
3733
3734
3759
3734
3733
3704
3763
3727
3732
3732
3698
3932
3732
3706
3763
3705
4017
3735
3705
3731
3781
3705
3822
3704
3839
3784
3704
3849
3844
3840
3873
3817
3849
3846
3811
3821
3809
3809
3878
3816
3794
3733
3729
3934
3705
3732
3756
3703
3791
3731
3751
3785
3704
3704
3761
3728
3734
3733
3705
3780
3789
3705
3763
3705
3734
3734
3703
3751
3732
3698
3763
3702
3729
3733
3704
3783
3731
3704
3762
3702
3754
3734
3704
3732
3733
3704
3765
3704
3703
3761
3704
3833
3733
3705
3761
3705
3704
3805
3705
3731
3732
3704
3766
3780
3698
3761
3704
3769
3732
3704
3733
3734
3704
3763
3704
3732
3735
3704
3849
3914
3705
3763
3706
3744
3750
3744
3760
3730
3704
3787
3704
3703
3752
3703
3733
3729
3744
3777
3704
3704
3755
3704
3733
3729
3704
3734
3729
3743
3760
3703
3812
3732
3705
3809
3788
3705
3773
3762
3915
3732
3745
3773
3779
3744
3770
3706
3762
3794
3702
3728
3727
3758
3790
3704
3704
3753
3729
3771
3730
3703
3785
3705
3703
3755
3704
3758
3730
3702
3725
3758
3705
3754
3704
3780
3742
3702
3730
3735
3727
3754
3703
3733
3811
3704
3761
3732
3705
3754
3703
3703
4004
3899
3730
3737
3704
3789
3746
3745
3760
3704
3723
3734
3698
3751
3706
3705
3759
3704
3728
3733
3704
3728
3729
3704
3763
3703
3729
3735
3703
3729
3731
3704
3759
3704
3705
3760
3704
3763
3728
3706
3759
3705
3704
5785
3967
3909
3820
3847
3734
3705
3934
3706
3745
3833
3754
3735
3733
3704
3772
3787
3705
3759
3704
3789
3734
3705
3736
3754
3705
3763
3706
3734
3756
3704
3834
3735
3728
3760
3704
3753
3934
3864
3846
3844
3816
4047
3706
3737
3732
3707
3820
3732
3705
3761
3759
3750
3734
3703
3803
3732
3705
4202
3899
3848
3846
3816
3906
3817
3820
3815
3811
3852
3942
3936
3877
3810
3845
3821
3810
3825
3810
3817
3822
3810
3817
3735
3703
3776
3704
3819
3733
3703
3770
3733
3706
3762
3704
3704
3798
3704
3733
3732
3705
3760
3702
3699
3763
3702
3734
3731
3706
3760
3703
3705
3770
3704
3727
3730
3698
3817
3731
3703
3762
3705
3733
3732
3705
3734
3732
3704
3857
3704
3732
3733
3704
3853
3896
3704
3763
3703
3733
3733
3703
3736
3731
3704
3812
3704
3704
3761
3705
3767
3733
3704
3733
3731
3706
3763
3703
3731
3733
3702
3795
3732
3703
3763
3703
3765
3732
3703
3734
3733
3752
3779
3703
3701
3759
3705
3796
3731
3698
3760
3704
3705
3854
3699
3729
3863
3704
3793
3705
3803
3810
3707
3737
3734
3755
3732
3734
3704
3794
3705
3728
3733
3704
3819
3735
3705
3769
3728
3752
3733
3703
3734
3758
3704
3773
3705
3746
3745
3703
3733
3733
3728
3848
3938
3804
3768
3704
3731
3732
3728
3799
3710
3708
3761
3788
3768
3736
3704
3759
3704
3704
3764
3704
3733
3735
3705
3771
3732
3704
3761
3703
3735
3733
3705
3732
3732
3705
3871
3816
3845
3844
3816
3852
3843
3816
3873
3817
3922
4856
4284
3737
3705
3737
4042
3706
3764
3751
3731
3870
3704
3738
3728
3750
3759
3706
3704
3807
3703
3733
3728
3702
3810
3704
3705
3870
3729
3735
3727
3703
3759
3727
3704
3755
3806
3817
3728
3705
3734
3729
3729
3792
3703
3736
3754
3701
3749
3731
3704
3780
3702
3758
3765
3837
3734
3730
3703
3788
3868
3735
3730
3752
3785
3732
3704
3755
3759
3705
3759
3706
3735
3782
3704
3789
3705
3727
3761
3704
3733
3729
3729
3730
3731
3704
3823
3704
3735
3730
3705
3816
3728
3704
3760
3728
3763
3730
3704
3728
3754
3704
3849
3820
3872
3823
3817
3860
3823
3818
3831
3818
3825
3815
3809
3793
3755
3703
3798
3704
3730
3732
3703
3733
3732
3704
3762
3704
3736
3731
3704
3732
3735
3702
4044
3704
3734
3733
3702
3783
3734
3699
3759
3706
3739
3748
3697
3730
3736
3704
3800
3703
3705
3762
3704
3732
3734
3706
3730
3731
3707
3764
3703
3727
3735
3704
3856
3733
3705
3761
3755
3769
3735
3704
3729
3731
3705
3833
3705
3733
3734
3704
3751
3734
3704
3761
3703
3705
3774
3702
3727
3733
3706
3761
3703
3698
3761
3704
3796
3733
3697
3733
3862
3706
3783
3697
3789
3837
3704
3757
3734
3753
3762
3704
3773
3786
3704
3734
3733
3704
3915
3941
3846
3781
3728
3823
3732
3703
3786
3706
3770
3734
3704
3758
3732
3704
3763
3726
3732
3732
3703
3736
3755
3705
3762
3704
3728
3762
3707
3734
3733
3787
3762
3706
3704
3759
3704
3735
3732
3702
3731
3731
3706
3796
3702
3728
3731
3705
5281
4602
3934
3843
3981
3880
3818
3850
3945
4101
3871
3817
3852
3884
3705
3737
3730
3790
3754
3703
3733
3729
3789
3732
3730
3697
3919
3706
3705
3758
3698
3852
3732
3703
3974
3764
3698
3792
3703
3794
3730
3706
3790
3705
3767
3760
3705
3783
3824
3817
3822
3816
3816
3884
3816
3822
3820
3857
3834
3809
3860
3730
3703
3765
3731
3702
3753
3703
3822
3730
3838
3734
3727
3698
3786
3868
3736
3731
3706
3784
3728
3699
3751
3705
3759
3805
3705
3734
3783
3703
3789
3705
3703
3765
3705
3768
3731
3727
3742
3715
3698
3759
3727
3735
3728
3705
3753
3733
3703
3752
3729
3768
3730
3704
3777
3759
3703
3755
3703
3800
3742
3704
4317
3734
3704
3754
3702
3728
3729
3697
3724
3734
3705
4076
3705
3738
3728
3703
3758
3733
3697
3752
3703
3704
3760
3704
3729
3735
3705
3763
3729
3704
3759
3704
3730
3733
3696
3725
3729
3704
3758
3704
3727
3735
3705
3730
3727
3755
3761
3704
3705
3759
3704
3731
3730
3705
3792
3705
3706
3759
3705
3745
3729
3703
3734
3729
3705
3791
3704
3728
3730
3704
3793
3840
3810
3867
3816
3841
3843
3817
3843
3840
3809
3868
3816
3830
3760
3705
4010
3705
3703
3819
3697
3982
3763
3707
3770
3808
3703
3927
3877
3787
3757
3697
3757
3760
3758
3818
3705
3760
3783
3705
3762
3760
3703
3842
3706
3704
3813
3728
3757
3760
3705
3762
3782
3701
3816
3705
3785
3760
3704
3765
3784
3703
3816
3704
3705
3899
3703
3759
3758
3704
3803
3717
3703
3815
3704
3986
4734
4120
3942
3820
3851
3843
3892
3829
3818
3819
3851
3817
3821
3820
3857
3820
3697
3724
3739
3762
3732
3731
3702
3758
3728
3838
3750
3703
3758
3730
3704
3816
3804
3752
3734
3705
3763
3751
3703
3766
3743
3812
3745
3705
3729
3731
3726
3774
3705
3706
3839
3701
3755
3730
3703
3757
3704
3704
4190
3707
3731
3733
3706
3802
3705
3706
3762
3704
3733
3733
3705
3753
3732
3705
3780
3697
3726
3734
3706
3831
3731
3782
3816
3704
3800
3731
3871
3738
3735
3703
3821
3817
3845
3842
3811
3872
3844
3814
3873
3842
3855
3845
3816
3897
3816
3846
3847
3817
3867
3843
3817
3913
3842
3846
3842
3817
3890
3816
3816
3871
3819
3873
3841
3813
3820
3728
3762
3870
3702
3844
3760
3704
4091
3705
3770
3760
3705
3757
3760
3703
3814
3704
3704
3816
3705
3764
3759
3705
3759
3763
3704
3814
3697
3759
3760
3698
3756
3762
3704
3813
3705
3702
3817
3697
3810
3762
3702
3757
3762
3704
3815
3704
3760
3763
3704
3756
3761
3704
3819
3706
3705
3823
3702
3755
3761
3705
3815
3704
3704
3817
3699
3753
3761
3705
3764
3760
3706
3816
3705
3703
3815
3705
3757
3760
3703
3763
3762
3704
3821
3702
3757
3761
3704
3757
3760
3704
3872
3925
3793
3758
3704
3762
3761
3704
3876
3705
3705
3949
3705
3762
3759
3748
3943
3704
3705
3816
3755
3763
3756
3699
3811
3763
3703
3815
3705
3816
3760
3704
3762
3787
3703
3813
3705
3704
3846
3702
3757
3761
3729
3758
3759
3704
5890
4413
3972
3942
4075
3941
3937
4000
4005
4049
3934
3930
4018
3705
3741
3728
3697
3820
3728
3704
3753
3785
3735
3728
3704
3829
3790
