3435
3577
3694
3483
3409
3409
3407
3532
3522
3512
3511
3536
3573
3510
3509
3511
3537
3519
3511
3511
3515
3521
3561
3538
3509
3510
3567
3511
3511
3510
3519
3513
3516
3511
3508
3568
3510
3511
3561
3512
3473
3432
3407
3441
3432
3430
3468
3432
3408
3459
3433
3407
4967
4005
3661
3629
3636
3529
3580
3542
3440
3438
3407
3597
3437
3407
3468
3408
3456
3476
3407
3407
3462
3463
3407
3511
3407
3410
3530
3445
3435
3437
3430
3434
3436
3407
3439
3460
3408
3435
3439
3407
3497
3435
3406
3437
3433
3432
3436
3437
3406
3435
3460
3407
3513
3410
3407
3490
3407
3407
3465
3408
3489
3464
3408
3409
3506
3408
3407
3462
3409
3438
3434
3407
3435
3436
3408
3449
3435
3407
3437
3434
3407
3475
3437
3405
3435
3485
3408
3439
3436
3407
3435
3437
3407
3464
3407
3407
3465
3406
3405
3469
3406
3407
3464
3406
3407
3589
3407
3410
3461
3407
3467
3436
3407
3439
3436
3406
3437
3436
3407
3434
3435
3407
3440
3434
3407
3435
3438
3407
3437
3435
3407
3436
3433
3407
3567
3518
3510
3684
3658
3628
3624
3624
3794
3681
3618
3625
3701
3621
3572
3511
3512
3603
3408
3462
3464
3407
3571
3627
3511
3537
3537
3512
3577
3536
3512
3563
3510
3508
3563
3512
3514
3513
3411
3460
3478
3431
3468
3461
3407
3490
3464
3409
3466
3464
3430
3467
3463
3408
3463
3547
3408
3468
3463
3411
3470
3464
3408
3460
3464
3407
3515
3461
3409
3466
3463
3411
3477
3455
3408
3518
3407
3408
3523
3407
3408
3610
3511
3509
3559
3511
3538
3512
3511
3513
3520
3511
3540
3562
3509
3520
3425
3411
3462
3408
3410
3458
3408
3407
3561
3513
3512
3569
3511
3980
3820
3628
3670
3672
3630
3581
3512
3653
3532
3511
3557
3630
3625
3625
3632
3620
3623
3527
3536
3705
3619
3704
3664
3584
3582
3699
3561
3629
3613
3615
3656
3602
3575
3643
3612
3706
3611
3557
3660
3682
3563
3605
3548
3559
5283
4103
3788
3729
3687
3710
3652
3933
4299
3738
3845
3714
3785
3890
3771
3716
3681
3833
3755
3781
3798
3885
3811
3652
4281
3668
3723
3655
3611
3627
3720
3617
3565
3649
3766
4064
3730
3812
4013
4232
4276
4509
3882
3908
3625
3747
3594
3663
3654
3565
3562
3531
3540
3512
3562
3520
3510
3542
3511
3510
3555
3510
3562
3510
3520
3510
3555
3534
3511
3546
3561
3541
3511
3597
3612
3642
3663
3578
3621
3588
3672
3566
3564
3612
3574
3638
3564
3562
3631
3586
3628
3625
3637
3808
5063
4469
3667
3519
3669
3630
3646
3625
3816
3869
22248
3648
3618
3664
3606
3623
3629
3640
3626
3626
3717
3695
3926
3746
3678
3681
3722
3624
3657
3719
3624
4011
3621
3658
3644
3737
3637
3624
3682
3630
3683
3609
3514
3536
3689
3573
3511
3524
3511
3629
3635
3625
3681
3585
3659
3630
3628
3552
3758
3606
3652
3639
3550
3808
3682
3654
3730
3727
3650
3681
3668
3702
3732
3629
3633
3627
3714
3697
3624
3619
3629
3621
3640
3575
3512
3537
3604
3524
3625
3517
3565
3556
3511
3510
3615
3581
3545
3540
3511
3609
3641
3511
3542
3539
3614
3592
3408
3407
3465
3465
3408
3521
3407
3482
3489
3407
3413
3521
3408
3588
3606
3628
3652
3636
3589
3653
3632
3585
3702
3592
3513
3532
3512
3966
3567
3755
3573
3641
3516
3605
3513
3510
3683
3457
3547
3505
3409
3669
3619
3569
3552
3731
3412
3821
3661
3644
3899
3570
3587
3582
3694
3741
3565
3410
3589
3575
3513
3571
3512
3511
3571
3510
3545
3516
3558
3517
3517
3511
4757
4343
3579
3552
3521
3599
3442
3405
3434
3442
3623
3496
3438
3409
3469
3592
3408
3615
3408
3405
3713
3434
3407
3504
3540
3436
3438
3406
3496
3571
4318
4362
3518
3593
3563
3413
3408
3409
3658
3408
3407
3407
3407
3666
3517
3515
3514
3688
3661
3511
3510
3589
8230
3754
3665
3631
3739
3540
3538
3592
3596
4003
3626
3622
3656
3738
3634
3633
3637
3991
3650
3634
3629
3670
3700
3744
3568
3897
3985
3631
3626
3642
3511
3564
3510
3511
3549
3557
3575
3510
3608
3512
3611
3512
3512
3515
3565
3794
3688
3652
3649
3750
3700
3659
3656
3671
3819
3605
3580
3652
3750
3666
3617
3563
3827
3908
3641
3620
3614
3587
3675
3627
3622
3624
4117
3746
3664
3631
3760
3593
3620
3515
3677
3652
3608
3608
3628
3645
3667
3610
3596
3615
3656
3620
3608
3608
3560
3654
3748
3616
3616
3958
3749
3517
3565
3623
3689
3605
4089
3732
3976
3656
3695
3704
3804
3982
3781
3609
3616
3870
3797
3989
3609
3607
3756
3573
3596
3660
3833
3661
3631
3626
3648
3986
3635
3613
3613
3684
3567
3616
3614
3654
3623
3563
3584
3587
3575
3665
3512
3511
3511
3630
3622
3621
3618
3621
3575
3514
3512
3511
3858
3512
3511
3511
3540
3653
3510
3510
3509
3568
3582
3511
3509
3539
3532
3536
3511
3511
3516
3576
3512
3511
3515
3515
3615
3512
3509
3511
3708
3616
3511
3510
3514
3734
3512
3510
3511
3539
3611
3512
3510
3533
3517
3549
3462
3408
3467
3742
3409
3462
3463
3409
3651
3423
3407
3521
3407
3492
3562
3512
3510
3575
3545
3538
3534
3512
3615
3537
3511
3638
4052
3861
3651
3624
3663
3583
3541
3523
3515
3511
3570
3515
3511
3515
3424
3457
3512
3408
3407
3464
3460
3408
3495
3409
3479
3520
3408
3406
3461
3612
3434
3432
3407
3478
3637
3510
3546
3623
3567
3678
3618
3546
3629
3695
3649
3612
3600
3598
3675
3617
3661
3645
3586
3721
3614
3615
3679
3931
3637
3602
3614
3667
3681
3615
3572
3613
3674
3701
3506
3510
3637
3624
3619
3570
3509
3647
3608
3562
3621
3510
3588
3571
3510
3559
3545
3581
3496
3433
3591
3714
3541
3723
3613
3614
3748
3709
3512
3743
3543
3828
3672
3645
3632
3751
3512
3510
3548
3509
3585
3513
3511
3520
3527
3523
3478
3441
3407
3697
3537
3510
3570
3510
3843
3651
3588
3515
3516
3612
3596
3536
3510
3622
3542
3511
3505
3405
3492
3464
3408
3407
3601
3560
3535
3539
3509
3562
3610
3514
3545
3535
3534
3590
3578
3511
3568
3485
3405
3555
3513
3511
3590
3511
3538
3535
3552
3569
3587
3562
3586
3615
3517
3624
3559
3614
3619
3511
3538
3538
3694
3636
3596
3614
3596
3711
3638
3665
3562
3647
3655
3622
3634
3629
3620
3627
3629
3618
3642
3637
3621
3635
3621
3760
3621
3514
3541
3634
3801
3618
3623
3622
3626
3621
3633
3536
3510
3561
3536
3509
3536
3536
3607
3562
3609
3559
3674
3611
3511
3616
3510
3578
3515
3510
3496
3432
3456
3498
3541
3511
3544
3680
3621
3570
3509
3758
3561
3512
3541
3513
3608
3495
3432
3406
3467
3516
3406
3440
3433
3406
3651
3514
3511
3559
3560
3510
3919
3587
3541
3627
3512
3560
3535
3534
3544
3536
3511
3512
3462
3407
3456
3407
3408
5567
3731
3589
3570
3746
3469
3408
3412
3468
3539
3458
3562
3510
3539
3565
3535
3540
3537
3532
3538
3534
3510
3563
3534
3509
3524
3407
3409
3542
3407
3408
3521
3408
3431
3501
3408
3465
3486
3407
3472
3524
3510
3537
3517
3510
3521
3517
3532
3516
3516
3511
3523
3535
3511
3503
3407
3408
3529
3409
3436
3434
3406
3438
3436
3407
3438
3437
3404
3468
3435
3407
3441
3482
3407
3469
3436
3408
3435
3435
3408
3564
3563
3511
3568
3511
3510
3558
3514
3520
3519
3514
3522
3520
3510
3517
3447
3407
3438
3436
3406
3434
3435
3408
3437
3432
3409
3464
3407
3407
3484
3407
3406
3463
3406
3408
3466
3405
3410
3465
3407
3406
3464
3407
3457
3610
3589
3547
3517
3511
3517
3538
3509
3544
3517
3510
3524
3511
3510
3524
3510
3528
3436
3408
3436
3436
3407
3435
3434
3407
3443
3435
3406
3437
3435
3408
3631
3635
3510
3545
3535
3511
3563
3510
3509
3561
3509
3536
3534
3510
3536
3490
3407
3460
3463
3408
3464
3466
3411
3465
3464
3407
3463
3463
3405
3464
3462
3406
3566
3462
3407
3461
3461
3409
3519
3405
3407
3577
3407
3407
3517
3407
3408
3596
3408
3407
3523
3407
3406
3518
3407
3406
3521
3406
3460
3498
3627
3464
3467
3405
3463
3463
3407
3466
3462
3408
3468
3466
3408
3462
3462
3408
3463
3461
3408
3460
3464
3406
3464
3463
3407
3466
3463
3407
3477
3451
3510
3521
3408
3407
3522
3407
3407
3520
3409
3408
3522
3408
3410
3521
3409
3408
3521
3408
3406
3519
3407
3454
3476
3407
3466
3463
3408
3502
3461
3408
3467
3462
3407
3501
3464
3407
3463
3463
3409
3466
3462
3408
3470
3463
3408
3755
3919
3678
3573
3524
3517
3600
3600
3634
3630
3621
3637
3631
3621
3635
3621
3579
3550
3510
3516
3519
3532
3543
3540
3509
3562
3539
3511
3547
3537
3509
3566
3511
3509
3519
3431
3407
3463
3407
3407
3524
3407
3434
3437
3406
3490
3598
3408
3439
3459
3407
3437
3437
3494
3460
3434
3405
3439
3437
3489
3434
3435
3406
3464
3407
3408
3464
3407
3409
3504
3457
3407
3464
3406
3406
3501
3407
3406
3465
3407
3453
3434
3408
3436
3435
3406
3463
3438
3409
3440
3434
3407
3560
3435
3407
3434
3439
3407
3488
3436
3407
3438
3433
3407
3465
3407
3408
3463
3407
3411
3485
3407
3405
3465
3407
3407
3465
3407
3406
3466
3406
3475
3607
3534
3437
3434
3407
3475
3482
3408
3437
3436
3405
3435
3434
3408
3437
3435
3407
3450
3434
3408
3462
3405
3406
3496
3407
3406
3466
3407
3407
3533
3406
3405
3463
3622
3687
3966
3974
3892
3902
3537
3613
3538
3568
3614
3560
3613
3768
3598
3641
3606
3607
3655
3672
3616
3634
3619
3646
3625
3623
3617
3510
3541
3585
3510
3538
3534
3537
3538
3483
3408
3464
3486
3408
3466
3463
3431
3466
3595
3639
3675
3691
3606
3632
3626
3665
3729
3568
3628
3651
3849
3642
3649
3560
3665
3629
3635
3633
3558
3660
3635
3607
3617
3642
3606
3670
3613
3686
3603
3665
3632
3639
3616
3692
3585
3614
3668
3585
3643
3690
3671
3753
3822
3599
3651
3641
3629
3659
3616
3625
3651
3599
3623
3647
3616
3579
3640
3617
3628
3565
3616
3668
3562
3628
3628
3620
3615
3595
3511
3584
3484
3409
3501
3407
3409
3493
3407
3408
3467
3418
3420
3466
3407
3406
3495
3407
3436
3435
3408
4798
4491
3640
3589
3686
3650
3539
3511
3545
3703
3623
3631
3621
3620
3610
3509
3510
3551
3534
3513
3514
3512
3511
3537
3510
3483
3433
3408
3516
3436
3408
3458
3407
3431
4029
3408
3409
3489
3409
3409
3593
3510
3568
3540
3510
3545
3517
3534
3519
3516
3511
3577
3510
3511
3479
3411
3436
3466
3408
3407
3463
3491
3525
3437
3408
3435
3435
3407
3437
3435
3407
3435
3437
3407
3481
3437
3406
3437
3436
3407
3467
3435
3408
3435
3435
3566
3671
3607
3609
3644
3583
3705
3647
3617
3628
3634
3624
3632
3620
3684
3629
3559
3709
3644
3587
3645
3637
3606
3742
3595
3619
3615
3560
3680
3655
3575
3518
3541
3512
3568
3443
3409
3465
3435
3406
3437
3435
3431
3463
3407
3407
3478
3430
3406
3463
3407
3405
3570
3469
3406
3463
3406
3493
3437
3406
3435
3459
3408
3528
3634
3510
3561
3539
3510
3546
3516
3556
3523
3511
3510
3524
3509
3516
3486
3407
3476
3436
3407
3437
3434
3408
3438
3440
3408
3438
3435
3454
3453
3436
3407
3437
3435
3407
3437
3435
3407
3464
3408
3405
3466
3407
3409
3465
3408
3411
3551
3408
3409
3466
3408
3407
3520
3407
3436
3537
3406
3474
3435
3407
3437
3436
3408
3439
3436
3407
3436
3434
3480
3586
3641
3605
3585
3614
3639
3641
3622
3627
3622
3625
3687
3651
3525
3724
3623
3700
3691
3577
3776
3558
3578
3610
3603
3834
3645
3495
3493
3832
3408
3410
3467
3407
3613
3536
3511
3537
3536
3597
3539
3535
3508
3602
3533
3511
3559
3509
3574
3522
3408
3408
3521
3466
3436
3493
3408
3459
3523
3408
3464
3464
3407
3523
3465
3408
3462
3524
3408
4503
3896
3571
3727
3640
3578
3539
3629
3640
3625
3620
3634
3623
3622
3626
3619
3627
3532
3511
3513
3515
3533
3512
3512
3511
3518
3536
3512
3566
3510
3509
3496
3407
3407
3493
3406
3429
3463
3407
3434
3456
3405
3436
3433
3411
3460
3437
3407
3432
3433
3431
3472
3433
3407
3434
3461
3409
3434
3433
3407
3519
3481
3408
3461
3408
3407
3457
3408
3410
3464
3406
3407
3462
3407
3407
3496
3408
3409
3466
3405
3452
3447
3407
3435
3431
3410
3473
3480
3408
3438
3432
3406
3433
3433
3406
3550
3433
3407
3439
3433
3405
3433
3431
3408
3459
3432
3406
3461
3407
3407
3490
3407
3408
3617
3622
3409
3492
3407
3432
3480
3407
3456
3438
3410
3439
3435
3411
3435
3437
3411
3442
3435
3409
3441
3435
3412
3437
3435
3411
3502
3437
3411
3464
3408
3407
3458
3407
3408
3464
3407
3407
3723
3408
3406
3458
3407
3408
3496
3408
3438
3430
3408
3463
3432
3409
3441
3432
3406
3438
3433
3408
3432
3433
3404
3438
3433
3407
3437
3480
3408
3466
3432
3407
3461
3407
3408
3460
3407
3408
3457
3407
3408
3572
3407
3410
3461
3407
3408
3457
3407
3436
3433
3406
3491
3431
3510
3432
3432
3406
3476
3431
3406
3438
3430
3407
3465
3433
3408
3440
3434
3408
3473
3432
3406
3462
3408
3406
3487
3408
3406
3462
3407
3409
3501
3407
3407
3506
3405
3406
3464
3408
3432
3437
3408
3431
3432
3407
3439
3430
3407
3453
3436
3408
3432
3430
3408
3473
3433
3408
3433
3437
3407
3497
3431
3405
3438
3432
3408
3499
3409
3408
3457
3406
3406
3491
3406
3406
3463
3408
3410
3457
3406
3408
3461
3407
3432
3439
3407
3431
3433
3407
3474
3432
3407
3483
3437
3408
3681
4131
3793
3649
3632
3696
3554
3511
3534
3534
3642
3481
3433
3409
3476
3576
3407
3461
3431
3456
3465
3406
3407
3465
3461
3408
3458
3407
3408
3548
3408
3407
3463
3407
3430
3456
3406
3438
3433
3432
3437
3431
3406
3460
3432
3405
3440
3433
3430
3438
3434
3407
3464
3456
3408
3487
3432
3407
3462
3432
3406
3458
3406
3491
3463
3406
3407
3462
3408
3408
3492
3407
3407
3460
3406
3408
3492
3407
3432
3432
3407
3479
3543
3511
3539
3538
3510
3532
3434
3407
3441
3435
3408
3438
3434
3406
3463
3406
3407
3482
3408
3410
3465
3408
3409
3562
3656
3439
3436
3408
3471
3434
3407
3485
3434
3407
3473
3434
3409
3437
3436
3406
3537
3533
3509
3569
3510
3511
3565
3508
3510
3561
3509
3537
3535
3511
3527
3462
3408
3462
3465
3408
3467
3462
3408
3575
3623
3509
3562
3510
3509
3562
3510
3510
3564
3511
3529
3589
3510
3531
3463
3406
3466
3462
3557
3463
3465
3408
3465
3463
3512
3467
3464
3407
3507
3518
3512
3550
3511
3510
3528
3510
3511
3524
3509
3566
3517
3511
3497
3436
3408
3492
3439
3407
3436
3434
3409
3573
3436
3408
3463
3408
3406
3465
3408
3407
3466
3406
3409
3466
3406
3406
3463
3408
3407
3500
3407
3434
3437
3408
3467
3434
3407
3439
3436
3406
3466
3438
3455
3435
3436
3407
3439
3436
3406
3436
3436
3407
3436
3434
3407
3465
3408
3406
3486
3406
3408
3463
3411
3410
3500
3407
3409
3465
3407
3408
4365
3518
3437
3434
3406
3476
3435
3410
3435
3433
3408
3466
3435
3408
3465
3407
3412
3507
3409
3407
3469
3410
3407
3496
3407
3406
3463
3407
3407
3557
3432
3437
3435
3408
4707
4176
3577
3640
3514
3553
3516
3510
3687
3437
3408
3441
3436
3547
3442
3436
3407
3539
3435
3406
3439
3435
3462
3587
3406
3407
3465
3462
3406
3501
3405
3406
3489
3405
3407
3463
3407
3459
3434
3407
3440
3435
3431
3435
3436
3407
3460
3435
3408
3437
3434
3430
3439
3484
3408
3436
3458
3407
3475
3437
3407
3545
3407
3407
3465
3407
3408
3464
3407
3411
3482
3408
3406
3465
3407
3409
3566
3405
3435
3433
3407
3438
3434
3406
3437
3434
3408
3438
3436
3408
3435
3438
3411
3525
3436
3406
3435
3435
3407
3468
3420
3408
3463
3408
3406
3567
3625
3408
3463
3408
3409
3548
3408
3435
3437
3407
3435
3435
3407
3437
3435
3406
3488
3523
3510
3514
3513
3508
3545
3512
3511
3518
3511
3516
3515
3512
3509
3447
3408
3433
3440
3407
3431
3433
3406
3530
3554
3517
3433
3441
3407
3430
3429
3406
3440
3433
3406
3431
3436
3406
3456
3407
3411
3463
3408
3406
3462
3408
3408
3503
3405
3407
3462
3407
3406
3495
3406
3432
3433
3406
3437
3431
3408
3432
3437
3410
3540
3433
3408
3440
3433
3406
3489
3517
3511
3515
3737
3511
3561
3515
3514
3519
3511
3514
3512
3510
3516
3461
3407
3431
3438
3407
3432
3432
3407
3456
3431
3406
3438
3433
3407
3466
3432
3408
3462
3407
3409
3603
3407
3406
3456
3406
3409
3547
3510
3511
3522
3512
3536
3515
3509
3519
3513
3510
3544
3514
3509
3487
3407
3406
3494
3408
3409
3464
3407
3408
3492
3407
3407
3463
3408
3409
3489
3407
3419
3447
3408
3436
3432
3407
3438
3431
3408
3435
3433
3405
3440
3432
3409
3469
3432
3408
3433
3432
3408
3488
3433
3407
3438
3432
3408
5230
4058
3558
3537
3510
3545
3700
3512
3564
3511
3511
3741
3511
3515
3467
3539
3461
3432
3408
3440
3516
3407
3438
3432
3406
3517
3432
3407
3526
3516
3511
3521
3512
3509
3520
3511
3521
3514
3510
3518
3513
3510
3492
3430
3433
3552
3539
3509
3543
3558
3536
3539
3510
3535
3519
3509
3514
3513
3555
3513
3461
3407
3438
3432
3407
3437
3430
3407
3469
3431
3408
3436
3431
3407
3534
3535
3510
3560
3509
3510
3564
3512
3540
3536
3511
3540
3535
3511
3526
3465
3408
3467
3464
3406
3463
3468
3407
3461
3464
3406
3468
3606
3513
3559
3407
3407
3520
3406
3457
3527
3407
3409
3524
3409
3409
3541
3511
3516
3512
3511
3513
3519
3509
3513
3513
3511
3520
3512
3512
3488
3407
3408
3591
3513
3510
3569
3509
3537
3518
3511
3514
3513
3508
3551
3604
3511
3473
3436
3406
3433
3432
3407
3463
3407
3405
3465
3407
3406
3455
3405
3410
3464
3407
3405
3461
3454
3406
3457
3406
3437
3431
3407
3471
3432
3408
3433
3432
3408
3442
3433
3407
3437
3432
3405
3529
3432
3408
3438
3433
3408
3492
3432
3510
3458
3407
3411
3463
3406
3407
3463
3407
3409
3491
3406
3407
3462
3407
3411
3494
3407
3431
3431
3408
3471
3433
3407
3436
3433
3406
3466
3433
3409
3442
3483
3408
3467
3431
3407
3431
3432
3407
3437
3430
3407
3463
3409
3406
3458
3408
3407
3462
3406
3408
3493
3407
3408
3459
3407
3410
3500
3407
3405
3462
3408
3468
3434
3407
3438
3432
3408
3437
3432
3407
3432
3431
3408
3439
3432
3405
3438
3434
3406
3434
3431
3407
3437
3432
3407
3485
3417
3407
3456
3456
3407
3462
3408
3409
3465
3408
3407
4082
4046
3623
3538
3677
3544
3513
3512
3519
3764
3511
3562
3408
3440
3513
3408
3460
3432
3461
3439
3436
3412
4035
3487
3407
3432
3432
3406
3494
3431
3407
3460
3411
3431
3462
3406
3407
3455
3430
3407
3463
3407
3408
3486
3408
3407
3517
3432
3437
3483
3408
3433
3461
3408
3433
3431
3406
3523
3433
3407
3433
3438
3407
3435
3434
3408
3438
3431
3407
3535
3623
3620
3629
3619
3627
3622
3619
3625
3627
3621
3624
3619
3620
3559
3512
3547
3465
3408
3464
3464
3407
3470
3464
3406
3464
3466
3406
3467
3465
3406
3493
3680
3409
3496
3469
3407
3513
3463
3406
3525
3407
3406
3523
3406
3410
3516
3408
3410
3525
3407
3409
3524
3408
3412
3518
3407
3408
3524
3407
3407
3521
3409
3448
3475
3407
3468
3463
3407
3468
3461
3406
3462
3463
3407
3496
3634
3621
3629
3626
3622
3638
3620
3621
3635
3621
3631
3627
3619
3627
3546
3510
3542
3537
3510
3466
3407
3408
3465
3406
3406
3465
3408
3409
3501
3409
3408
3462
3407
3511
3471
3408
3438
3437
3406
3491
3436
3407
3438
3436
3407
3541
3434
3406
3436
3436
3407
3437
3434
3408
3450
3422
3408
3498
3407
3409
3464
3407
3408
3484
3407
3408
3464
3408
3408
3494
3405
3433
3436
3407
3453
3436
3459
3438
3437
3408
3477
3539
3509
3538
3541
3511
3540
3537
3509
3569
3510
3509
3570
3510
3511
3571
3511
3543
3537
3512
3539
3541
3510
3542
3538
3513
3568
3510
3510
3570
3510
3511
3566
3508
3573
3434
3406
3435
3438
3408
3476
3435
3407
3437
3436
3406
3454
3437
3409
3434
3435
3408
3437
3433
3455
3435
3436
3407
3463
3407
3408
3466
3409
3413
4175
4113
3614
3551
3513
3551
3540
3559
3574
3511
3511
3570
3538
3511
3497
3409
3460
3436
3407
3434
3435
3430
3509
3436
3407
3437
3435
3407
3451
3437
3406
3441
3435
3408
3437
3434
3407
3436
3433
3405
3464
3411
3411
3465
3408
3408
3499
3457
3407
3464
3407
3408
3465
3406
3409
3524
3407
3467
3517
3510
3518
3516
3511
3517
3518
3510
3518
3516
3511
3621
3621
3621
3562
3509
3543
3539
3510
3540
3537
3512
3592
3538
3511
3541
3539
3547
3466
3406
3406
3463
3408
3410
3467
3407
3406
3464
3407
3410
3633
3510
3440
3436
3407
3459
3482
3411
3439
3484
3408
3440
3436
3407
3437
3433
3407
3436
3433
3409
3436
3433
3407
3466
3406
3407
3465
3406
3407
3484
3406
3406
3464
3408
3413
3465
3408
3405
3464
3405
3471
3436
3408
3434
3436
3408
3511
3658
3407
3437
3434
3405
3438
3435
3407
3437
3435
3407
3439
3434
3407
3462
3406
3406
3467
3454
3409
3464
3406
3411
3467
3409
3407
3466
3407
3409
3483
3407
3435
3434
3408
3552
3435
3409
3437
3435
3408
3495
3438
3412
3435
3436
3514
3439
3436
3408
3436
3435
3407
3436
3435
3408
3464
3406
3411
3468
3407
3407
3463
3407
3405
3467
3407
3407
3463
3407
3408
3482
3408
3437
3437
3407
3469
3502
3406
3437
3435
3406
3548
3438
3406
3437
3438
3408
3456
3435
3408
3438
3435
3407
3437
3436
3407
3463
3412
3411
3497
3408
3408
3464
3408
3407
3500
3408
3408
3465
3407
3405
3498
3406
3433
3436
3407
3439
3436
3407
3435
3435
3408
3443
3434
3407
3437
3434
3406
3478
3437
3407
3436
3437
3405
3488
3435
3406
3463
3408
3409
3497
3408
3407
3465
3408
3406
4329
4071
3563
3545
3511
3576
3571
3510
3526
3510
3603
3574
3511
3517
3484
3492
3440
3436
3408
3434
3457
3407
3475
3436
3407
3462
3435
3407
3486
3435
3408
3437
3434
3406
3439
3435
3407
3462
3407
3408
3466
3408
3408
3466
3407
3408
3520
3408
3406
3465
3406
3406
3464
3406
3434
3437
3408
3473
3436
3466
3436
3435
3406
3435
3436
3408
3438
3434
3409
3459
3435
3406
3435
3437
3410
3480
3436
3407
3464
3408
3406
3541
3513
3511
3522
3510
3510
3519
3510
3512
3511
3507
3520
3511
3508
3482
3632
3530
3497
3406
3410
3467
3407
3455
3500
3407
3407
3456
3408
3407
3464
3407
3409
3461
3407
3467
3432
3406
3438
3431
3407
3439
3431
3406
3432
3431
3407
3469
3434
3407
3437
3431
3407
3475
3433
3406
3439
3431
3407
3460
3431
3406
3455
3406
3406
3673
3459
3407
3464
3408
3405
3459
3407
3405
3463
3408
3437
3432
3408
3431
3437
3409
3481
3432
3408
3438
3432
3407
3431
3437
3407
3434
3434
3405
3469
3430
3408
3432
3437
3407
3550
3408
3410
3466
3407
3406
3515
3406
3407
3570
3407
3406
3552
3407
3408
3461
3408
3430
3431
3406
3438
3431
3405
3469
3437
3406
3433
3432
3408
3436
3433
3408
3432
3437
3407
3509
3540
3508
3568
3510
3536
3566
3510
3510
3561
3513
3539
3515
3515
3503
3438
3409
3434
3434
3408
3437
3432
3406
3466
3437
3407
3432
3431
3408
3472
3431
3408
3462
3408
3407
4305
3573
3438
3431
3407
3433
3438
3407
3432
3431
3407
3438
3433
3407
3438
3433
3408
3433
3431
3407
3438
3433
3409
3474
3431
3408
3434
3431
3456
3462
3407
3408
3463
3408
3407
3457
3406
3408
3461
3406
3407
4371
4086
3564
3516
3542
3692
3513
3510
3609
3554
3408
3488
3407
3608
3519
3510
3566
3515
3457
3435
3431
3409
3441
3486
3407
3463
3406
3420
3544
3407
3407
3465
3431
3407
3461
3407
3408
3481
3407
3436
3435
3407
3461
3431
3454
3432
3432
3431
3439
3431
3407
3438
3458
3407
3434
3431
3409
3459
3433
3406
3438
3515
3406
3457
3408
3408
3463
3406
3408
3496
3406
3407
3458
3407
3411
3492
3406
3408
3462
3407
3453
3442
3407
3438
3433
3411
3469
3431
3407
3436
3432
3407
3471
3433
3408
3518
3718
3516
3539
3419
3408
3463
3453
3406
3490
3406
3406
3459
3406
3413
3464
3408
3409
3463
3408
3408
3493
3405
3435
3434
3408
3440
3432
3407
3459
3438
3407
3464
3432
3406
3440
3434
3407
3501
3436
3407
3432
3432
3407
3470
3433
3406
3463
3408
3408
3611
3535
3509
3525
3510
3512
3521
3511
3512
3513
3510
3547
3513
3509
3513
3482
3406
3433
3433
3408
3463
3407
3409
3466
3406
3407
3458
3407
3406
3565
3510
3511
3586
3511
3535
3535
3511
3542
3535
3511
3538
3613
3511
3542
3405
3411
3521
3406
3407
3526
3407
3406
3521
3406
3407
3525
3408
3407
3579
3407
3406
3517
3407
3408
3524
3408
3468
3464
3405
3468
3462
3407
3477
3501
3407
3466
3463
3407
3466
3463
3407
3502
3542
3511
3537
3537
3513
3562
3511
3514
3564
3510
3510
3564
3510
3551
3462
3407
3466
3464
3407
3468
3462
3408
3472
3464
3407
3468
3461
3408
3468
3463
3407
3464
3463
3408
3465
3464
3406
3466
3463
3407
3462
3466
3408
3462
3464
3407
3510
3417
3456
3519
3407
3406
3518
3405
3410
3521
3407
3405
3520
3407
3407
3520
3408
3413
3918
3774
3654
3543
3515
3573
3580
3523
3574
3512
3511
3618
3512
3511
3567
3511
3486
3436
3407
3436
3491
3407
3462
3435
3407
3490
3435
3407
3471
3434
3432
3434
3435
3408
3439
3457
3407
3464
3408
3407
3494
3407
3457
3465
3407
3430
3512
3409
3405
3464
3430
3408
3507
3406
3461
3436
3407
3473
3434
3493
3436
3435
3406
3438
3436
3408
3436
3435
3407
3562
3433
3406
3437
3434
3406
3496
3409
3407
3467
3407
3407
3466
3406
3407
3465
3407
3408
3466
3408
3406
3464
3408
3430
3652
3496
3440
3436
3407
3481
3438
3456
3434
3434
3410
3478
3437
3408
3438
3434
3407
3433
3433
3408
3462
3408
3407
3477
3408
3408
3465
3407
3407
3467
3409
3407
3470
3408
3408
3496
3407
3435
3436
3407
3473
3434
3408
3435
3435
3406
3438
3436
3407
3437
3435
3407
3514
3643
3407
3438
3434
3407
3441
3432
3407
3464
3406
3408
3466
3455
3407
3466
3408
3412
3465
3407
3409
3466
3408
3437
3437
3407
3435
3434
3408
3549
3434
3408
3438
3437
3407
3493
3438
3407
3436
3435
3511
3438
3435
3408
3437
3436
3407
3464
3408
3406
3463
3407
3408
3499
3410
3408
3465
3406
3407
3464
3407
3408
3464
3407
3505
3436
3408
3439
3436
3405
3470
3490
3408
3436
3434
3406
3473
3436
3406
3436
3437
3407
3466
3433
3407
3437
3433
3408
3501
3405
3409
3464
3407
3406
3513
3406
3407
3465
3406
3411
3498
3407
3436
3436
3408
3436
3437
3408
3440
3436
3406
3445
3434
3407
3434
3437
3406
3435
3435
3406
3436
3435
3408
3475
3437
3407
3436
3434
3408
3502
3421
3407
3464
3406
3408
3463
3407
3405
3465
3406
3406
3465
3407
3407
3462
3407
4762
4508
3707
3642
3408
3598
3547
3511
3546
3536
3769
3546
3535
3510
3693
3407
3407
4026
3406
3492
3464
3409
3431
3432
3495
3438
3432
3408
3458
3494
3407
3434
3430
3408
3532
3432
3407
3439
3492
3407
3540
3432
3407
3525
3410
3410
3501
3407
3467
3457
3408
3407
3460
3467
3405
3460
3407
3409
3579
3408
3439
3431
3406
3521
3538
3508
3536
3536
3511
3538
3535
3510
3563
3510
3511
3562
3510
3511
3517
3408
3407
3506
3406
3462
3463
3408
3462
3460
3407
3470
3535
3635
3497
3463
3408
3462
3462
3408
3583
3463
3406
3464
3464
3407
3462
3463
3407
3465
3461
3407
3520
3407
3408
3518
3407
3407
3539
3514
3509
3525
3511
3544
3517
3510
3518
3517
3511
3518
3515
3509
3478
3434
3406
3532
3538
3512
3570
3512
3510
3560
3512
3540
3537
3510
3553
3658
3407
3436
3435
3407
3476
3435
3407
3437
3436
3453
3450
3436
3407
3465
3412
3413
3466
3406
3407
3464
3408
3406
3466
3408
3408
3464
3407
3408
3566
3407
3437
3434
3407
3491
3437
3407
3542
3436
3407
3438
3436
3409
3434
3437
3408
3437
3435
3406
3439
3434
3407
3439
3435
3409
3462
3408
3407
3515
3407
3408
3466
3407
3410
3464
3410
3408
3467
3407
3456
3485
3409
3437
3434
3407
3468
3436
3407
3437
3436
3409
3467
3433
3407
3436
3433
3406
3472
3436
3406
3436
3434
3406
3475
3436
3407
3464
3407
3409
3500
3408
3407
3466
3406
3408
3500
3407
3406
3465
3406
3407
3541
3511
3548
3533
3509
3534
3536
3511
3537
3536
3511
3563
3510
3511
3522
3456
3408
3519
3407
3407
3521
3408
3451
3474
3408
3466
3463
3408
3465
3464
3407
3463
3463
3407
3498
4227
3826
3768
3530
3510
3648
3621
3836
3627
3619
3631
3789
3625
3629
3619
3621
3645
3510
3515
3511
3509
3620
3514
3510
3515
3598
3511
3514
3408
3410
3526
3407
3408
3458
3408
3467
3465
3515
3408
3462
3471
3433
3433
3407
3439
3493
3406
3430
3438
3468
3432
3434
3407
3440
3493
3407
3433
3438
3408
3551
3431
3406
3437
3431
3406
3461
3407
3406
3491
3407
3407
3463
3407
3406
3572
3407
3409
3458
3406
3407
3585
3409
3431
3437
3406
3479
3434
3408
3482
3675
3409
3461
3440
3407
3432
3551
3407
3475
3432
3406
3460
3410
3412
3457
3408
3411
3463
3406
3407
3463
3407
3406
3459
3408
3410
3462
3407
3432
3438
3407
3451
3434
3408
3438
3432
3408
3432
3436
3405
3433
3432
3407
3474
3432
3406
3438
3431
3407
3432
3432
3406
3438
3433
3407
3726
3472
3408
3457
3407
3408
3496
3407
3408
3564
3405
3431
3433
3407
3438
3432
3406
3473
3432
3407
3433
3431
3408
3532
3536
3511
3536
3538
3511
3551
3512
3509
3527
3512
3511
3595
3558
3539
3540
3511
3541
3538
3512
3541
3537
3510
3540
3539
3511
3570
3512
3511
3568
3511
3509
3566
3510
3541
3539
3510
3540
3537
3509
3538
3537
3509
3566
3406
3408
3483
3406
3408
3462
3408
3408
3497
3408
3408
3465
3406
3407
3462
3406
3438
3436
3408
3469
3435
3407
3437
3434
3407
3452
3435
3407
3437
3436
3408
3473
3436
3407
3438
3434
3405
3477
3436
3407
3462
3406
3410
3467
3408
3407
3466
3406
3412
3519
3406
3409
3465
3407
3407
3496
3408
3485
3435
3406
3437
3438
3410
3440
3437
3407
3438
3435
3407
3436
3436
3407
3438
3435
3408
3433
3434
3406
3504
3436
3408
3463
3408
3406
3967
4187
3567
3498
3409
3583
3437
3408
3436
3435
3600
3441
3436
3407
3438
3482
3407
3466
3407
3420
3505
3408
3406
3497
3462
3406
3464
3409
3407
3467
3407
3454
3463
3408
3460
3436
3408
3435
3434
3430
3454
3437
3413
3439
3460
3409
3436
3435
3407
3460
3437
3407
3475
3461
3406
3435
3435
3408
3549
3408
3408
3466
3408
3407
3498
3408
3407
3466
3408
3406
3573
3509
3516
3516
3512
3544
3517
3512
3516
3518
3509
3602
3636
3511
3481
3408
3407
3488
3407
3456
3464
3406
3449
3467
3406
3435
3437
3406
3436
3436
3407
3436
3434
3407
3438
3437
3408
3433
3433
3406
3438
3435
3407
3437
3437
3407
3436
3435
3406
3463
3406
3408
3500
3408
3409
3466
3405
3410
3466
3406
3408
3466
3407
3408
3466
3406
3438
3437
3406
3516
3655
3405
3436
3434
3407
3439
3436
3456
3437
3435
3406
3474
3435
3407
3437
3435
3407
3485
3408
3407
3462
3407
3408
3575
3407
3407
3463
3408
3409
3520
3408
3409
3464
3405
3545
3435
3408
3435
3434
3407
3471
3433
3408
3437
3437
3407
3475
3436
3408
3437
3436
3408
3438
3434
3409
3436
3436
3406
3465
3408
3409
3465
3407
3409
3497
3455
3409
3465
3406
3408
3485
3408
3407
3461
3408
3471
3434
3405
3437
3434
3406
3475
3436
3406
3436
3435
3406
3470
3438
3412
3438
3435
3407
3471
3436
3408
3437
3435
3408
3878
3609
3509
3569
3511
3539
3537
3510
3536
3536
3510
3538
3535
3510
3504
3463
3406
3516
3512
3511
3525
3510
3511
3549
3534
3515
3518
3510
3519
3517
3511
3494
3437
3408
3435
3437
3406
3436
3434
3408
3439
3434
3408
3465
3408
3407
3513
3408
3406
3464
3407
3408
4192
4206
3621
3680
3512
3573
3511
3511
3882
3512
3513
3513
3512
3617
3467
3412
3435
3528
3408
3433
3433
3407
3537
3518
3511
3522
3511
3510
3518
3536
3512
3522
3509
3513
3519
3510
3526
3432
3408
3478
3431
3430
3433
3439
3408
3433
3455
3407
3437
3430
3407
3457
3437
3406
3457
3405
3489
3464
3406
3406
3462
3407
3407
3476
3406
3407
3464
3408
3407
3491
3407
3433
3433
3408
3438
3431
3406
3430
3439
3405
3474
3671
3425
3439
3433
3407
3462
3487
3407
3433
3431
3407
3480
3408
3409
3463
3407
3407
3456
3407
3407
3462
3408
3406
3462
3408
3408
3458
3408
3425
3479
3408
3437
3433
3407
3432
3432
3409
3439
3433
3407
3480
3435
3408
3435
3437
3407
3440
3431
3408
3438
3430
3408
3432
3432
3408
3461
3408
3406
3716
3462
3408
3458
3408
3407
3524
3408
3408
3463
3405
3432
3431
3405
3439
3431
3408
3443
3432
3407
3436
3433
3408
3545
3433
3407
3438
3432
3408
3489
3433
3406
3440
3533
3408
3546
3510
3510
3561
3511
3515
3561
3509
3544
3536
3510
3535
3535
3509
3524
3460
3408
3529
3462
3408
3465
3464
3408
3469
3408
3408
3528
3408
3407
3628
3407
3411
3522
3407
3406
3519
3406
3463
3470
3408
3463
3462
3408
3467
3464
3409
3462
3469
3406
3462
3463
3406
3500
3523
3511
3518
3519
3510
4104
3517
3514
3569
3513
3511
3567
3512
3549
3463
3408
3470
3464
3408
3465
3463
3410
3462
3461
3406
3469
3463
3407
3469
3463
3406
3464
3463
3489
3468
3463
3409
3469
3462
3406
3461
3463
3408
3465
3462
3408
3494
3436
3406
3519
3405
3408
3523
3408
3407
3525
3409
3408
3515
3409
3407
3518
3406
3406
4198
4298
3649
3513
3511
3704
3512
3511
3563
3508
3751
3538
3509
3536
3536
3535
3467
3462
3407
3549
3466
3407
3462
3461
3489
3466
3566
3408
3464
3526
3409
3516
3409
3407
3582
3408
3408
3523
3407
3466
3518
3409
3407
3581
3406
3408
3525
3408
3522
3463
3407
3466
3463
3469
3466
3463
3406
3549
3585
3409
3466
3464
3408
3468
3462
3407
3464
3463
3407
3465
3464
3406
3463
3462
3408
3462
3633
3617
3580
3513
3510
3600
3511
3515
3539
3509
3550
3540
3510
3541
3539
3510
3506
3434
3405
3465
3406
3406
3467
3408
3407
3462
3408
3408
3478
3404
3406
3468
3405
3408
3463
3406
3435
3438
3408
3438
3436
3406
3435
3437
3405
3472
3435
3407
3437
3438
3411
3437
3435
3408
3438
3436
3407
3438
3436
3407
3437
3433
3408
3696
3459
3409
3514
3408
3407
3464
3406
3407
3463
3407
3408
3466
3407
3434
3439
3407
3529
3438
3408
3436
3435
3406
3490
3438
3406
3434
3435
3408
3471
3541
3406
3436
3437
3407
3464
3407
3406
3465
3406
3407
3465
3407
3407
3465
3410
3411
3498
3409
3406
3465
3406
3433
3435
3408
3438
3435
3409
3478
3553
3510
3559
3536
3511
3540
3513
3511
3519
3509
3510
3563
3509
3510
3564
3511
3535
3538
3510
3538
3536
3509
3565
3535
3511
3496
3465
3408
3495
3438
3408
3520
3408
3407
3517
3406
3408
3518
3406
3407
3524
3408
3409
3521
3407
3406
3519
3407
3408
3523
3408
3453
3481
3408
3461
3462
3407
3466
3461
3407
3512
3465
3408
3460
3462
3406
3465
3463
3407
3465
3464
3408
3463
3462
3406
3465
3463
3407
3465
3461
3407
3458
3462
3405
3466
3462
3409
3703
4301
3636
3622
3741
3621
3542
3509
3555
3577
3511
3629
3624
3701
3600
3512
3537
3534
3595
3536
3539
3511
3620
3536
3511
3507
3450
3468
3520
3512
3407
3519
3468
3408
3518
3406
3409
3580
3405
3407
3516
3406
3467
3521
3407
3462
3523
3409
3465
3464
3406
3526
3462
3405
3462
3466
3528
3486
3523
3511
3518
3516
3509
3570
3510
3510
3565
3511
3510
3571
3509
3539
3539
3510
3532
3436
3408
3441
3435
3408
3495
3656
3511
3539
3539
3509
3548
3559
3510
3524
3511
3510
3525
3511
3520
3514
3510
3527
3435
3408
3434
3435
3407
3441
3435
3408
3438
3434
3408
3437
3433
3405
3465
3407
3407
3464
3406
3405
3463
3406
3406
3486
3407
3405
3466
3407
3407
3463
3407
3438
3436
3409
3438
3436
3407
3436
3434
3407
3529
3437
3407
3436
3435
3407
3565
3630
3511
3567
3510
3509
3568
3510
3511
3566
3511
3541
3536
3510
3539
3540
3511
3596
3436
3407
3438
3435
3406
3492
3434
3408
3464
3515
3405
3485
3410
3409
3464
3408
3408
3464
3407
3408
3465
3406
3407
3465
3408
3435
3434
3408
3437
3435
3407
3439
3435
3408
3473
3435
3408
3434
3434
3408
3488
3436
3407
3436
3435
3410
3438
3435
3406
3464
3406
3407
3482
3408
3407
3468
3406
3407
3551
3406
3407
3464
3407
3413
3625
4053
3473
3435
3406
3466
3436
3408
3436
3436
3408
3435
3434
3407
3435
3435
3407
3509
3409
3407
3466
3406
3407
3466
3406
3406
3462
3406
3407
3596
3514
3535
3543
3511
3564
3536
3511
3539
3536
3509
3536
3537
3510
3564
3407
3408
3520
3407
3407
3521
3409
3406
3519
3405
3407
3521
3407
3408
3515
3408
3449
3477
3408
3464
3463
3407
3464
3465
3407
4758
4043
3636
3645
3624
3639
3625
3620
3628
3626
3623
3642
3620
3619
3619
3480
3408
3464
3406
3437
3460
3407
3538
3516
3534
3520
3517
3509
3519
3515
3511
3524
3512
3510
3523
3510
3510
3466
3408
3429
3466
3406
3434
3434
3430
3438
3435
3408
3461
3433
3407
3435
3434
3429
3439
3436
3407
3467
3521
3407
3435
3434
3406
3471
3435
3407
3465
3411
3411
3550
3407
3408
3569
3665
3516
3505
3408
3540
3437
3408
3524
3436
3407
3437
3434
3409
3438
3435
3408
3437
3436
3407
3457
3435
3406
3433
3434
3407
3465
3409
3413
3466
3405
3407
3496
3410
3411
3465
3409
3407
3484
3407
3406
3463
3408
3470
3435
3409
3437
3437
3412
3458
3434
3407
3437
3436
3408
3437
3437
3408
3436
3435
3407
3469
3436
3407
3438
3437
3455
3618
3544
3511
3568
3511
3510
3569
3515
3536
3535
3512
3594
3536
3511
3539
3535
3511
3560
3508
3511
3563
3510
3512
3522
3407
3567
3465
3408
3463
3463
3406
3470
3462
3407
3465
3466
3408
3460
3461
3406
3494
3462
3407
3462
3463
3408
3461
3463
3408
3465
3462
3406
3462
3464
3407
3463
3509
3407
3523
3407
3411
3521
3406
3406
3519
3407
3405
3521
3409
3408
3524
3408
3407
3517
3408
3408
3732
3514
3544
3509
3510
3565
3627
3620
3629
3625
3619
3572
3511
3511
3499
3408
3407
3503
3408
3436
3436
3407
3485
3434
3407
3438
3435
3408
3473
3435
3406
3436
3436
3407
3438
3434
3407
3437
3484
3407
3482
3434
3407
3465
3406
3406
3465
3407
3408
3462
3406
3406
3468
3407
3406
3464
3407
3407
3510
3408
3435
3435
3407
3437
3433
3407
3435
3435
3406
3455
3436
3407
3440
3434
3405
3687
4738
3521
3574
3677
3543
3536
3511
3630
3653
3513
3544
3535
3612
3569
3511
3510
3560
3501
3407
3570
3408
3561
3432
3408
3431
3431
3468
3565
3543
3511
3543
3536
3511
3538
3541
3509
3562
3510
3509
3565
3510
3536
3544
3510
3535
3518
3408
3437
3435
3412
3456
3439
3404
3433
3433
3490
3439
3432
3408
3433
3436
3407
3490
3406
3406
3463
3406
3407
3596
3592
3409
3460
3407
3407
3479
3405
3432
3487
3408
3469
3432
3406
3440
3431
3408
3433
3437
3409
3431
3433
3407
3458
3432
3408
3431
3437
3407
3434
3431
3408
3463
3409
3405
3463
3408
3407
3458
3408
3407
3463
3406
3406
3461
3408
3408
3472
3408
3406
3462
3406
3432
3438
3407
3432
3430
3407
3437
3432
3408
3434
3437
3408
3434
3433
3407
3487
3432
3408
3577
3552
3408
3457
3407
3408
3464
3406
3408
3463
3406
3405
3568
3407
3410
3463
3406
3409
3516
3406
3432
3431
3407
3518
3433
3405
3440
3433
3406
3468
3431
3407
3438
3432
3407
3496
3535
3510
3535
3535
3511
3565
3511
3510
3562
3511
3521
3549
3508
3549
3462
3408
3465
3463
3408
3525
3514
3511
3518
3511
3511
3516
3512
3510
3515
3510
3512
3521
3510
3558
3433
3408
3431
3431
3408
3470
3433
3406
3438
3432
3409
3464
3433
3408
3441
3432
3406
3508
3540
3511
3536
3536
3511
3892
3589
3509
3517
3511
3538
3513
3509
3496
3434
3408
3475
3431
3405
3434
3433
3408
3480
3433
3515
3462
3408
3408
3504
3408
3407
3463
3407
3406
3463
3408
3407
3458
3406
3408
3461
3408
3437
3431
3407
3465
3432
3407
3442
3430
3408
3439
3433
3405
3433
3437
3407
3431
3431
3408
3438
3431
3407
3668
4268
3868
3540
3407
3442
3430
3619
3540
3544
3510
3537
3631
3509
3543
3535
3531
3567
3534
3509
3561
3535
3540
3514
3509
3514
3544
3511
3569
3628
3620
3604
3508
3511
3546
3536
3509
3519
3511
3519
3538
3509
3503
3440
3410
3455
3432
3406
3438
3457
3408
3468
3435
3406
3455
3433
3411
3439
3432
3489
3462
3408
3408
3492
3405
3407
3462
3407
3407
3612
3528
3414
3458
3407
3457
3430
3457
3431
3437
3408
3431
3433
3406
3439
3433
3407
3432
3438
3408
3431
3432
3407
3454
3432
3406
3431
3437
3408
3528
3405
3407
3463
3407
3405
3462
3407
3406
3458
3406
3407
3497
3407
3408
3463
3405
3432
3431
3409
3444
3433
3408
3437
3432
3407
3432
3432
3407
3440
3432
3407
3435
3436
3411
3466
3480
3407
3438
3430
3407
3615
3518
3406
3458
3407
3410
3463
3407
3406
3463
3407
3407
3568
3409
3405
3463
3407
3479
3442
3407
3434
3432
3514
3439
3433
3408
3438
3431
3407
3466
3432
3408
3436
3433
3408
3438
3433
3408
3432
3432
3407
3461
3407
3408
3462
3408
3408
3459
3407
3406
3461
3406
3405
3512
3407
3409
3457
3407
3437
3431
3408
3438
3432
3407
3432
3431
3409
3436
3432
3406
3481
3536
3509
3534
3537
3512
3554
3525
3511
3564
3510
3510
3559
3510
3556
3462
3407
3468
3542
3511
3538
3536
3510
3592
3538
3511
3540
3535
3509
3560
3512
3509
3569
3509
3539
3447
3407
3432
3432
3407
3440
3538
3406
3438
3432
3408
3432
3435
3407
3432
3432
3406
3470
3432
3407
3437
3438
3408
3467
3431
3407
3462
3407
3407
3490
3407
3407
3458
3407
3407
3463
3408
3408
3461
3408
3409
3460
3408
3435
3433
3406
3548
4214
3731
3568
3523
3409
3599
3407
3408
3467
3452
3543
3468
3410
3407
3523
3408
3436
3490
3406
3460
3436
3408
3496
3517
3534
3515
3517
3509
3541
3515
3511
3524
3511
3512
3525
3510
3512
3456
3430
3438
3435
3406
3437
3461
3408
3436
3435
3407
3462
3436
3406
3557
3438
3432
3433
3436
3407
3438
3492
3406
3438
3436
3406
3480
3406
3407
3579
3593
3408
3499
3408
3407
3462
3406
3521
3437
3406
3437
3434
3408
3437
3435
3406
3437
3436
3407
3438
3434
3406
3435
3437
3406
3457
3436
3410
3466
3405
3407
3478
3408
3407
3464
3405
3406
3466
3405
3406
3465
3406
3407
3502
3407
3436
3434
3407
3436
3434
3407
3437
3435
3407
3438
3436
3408
3436
3434
3407
3475
3435
3408
3436
3436
3407
3485
3436
3405
3464
3408
3406
3627
3531
3510
3522
3512
3529
3580
3509
3518
3516
3511
3543
3517
3511
3518
3433
3407
3492
3433
3407
3569
3407
3407
3466
3407
3408
3466
3408
3407
3528
3408
3407
3465
3407
3439
3436
3407
3435
3436
3407
3439
3437
3409
3438
3435
3406
3437
3435
3406
3436
3435
3457
3437
3434
3406
3433
3435
3407
3611
3698
3627
3617
3480
3410
3483
3406
3437
3436
3407
3457
3435
3405
3435
3436
3408
3501
3435
3408
3437
3435
3406
3472
3434
3408
3436
3435
3408
3467
3434
3407
3462
3407
3407
3466
3407
3406
3468
3408
3406
3514
3407
3408
3461
3407
3408
3484
3407
3435
3437
3459
3436
3434
3406
3436
3435
3406
3436
3437
3408
3436
3434
3407
3469
3436
3406
3435
3438
3406
3484
3434
3406
3467
3408
3407
3467
3406
3408
3463
3406
3407
3466
3406
3407
3465
3407
3408
3500
3407
3435
3435
3406
4916
4360
3728
3658
3629
3520
3514
3509
3550
3679
3406
3464
3433
3541
3466
3408
3455
3675
3619
3512
3564
3509
3537
3602
3514
3516
3515
3596
3513
3513
3510
3519
3483
3406
3464
3407
3408
3518
3408
3407
3466
3406
3467
3462
3406
3406
3459
3467
3439
3432
3407
3543
3454
3408
3432
3432
3468
3437
3433
3407
3434
3558
3406
3464
3430
3407
3538
3641
3409
3498
3406
3407
3459
3515
3408
3492
3407
3407
3461
3410
3408
3487
3409
3438
3433
3406
3437
3434
3406
3432
3432
3407
3472
3432
3407
3437
3432
3407
3434
3431
3405
3438
3432
3406
3439
3431
3409
3433
3432
3407
3500
3408
3406
3464
3408
3408
3458
3408
3407
3461
3405
3408
3463
3408
3408
3456
3407
3437
3433
3409
3438
3433
3511
3449
3432
3407
3441
3433
3407
3534
3662
3407
3433
3433
3407
3640
3410
3408
3463
3413
3410
3490
3407
3406
3466
3406
3407
3515
3634
3433
3433
3407
3441
3433
3409
3437
3430
3405
3485
3536
3511
3539
3535
3510
3540
3536
3512
3563
3511
3511
3562
3511
3516
3511
3407
3466
3462
3407
3465
3566
3407
3467
3460
3409
3462
3467
3408
3459
3462
3407
3464
3464
3408
3465
3466
3407
3462
3462
3407
3466
3463
3407
3464
3468
3407
3460
3460
3407
3466
3464
3408
3519
3406
3408
3519
3407
3408
3517
3406
3407
3521
3407
3406
3518
3409
3406
3521
3407
3407
3563
3512
3517
3520
3514
3548
3520
3510
3543
3515
3511
3544
3515
3511
3483
3407
3407
3520
3407
3407
3464
3407
3407
3465
3408
3407
3464
3409
3481
3438
3407
3437
3436
3406
3473
3435
3408
3436
3436
3410
3479
3435
3408
3437
3435
3407
3438
3435
3406
3436
3433
3408
5202
3861
3555
3413
3415
3451
3562
3515
3573
3512
3512
3616
3512
3534
3571
3511
3548
3435
3407
3436
3490
3407
3473
3434
3407
3499
3435
3406
3436
3436
3429
3435
3435
3406
3442
3458
3406
3440
3432
3408
3491
3409
3407
3466
3408
3432
3466
3407
3407
3488
3405
3406
3504
3407
3459
3436
3407
3437
3434
3490
3437
3437
3408
3486
3713
3433
3444
3438
3409
3561
3436
3456
3461
3408
3407
3465
3406
3406
3466
3407
3405
3467
3406
3406
3462
3408
3407
3467
3406
3434
3436
3408
3454
3434
3408
3437
3437
3407
3438
3439
3407
3435
3436
3405
3473
3435
3406
3437
3436
3407
3437
3434
3408
3437
3433
3406
3465
3408
3408
3464
3408
3407
3466
3405
3406
3463
3407
3408
3463
3408
3457
3464
3407
3435
3437
3405
3434
3435
3408
3520
3658
3407
3435
3440
3407
3530
3436
3408
3437
3436
3406
3490
3435
3408
3462
3405
3508
3466
3407
3408
3465
3406
3407
3464
3408
3406
3466
3407
3477
3549
3509
3537
3535
3511
3539
3536
3509
3535
3538
3511
3561
3510
3510
3533
3407
3407
3549
3455
3407
3520
3407
3406
3519
3406
3407
3519
3407
3460
3463
3409
3463
3461
3407
3467
3464
3405
3459
3462
3408
3494
3462
3407
3465
3463
3406
3487
3542
3511
3537
3536
3511
3565
3510
3512
3560
3509
3510
3637
3620
3623
3539
3511
3548
3539
3511
3540
3540
3509
3603
3620
3618
3631
3620
3629
3643
3511
3517
3516
3511
3542
3538
3509
3570
3514
3514
3570
3510
3509
3567
3510
3541
3541
3509
3541
3538
3511
3534
3437
3407
3438
3436
3407
3441
3436
3408
3437
3436
3408
3463
3408
3406
3463
3406
3404
3467
3408
3406
3462
3408
3406
5631
3662
3653
3516
3560
3552
3511
3517
3516
3562
3522
3568
3510
3544
3442
3408
3441
3435
3432
3434
3436
3407
3514
3432
3408
3464
3408
3407
3467
3406
3406
3462
3407
3406
3467
3408
3406
3463
3406
3435
3436
3408
3547
3535
3511
3535
3543
3512
3536
3535
3510
3567
3511
3511
3566
3510
3596
3461
3408
3462
3593
3513
3491
3470
3408
3464
3464
3407
3602
3518
3509
3515
3518
3512
3540
3511
3509
3518
3510
3511
3516
3510
3510
3432
3406
3438
3433
3408
3432
3437
3407
3449
3431
3409
3438
3435
3409
3433
3439
3406
3432
3430
3407
3474
3432
3406
3461
3406
3406
3469
3407
3408
3465
3406
3406
3462
3405
3405
3456
3406
3406
3463
3405
3435
3432
3405
3534
3433
3405
3437
3432
3408
3438
3433
3406
3434
3433
3406
3600
3611
3514
3570
3511
3511
3565
3510
3509
3567
3510
3563
3537
3512
3608
3431
3406
3438
3431
3407
3436
3434
3407
3431
3431
3407
3437
3431
3406
3469
3432
3408
3460
3408
3407
3489
3408
3406
3462
3407
3409
3852
3513
3540
3536
3511
3647
3535
3511
3535
3535
3511
3536
3537
3511
3566
3408
3408
3534
3408
3407
3523
3406
3408
3520
3407
3407
3517
3408
3408
3551
3407
3465
3462
3406
3462
3460
3407
3463
3462
3409
3466
3463
3408
3462
3467
3407
3512
3626
3620
3630
3626
3622
3639
3619
3626
3626
3620
3632
3626
3620
3630
3537
3530
3466
3408
3407
3465
3408
3407
3466
3407
3408
3463
3407
3408
3466
3407
3407
3466
3408
3482
3436
3409
3437
3433
3407
3438
3437
3408
3436
3436
3408
3473
3435
3407
3434
3436
3408
3471
3434
3407
3440
3434
3406
3563
3406
3408
3463
3406
3406
5604
3746
3766
3514
3510
3594
3511
3794
3539
3534
3536
3562
3534
3535
3534
3511
3542
3430
3408
3443
3430
3460
3486
3408
3406
3462
3461
3406
3554
3408
3408
3483
3407
3406
3463
3408
3462
3431
3408
3437
3454
3406
3438
3431
3407
3460
3432
3406
3432
3430
3430
3437
3434
3407
3440
3458
3407
3469
3432
3408
3671
3661
3494
3530
3407
3408
3458
3455
3408
3496
3407
3438
3434
3406
3431
3433
3408
3444
3432
3406
3454
3433
3407
3430
3433
3407
3470
3432
3409
3440
3433
3408
3452
3430
3407
3462
3406
3407
3464
3407
3407
3457
3408
3408
3496
3407
3407
3464
3406
3408
3456
3407
3407
3463
3407
3436
3432
3407
3436
3432
3409
3468
3431
3407
3438
3484
3407
3432
3433
3405
3438
3432
3406
3437
3432
3406
3434
3433
3406
3858
3464
3407
3461
3406
3407
3512
3406
3407
3463
3407
3407
3461
3507
3433
3431
3407
3469
3434
3406
3437
3431
3404
3433
3438
3406
3430
3433
3408
3468
3432
3408
3432
3437
3407
3433
3431
3405
3462
3408
3407
3462
3409
3408
3457
3457
3409
3464
3407
3411
3463
3405
3409
3487
3406
3424
3447
3405
3433
3436
3408
3435
3432
3406
3471
3433
3407
3433
3439
3411
3470
3432
3407
3439
3432
3407
3495
3437
3408
3430
3432
3408
3461
3406
3408
3462
3408
3406
3496
3408
3409
3461
3406
3406
3495
3407
3413
3458
3407
3472
3433
3405
3436
3489
3408
3433
3433
3406
3437
3431
3408
3462
3438
3408
3432
3433
3408
3477
3432
3407
3438
3429
3407
3461
3434
3407
3464
3406
3407
3462
3406
3410
3458
3407
3408
3463
3407
3407
3463
3408
3408
3457
3408
3437
3432
3407
3439
3432
3408
3432
3432
3408
5059
4411
3659
3513
3514
3578
3564
3511
3570
3516
3533
3625
3510
3512
3511
3465
3408
3468
3407
3405
3488
3405
3469
3436
3408
3463
3435
3407
3438
3435
3407
3435
3439
3407
3439
3435
3406
3439
3435
3407
3470
3435
3407
3436
3435
3407
3588
3407
3406
3463
3408
3408
3553
3512
3509
3525
3510
3538
3605
3604
3526
3514
3508
3541
3514
3511
3509
3411
3409
3493
3407
3410
3465
3406
3408
3460
3407
3407
3462
3407
3408
3464
3407
3432
3436
3407
3465
3600
3407
3438
3431
3408
3653
3543
3513
3546
3536
3510
3544
3511
3511
3516
3509
3516
3518
3511
3514
3474
3407
3472
3432
3406
3438
3431
3408
3441
3431
3407
3436
3432
3409
3437
3432
3407
3485
3432
3408
3433
3431
3408
3462
3409
3408
3461
3407
3408
3458
3408
3408
3722
3512
3514
3514
3511
3558
3544
3511
3536
3533
3510
3766
3534
3510
3567
3510
3510
3561
3509
3511
3565
3511
3535
3542
3512
3536
3537
3511
3548
3435
3407
3435
3439
3409
3446
3408
3407
3466
3407
3408
3462
3408
3530
3462
3407
3410
3501
3407
3410
3462
3410
3429
3432
3408
3446
3431
3408
3467
3440
3407
3432
3432
3408
3503
3433
3406
3433
3438
3407
3461
3435
3409
3438
3430
3407
3466
3439
3406
3459
3408
3411
3466
3407
3409
3462
3407
3408
3493
3407
3408
3467
3409
3407
3589
3512
3516
3517
3515
3548
3514
3534
3514
3518
3511
3517
3510
3512
3514
3407
3409
3468
3410
3407
3460
3408
3440
3436
3408
3442
3433
3417
3467
3436
3410
3443
3435
3408
3441
3434
3409
3435
3433
3409
3443
3434
3408
3443
3436
3410
3434
3433
3411
3467
3518
3512
3765
3513
3537
3537
3513
3549
3537
3514
3548
3536
3514
3823
4780
3709
3653
3413
3453
3444
3410
3680
3452
3412
3449
3441
3463
3475
3409
3411
3523
3469
3408
3475
3410
3465
3478
3410
3408
3473
3434
3446
3441
3411
3443
3466
3415
3476
3441
3411
3473
3439
3411
3449
3442
3436
3440
3443
3412
3449
3468
3411
3480
3621
3543
3547
3411
3410
3477
3498
3410
3522
3457
3443
3442
3412
3473
3441
3410
3445
3441
3411
3444
3441
3408
3444
3437
3407
3439
3437
3407
3437
3434
3408
3508
3434
3408
3464
3408
3406
3557
3509
3511
3569
3510
3511
3570
3510
3538
3539
3509
3542
3540
3510
3540
3538
3511
3524
3408
3407
3465
3406
3407
3467
3408
3407
3465
3409
3407
3463
3454
3408
3464
3409
3453
3436
3407
3436
3434
3408
3437
3434
3406
3435
3437
3407
3730
3655
3406
3437
3435
3407
3520
3409
3407
3464
3511
3405
3466
3406
3407
3465
3407
3408
3464
3407
3407
3464
3407
3492
3436
3409
3436
3435
3407
3471
3434
3408
3434
3438
3406
3437
3434
3405
3436
3435
3409
3454
3487
3409
3434
3435
3409
3465
3407
3406
3465
3405
3406
3494
3407
3407
3465
3407
3407
3496
3405
3407
3462
3405
3471
3436
3407
3436
3437
3407
3482
3542
3510
3543
3536
3509
3580
3713
3539
3592
3513
3514
3622
3537
3546
3545
3538
3554
3542
3563
3582
3546
3411
3485
3438
3408
3435
3435
3408
3626
3509
3557
3570
3510
3511
3568
3604
3543
3540
3511
3541
3564
3509
3538
3538
3534
3572
3509
3510
3572
3536
3512
3502
3407
3434
3436
3407
3439
3434
3407
3435
3435
3407
3490
3580
3511
3517
3518
3510
3517
3516
3510
3525
3510
3515
3552
3509
3524
3436
3431
3471
3435
3407
3438
3517
3407
3635
4654
3635
3601
3514
3503
3610
3568
3543
3538
3511
3557
3570
3510
3543
3538
3538
3546
3510
3510
3525
3535
3510
3523
3510
3516
3540
3509
3520
3518
3536
3485
3436
3407
3435
3458
3409
3437
3437
3410
3489
3406
3405
3463
3408
3429
3465
3406
3407
3683
3606
3504
3433
3405
3437
3459
3408
3515
3562
3531
3540
3539
3510
3544
3566
3509
3524
3509
3509
3523
3511
3525
3435
3406
3475
3440
3411
3440
3437
3406
3438
3436
3406
3437
3434
3407
3454
3435
3407
3436
3434
3407
3509
3515
3508
3523
3509
3511
3526
3510
3511
3523
3512
3517
3516
3510
3500
3437
3408
3438
3435
3408
3437
3435
3407
3610
3518
3511
3523
3512
3510
3525
3510
3511
3523
3510
3594
3517
3512
3516
3453
3407
3551
3608
3511
3553
3523
3512
3597
3508
3558
3567
3510
3545
3517
3512
3505
3437
3410
3436
3438
3407
3438
3436
3412
3438
3436
3408
3437
3434
3408
3468
3435
3407
3464
3407
3407
3464
3407
3408
3466
3407
3458
3465
3406
3408
3464
3407
3406
3505
3407
3433
3439
3407
3436
3436
3406
3438
3435
3409
3602
3524
3408
3436
3436
3486
3486
3434
3406
3436
3438
3408
3497
3407
3407
3468
3407
3406
3501
3408
3409
3463
3407
3408
3537
3409
3407
3464
3407
3472
3434
3411
3440
3430
3406
3493
3543
3510
3539
3538
3559
3543
3516
3509
3523
3511
3509
3547
3512
3509
3491
3407
3467
3438
3407
3435
3436
3409
3507
3438
3407
3437
3436
3407
3439
3436
3406
3438
3435
3407
3438
3435
3408
3436
3434
3406
3465
3407
3406
3467
3408
3405
3466
3407
3407
3465
3406
3407
3465
3408
3408
3463
3408
3437
3434
3407
3436
3436
3457
3665
4034
3731
3649
3544
3517
3730
3514
3526
3547
3532
3617
3537
3510
3541
3533
3406
3462
3432
3408
3492
3432
3406
3465
3432
3459
3457
3408
3407
3464
3430
3408
3463
3407
3407
3482
3406
3411
3462
3430
3437
3434
3407
3431
3459
3407
3454
3511
3685
3542
3435
3409
3460
3431
3430
3440
3432
3453
3465
3512
3409
3457
3408
3407
3493
3408
3405
3465
3408
3406
3458
3407
3405
3463
3406
3407
3462
3408
3431
3433
3407
3439
3431
3408
3438
3431
3406
3459
3431
3407
3438
3433
3407
3469
3431
3408
3432
3431
3407
3440
3431
3407
3451
3420
3407
3462
3406
3407
3464
3409
3406
3463
3408
3408
3462
3453
3407
3457
3407
3410
3463
3407
3432
3435
3408
3432
3433
3408
3546
3432
3408
3431
3436
3407
3635
3652
3621
3631
3619
3621
3627
3774
3624
3624
3619
3625
3622
3622
3642
3408
3405
3516
3406
3407
3521
3407
3407
3524
3406
3411
3518
3407
3406
3515
3406
3408
3520
3407
3448
3476
3408
3468
3566
3407
3465
3463
3406
3462
3463
3410
3469
3462
3406
3470
3465
3408
3462
3464
3409
3469
3462
3407
3500
3461
3408
3463
3463
3408
3470
3464
3407
3464
3461
3406
3525
3409
3407
3521
3409
3407
3521
3406
3407
3519
3409
3406
3914
3579
3519
3517
3509
3545
3515
3510
3517
3518
3511
3551
3513
3511
3572
3406
3412
3512
3407
3409
3521
3408
3461
3464
3408
3464
3463
3407
3464
3462
3408
3463
3467
3407
3477
3546
3508
3539
3539
3510
3540
3538
3511
3567
3512
3509
3570
3511
3510
3568
3510
3541
3539
3509
3540
3537
3510
3566
3437
3406
3433
3434
3406
3467
3408
3408
3466
3407
3407
3479
3406
3456
3464
3407
3407
5609
3786
3671
3514
3512
3527
3510
3588
3517
3512
3514
3513
3538
3517
3440
3407
3471
3484
3406
3433
3431
3461
3463
3408
3407
3462
3431
3407
3491
3406
3409
3489
3407
3406
3463
3407
3430
3457
3407
3468
3434
3431
3436
3431
3406
3476
3671
3485
3440
3432
3431
3456
3433
3454
3433
3516
3407
3497
3407
3407
3461
3407
3407
3485
3406
3408
3461
3407
3409
3461
3407
3406
3457
3408
3409
3515
3406
3441
3431
3406
3436
3434
3408
3438
3432
3407
3495
3522
3509
3517
3516
3510
3525
3511
3511
3526
3512
3510
3524
3511
3522
3437
3405
3469
3517
3510
