3488
3599
3510
3556
3477
3420
3420
3639
3445
3539
3455
3418
3600
3443
3520
3449
3443
3471
3503
3444
3418
3498
3441
3419
3617
3419
3442
3475
3419
3417
3589
3441
3416
3473
3417
3419
3710
3418
3442
3442
3417
3472
3527
3417
3449
3455
3431
3442
3443
3419
3472
3443
3417
3447
3444
3502
3468
3419
3418
3510
3418
3418
3474
3419
3417
3497
3418
3417
3476
3419
3483
3443
3417
3443
3441
3418
3511
3443
3418
3449
3443
3416
3441
3443
3418
3449
3443
3417
3448
3442
3419
3443
3443
3419
3496
3446
3419
3472
3419
3419
3500
3416
3419
3473
3418
3416
3503
3418
3444
3442
3416
3463
3442
3416
3448
3444
3418
3443
3444
3418
3447
3442
3417
3449
3442
3417
3443
3444
3418
3467
3442
3416
3473
3417
3419
3498
3417
3418
3474
3419
3419
3474
3419
3419
3468
3418
3446
3444
3419
3448
3444
3418
3443
3492
3418
3448
3444
3418
3448
3443
3419
3443
3444
3418
3479
3440
3418
3450
3443
3416
3474
3418
3418
3467
3417
3418
3474
3420
3417
3473
3419
3418
3468
3417
3450
3443
3416
3440
3449
3419
3444
3443
3417
3448
3443
3417
3443
3450
3417
3458
3444
3417
3449
3441
3418
3599
3559
3419
3467
3417
3418
3614
3417
3417
3475
3416
3416
3677
3530
3449
3443
3417
3442
3450
3417
3444
3442
3417
3487
3443
3419
3444
3526
3417
3825
4673
3665
3644
3747
3565
3528
3521
3525
3817
3420
3624
3419
3420
3621
3523
3548
3524
3521
3550
3523
3521
3580
3549
3521
3546
3548
3521
3661
3417
3417
3477
3419
3630
3504
3417
3450
3451
3452
3459
3448
3418
3497
3443
3418
3515
3442
3474
3448
3443
3418
3460
3466
3417
3451
3442
3416
3589
3521
3522
3574
3521
3995
3585
3876
3664
3816
3532
3661
3566
4180
3595
3528
3567
3553
3594
3600
3554
3520
3586
3553
3521
3578
3522
3546
3587
3521
3530
3528
3572
3555
3528
3521
3495
3602
3419
3483
3446
3417
3528
3419
3417
3477
3473
3417
3475
3419
3419
3528
3419
3419
3474
3417
3506
3446
3418
3448
3447
3443
3490
3549
3523
3551
3552
3519
3633
3522
3523
3577
3522
3521
3608
3521
3551
3549
3521
3555
3527
3520
3529
3527
3521
3665
3510
3419
3474
3522
3469
3478
3417
3420
3626
3418
3481
3550
3521
3574
3550
3522
3585
3559
3521
3530
3527
3522
3562
3523
3520
3479
3417
3441
3474
3420
3448
3448
3443
3507
3447
3417
3447
3581
3418
3494
3446
3458
3569
3447
3419
3494
3495
3419
3476
3419
3418
3533
3419
3418
3472
3417
3471
3476
3418
3418
3476
3493
3453
3549
3521
3578
3552
3522
7183
4512
3679
3638
3652
3639
3561
3565
3790
3636
16442
3932
3578
3525
3524
3530
3612
3551
3547
3521
3583
3592
3522
3611
3648
3589
3530
3522
3520
3660
3689
3647
3645
3634
3705
3532
3524
3531
3528
3565
3669
3546
3523
3535
3559
3418
3513
3418
3479
3448
3418
3488
3645
3566
3453
3446
3417
3546
3471
3419
3446
3446
3417
3536
3419
3418
3478
3419
3441
4127
4057
3585
3610
3527
3611
3452
3418
3596
3523
3523
3595
3540
3556
3536
3522
3557
3578
3521
3551
3548
3522
3578
3552
3522
3577
3522
3544
3583
3518
3518
3602
3492
3446
3446
3419
3472
3446
3417
3482
3447
3440
3444
3446
3417
3539
3580
3418
3445
3446
3418
3676
3419
3417
3475
3470
3417
3477
3419
3418
3529
3419
3500
3530
3424
3510
3447
3522
3603
3449
3442
3453
3444
3418
3510
3458
3419
3442
3442
3442
3608
3632
3631
3640
3695
3642
3636
3632
3701
3692
3632
3614
3523
3585
3607
3524
3535
3563
3608
3548
3547
3521
3550
3547
3521
3548
3548
3521
3552
3418
3418
3529
3418
3419
3590
3522
3523
3578
3523
3546
3548
3523
3553
3546
3521
3550
3547
3522
3507
3474
3417
3554
3520
3522
3577
3521
3521
3572
3523
3552
3546
3522
3554
3546
3521
3524
3525
3416
3479
3474
3416
3477
3475
3417
3526
3419
3417
3536
3417
3418
3565
3520
3522
3573
3522
3547
3548
3523
3548
3546
3521
3547
3551
3523
3511
3472
3418
3532
3419
3418
3535
3418
3417
3528
3418
3418
3535
3418
3417
3532
3418
3416
3528
3418
3416
3618
3522
3529
3634
3694
3729
3528
3633
3580
3520
3521
3538
3548
3522
3534
3522
3586
3553
3523
3505
3448
3471
3447
3447
3418
3448
3470
3419
3552
3522
3520
3601
3521
3521
3583
3522
3574
3553
3522
3569
3552
3523
3552
3550
3522
3580
3523
3521
3577
3521
3520
3501
3418
3417
3474
3500
3445
3445
3418
3448
3448
3417
3526
3669
3418
3493
3445
3421
3490
3446
3416
3577
3636
3420
3572
3523
3521
3580
3520
3552
3547
3522
3545
3547
3522
3582
3546
3523
3512
3473
3419
4801
3967
3684
3539
3524
3535
3613
3526
3530
3522
3532
3603
3524
3522
3535
3549
3546
3547
3522
3577
3546
3521
3577
3522
3546
3573
3521
3549
3546
3545
3577
3546
3521
3553
3573
3521
3581
3522
3546
3686
3523
3522
3577
3545
3553
3640
3631
3615
3550
3523
3550
3549
3520
3579
3522
3523
3590
3597
3547
3547
3522
3616
4075
3927
4237
3420
3471
4080
3750
3824
3758
3569
3729
3521
3520
3602
3522
3520
3526
3419
3471
3447
3418
3484
3445
3490
3448
3445
3418
3494
3459
3417
3446
3446
3442
3448
3445
3417
3447
3469
3417
3474
3417
3418
3499
3417
3420
3476
3421
3499
3475
3417
3450
3477
3417
3447
3446
3416
3493
3448
3418
3447
3446
3418
3450
3447
3418
3444
3448
3418
3479
3445
3418
3446
3445
3418
3477
3418
3419
3474
3418
3416
3477
3430
3459
3476
3417
3419
3484
3418
3446
3444
3418
3481
3447
3418
3446
3446
3416
3481
3446
3419
3446
3450
3416
3448
3447
3417
3449
3446
3418
3516
3420
3416
3474
3419
3418
3478
3418
3417
3477
3417
3418
3521
3417
3418
3475
3415
3484
3448
3418
3446
3445
3417
3449
3446
3418
3447
3449
3417
3510
3528
3571
3529
3526
3523
3562
3520
3520
3533
3522
3547
3562
3521
3549
3585
3418
3482
3447
3418
3598
3452
3418
3493
3445
3474
3472
3418
3417
3501
3418
3419
3475
3418
3443
3476
3417
3418
3476
3418
3447
3446
3418
3445
3446
3416
3449
3446
3418
3447
3447
3417
3448
3447
3418
3448
3445
3417
3591
3619
3522
3579
3523
3521
3588
3651
3555
3528
3544
3554
3528
3522
3528
3451
3419
3450
3446
3416
3446
3446
3416
3539
3522
3523
3534
3522
3520
4578
3661
3586
3605
3663
3521
3418
3416
3473
3631
3420
3480
3417
3434
3510
3418
3477
3446
3418
3502
3444
3418
3483
3501
3419
3446
3447
3419
3475
3492
3418
3447
3445
3442
3475
3418
3416
3477
3441
3419
3494
3417
3417
3497
3420
3417
3476
3420
3472
3448
3418
3445
3468
3417
3448
3447
3418
3566
3446
3420
3446
3447
3419
3561
3548
3419
3475
3421
3416
3513
3418
3418
3476
3416
3419
3571
3418
3551
3474
3419
3540
3557
3469
3452
3446
3418
3515
3495
3419
3446
3448
3471
3450
3447
3418
3445
3498
3418
3476
3418
3417
3500
3418
3418
3475
3441
3420
3475
3418
3417
3499
3419
3445
3447
3419
3538
3445
3418
3447
3446
3442
3479
3449
3419
3447
3470
3418
3451
3444
3418
3530
3449
3418
3543
3416
3419
3477
3417
3419
3510
3418
3418
3475
3419
3420
3569
3419
3444
3448
3419
3448
3445
3418
3449
3448
3418
3482
3448
3417
3447
3445
3417
3484
3448
3418
3447
3447
3417
3509
3418
3417
3477
3418
3418
3494
3417
3418
3475
3417
3418
3532
3417
3445
3447
3417
3493
3448
3417
3448
3446
3417
3446
3448
3417
3444
3446
3418
3450
3447
3419
3445
3447
3419
3525
3418
3418
3475
3418
3417
3477
3418
3418
3473
3416
3418
3477
3417
3416
3476
3418
3480
3446
3417
3447
3446
3418
3547
3607
3529
3553
3550
3522
3593
3521
3523
3535
3624
3521
3559
3521
3548
3589
3522
3514
3445
3467
3446
3448
3418
3449
3500
3417
3447
3445
3419
3539
3418
3419
3475
3419
3443
3650
3529
3472
3496
3417
3470
3647
3524
3476
3445
3418
3449
3445
3442
3447
3446
3418
3449
3469
3418
3445
3445
3418
3497
3417
3418
3475
3418
3501
5644
3794
3661
3699
3522
3531
3521
3773
3447
3419
3453
3442
3549
3447
3441
3416
3468
3490
3413
3448
3445
3418
3536
3444
3417
3468
3472
3466
3491
3417
3418
3501
3418
3418
3468
3419
3442
3474
3417
3466
3443
3441
3445
3442
3418
3450
3467
3419
3450
3442
3416
3498
3444
3418
3449
3469
3418
3509
3444
3417
3550
3417
3419
3685
3419
3420
3475
3417
3419
3522
3418
3448
3444
3420
3448
3444
3417
3443
3443
3418
3571
3444
3418
3448
3444
3468
3461
3448
3417
3444
3444
3418
3566
3417
3551
3474
3419
3419
3488
3581
3419
3477
3417
3419
3561
3418
3443
3443
3418
3504
3445
3419
3443
3504
3418
3492
3445
3418
3475
3443
3419
3473
3451
3441
3469
3419
3418
3475
3443
3416
3472
3417
3418
3505
3417
3419
3473
3417
3442
3473
3417
3442
3468
3466
3449
3443
3419
3524
3449
3418
3443
3445
3419
3449
3442
3419
3477
3449
3418
3443
3443
3417
3508
3418
3418
3473
3416
3418
3468
3416
3418
3474
3417
3418
3488
3418
3442
3445
3417
3503
3442
3417
3448
3443
3418
3471
3444
3418
3449
3443
3417
3449
3442
3417
3443
3442
3418
3447
3442
3418
3473
3470
3419
3504
3417
3418
3475
3418
3418
3474
3418
3418
3468
3419
3449
3445
3419
3448
3443
3418
3476
3445
3419
3449
3443
3416
3449
3443
3417
3442
3445
3416
3475
3442
3418
3447
3443
3419
3469
3420
3417
3473
3418
3416
3701
3417
3418
3469
3419
3644
3443
3419
3450
3443
3468
3477
3444
3418
3504
3493
3419
3551
3576
3546
3575
3602
3556
3553
3545
3527
3523
3521
3576
3524
3521
3528
3448
3441
3449
3442
3419
3468
3443
3418
3474
3419
3419
3498
3418
3419
3524
3419
3441
3473
3417
3418
5708
3658
3564
3497
3418
3613
3419
3448
3441
3460
3625
3445
3418
3451
3493
3419
3533
3445
3418
3501
3495
3418
3451
3443
3471
3473
3417
3419
3469
3442
3417
3472
3418
3417
3532
3418
3418
3473
3443
3441
3444
3418
3449
3467
3418
3443
3449
3418
3468
3443
3416
3520
3444
3442
3442
3550
3418
3456
3527
3417
3473
3418
3417
3527
3418
3417
3467
3420
3418
3505
3419
3418
3473
3419
3442
3443
3420
3447
3492
3418
3461
3448
3419
3443
3443
3419
3486
3442
3419
3443
3447
3419
3444
3442
3416
3474
3420
3418
3472
3417
3420
3467
3418
3418
3546
3415
3549
3474
3417
3476
3443
3633
3452
3443
3417
3504
3503
3419
3442
3442
3472
3448
3444
3418
3445
3501
3418
3466
3419
3419
3497
3417
3419
3508
3419
3441
3514
3418
3418
3473
3441
3447
3445
3418
3443
3467
3419
3448
3443
3443
3483
3444
3418
3442
3466
3418
3483
3443
3419
3531
3444
3418
3466
3419
3416
3474
3416
3418
3567
3522
3521
3571
3524
3545
3556
3521
3548
3546
3522
3546
3547
3520
3514
3474
3418
3535
3418
3417
3529
3419
3419
3653
3418
3469
3534
3418
3419
3528
3417
3417
3534
3419
3450
3504
3416
3474
3474
3418
3479
3473
3501
3482
3474
3417
3471
3478
3418
3475
3473
3418
3476
3474
3417
3474
3481
3416
3460
3475
3417
3480
3473
3418
3520
3431
3419
3529
3417
3418
3533
3418
3419
3535
3419
3417
3530
3417
3419
3535
3419
3418
3569
3468
3472
3474
3419
3480
3640
3632
3638
3698
3635
3617
3523
3522
3673
3642
3523
3580
3522
3647
3545
3523
3556
3546
3510
3449
3443
3418
3443
3532
3419
3474
3420
3480
3510
3419
3418
3468
3479
3419
5532
3593
3632
3523
3522
3539
3522
3649
3529
3522
3559
3528
3645
3502
3449
3416
3540
3585
3521
3578
3522
3546
3560
3522
3521
3534
3546
3530
3529
3519
3505
3470
3417
3466
3447
3441
3448
3446
3419
3481
3470
3417
3474
3418
3417
3500
3417
3419
3474
3418
3441
3535
3522
3447
3446
3442
3500
3445
3419
3448
3530
3418
3492
3446
3417
3446
3446
3416
3495
3446
3418
3449
3445
3419
4072
3468
3417
3475
3417
3417
3493
3417
3469
3445
3418
3449
3446
3418
3447
3446
3419
3447
3445
3417
3449
3446
3417
3448
3446
3418
3447
3445
3417
3523
3419
3418
3474
3417
3418
3510
3418
3417
3476
3418
3417
3573
3520
3550
3550
3521
3561
3527
3571
3534
3528
3522
3534
3547
3522
3526
3417
3418
3500
3467
3418
3474
3444
3491
3447
3417
3447
3446
3418
3481
3448
3420
3448
3446
3417
3449
3446
3418
3446
3447
3418
3482
3445
3417
3474
3418
3419
3512
3418
3420
3473
3418
3418
3475
3419
3417
3534
3418
3491
3459
3417
3448
3444
3418
3467
3447
3417
3446
3445
3418
3450
3445
3419
3446
3448
3418
3448
3496
3419
3448
3446
3418
3477
3419
3418
3474
3418
3417
3510
3415
3418
3476
3418
3418
3475
3418
3447
3447
3419
3448
3447
3419
3447
3446
3417
3485
3446
3420
3447
3448
3418
3484
3447
3420
3448
3447
3418
3476
3417
3418
3473
3418
3417
3515
3418
3418
3477
3417
3419
3475
3418
3419
3475
3418
3486
3527
3417
3446
3445
3419
3534
3696
3526
3530
3530
3523
3561
3521
3522
3534
3521
3520
3563
3522
3528
3479
3419
3596
3502
3418
3447
3445
3544
3523
3446
3418
3448
3497
3418
3476
3419
3417
3526
3417
3418
5791
3745
3614
3420
3418
3468
3598
3527
3585
3523
3570
3602
3523
3547
3547
3522
3529
3442
3417
3449
3497
3417
3503
3418
3417
3530
3419
3417
3473
3417
3441
3468
3419
3416
3529
3419
3448
3442
3416
3467
3444
3418
3449
3442
3441
3448
3443
3417
3444
3466
3418
3659
3444
3417
3471
3442
3417
3520
3417
3500
3472
3418
3416
3473
3417
3419
3468
3416
3417
3473
3418
3445
3443
3417
3492
3443
3419
3449
3443
3418
3483
3444
3417
3443
3442
3417
3449
3444
3417
3448
3441
3417
3446
3444
3418
3473
3418
3416
3507
3416
3419
3468
3417
3418
3504
3418
3419
3472
3418
3478
3445
3416
3447
3444
3415
3449
3443
3418
3443
3449
3418
3480
3447
3418
3448
3442
3417
3461
3448
3418
3444
3442
3466
3535
3418
3417
3605
3420
3418
3504
3418
3647
3459
3419
3478
3449
3468
3443
3443
3419
3505
3445
3418
3443
3449
3473
3478
3443
3417
3451
3466
3417
3472
3417
3419
3492
3417
3418
3473
3416
3442
3474
3417
3420
3496
3442
3419
3474
3417
3501
3447
3417
3444
3443
3443
3449
3443
3417
3444
3530
3469
3442
3443
3418
3447
3442
3420
3479
3446
3418
3467
3417
3418
3491
3417
3419
3535
3521
3525
3523
3523
3527
3522
3522
3525
3526
3523
3527
3522
3520
3485
3419
3419
3478
3418
3419
3468
3418
3418
3473
3419
3449
3444
3420
3443
3443
3418
3449
3443
3416
3449
3442
3419
3443
3443
3418
3449
3442
3464
3525
3550
3522
3573
3521
3522
3757
3609
3452
3442
3418
3444
3442
3419
3449
3445
3419
3479
3442
3418
3443
3443
3417
3448
3445
3419
3448
3443
3418
3442
3443
3418
3472
3417
3418
3579
3552
3418
3467
3417
3418
4203
3937
3634
3524
3545
3570
3522
3523
3535
3562
3523
3507
3417
3444
3494
3465
3481
3446
3418
3502
3446
3418
3446
3447
3472
3448
3447
3417
3474
3445
3417
3448
3445
3441
3495
3417
3417
3474
3443
3418
3474
3419
3418
3499
3418
3418
3643
3523
3571
3546
3568
3556
3571
3521
3551
3545
3522
3618
3520
3522
3543
3417
3419
3533
3419
3419
3527
3418
3419
3535
3417
3479
3523
3417
3472
3480
3418
3474
3472
3417
3534
3475
3416
3475
3481
3417
3472
3476
3418
3480
3473
3417
3472
3479
3416
3474
3475
3417
3538
3447
3417
3534
3418
3417
3532
3418
3419
3536
3417
3417
3532
3416
3418
3532
3418
3416
3532
3417
3450
3503
3419
3471
3473
3417
3478
3473
3417
3479
3474
3418
3521
3473
3417
3479
3473
3417
3480
3473
3419
3477
3475
3418
3480
3473
3418
3544
3554
3520
3632
3546
3521
3585
3522
3628
3553
3522
3557
3550
3549
3551
3548
3521
3613
3416
3418
3474
3418
3472
3530
3418
3418
3477
3441
3417
3480
3417
3444
3468
3418
3468
3447
3418
3470
3449
3420
3448
3445
3443
3497
3446
3417
3472
3446
3419
3446
3444
3443
3475
3419
3419
3476
3501
3418
3475
3418
3419
3477
3417
3417
3478
3418
3445
3447
3419
3449
3446
3418
3446
3449
3419
3446
3446
3418
3447
3446
3419
3447
3447
3419
3446
3448
3419
3450
3446
3419
3476
3418
3418
3507
3418
3417
3475
3418
3419
3543
3420
3467
3473
3416
3471
3550
3523
3574
3667
3560
3606
3602
3527
3542
3527
3528
3543
3521
3519
3468
3419
3447
3447
3419
3447
3448
3418
3447
3444
3417
3446
3445
3419
4244
3649
3440
3473
3419
3418
3477
3419
3418
3476
3418
3417
4336
3877
3782
3524
3523
3576
3522
3734
3575
3520
3584
3574
3547
3557
3548
3521
3654
3446
3419
3453
3443
3468
3452
3442
3417
3467
3473
3418
3476
3418
3471
3474
3417
3420
3486
3441
3438
3458
3418
3449
3466
3416
3444
3443
3419
3565
3548
3570
3550
3547
3547
3593
3520
3521
3582
3521
3522
3578
3522
3580
3474
3417
3509
3478
3507
3483
3473
3416
3562
3473
3466
3480
3480
3425
3481
3474
3418
3472
3471
3419
3526
3431
3418
3532
3417
3419
3528
3417
3419
3535
3417
3418
3534
3418
3418
3536
3417
3418
3565
3420
3481
3475
3417
3469
3480
3418
3475
3474
3418
3480
3474
3417
3474
3479
3417
3474
3474
3418
3480
3473
3420
3471
3480
3418
3474
3474
3418
3480
3473
3418
3535
3419
3417
3527
3420
3418
3536
3417
3418
3561
3418
3417
3529
3417
3418
3535
3416
3419
3532
3419
3470
3472
3417
3480
3474
3417
3479
3474
3418
3474
3472
3418
3522
3473
3416
3607
3473
3417
3502
3523
3597
3530
3523
3521
3561
3521
3522
3528
3521
3574
3523
3523
3513
3444
3471
3589
3443
3419
3447
3467
3419
3448
3442
3429
3479
3417
3417
3473
3441
3418
3472
3418
3418
3491
3418
3418
3473
3417
3471
3443
3418
3443
3449
3443
3443
3442
3417
3450
3525
3416
3442
3448
3418
3443
3441
3417
3485
3443
3417
3469
3419
3419
3469
3417
3416
3474
3417
3418
3473
3418
3418
3468
3416
3469
3504
3418
3440
3446
3417
3482
3673
3604
3530
3526
3521
3638
3562
3416
3468
3417
3420
3476
3418
3419
3473
3418
3417
3467
3420
3419
3474
3418
3442
3448
3419
3442
3444
3417
3486
3442
3419
3442
3448
3418
3442
3443
3418
3448
3442
3417
3727
4627
3529
3557
3545
3614
3553
3522
3549
3719
3572
3621
3521
3520
3521
3418
3417
3512
3417
3580
3473
3418
3502
3594
3417
3446
3445
3418
3612
3452
3420
3448
3447
3469
3468
3447
3419
3446
3498
3418
3588
3417
3418
3531
3417
3519
3583
3550
3554
3542
3518
3548
3569
3520
3544
3543
3516
3571
3542
3518
3548
3436
3413
3525
3413
3414
3573
3460
3412
3527
3414
3436
3526
3415
3415
3527
3500
3472
3469
3417
3470
3469
3413
3473
3470
3414
3475
3470
3415
3469
3470
3414
3507
3472
3413
3473
3471
3415
3480
3473
3415
3468
3467
3415
3471
3469
3415
3530
3414
3413
3571
3523
3521
3576
3522
3534
3564
3521
3547
3546
3520
3551
3548
3522
3520
3583
3419
3641
3635
3630
3638
3632
3635
3637
3631
3635
3636
3632
3637
3631
3631
3623
3520
3522
3572
3520
3555
3546
3522
3547
3553
3523
3548
3546
3523
3512
3416
3419
3475
3419
3418
3497
3416
3419
3472
3417
3443
3450
3417
3443
3443
3417
3449
3444
3419
3448
3444
3418
3534
3441
3417
3580
3493
3417
3587
3574
3546
3575
3521
3520
3611
3521
3554
3546
3522
3571
3546
3521
3552
3569
3418
3449
3443
3419
3492
3417
3418
3474
3419
3440
3472
3419
3418
3467
3441
3419
3472
3417
3452
3498
3419
3442
3443
3418
3472
3443
3419
3448
3466
3418
3442
3443
3418
3531
3442
3417
3481
3442
3418
3518
3418
3418
3509
3417
3419
3595
3647
3420
3468
3419
3451
3447
3424
3493
3685
3420
3446
3445
3419
3482
3446
3420
3448
3445
3417
3447
3447
3419
3447
3445
3416
3477
3418
3420
3473
3418
3417
3495
3418
3418
3477
3417
3418
3514
3419
3447
3445
3419
3552
4498
3669
3644
3421
3418
3516
3430
3597
3563
3521
3557
3644
3523
3551
3552
3522
3559
3447
3419
3447
3445
3472
3449
3447
3419
3475
3472
3418
3476
3417
3440
3476
3420
3417
3495
3444
3417
3473
3420
3496
3593
3521
3597
3547
3523
3607
3462
3420
3443
3479
3430
3510
3419
3418
3529
3418
3420
3470
3420
3473
3473
3419
3419
3504
3441
3491
3443
3418
3863
3503
3419
3443
3453
3431
3453
3442
3420
3452
3466
3417
3477
3449
3419
3491
3418
3417
3471
3418
3443
3471
3418
3419
3532
3502
3418
3473
3418
3503
3449
3418
3444
3443
3417
3483
3445
3418
3444
3448
3418
3455
3444
3417
3448
3443
3417
3441
3448
3419
3467
3420
3417
3580
3524
3545
3578
3518
3542
3542
3519
3551
3548
3523
3548
3528
3519
3483
3443
3418
3449
3442
3416
3471
3418
3418
3468
3417
3418
3475
3417
3419
3473
3419
3419
3467
3418
3481
3442
3417
3449
3442
3418
3487
3547
3523
3555
3547
3521
3551
3524
3521
3528
3522
3521
3552
3523
3521
3461
3417
3460
3442
3468
3449
3443
3418
3449
3443
3415
3442
3443
3418
3509
3444
3418
3449
3578
3418
3476
3443
3418
3630
3418
3418
3476
3467
3420
3467
3416
3418
3505
3419
3420
3474
3419
3512
3445
3417
3448
3443
3442
3486
3443
3417
3442
3466
3417
3484
3444
3418
3471
3442
3417
3443
3464
3419
3472
3418
3417
3529
3464
3419
3467
3418
3442
3585
3684
3453
3441
3501
3460
3444
3416
3451
3444
3419
3505
3666
3418
3441
3441
3419
3485
3444
3417
3472
3418
3417
3468
3418
3418
3475
3417
3419
3474
3420
3417
3467
3417
3452
3475
3418
3447
3442
3417
3443
3447
3417
3442
3442
3416
3611
4762
3660
3556
3522
3559
3713
3624
3554
3547
3798
3562
3556
3522
3571
3559
3418
3507
3419
3419
3559
3417
3418
3469
3504
3449
3444
3418
3442
3510
3419
3444
3444
3418
3544
3443
3417
3444
3448
3479
3553
3663
3420
3473
3476
3419
3527
3417
3478
3470
3419
3418
3579
3523
3529
3530
3521
3589
3550
3418
3447
3446
3418
3628
3501
3416
3475
3416
3473
3477
3417
3417
3499
3417
3419
3476
3417
3443
3477
3419
3464
3447
3418
3445
3446
3417
3448
3448
3419
3446
3448
3418
3496
3446
3416
3449
3446
3419
3485
3445
3418
3473
3418
3420
3589
3523
3521
3579
3522
3827
3743
3545
3530
3528
3521
3531
3526
3522
3499
3417
3417
3507
3470
3419
3477
3416
3419
3482
3418
3418
3475
3420
3471
3550
3419
3448
3447
3420
3488
3447
3419
3448
3446
3418
3445
3447
3417
3449
3445
3418
3448
3445
3417
3473
3416
3420
3513
3416
3419
3475
3418
3418
3522
3418
3417
3477
3419
3483
3447
3418
3446
3445
3418
3524
3445
3418
3447
3445
3419
3464
3497
3419
3447
3446
3418
3448
3445
3418
3473
3417
3417
3476
3418
3418
3477
3419
3419
3475
3418
3417
3476
3417
3419
3478
3419
3446
3447
3418
3509
3446
3418
3447
3579
3418
3482
3448
3420
3611
3448
3417
3450
3444
3467
3472
3418
3418
3516
3474
3418
3477
3420
3472
3540
3418
3447
3447
3441
3482
3494
3417
3444
3470
3418
3504
3713
3420
3474
3447
3417
3449
3446
3443
3476
3417
3417
3560
3591
3523
3534
3523
3530
3528
3523
3530
3528
3543
3529
3532
3522
3530
3438
3418
3517
3417
3419
3477
3417
3419
3475
3418
3419
3475
3418
3418
3506
3419
3445
3445
3418
4776
4152
3655
3525
3640
3553
3444
3419
3446
3781
3419
3487
3454
3419
3576
3445
3417
3482
3527
3416
3474
3419
3419
3602
3419
3418
3478
3419
3478
3476
3418
3416
3468
3478
3466
3442
3418
3445
3509
3417
3744
3443
3478
3449
3445
3418
3496
3510
3420
3443
3444
3418
3536
3419
3416
3473
3419
3538
3468
3432
3418
3557
3525
3571
3553
3516
3544
3543
3519
3570
3521
3565
3525
3521
3517
3545
3603
3415
3479
3417
3417
3558
3417
3442
3443
3473
3511
3444
3419
3447
3495
3417
3480
3444
3418
3477
3443
3417
3478
3442
3442
3442
3444
3418
3511
3442
3417
3478
3418
3431
3627
3521
3549
3548
3522
3555
3546
3521
3546
3546
3571
3580
3522
3520
3568
3417
3419
3528
3418
3417
3535
3418
3419
3533
3419
3474
3475
3419
3477
3473
3419
3479
3474
3417
3475
3475
3418
3481
3474
3417
3478
3474
3419
3474
3473
3418
3504
3546
3522
3575
3522
3523
3573
3521
3522
3574
3522
3547
3547
3521
3547
3478
3418
3474
3472
3418
3477
3473
3467
3470
3472
3419
3472
3475
3418
3476
3473
3419
3473
3477
3418
3528
3418
3418
3530
3418
3417
3517
3419
3419
3527
3418
3419
3531
3418
3418
3533
3419
3417
3701
3417
3476
3474
3417
3476
3474
3419
3473
3472
3417
3532
3552
3522
3550
3693
3521
3573
3522
3523
3826
3521
3532
3588
3523
3645
3554
3419
3477
3557
3418
3528
3682
3419
3571
3474
3418
3530
3419
3479
3529
3419
3417
3530
3479
3418
3708
3522
3554
3549
3521
3549
3547
3521
3557
3547
3522
3553
3549
3523
3555
3418
3418
4342
3573
3479
3473
3501
3471
3478
3417
3473
3472
3417
3481
3473
3419
3472
3482
3418
4946
4121
3730
3633
3631
3710
3671
3632
3638
3632
3798
3661
3634
3635
3644
3541
3546
3525
3522
3551
3520
3522
3531
3523
3547
3463
3418
3449
3442
3443
3442
3449
3419
3529
3467
3418
3552
3444
3442
3496
3448
3418
3443
3467
3418
3451
3443
3418
3498
3418
3419
3466
3417
3444
3472
3417
3417
3474
3502
3469
3467
3418
3566
3443
3418
3442
3448
3418
3442
3442
3418
3449
3443
3416
3449
3444
3419
3442
3443
3418
3518
3545
3522
3574
3521
3520
3579
3567
3553
3547
3520
3590
3565
3521
3527
3474
3475
3480
3472
3417
3481
3497
3418
3469
3473
3417
3586
3418
3417
3535
3441
3418
3528
3417
3418
3565
3417
3466
3535
3417
3441
3525
3418
3479
3474
3440
3478
3473
3418
3475
3499
3418
3479
3475
3417
3502
3474
3418
3472
3562
3417
3474
3477
3417
3479
3475
3417
3473
3477
3418
3472
3473
3417
3533
3419
3417
3534
3418
3418
3529
3419
3417
3533
3419
3417
3533
3417
3417
3773
3530
3559
3547
3521
3546
3578
3523
3546
3546
3522
3551
3520
3521
3518
3417
3419
3480
3417
3418
3472
3418
3448
3444
3417
3443
3445
3419
3538
3444
3419
3449
3443
3419
3480
3444
3417
3446
3444
3418
3476
3444
3417
3444
3442
3419
3508
3417
3418
3474
3418
3417
3468
3418
3417
3474
3418
3418
3472
3416
3441
3443
3419
3481
3492
3417
3448
3444
3419
3554
3743
3525
3732
3536
3522
3575
3521
3808
3572
3517
3547
3542
3621
3550
3546
3521
3607
3596
3518
3534
3522
3545
3537
3522
3522
3530
3523
3532
3528
3519
3531
3461
3417
3447
3447
3417
3447
3446
3418
3448
3443
3419
3475
3418
3416
3499
3417
3418
3477
3416
3418
4066
4185
3576
3569
3522
3555
3547
3522
3715
3523
3522
3595
3545
3553
3546
3522
3539
3500
3418
3453
3548
3419
3508
3445
3418
3442
3444
3441
3472
3416
3417
3473
3443
3417
3681
3419
3442
3473
3419
3452
3708
3547
3547
3547
3520
3607
3571
3522
3551
3548
3522
3576
3522
3521
3471
3502
3418
3521
3418
3443
3449
3418
3444
3445
3417
3451
3443
3418
3443
3450
3421
3443
3444
3418
3483
3444
3419
3442
3447
3419
3505
3418
3418
3474
3418
3418
3504
3418
3416
3470
3419
3418
3509
3418
3430
3460
3417
3504
3444
3549
3449
3442
3417
3559
3611
3420
3443
3443
3456
3464
3443
3417
3443
3501
3419
3515
3417
3418
3528
3417
3417
3572
3417
3440
3468
3419
3479
3443
3441
3443
3448
3421
3442
3465
3418
3448
3443
3442
3479
3447
3418
3442
3469
3418
3449
3442
3416
3496
3419
3417
3500
3418
3502
3476
3417
3418
3618
3524
3547
3548
3523
3554
3547
3522
3552
3546
3522
3549
3526
3522
3495
3416
3523
3474
3419
3418
3469
3419
3417
3490
3420
3418
3475
3416
3442
3444
3418
3449
3442
3420
3449
3442
3416
3442
3444
3417
3452
3450
3424
3450
3443
3419
3444
3443
3418
3459
3429
3419
3509
3418
3418
3468
3418
3418
3473
3416
3418
3474
3418
3418
3467
3417
3449
3442
3417
3510
3530
3522
3525
3524
3546
3558
3529
3526
3561
3587
3592
3579
3522
3521
3582
3523
3554
3546
3520
3549
3546
3521
3554
3547
3521
3577
3521
3522
3712
3634
3636
3750
3632
3639
3635
3632
3804
3635
3633
3639
3710
3636
3538
3418
3477
3569
3419
3474
3474
3418
3561
3475
3420
3471
3533
3418
3487
3474
3419
3595
3418
3518
5142
3758
3595
3523
3523
3583
3574
3631
3648
3631
3650
3643
3522
3552
3550
3544
3554
3528
3520
3532
3543
3520
3562
3523
3522
3559
3522
3578
3548
3522
3552
3552
3555
3466
3472
3418
3446
3446
3417
3539
3432
3418
3475
3418
3441
3559
3417
3420
3476
3443
3417
3476
3419
3420
3495
3465
3464
3447
3502
3447
3445
3526
3602
3631
3633
3642
3630
3634
3637
3632
3635
3636
3631
3642
3635
3632
3582
3417
3416
3561
3419
3419
3539
3419
3479
3479
3418
3473
3472
3417
3477
3473
3416
3472
3479
3417
3473
3473
3417
3480
3476
3419
3480
3473
3418
3474
3474
3418
3510
3525
3524
3529
3546
3522
3574
3570
3521
3528
3521
3566
3642
3634
3604
3548
3550
3558
3546
3521
3579
3546
3522
3572
3521
3566
3525
3417
3478
3472
3417
3498
3473
3417
3478
3499
3419
3481
3475
3417
3492
3474
3417
3480
3474
3441
3482
3473
3420
3476
3497
3416
3521
3429
3416
3558
3417
3417
3534
3453
3463
3578
3420
3416
3534
3419
3418
3536
3419
3418
3605
3417
3479
3474
3418
3473
3479
3418
3473
3473
3417
3478
3472
3417
3473
3480
3419
3563
3624
3616
3601
3595
3618
3694
3618
3600
3585
3617
3636
3523
3418
3528
3575
3523
3550
3545
3521
3629
3568
3521
3625
3569
3623
3546
3521
3579
3576
3521
3600
3546
3521
3594
3656
3601
3541
3417
3419
3528
3419
3419
3528
3417
3417
3534
3418
3479
3474
3417
3476
3474
3418
3480
3473
3417
3498
3638
3522
3545
3547
3520
3556
3546
3520
3577
3546
3521
3601
3520
3563
3599
3519
3475
3547
3521
3629
3551
3521
3550
3553
3523
3529
3521
3521
3575
3522
3561
3444
3417
4794
4735
3765
3621
3673
3706
3651
3610
3666
3784
3643
3680
3639
4092
3669
3602
3647
3763
3641
3641
3637
3581
3763
3636
3585
3641
3756
3693
3638
3808
3574
3762
3559
3628
3618
3638
3595
3617
3627
3574
3554
3478
3562
3490
3551
3613
3520
3446
3491
3525
3575
3616
3593
3594
3543
3598
3592
3564
3612
3554
3563
3671
3618
3631
3590
3618
3628
3620
3644
3578
3617
3616
3620
3645
3587
3636
3621
3734
3664
3626
3622
3625
3678
3608
3574
3574
3666
3637
3524
3628
3586
3643
3648
3521
3798
3621
3598
3667
3640
3611
3793
3637
3551
3669
3683
3579
3862
3639
3771
3745
3631
3597
3834
3676
3779
3624
3698
3576
3654
3670
3436
3492
3606
3572
3559
3548
3519
3656
3484
3417
3540
3435
3649
3667
3585
3624
3645
3732
3640
3631
3576
3563
3666
3574
3612
3571
3620
3590
3624
3645
3662
3699
3565
3551
3571
3661
3664
3573
3609
3575
3656
3586
3597
3586
3547
3630
3627
3536
3601
3640
3523
3521
3638
3521
3717
3549
3523
3552
3549
3672
3574
3560
3641
3775
3560
3594
3625
3599
3693
3647
3522
3549
3657
3707
3653
3524
3524
3824
3526
3550
3546
3520
3649
3547
3593
3480
3522
3492
3454
3444
3419
3568
3550
3521
3528
3520
3549
3572
3534
3530
3524
3545
3580
3764
3521
3605
3522
3520
3633
3524
3616
3528
3521
3526
3525
3699
3532
3526
3522
3536
3442
3418
3450
3442
3445
3781
3484
3418
3468
3483
3417
3477
3416
3436
3517
3420
3444
3441
3420
3510
3443
3418
3449
3503
3419
3444
3443
3417
3531
3443
3418
3448
3441
3477
3552
3517
3418
3475
3613
3418
4122
3869
3765
3616
3523
3565
3548
3646
3544
3522
3522
3561
5849
4030
3823
3789
3938
3534
3617
7835
3933
3650
3647
3801
3638
3729
3638
3655
3902
3653
3681
3663
3790
3791
3650
3644
3720
3882
3661
3658
3647
4563
3647
3639
3644
3632
3762
3645
3632
3637
3640
3633
3645
3636
3632
3650
3634
3647
3550
3535
3448
3444
3419
3449
3500
3417
3447
3446
3419
3501
3448
3417
3448
3445
3441
3554
3425
3425
3481
3447
3424
3518
3422
3448
3482
3418
3416
3540
3447
3453
3447
3418
3462
3471
3419
3445
3445
3416
3519
3549
3521
3548
3550
3544
3558
3521
3522
3536
3521
3520
3544
3523
3525
3445
3419
3466
3444
3415
3445
3447
3417
3447
3446
3418
3449
3447
3419
3514
3551
3521
3579
3522
3520
3560
3522
3523
3534
3523
3529
3526
3521
3508
3448
3419
3494
3448
3417
3446
3444
3418
3487
3446
3419
3474
3418
3417
3565
3522
3521
3581
3522
3550
3603
3521
3551
3550
3521
3568
3552
3521
3549
3552
3522
3522
3415
3418
3473
3418
3419
3478
3416
3417
3472
3417
3447
3445
3418
3448
3445
3419
3447
3447
3418
3449
3446
3417
3449
3446
3418
3444
3447
3419
3448
3447
3419
3447
3446
3418
3474
3418
3418
3475
3419
3418
3477
3418
3418
3472
3417
3468
3600
3522
3528
3554
3710
3556
3549
3521
3554
3550
3521
3581
3521
3521
3580
3520
3554
3550
3522
3553
3552
3520
3552
3548
3522
3551
3548
3521
3657
3545
3521
3533
3523
3527
3526
3520
3530
3527
3521
3862
3646
3523
3540
3418
3418
3477
3417
3418
3473
3417
3415
3511
3418
3418
3474
3417
3494
3445
3419
3447
3446
3419
4873
4198
3728
3651
3638
3623
3603
3528
3559
3547
3524
3645
3523
3522
3579
3548
3417
3505
3418
3417
3525
3417
3477
3568
3522
3557
3525
3568
3547
3526
3546
3534
3415
3628
3759
3659
3636
3669
3621
3744
3664
3654
3651
3725
3658
3663
3646
3660
3795
3632
3625
3618
3735
3711
3638
3650
3637
3656
3692
3689
3637
3732
3776
3638
3662
3633
3849
3672
3661
3660
3754
3780
3673
3658
3662
3771
3638
3698
3667
3773
3667
3656
3640
3615
3757
3665
3662
3635
3672
3636
3637
3691
3636
3665
3674
3594
3661
3661
3630
3704
3632
3561
3748
3639
3666
3716
3604
3659
3667
3641
3665
3646
3598
3666
3623
3625
3689
3623
3577
3630
3625
3657
3627
3573
3630
3655
3625
3689
3626
3578
3658
3624
3655
3628
3605
3626
3630
3625
3603
3667
3587
3634
3627
3722
3645
3573
3629
3576
3657
3683
3574
3574
3631
3581
3598
3593
3657
3691
3592
3646
3598
3657
3678
3660
3589
3724
3680
3616
3614
3557
3602
3784
3603
3605
3644
3529
3747
3637
3603
3613
3689
3582
3634
3628
3589
3770
3528
3603
3703
3718
3628
3550
3603
3627
3752
3606
3635
3529
3602
3755
3637
3623
3600
3663
3640
3638
3635
3624
3621
3634
3722
3637
3727
3631
3623
3692
3668
3724
3764
3862
3662
3735
3592
3669
3585
3592
3641
3595
3558
3527
3646
3524
3698
3580
3528
3606
3521
3636
3526
3523
3562
3571
3579
3676
3544
3522
3572
3523
3554
3526
3419
3448
3443
3419
3467
3443
3512
3583
3547
3611
3553
3646
3527
3632
3418
3527
3623
3515
3748
3550
3596
3590
3669
3634
3567
3558
3637
4904
4908
3719
3639
3874
3599
3623
3585
4078
3721
3653
3521
3623
3553
3521
3598
3721
3583
3783
3635
3634
3639
3638
3572
3624
3622
3573
3605
3574
3601
3546
3575
3617
3532
3521
3529
3580
3521
3569
3522
3522
3604
3573
3530
3528
3521
3562
3551
3521
3588
3556
3548
3533
3522
3521
3601
3521
3574
12374
3794
3645
6508
3646
3826
4036
4129
3889
3772
3907
3652
3683
3819
3739
3798
3785
3617
3658
3680
3725
4000
3595
3645
3639
3635
3680
3636
3633
3646
3653
3642
3635
3632
3647
3636
3631
3616
3520
3550
3574
3471
3418
3503
3546
3419
3474
3417
3471
3600
3417
3452
3446
3468
3450
3442
3417
3447
3498
3419
3730
3652
3681
4015
4062
3834
3808
3759
3747
3677
3721
3890
3885
3770
3825
3777
3825
4305
3754
3795
3859
3669
3650
3630
3675
4074
3687
3687
3579
3724
3944
3671
3630
3722
3700
3602
3628
3628
3805
3701
3615
3662
3681
3890
3631
3627
3690
3699
3524
3574
3678
3650
3665
3526
3521
3537
3566
3518
3418
3417
3418
3507
3419
3419
3417
3419
3609
3417
3418
3417
3752
3661
3523
3522
3533
3545
3592
3522
3522
3530
3546
3521
3523
3585
3417
3555
3447
3418
3597
3446
3607
3526
3418
3418
3535
3512
3418
3612
3684
3550
3458
3419
3446
3445
3559
3589
3599
3419
3447
3609
3524
3537
3524
3548
3581
3521
3562
3595
3631
3581
3627
3557
3747
3780
3685
3746
3683
3709
3651
3589
3582
3580
3711
3722
3548
3601
3656
3575
3575
3781
3563
3641
3615
3522
3625
3642
3589
3579
3550
3523
3697
3521
3522
3581
3585
3627
4347
3818
3684
3677
3636
3645
3632
3646
3710
3524
3556
3547
3547
3557
3473
7608
5027
3672
3656
3640
4020
3577
3552
3770
3526
3683
3593
3523
3552
3619
3614
3862
3636
3633
3843
3528
3548
3601
3561
3606
3548
3524
3761
3813
3527
3559
3523
3523
3611
3524
3529
3524
3546
3737
3556
3522
3548
3570
3522
3734
3420
3417
3609
3523
3563
3528
3542
3548
3528
3523
3554
3556
3521
3486
3445
3417
3539
3417
3417
3665
3617
3664
3901
3582
3586
3870
3604
3643
3613
3556
3856
3627
3659
3656
3651
3603
3659
3628
3706
3736
3628
3658
3632
3796
3877
3672
3616
3547
3640
3646
3633
3631
3682
3724
3649
3688
3750
3787
3578
3619
3686
3708
3692
3640
3624
3650
3647
3635
3641
3666
3625
3649
3575
3624
3585
3710
3559
3573
3576
3580
3663
3424
3461
3446
3525
3656
3521
3421
3604
3606
3555
3792
3591
3591
3797
3597
3775
3561
3639
3704
3638
3649
3638
3634
3638
3502
3417
3485
3532
3415
3631
3638
3633
3636
3635
3639
3633
3640
3643
3636
3632
3635
3660
3636
3631
3523
3650
3551
3420
3443
3443
3565
3555
3546
3522
3556
3609
3523
3479
3448
3471
3480
3418
3418
3600
3599
3524
3575
3523
3554
3611
3524
3554
3527
3535
3579
3744
3525
3585
3524
3417
3606
3526
3522
3636
3523
3559
3547
3524
3648
3554
3524
3552
3567
3525
3532
3419
3420
3564
3420
3419
3470
3419
3474
3746
3420
3450
3444
3445
3445
3445
3419
3479
3445
3421
3484
3447
3445
3446
3446
3421
3470
3466
3418
3477
3419
3419
3495
3419
3469
3478
3419
3444
3479
3421
3417
3471
3504
4710
4440
3749
3724
3589
3533
3529
3655
3555
3451
3418
3486
3596
3427
3451
3446
3421
3573
3531
3524
3542
3523
3592
3535
3574
3539
3551
3525
3579
3550
3524
3602
3525
3522
3585
3549
3523
3584
3523
3552
3470
3418
3456
3445
3421
3480
3448
3468
3450
3448
3443
3455
3445
3419
3481
3444
3419
3512
3421
3420
3558
3419
3420
3482
3420
3417
3475
3419
3441
3444
3417
3449
3443
3417
3508
3448
3418
3443
3444
3415
3485
3443
3419
3442
3450
3419
3442
3442
3419
3449
3443
3415
3506
3420
3419
3467
3418
3417
3675
3897
3667
3650
3632
3637
3689
3577
3588
3533
3553
3581
3524
3588
3656
3550
3551
3571
3521
3547
3553
3521
3548
3546
3521
3577
3521
3523
3586
3521
3522
3572
3522
3553
3545
3521
3548
3552
3522
3546
3546
3520
3577
3522
3521
3512
3418
3417
3468
3417
3417
3477
3416
3417
3474
3418
3480
3442
3418
3448
3443
3416
3485
3492
3418
3442
3443
3418
3481
3445
3417
3449
3443
3418
3500
3443
3419
3473
3416
3418
3472
3416
3420
3468
3417
3418
3504
3419
3418
3473
3419
3441
3445
3416
3449
3443
3419
3448
3443
3419
3443
3443
3417
3486
3443
3419
3449
3443
3417
3444
3444
3418
3451
3442
3417
3471
3420
3419
3470
3418
3420
3518
3456
3417
3472
3419
3416
3678
3697
3563
3548
3521
3549
3547
3523
3548
3546
3522
3580
3524
3523
3575
3522
3520
3571
3523
3552
3548
3519
3530
3442
3418
3443
3441
3416
3552
3621
3522
3578
3521
3521
3569
3522
3520
3577
3521
3550
3547
3522
3545
3491
3418
3479
3473
3417
3481
3475
3417
3519
3473
3416
3480
3472
3419
3563
3418
3418
3534
3418
3417
5001
4206
3663
3635
3678
3682
3526
3521
3575
3523
3593
3548
3523
3549
3567
3419
3554
3443
3417
3504
3444
3418
3596
3418
3472
3468
3418
3419
3527
3441
3416
3472
3418
3419
3494
3418
3451
3442
3441
3460
3449
3419
3441
3469
3419
3530
3445
3418
3468
3449
3418
3501
3442
3442
3473
3418
3418
3502
3502
3418
3467
3419
3417
3508
3419
3419
3472
3417
3446
3503
3419
3449
3445
3417
3533
3630
3521
3548
3547
3545
3583
3440
3549
3475
3417
3419
3580
3643
3523
3537
3520
3557
3528
3519
3527
3528
3544
3524
3446
3417
3449
3504
3419
3597
3521
3522
3535
3521
3523
3561
3521
3527
3529
3520
3574
3526
3521
3490
3445
3420
3448
3443
3417
3476
3419
3417
3510
3417
3418
3474
3418
3420
3477
3419
3477
3475
3418
3493
3446
3417
3449
3444
3418
3451
3447
3419
3446
3447
3419
3450
3446
3418
3448
3445
3417
3533
3552
3523
3578
3519
3517
3578
3521
3522
3573
3522
3553
3547
3521
3538
3471
3419
3495
3524
3522
3526
3526
3521
3529
3521
3522
3527
3520
3539
3559
3522
3550
3546
3523
3544
3546
3522
3552
3546
3521
3577
3520
3521
3573
3520
3523
3577
3522
3552
3548
3521
3545
3546
3522
3551
3548
3522
3562
3417
3418
3467
3418
3467
3507
3420
3417
3697
3575
3478
3444
3417
3453
3443
3419
3449
3445
3418
3445
3446
3418
3449
3443
3418
3447
3443
3417
3444
3441
3418
3448
3443
3419
3472
3417
3419
3469
3417
3419
3735
3418
3418
3473
3417
3485
4325
3512
3445
3442
3417
3447
3442
3419
3445
3447
3419
3503
3418
3418
3473
3418
3466
3506
3418
3418
3469
3419
3418
3472
3418
3442
3448
3417
4697
4388
3550
3604
3570
3563
3530
3521
3528
3643
3523
3529
3447
3418
3497
3449
3416
3674
3473
3418
3479
3521
3418
3532
3418
3419
3472
3419
3459
3600
3419
3447
3446
3442
3448
3446
3418
3448
3470
3421
3464
3448
3418
3471
3459
3454
3448
3468
3416
3473
3418
3417
3599
3418
3419
3476
3417
3500
3590
3522
3550
3549
3522
3553
3550
3523
3550
3551
3522
3554
3528
3521
3495
3420
3417
3514
3418
3418
3475
3417
3420
3494
3419
3447
3446
3418
3447
3446
3418
3448
3444
3418
3487
3446
3418
3445
3446
3418
3485
3446
3418
3450
3497
3418
3475
3417
3419
3476
3418
3417
3645
3418
3417
3472
3551
3469
3460
3418
3447
3446
3417
3486
3444
3417
3448
3445
3417
3571
3446
3419
3444
3444
3418
3449
3445
3418
3475
3419
3419
3561
3523
3521
3535
3520
3520
3562
3523
3528
3526
3521
3531
3527
3521
3492
3453
3418
3479
3446
3417
3476
3466
3418
3514
3419
3416
3474
3418
3419
3476
3418
3418
3476
3418
3496
3447
3419
3447
3445
3418
3449
3445
3419
3446
3446
3418
3486
3447
3416
3447
3445
3417
3448
3445
3417
3473
3418
3417
3514
3418
3417
3473
3417
3417
3476
3420
3417
3476
3418
3418
3507
3419
3446
3446
3418
3483
3445
3416
3445
3510
3418
3485
3446
3417
3547
3679
3421
3511
3419
3419
3477
3417
3418
3526
3418
3418
3475
3417
3418
3479
3418
3418
3475
3417
3447
3447
3419
3446
3446
3418
3503
3447
3418
3445
3448
3418
3568
3607
3414
3445
3442
3415
3492
3414
3415
3473
3415
3527
3581
3522
3547
3551
3523
3548
3545
3522
3573
3547
3522
3574
3523
3522
3544
3416
3417
3528
3419
3419
3531
3419
3418
5350
3787
3786
3634
3631
3640
3732
3648
3549
3523
3604
3570
3524
3478
3451
3417
3570
3525
3570
3613
3522
3560
3538
3521
3524
3548
3521
3550
3526
3520
3507
3448
3417
3443
3443
3441
3471
3420
3418
3509
3439
3420
3497
3418
3441
3473
3418
3419
3471
3441
3441
3443
3419
3448
3468
3417
3448
3444
3417
3526
3441
3419
3486
3442
3418
3448
3443
3416
3481
3442
3418
3478
3423
3425
3495
3423
3422
3474
3423
3423
3492
3418
3419
3474
3419
3442
3442
3418
3447
3442
3419
3568
3441
3419
3441
3444
3418
3451
3444
3419
3496
3444
3418
3477
3441
3417
3472
3419
3418
3492
3418
3418
3468
3417
3417
3511
3417
3419
3473
3418
3418
3467
3418
3448
3444
3418
3447
3442
3418
3443
3443
3418
3505
3552
3521
3555
3546
3521
3571
3522
3522
3576
3521
3521
3577
3523
3550
3546
3521
3551
3546
3521
3554
3546
3520
3504
3443
3469
3474
3417
3419
3474
3418
3418
3469
3419
3419
3472
3418
3417
3474
3418
3443
3443
3416
3448
3442
3417
3448
3443
3419
3444
3444
3418
3487
3443
3418
3450
3443
3419
3444
3443
3419
3461
3431
3417
3473
3417
3417
3469
3418
3418
3509
3418
3418
3473
3418
3418
3474
3418
3441
3443
3419
3481
3443
3470
3445
3449
3419
3511
3644
3515
3451
3445
3417
3442
3447
3416
3467
3418
3418
3474
3418
3419
3474
3418
3419
3506
3416
3419
3474
3417
3417
3472
3418
3441
3444
3417
3482
3443
3419
3445
3449
3417
3494
3665
3417
3452
3441
3418
3476
3448
3418
3468
3421
3416
3506
3420
3417
3472
3418
3419
3466
3499
3419
3476
3420
3420
3471
3418
3442
3443
3418
3449
3443
3418
3442
3451
3419
3479
3444
3417
3450
3442
3418
3740
4229
3535
3564
3522
3610
3671
3521
3549
3552
3639
3611
3624
3523
3583
3418
3417
3554
3521
3543
3533
3522
3556
3527
3544
3529
3528
3522
3529
3527
3520
3495
3429
3441
3493
3467
3419
3473
3442
3418
3479
3419
3419
3499
3419
3481
4010
3441
3448
3445
3419
3513
3551
3522
3525
3523
3521
3577
3522
3521
3531
3523
3536
3537
3520
3519
3443
3416
3487
3445
3418
3444
3442
3418
3485
3442
3418
3448
3444
3420
3475
3444
3420
3474
3419
3418
3474
3416
3417
3469
3419
3417
3473
3469
3419
3473
3419
3444
3442
3418
3447
3444
3417
3525
3563
3520
3547
3547
3523
3556
3523
3522
3531
3524
3521
3526
3521
3536
3444
3418
3484
3443
3418
3445
3444
3419
3487
3445
3417
3450
3442
3417
3478
3444
3419
3452
3442
3417
3447
3444
3419
3467
3418
3417
3472
3418
3417
3473
3419
3419
3472
3467
3420
3472
3417
3447
3445
3418
3443
3443
3419
3480
3444
3417
3447
3443
3418
3479
3443
3418
3449
3444
3418
3449
3443
3418
3443
3441
3417
3507
3418
3418
3473
3418
3418
3501
3417
3418
3473
3418
3418
3490
3419
3443
3449
3417
3442
3443
3418
3448
3443
3419
3443
3448
3418
3442
3442
3419
3496
3468
3418
3441
3645
3523
3555
3418
3418
3478
3418
3419
3532
3425
3434
3488
3425
3419
3512
3418
3445
3448
3419
3442
3442
3418
3449
3442
3418
3442
3450
3417
3442
3443
3417
3447
3443
3417
3445
3476
3420
3625
3529
3688
3592
3522
3522
3575
3520
3548
3546
3527
3675
3445
3495
3445
3451
3422
3493
3445
3419
3480
3421
3417
3475
3417
3418
3468
3418
3420
3473
3418
3418
3476
3419
3418
3542
3417
3449
3444
3420
3606
4515
3796
3775
3621
3528
3617
3523
3734
3551
3563
3647
3575
3929
3655
3567
3546
3711
3572
3570
3570
3544
3651
3571
3546
3570
3570
3614
3613
3478
3469
3659
3506
3585
3599
3528
3501
3476
3418
3485
3476
3445
3477
3475
3418
3473
3475
3419
3476
3474
3418
3508
3530
3523
3531
3547
3546
3587
3522
3522
3579
3522
3581
3549
3522
3550
3549
3521
3535
3446
3417
3503
3477
3418
3495
3419
3418
3477
3418
3419
3475
3416
3416
3474
3417
3417
3476
3418
3419
3474
3418
3542
3447
3419
3449
3447
3442
3447
3447
3439
3472
3469
3454
3647
3472
3441
3488
3453
3441
3505
3442
3420
3479
3441
3419
3479
3417
3418
3474
3419
3449
3447
3418
3446
3447
3418
3518
3637
3632
3644
3636
3539
3577
3521
3521
3572
3546
3521
3574
3521
3553
3476
3417
3472
3475
3417
3474
3473
3468
3476
3477
3418
3473
3473
3417
3476
3475
3418
3532
3554
3522
3571
3521
3521
3578
3521
3521
3577
3524
3547
3547
3521
3552
3547
3523
3546
3552
3520
3525
3417
3417
3474
3418
3418
3474
3419
3419
3467
3418
3417
3476
3417
3417
3474
3444
3444
3443
3418
3448
3443
3418
3481
3442
3420
3443
3444
3467
3484
3442
3420
3579
3667
3423
3498
3417
3420
3503
3418
3418
3473
3418
3417
3469
3418
3484
3443
3417
3448
3442
3417
3475
3444
3419
3450
3443
3419
3480
3442
3417
3442
3444
3419
3488
3442
3417
3473
3416
3419
3683
3476
3419
3475
3419
3419
3504
3419
3419
3469
3418
3476
3551
3521
3556
3570
3521
3549
3546
3523
3553
3546
3524
3578
3522
3521
3571
3522
3553
3547
3521
3552
3546
3523
3531
3443
3419
3450
3444
3419
5186
4276
3571
3525
3524
3589
3723
3520
3799
3520
3655
3731
3634
3648
3638
3565
3550
3548
3521
3571
3544
3522
3576
3522
3544
3527
3418
3473
3474
3441
3476
3522
3418
3476
3496
3418
3474
3478
3418
3496
3473
3418
3475
3497
3417
3473
3476
3418
3497
3474
3418
3474
3473
3443
3472
3476
3419
3564
3501
3418
3537
3417
3416
3538
3417
3418
3529
3420
3419
3533
3419
3417
3532
3418
3478
3474
3417
3476
3474
3420
3475
3473
3419
3474
3474
3418
3476
3473
3418
3524
3474
3419
3472
3474
3417
3476
3474
3419
3477
3474
3420
3473
3472
3419
3533
3418
3418
3530
3417
3418
3554
3524
3524
3535
3521
3528
3528
3521
3528
3530
3522
3529
3528
3522
3528
3534
3420
3599
3524
3521
3580
3521
3551
3549
3645
3598
3590
3585
3601
3532
3489
3532
3482
3490
3619
3595
3608
3591
3599
3622
3510
3481
3504
3524
3507
3508
3503
3481
3520
3531
3482
3534
3469
3505
3555
3479
3482
3525
3757
3701
3691
3532
3721
3605
3521
3582
3522
3521
3591
3535
3523
3571
3522
3553
3547
3520
3546
3554
3521
3546
3548
3522
3577
3522
3522
3561
3419
3417
3468
3419
3419
3507
3419
3566
3449
3417
3493
3665
3606
3561
3546
3520
3550
3532
3521
3527
3523
3520
3533
3522
3520
3528
3520
3522
3442
3419
3448
3445
3418
3443
3448
3419
3441
3442
3419
3480
3443
3418
3444
3447
3418
3443
3445
3418
3473
3418
3418
4080
3611
3525
3524
3521
3551
3527
3522
3526
3526
3523
3523
3524
3546
3524
3419
3418
3474
3417
3419
3468
3422
3642
3832
3977
3647
3652
3830
3952
3685
3769
3551
3595
3638
3448
3419
3444
3443
3417
3655
4762
3684
3652
3648
3656
3561
3524
3636
3565
3571
3515
3418
3575
3476
3504
3482
3441
3479
3419
3577
3418
3445
3469
3419
3448
3445
3442
3451
3446
3470
3445
3446
3419
3485
3446
3417
3449
3445
3418
3596
3419
3419
3472
3413
3415
3478
3418
3417
3474
3419
3420
3477
3418
3446
3448
3418
3476
3445
3417
3449
3505
3418
3491
3446
3419
3447
3445
3416
3483
3447
3419
3447
3447
3418
3465
3445
3418
3477
3418
3417
3549
3521
3523
3536
3522
3563
3622
3549
3557
3551
3523
3555
3551
3523
3582
3523
3523
3532
3420
3417
3476
3419
3420
3480
3417
3419
3477
3418
3465
3448
3418
3450
3446
3419
3452
3446
3418
3447
3448
3419
3452
3447
3418
3450
3447
3419
3547
3528
3522
3537
3524
3522
3621
3526
3554
3529
3524
3558
3550
3520
3554
3551
3522
3555
3522
3419
3476
3417
3418
3517
3418
3416
3478
3420
3420
3537
3418
3418
3478
3420
3485
3448
3417
3448
3446
3419
3511
3527
3523
3529
3530
3523
3562
3527
3522
3536
3521
3523
3562
3523
3534
3447
3420
3457
3446
3419
3447
3449
3418
3450
3446
3417
3450
3447
3417
3517
3448
3419
3446
3448
3420
3496
3442
3417
3532
3638
3600
3488
3419
3418
3479
3418
3450
3451
3418
3447
3447
3419
3491
3447
3418
3446
3450
3417
3514
3447
3420
3449
3445
3417
3448
3450
3419
3475
3419
3418
3483
3419
3418
3475
3418
3419
3476
3419
3419
3477
3418
3483
3660
3523
3549
3551
3522
3600
3645
3633
3640
3633
3632
3637
3632
3639
3585
3521
3550
3547
3522
3515
3473
3420
3478
3473
3418
3479
3473
3419
3523
3420
3419
3530
3418
3418
3534
3418
3418
3528
3420
3419
4565
3666
3679
3643
3637
3689
3827
3551
3534
3523
3579
3621
3524
3525
3463
3419
3503
3443
3416
3449
3443
3474
3578
3418
3417
3531
3420
3419
3522
3418
3443
3467
3420
3440
3510
3442
3447
3443
3419
3443
3467
3419
3447
3441
3417
3509
3444
3417
3444
3467
3417
3512
3444
3419
3474
3442
3418
3504
3417
3501
3473
3421
3417
3474
3417
3417
3469
3419
3418
3587
3517
3549
3546
3522
3548
3549
3522
3552
3546
3522
3601
3521
3523
3542
3419
3465
3601
3520
3551
3545
3521
3549
3554
3521
3549
3546
3522
3551
3546
3521
3578
3520
3522
3504
3418
3417
3475
3418
3417
3473
3420
3443
3442
3417
3480
3444
3418
3445
3448
3418
3474
3443
3418
3449
3443
3419
3481
3450
3417
3442
3443
3418
3474
3420
3418
3472
3418
3417
3503
3420
3417
3473
3417
3468
3472
3418
3418
3469
3416
3469
3549
3522
3547
3551
3523
3547
3549
3522
3549
3545
3521
3579
3522
3520
3532
3420
3418
3555
3522
3546
3548
3522
3548
3547
3523
3553
3547
3522
3579
3521
3522
3538
3419
3418
3535
3418
3419
3537
3418
3444
3486
3418
3478
3473
3417
3511
3473
3419
3472
3474
3442
3485
3474
3418
3500
3710
3420
3474
3474
3417
3482
3473
3419
3550
3418
3418
3527
3417
3418
3538
3419
3419
3536
3419
3418
3548
3522
3529
3525
3522
3530
3525
3521
3523
3526
3522
3530
3526
3522
3498
3418
3418
3467
3418
3418
3475
3419
3419
3670
3531
3532
3530
3528
3540
3530
3529
3532
3547
3521
3528
3522
3521
3527
3419
3419
3473
3417
3418
3469
3417
3418
3565
3418
3450
3443
3417
3443
3444
3418
3448
3444
3417
3513
3445
3418
3445
3449
3417
5395
4039
3674
3644
3572
3720
3525
3524
3572
3584
3537
3579
3522
3525
3533
3419
3481
3444
3419
3504
3443
3420
3480
3448
3470
3444
3490
3418
3517
3432
3419
3474
3417
3442
3499
3418
3416
3474
3443
3417
4067
3417
3441
3466
3417
3451
3444
3420
3467
3448
3419
3474
3465
3418
3448
3444
3418
3564
3448
3419
3467
3419
3428
3480
3418
3418
3473
3417
3417
3498
3418
3418
3474
3418
3469
3448
3418
3442
3442
3419
3449
3442
3569
3842
3603
3557
3597
3546
3569
3599
3545
3547
3601
3545
3571
3572
3547
3537
3513
3522
3578
3570
3544
3621
3548
3545
3609
3546
3545
3579
3544
3546
3527
3521
3537
3443
3419
3447
3445
3418
3537
3528
3523
3530
3521
3521
3530
3521
3521
3527
3523
3681
3737
3750
3759
3576
3522
3528
3522
3523
3562
3522
3549
3524
3523
3517
3442
3420
3477
3449
3418
3457
3449
3418
3451
3448
3418
3458
3447
3418
3455
3449
3418
3451
3451
3418
3457
3449
3419
3489
3418
3417
3481
3418
3418
3489
3418
3418
3490
3417
3416
3481
3418
3418
3490
3417
3418
3490
3417
3418
3543
3417
3449
3451
3417
3467
3449
3417
3477
3456
3417
3473
3600
3505
3460
3449
3419
3451
3457
3418
3449
3451
3418
3457
3451
3418
3448
3456
3420
3452
3451
3419
3488
3419
3418
3484
3419
3417
3480
3418
3420
3519
3419
3420
3488
3417
3418
3480
3418
3417
3488
3418
3439
3466
3419
3449
3450
3417
3523
3675
3418
3481
3475
3417
3473
3473
3466
3480
3472
3418
3479
3474
3417
3473
3474
3418
3485
3450
3419
3456
3450
3418
3511
3417
3418
3486
3418
3419
3489
3418
3418
3481
3420
3417
3592
3418
3417
3491
3417
3418
4831
3806
3631
3534
3497
3586
3633
3515
3541
3418
3417
3697
3421
3449
3451
3418
3560
3459
3418
3449
3449
3480
3459
3504
3418
3511
3458
3419
3589
3450
3479
3458
3450
3419
3489
3481
3419
3480
3418
3418
3550
3418
3416
3488
3418
3479
3481
3417
3418
3546
3416
3420
3491
3418
3511
3449
3418
3456
3450
3510
3457
3448
3417
3451
3448
3419
3455
3449
3416
3455
3449
3417
3449
3450
3417
3572
3450
3417
3455
3448
3419
3531
3477
3418
3538
3418
3417
3536
3418
3420
3535
3417
3417
3498
3419
3419
3478
3418
3418
3490
3425
3425
3479
3418
3489
3451
3416
3450
3457
3417
3537
3451
3417
3458
3450
3417
3476
3456
3417
3451
3449
3417
3475
3448
3417
3449
3458
3419
3449
3449
3418
3454
3450
3419
3486
3450
3419
3482
3419
3441
3494
3419
3419
3489
3420
3418
3480
3418
3417
3488
3419
3418
3512
3419
3418
3482
3418
3454
3451
3419
3456
3448
3419
3448
3450
3417
3456
3449
3417
3469
3450
3416
3450
3451
3420
3455
3451
3417
3456
3449
3417
3452
3448
3418
3455
3447
3417
3458
3449
3418
3451
3456
3418
3480
3419
3420
3486
3442
3418
3504
3518
3479
3484
3416
3417
3491
3417
3418
3486
3419
3419
3483
3417
3455
3449
3418
3449
3456
3418
3449
3450
3418
3458
3448
3417
3449
3456
3419
3449
3450
3418
3457
3451
3418
3458
3450
3419
3448
3448
3418
3456
3450
3417
3454
3449
3419
3466
3449
3417
3457
3447
3417
3696
3475
3419
3478
3418
3418
3494
3417
3418
3430
3417
3422
3423
3416
3426
3423
3419
3431
3424
3419
3423
3425
3417
3431
3424
3418
3427
3424
3417
3423
3424
3419
3427
3421
3418
3567
3419
3503
3429
3420
3418
4340
3903
3464
3499
3419
3476
3425
3418
3550
3426
3418
3463
3441
3419
3428
3417
3416
3462
3419
3417
3455
3418
3444
3432
3419
3418
3431
3418
3427
3423
3418
3423
3423
3418
3460
3424
3417
3427
3423
3417
3425
3424
3418
3430
3424
3419
3428
3422
3417
3425
3422
3418
3483
3416
3419
3432
3474
3419
3469
3419
3418
3433
3418
3417
3465
3417
3419
3428
3419
3427
3424
3416
3426
3424
3418
3474
3424
3417
3484
3422
3419
3436
3421
3417
3423
3423
3416
3460
3423
3418
3427
3422
3420
3430
3417
3418
3431
3419
3419
3464
3417
3418
3429
3418
3417
3431
3420
3425
3425
3419
3500
3427
3418
3423
3424
3417
3483
3443
3418
3443
3452
3418
3473
3442
3418
3447
3442
3419
3475
3418
3417
3483
3419
3417
3594
3419
3442
3488
3418
3418
3481
3417
3418
3487
3418
3448
3456
3417
3451
3448
3419
3482
3450
3418
3449
3457
3418
3450
3448
3418
3456
3449
3419
3489
3478
3420
3474
3472
3419
3482
3475
3419
3478
3476
3416
3474
3474
3418
3532
3417
3419
3510
3418
3419
3482
3417
3417
3505
3419
3417
3486
3418
3417
3483
3474
3417
3488
3419
3418
3575
3538
3450
3450
3417
3480
3449
3417
3457
3450
3419
3450
3449
3417
3456
3449
3418
3455
3449
3418
3450
3457
3417
3450
3450
3419
3457
3449
3417
3451
3455
3418
3480
3416
3419
3486
3418
3418
3487
3418
3418
4673
3420
3457
3451
3417
3466
3457
3420
3450
3447
3417
3553
3604
3417
3446
3453
3418
3447
3445
3418
3477
3419
3415
3476
3419
3419
3477
3418
3418
3480
3418
3416
3475
3420
3423
3472
3417
3450
3447
3418
3559
3424
3418
3425
3421
