3840
3511
3455
3510
3727
3622
3617
3635
3656
3508
3507
3509
3646
3618
3616
3616
3627
3618
3614
3616
3607
3507
3530
3509
3508
3537
3559
3429
3404
3406
3405
3469
3427
3522
3510
3507
3560
3532
3508
3507
3482
3428
3405
3406
3404
3462
3427
3404
3405
3466
3404
3430
3405
3405
3467
3404
3600
3405
3461
3460
3405
3467
3461
3405
3460
3467
3405
3462
3462
3405
3461
3460
3403
3462
3468
3405
3481
3510
3507
3515
3513
3505
3538
3506
3506
3512
3510
3507
3638
3619
3618
3540
3507
3524
3431
3455
3437
3428
3405
3447
3437
3402
3430
3429
3404
3492
3534
3507
3560
3506
3507
3487
3405
3405
3458
3404
3406
3493
3405
3429
3431
3406
3470
3429
3406
3431
3435
3405
3445
3429
3404
3435
3428
3402
3465
3434
3403
3428
3429
3402
3470
3429
3407
3461
3406
3405
3540
3508
3508
3560
3509
3508
3564
3531
3534
3534
3506
3537
3533
3506
3516
3460
3405
3464
3462
3404
3531
3698
3407
3512
3405
3406
3514
3403
3405
3583
3555
3507
3561
3508
3542
3603
3405
3465
3459
3578
3543
3536
3508
3533
3524
3406
3456
3430
3405
3512
3405
3405
3488
3404
3428
3461
3404
3406
3495
3429
3403
3452
3406
3490
3476
3405
3436
3430
3428
3464
3531
3507
3536
3531
3508
3505
3430
3406
3453
3428
3404
3475
3404
3487
3462
3405
3405
3493
3405
3405
3460
3404
3405
3520
3405
3404
3453
3404
3469
3431
3405
3435
3430
3404
3640
3428
3405
3435
3428
3404
3453
3429
3404
3429
3429
3405
3602
3604
3511
3515
3507
3505
3545
3407
3407
3463
3404
3405
3496
3404
3430
3434
3405
3448
3429
3404
3438
3431
3404
4987
6698
3675
3625
3624
3872
3946
3851
3697
3735
3641
3407
3406
3519
3601
3531
3533
3508
3510
3532
3507
3538
3508
3509
3534
3512
3508
3507
3458
3405
3462
3406
3404
3513
3406
3404
3456
3407
3429
3593
3405
3430
3436
3539
3467
3429
3403
3436
3591
3406
3479
3535
3534
3533
3533
3508
3563
3532
3508
3560
3508
3508
3534
3404
3404
3460
3405
3486
3435
3404
3429
3442
3417
3465
3432
3403
3454
3435
3403
3538
3561
3533
3522
3504
3504
3589
3532
3506
3565
3508
3508
3592
3509
3536
3539
3560
3521
3432
3403
3435
3433
3404
3453
3434
3403
3433
3433
3405
3523
3523
3507
3566
3507
3507
3519
3405
3405
3462
3403
3462
3512
3507
3514
3514
3508
3522
3431
3403
3434
3433
3403
3472
3431
3403
3434
3432
3404
3484
3404
3404
3459
3405
3405
3478
3404
3406
3464
3406
3406
3592
3510
3537
3532
3508
4272
3707
4373
3674
3622
3658
3629
3622
3623
3543
3811
3659
5796
3989
6573
12863
3666
3627
3657
3621
3616
3626
3619
3620
3620
3615
3629
3619
3616
3647
3621
3655
3575
3509
3508
3540
3596
3517
3511
3508
3542
3557
3510
3518
3512
3518
3531
3405
3404
3456
3458
3455
3489
3403
3404
3515
3404
3407
3563
3507
3532
3534
3507
3530
3428
3431
3429
3431
3404
3467
3453
3404
3435
3429
3429
3466
3429
3404
3433
3453
3404
3578
3510
3508
3538
3510
3507
3487
3404
3518
3532
3404
3540
3431
3403
3438
3430
3404
3503
3533
3507
3556
3642
3575
3799
3727
3617
3674
3719
3662
3552
3617
3702
3643
3604
3618
3404
3566
3460
3404
3405
3472
3432
3404
3460
3406
3444
4348
4298
3672
3629
3635
3751
3510
3538
3589
3552
3457
3435
3405
3602
3433
3405
3518
3437
3456
3436
3432
3405
3503
3457
3402
3462
3406
3404
3626
3511
3580
3622
3680
3626
3583
3616
3646
3697
3648
3620
3616
3654
3690
3618
3737
3588
3693
3590
3641
3611
3619
3632
3613
3623
3611
3664
3628
3618
3608
3568
3607
3613
3646
3616
3612
3738
3513
3673
3561
3620
3587
3561
3537
3561
3539
3512
3513
3508
3564
3507
3508
3516
3508
3544
3554
3509
3532
3534
3530
3538
3532
3507
3533
3573
3519
3510
3406
3429
3461
3405
3403
3488
3429
3404
3454
3602
3507
3534
3405
3438
3430
3404
3494
3533
3507
3542
3533
3530
3540
3533
3508
3620
3509
3508
3502
3404
3430
3461
3404
3404
4339
3501
3435
3431
3403
3500
3533
3508
3533
3533
3532
3568
3507
3508
3566
3555
3508
3567
3576
3541
3740
3606
3591
3538
3564
3641
3536
3511
3599
3457
3512
3566
3406
3510
3784
3617
3441
3532
3461
3463
3430
3405
3430
3457
3406
3469
3430
3404
3459
3427
3405
3537
3509
3574
3568
3509
3508
3569
3571
3533
3532
3508
3593
3431
3404
3436
3434
3428
3464
3430
3406
3435
3454
3404
3527
3510
3504
3658
3609
3507
3578
3534
3583
3535
3507
3544
3541
3511
3511
3512
3507
3559
3533
3508
3558
3507
3530
3543
3610
3623
3689
3615
3591
3430
3405
3485
3430
3407
3510
3513
3573
3512
3507
3506
3605
3510
3655
3517
3508
3635
3518
3506
3515
3514
3509
3577
3508
3507
3520
3507
3556
3625
3616
3609
3559
3508
3541
3540
3556
3563
3507
3506
3564
3510
3505
3499
3404
3406
3500
3405
3434
3434
3405
4825
4661
3734
3685
3514
3562
3540
3507
3678
3439
3405
3576
3797
3621
3625
3617
3639
3561
3510
3536
3536
3507
3566
3514
3507
3514
3537
3507
3546
3507
3508
3521
3507
3508
3569
3506
3537
3588
3507
3527
3432
3429
3434
3435
3405
3496
3432
3403
3433
3432
3427
3545
3509
3507
3560
3532
3508
3559
3509
3533
3584
3506
3536
3534
3509
3517
3461
3404
3443
3462
3404
3460
3458
3402
3641
3465
3406
3508
3417
3567
3592
3620
3617
3624
3696
3625
3532
3508
3533
3532
3509
3540
3534
3532
3541
3405
3405
3473
3427
3404
3461
3405
3406
3545
3403
3404
3454
3429
3440
3443
3405
3435
3455
3405
3466
3431
3405
3463
3430
3404
3472
3430
3430
3431
3428
3405
3472
3511
3406
3433
3431
3406
3489
3405
3404
3460
3404
3403
3475
3403
3405
3455
3406
3405
3578
3510
3540
3533
3508
3533
3534
3507
3564
3533
3508
3536
3532
3510
3557
3507
3508
3530
3404
3404
3458
3405
3404
3609
3695
3543
3533
3510
3532
3430
3405
3429
3431
3404
3455
3428
3404
3434
3429
3406
3517
3536
3508
3565
3507
3507
3590
3509
3510
3511
3504
3535
3533
3509
3539
3534
3508
3504
3430
3405
3437
3430
3405
3521
3510
3509
3558
3509
3506
3488
3405
3404
3460
3406
3445
3440
3405
3434
3429
3405
3525
3429
3404
3468
3531
3405
3458
3429
3504
3500
3430
3404
3465
3485
3404
3454
3406
3404
3535
3406
3404
3462
3406
3458
3604
3508
3508
3559
3507
3543
3436
3403
3455
3429
3405
3515
3540
3531
3533
3536
3509
3726
3611
3565
3561
3508
3568
3490
3405
3433
3435
3427
3474
3431
3405
3432
3520
3405
3451
3431
3404
3433
3434
3405
4917
4173
3666
3519
3513
3569
3644
3510
3566
3510
3509
3674
3409
3405
3463
3455
3403
3502
3405
3405
3513
3401
3468
3431
3404
3484
3433
3404
3445
3431
3427
3436
3430
3404
3462
3459
3452
3429
3430
3405
3528
3531
3507
3559
3532
3509
3559
3508
3508
3590
3507
3537
3532
3508
3545
3460
3407
3465
3458
3485
3463
3458
3406
3460
3461
3404
3468
3456
3403
3466
3460
3404
3487
3433
3403
3537
3508
3507
3561
3510
3508
3560
3508
3540
3533
3508
3559
3726
3618
3620
3620
3616
3722
3453
3405
3464
3404
3454
3487
3403
3436
3429
3458
3452
3431
3404
3484
3430
3404
3451
3430
3428
3433
3428
3404
3465
3454
3405
3434
3430
3404
3515
3534
3507
3560
3507
3508
3492
3404
3405
3484
3405
3404
3489
3404
3459
3429
3405
3468
3432
3487
3429
3429
3404
3449
3429
3406
3435
3428
3405
3461
3480
3404
3434
3429
3405
3465
3431
3405
3458
3405
3405
3483
3404
3405
3579
3703
3404
3496
3403
3428
3429
3404
3451
3430
3406
3430
3436
3404
3465
3430
3404
3437
3430
3405
3468
3435
3406
3429
3429
3404
3469
3430
3403
3429
3434
3405
3491
3405
3404
3460
3403
3405
3536
3508
3508
3556
3508
3538
3556
3510
3532
3539
3508
3534
3534
3509
3507
3461
3404
3455
3467
3404
3460
3460
3405
4043
3404
3403
3521
3404
3404
3499
3404
3406
3521
3404
3403
3571
3509
3535
3532
3506
3577
3461
3405
3516
3460
3510
3515
3532
3602
3566
3510
3507
3587
3536
3508
3557
3508
3562
3532
3507
3538
3533
3531
3622
3595
3406
3437
3453
3404
3474
3406
3406
3479
3406
3405
3491
3429
3404
3461
3404
3404
3588
3507
3534
3533
3508
4907
4376
3731
3634
3744
3538
3432
3404
3439
3607
3510
3565
3431
3403
3625
3405
3404
3489
3455
3406
3454
3403
3404
3530
3405
3405
3459
3405
3512
3428
3407
3435
3431
3429
3519
3432
3405
3430
3452
3403
3473
3431
3404
3460
3430
3405
3469
3455
3403
3436
3430
3404
3509
3406
3404
3454
3406
3428
3494
3404
3404
3460
3484
3405
3472
3404
3425
3430
3406
3463
3429
3405
3430
3428
3402
3461
3430
3404
3435
3429
3406
3459
3434
3405
3430
3430
3403
3463
3429
3404
3432
3435
3455
3493
3405
3405
3458
3405
3405
3495
3407
3406
3454
3408
3405
3520
3540
3404
3460
3406
3530
3559
3404
3438
3429
3455
3473
3535
3509
3534
3556
3507
3535
3533
3509
3582
3508
3508
3485
3404
3428
3460
3405
3445
3473
3403
3429
3430
3405
3495
3428
3405
3429
3436
3428
3468
3431
3404
3434
3453
3452
3466
3436
3405
3454
3430
3407
3563
3509
3552
3560
3507
3509
3586
3668
3642
3533
3508
3535
3535
3507
3505
3459
3406
3469
3458
3403
3467
3460
3404
3462
3459
3406
3522
3404
3402
3517
3405
3407
3517
3405
3405
3527
3510
3508
3515
3507
3542
3460
3402
3465
3459
3404
3466
3463
3405
3461
3458
3454
3464
3460
3407
3466
3466
3405
3514
3404
3404
3522
3404
3405
3515
3404
3403
3516
3403
3404
3524
3405
3404
3523
3404
3403
3526
3405
3406
3514
3404
3404
3521
3401
3458
3465
3404
3462
3462
3506
3469
3459
3403
3492
3516
3512
3512
3511
3509
3577
3511
3509
3624
3507
3507
3559
3508
3613
3517
3404
3477
3490
3622
3428
3429
3405
3519
3430
3404
3430
3435
3457
3468
3430
3403
3434
3452
3402
4003
4471
3715
3596
3515
3558
3538
3651
3526
3510
3509
3581
3554
3510
3571
3511
3586
3509
3405
3432
3432
3458
3486
3514
3508
3514
3537
3509
3496
3431
3406
3487
3404
3404
3502
3404
3429
3508
3405
3404
3480
3430
3406
3459
3404
3469
3444
3404
3436
3433
3428
3464
3433
3404
3432
3456
3405
3493
3535
3508
3583
3535
3509
3567
3508
3509
3565
3507
3509
3568
3505
3535
3535
3507
3517
3436
3400
3431
3433
3406
3469
3434
3402
3435
3432
3403
3485
3433
3404
3431
3432
3404
3512
3406
3405
3515
3405
3404
3483
3402
3404
3464
3406
3404
3499
3403
3430
3433
3405
3456
3432
3404
3434
3433
3404
3467
3431
3406
3434
3433
3402
3454
3432
3405
3431
3434
3404
3530
3544
3405
3461
3405
3450
3683
3407
3405
3464
3455
3405
3502
3404
3404
3516
3405
3471
3434
3405
3487
3433
3404
3459
3514
3508
3567
3513
3508
3528
3432
3407
3448
3417
3429
3495
3404
3403
3462
3429
3404
3581
3673
3405
3487
3404
3498
3539
3509
3536
3537
3506
3519
3512
3405
3434
3433
3405
3471
3434
3404
3458
3406
3405
3481
3403
3404
3463
3404
3404
3497
3404
3404
3462
3405
3402
3499
3405
3431
3434
3405
3470
3432
3405
3483
3433
3406
3474
3435
3404
3435
3433
3404
3476
3536
3508
3535
3536
3506
3510
3404
3404
3463
3404
3406
3497
3406
3404
3461
3405
3404
3497
3404
3433
3434
3403
3451
3434
3405
3433
3433
3405
3531
3541
3405
3434
3433
3405
3480
3434
3405
3432
3432
3404
3497
3431
3401
3461
3403
3406
3498
3404
3455
3463
3404
3403
3673
3462
3408
3457
3404
3516
3434
3402
3435
3563
3406
3470
3433
3403
3600
3434
3406
3479
3432
3455
3433
3432
3405
5440
4363
3668
3547
3563
3631
3508
3508
3566
3585
3570
3437
3405
3430
3509
3508
3547
3532
3509
3564
3535
3507
3558
3530
3507
3563
3508
3507
3588
3510
3431
3431
3405
3495
3431
3407
3434
3429
3427
3463
3432
3403
3432
3452
3405
3472
3430
3427
3429
3430
3404
3471
3452
3405
3458
3407
3406
3574
3406
3404
3463
3406
3403
3479
3405
3405
3452
3407
3403
3491
3404
3435
3431
3403
3462
3430
3405
3433
3429
3404
3553
3774
3659
3598
3708
3588
3789
3590
3647
3585
3577
3600
3584
3557
3614
3604
3616
3687
3527
3511
3915
3583
3708
3532
3588
3616
3530
3509
3486
3764
3571
3649
3496
3518
3649
3612
3591
3662
3588
3597
3564
3532
3591
3670
3566
3897
3654
3608
3710
3409
3647
3593
3793
3598
3444
3562
3721
3972
3566
3608
3512
3877
3579
3614
3539
3534
3816
3547
3641
3519
3575
3664
3605
3638
3557
3839
3786
3566
3654
3594
3814
3659
3670
3651
3949
3668
3659
3596
3671
3746
3616
3597
3663
3801
3596
3595
3558
3537
3628
3514
3618
3507
3558
3733
3511
3526
3585
3600
3551
3537
3507
3533
3588
3511
3511
3510
3535
3563
3533
3508
3521
3576
3543
3511
3559
3515
3672
3409
3521
3440
3406
3565
3431
3405
3467
3480
3404
3461
3404
3403
3531
3405
3403
3460
3405
3616
3507
3408
3408
3456
3549
3536
3620
3617
3623
3859
3748
3674
3592
3740
3611
3478
3681
3565
3642
3598
3639
3560
3813
3539
3511
3502
3663
3577
3661
3511
3589
3660
3503
3517
3654
3404
3576
3557
3507
3572
3508
3666
3476
3405
3405
3552
3588
3445
3430
3404
3500
3728
3511
3535
3534
3644
5429
4178
3747
3772
3516
3587
3507
3536
3628
3406
3405
3505
3442
3677
3437
3405
3472
3575
3406
3435
3431
3405
3594
3437
3406
3435
3432
3454
3501
3433
3405
3460
3458
3405
3512
3404
5530
3560
3562
3556
3537
3587
3576
3508
3509
3609
3512
3531
3533
3506
3654
3512
3508
3644
5512
5004
3981
3628
3784
3578
3591
3625
3677
3835
3638
3632
3659
3632
3636
3666
3632
3907
3680
3627
3656
3640
3635
3681
3623
3622
3638
3618
3634
3624
3618
3626
3627
3619
3636
3619
3619
3635
3618
3631
3482
3455
3540
3432
3404
3488
3533
3547
3627
3592
3681
3643
3663
3591
3664
3685
3689
3607
3651
3764
3667
3615
3640
3572
3780
3647
3612
3614
3575
3661
3634
3725
3619
3784
3568
3617
3615
3611
3781
3663
3527
3649
3718
3634
3646
3571
3606
3673
3614
3640
3608
3577
3726
3625
3612
3636
3777
3601
3659
3634
3671
3631
3613
3617
3612
3644
3665
3560
3611
3672
3728
3682
3638
3563
3678
3601
3611
3647
3612
3680
3642
3615
3589
3683
3615
3640
3648
3601
3655
3646
3639
3646
3638
3752
3594
3613
3640
3670
3638
3654
3632
3637
3758
3580
3617
3580
3643
3619
3617
3601
3604
3642
3613
3619
3614
3641
3626
3580
3607
3611
3676
3628
3616
3618
3678
3685
3566
3647
3614
3622
3637
3598
3558
3651
3670
3697
3601
3577
3776
3613
3646
3637
3600
3661
3652
3619
3647
3604
3579
3771
3619
3652
3590
3757
3586
3536
3512
3490
3430
3404
3642
3568
3606
3514
3506
3508
3520
3404
3404
3462
3404
3495
3434
3404
3433
3434
3427
3486
3532
3507
3533
3557
3507
3543
3532
3532
3560
3505
3508
3954
3979
3667
3628
3621
3765
3673
3623
3627
3619
3712
3561
3507
3543
3584
3674
3769
3553
3614
3772
3634
3560
3650
3574
3668
3638
3612
3667
3622
3584
3668
3614
3615
3659
3754
3861
3904
3581
4055
3716
3719
3762
3841
3785
3727
3582
3799
3697
3655
3748
3656
3989
3816
3749
3720
3713
3675
3654
3637
3628
3629
3650
3630
3628
3818
3759
3762
3764
3665
3773
3809
3697
3740
3780
3654
3629
3624
3627
3823
3697
3730
3676
3667
3631
3646
3620
3626
3625
3639
3618
3619
3617
3628
3618
3618
3617
3571
3537
3508
3506
3508
3561
3508
3507
3508
3533
3536
3511
3507
3507
3538
3404
3432
3433
3406
3505
3404
3404
3464
3405
3428
3498
3405
3403
3464
3490
3406
3480
3405
3407
3460
3453
3458
3513
3507
3514
3514
3508
3566
3514
3507
3516
3513
3507
3570
3746
3539
3564
3507
3561
3514
3508
3516
3513
3508
3549
3539
3509
3535
3529
3505
3560
3508
3507
3559
3508
3508
3557
3508
3543
3460
3405
3472
3461
3405
3461
3460
3404
3479
3521
3507
3513
3516
3510
3545
3507
3508
3521
3531
3508
3545
3508
3518
3432
3405
3471
3432
3404
3434
3432
3404
3475
3434
3407
3434
3432
3405
4010
3432
3403
3460
3405
3406
3483
3404
3403
3462
3406
3405
3501
3402
3402
3464
3406
3406
3498
3401
3536
3433
3403
3544
3434
3406
3431
3432
3403
3501
3539
3507
3542
3532
3508
3557
3508
3509
3563
3531
3508
3564
3506
3546
3460
3405
3464
3603
3508
3521
3510
3508
3532
3510
3508
3518
3511
3508
3539
3508
3506
3493
3405
3404
3497
3405
3434
3430
3404
3469
3432
3406
3436
3428
3405
4769
4349
3719
3630
3623
3659
3543
3510
3540
3763
3435
3485
3404
3406
3642
3406
3403
3530
3405
3453
3511
3405
3405
3489
3458
3436
3431
3405
3483
3435
3403
3427
3430
3428
3472
3429
3405
3429
3458
3405
3491
3430
3405
3459
3428
3405
3466
3435
3430
3454
3404
3405
3497
3429
3406
3459
3406
3406
3517
3403
3403
3461
3488
3420
3478
3405
3430
3429
3403
3460
3430
3405
3428
3436
3407
3466
3430
3403
3484
3432
3405
3443
3436
3406
3431
3429
3404
3470
3428
3403
3460
3404
3406
3551
3405
3405
3461
3407
3404
3492
3406
3404
3455
3403
3404
3496
3403
3434
3430
3405
3463
3428
3404
3436
3429
3404
3471
3430
3403
3428
3431
3405
3472
3431
3405
3435
3430
3405
3465
3431
3403
3435
3429
3405
3493
3405
3403
3505
3402
3403
3497
3405
3406
3461
3402
3406
3483
3406
3405
3544
3762
3472
3429
3404
3429
3428
3404
3481
3533
3508
3535
3532
3506
3557
3507
3510
3564
3509
3507
3564
3507
3546
3460
3406
3465
3458
3405
3466
3460
3403
3463
3461
3405
3466
3459
3403
3468
3461
3406
3461
3459
3404
3471
3460
3451
3468
3460
3404
3459
3459
3404
3460
3461
3403
3524
3404
3404
3520
3404
3403
3522
3405
3404
3518
3405
3404
3519
3404
3405
3516
3404
3404
3524
3406
3404
3522
3404
3464
3460
3403
3464
3460
3405
3643
3467
3406
3459
3460
3405
3487
3460
3404
3465
3461
3404
3483
3461
3404
3467
3461
3404
3522
3509
3405
3456
3459
3406
3510
3417
3404
3521
3405
3405
3597
3531
3508
3520
3508
3534
3511
3509
3512
3511
3508
3533
3510
3506
3511
3429
3404
3466
3429
3404
3460
3403
3406
3464
3404
3405
3453
3404
3405
3496
3405
3405
3458
3404
3405
4106
4153
3656
3639
3629
3606
3465
3404
3462
3404
3580
3648
3508
3538
3537
3532
3545
3513
3507
3513
3538
3508
3578
3509
3532
3562
3507
3508
3549
3509
3513
3514
3507
3540
3513
3508
3516
3515
3506
3576
3513
3508
3487
3428
3403
3481
3406
3405
3574
3405
3405
3497
3405
3429
3460
3405
3516
3433
3489
3435
3432
3401
3474
3434
3406
3436
3433
3404
3453
3485
3406
3433
3433
3406
3469
3433
3405
3434
3433
3404
3497
3405
3404
3461
3405
3405
3497
3405
3405
3462
3406
3404
3518
3406
3405
3463
3405
3471
3435
3405
3435
3434
3404
3472
3434
3405
3433
3432
3404
3472
3434
3409
3436
3435
3404
3470
3430
3404
3435
3433
3402
3499
3405
3405
3460
3513
3536
3556
3508
3533
3537
3509
3536
3511
3506
3514
3510
3507
3565
3511
3510
3585
3702
3540
3535
3508
3534
3541
3508
3521
3429
3404
3436
3430
3403
3457
3435
3403
3427
3429
3403
3606
3531
3508
3523
3507
3508
3537
3511
3519
3511
3509
3535
3516
3508
3480
3430
3403
3451
3429
3403
3429
3435
3405
3518
3406
3406
3459
3405
3404
3496
3406
3405
3455
3404
3405
3496
3404
3407
3459
3405
3404
3489
3403
3437
3429
3403
3465
3431
3405
3428
3429
3402
3474
3531
3507
3535
3531
3509
3535
3531
3508
3561
3584
3506
3565
3404
3403
3455
3404
3476
3444
3406
3435
3429
3406
3465
3430
3404
3435
3428
3404
3522
3428
3402
3431
3430
3404
3471
3429
3406
3434
3430
3403
3620
3458
3457
3460
3405
3405
3472
3405
3404
3455
3405
3404
3480
3408
3404
3460
3405
3475
3434
3407
3435
3433
3404
3483
3533
3508
3530
3532
3508
3557
3533
3509
3567
3510
3508
3963
3730
3615
3515
3553
3555
3515
3508
3514
3579
3622
3638
3617
3617
3634
3619
3640
3625
3616
3626
3624
3618
3634
3618
3618
3608
3508
3567
3538
3507
3538
3535
3532
3521
3433
3404
3436
3457
3406
3503
3511
3508
3517
3508
3508
3502
3405
3428
3462
3404
3404
3505
3404
3434
3433
3406
3500
3514
3508
3512
3513
3533
3544
3535
3507
3537
3535
3532
3583
3512
3508
3559
3508
3534
3536
3508
3529
3535
3508
3534
3531
3506
3506
3459
3406
3466
3459
3405
3461
3461
3405
3522
3460
3404
3517
3403
3404
3519
3406
3405
3520
3405
3405
3517
3403
3404
3514
3405
3405
4328
3528
3462
3463
3404
3483
3544
3508
3541
3536
3508
3545
3510
3510
3519
3533
3509
3551
3506
3518
3431
3405
3468
3431
3404
3432
3432
3403
3489
3724
3542
3539
3535
3507
3548
3507
3508
3520
3510
3508
3506
3403
3431
3433
3404
3447
3434
3401
3432
3435
3405
3519
3434
3405
3435
3435
3404
3471
3431
3403
3435
3432
3406
3473
3432
3405
3433
3431
3404
3501
3406
3404
3463
3451
3404
3496
3404
3404
3464
3402
3405
3498
3405
3408
3445
3405
3526
3433
3405
3436
3432
3404
3456
3433
3405
3433
3432
3403
3464
3433
3404
3433
3432
3405
3471
3432
3406
3434
3433
3403
3497
3406
3506
3464
3404
3405
3557
3406
3405
3460
3404
3405
3608
3510
3543
3533
3507
3529
3434
3402
3432
3482
3404
3473
3432
3405
3433
3431
3405
3472
3433
3405
3462
3404
3405
3628
3531
3507
3519
3506
3539
3514
3506
3512
3513
3508
3539
3513
3508
3518
3428
3405
3495
3405
3403
3463
3405
3403
3502
3402
3405
3461
3404
3405
3499
3404
3407
3465
3407
3458
3449
3405
3437
3436
3407
3612
4455
4030
3596
3629
3613
3540
3657
3448
3635
3602
3686
3735
3562
3659
3611
4154
3696
3649
3661
3807
3595
3676
3640
3608
3849
3579
3587
3661
3670
3631
3590
3535
3593
3746
3609
3582
3509
3612
3918
3636
3634
3661
3842
3594
3705
3562
3619
3617
3619
3653
3632
3709
3623
3512
3588
3538
3607
3597
3560
3582
3620
3602
3556
3559
3556
3656
3559
3483
3485
3671
3483
3645
3561
3406
3665
3681
3613
3604
3600
3677
3628
3612
3641
3563
3629
3660
3632
3652
3771
3650
3647
3640
3641
3797
3642
3631
3623
3721
3560
3556
3509
3508
3570
3618
3626
3624
3618
3629
3622
3618
3637
3619
3617
3592
3509
3539
3539
3508
3508
3432
3405
3520
3432
3562
3626
3577
3649
3692
3748
3611
3730
3561
3654
3620
3612
3651
3628
3608
3650
3766
3641
3637
3568
3604
3823
3611
3545
3539
3587
3706
3564
3609
3466
3639
3640
3587
3559
3589
3640
3563
3589
3531
3591
3612
3560
3508
3612
3538
3507
3538
3404
3405
3565
3405
3461
3608
3712
3617
3592
3628
3627
3720
3609
3614
3581
3580
3803
3581
3572
3599
3722
3746
3634
3600
3648
3646
3621
3633
3619
3634
3565
3606
3567
3590
3604
3649
3582
3509
3476
3584
3407
3610
3406
3404
3609
3509
3545
3538
3532
3537
3535
3508
3589
3559
3532
3566
3508
3506
3733
3559
3511
3568
3727
3518
3514
3507
3513
3514
3510
3644
3545
3404
3486
3404
3404
3482
3405
3429
3463
3404
3405
3561
3405
3405
3462
3403
3497
3435
3406
3504
3570
3582
3526
3535
3507
3432
3498
3404
3581
3433
3405
3617
3404
3405
3484
3458
3403
3460
3407
3405
4159
4055
3618
3560
3518
3664
3513
3509
3569
3637
3546
3573
3507
3537
3608
3404
3467
3433
3403
3483
3433
3404
3471
3435
3461
3434
3432
3403
3534
3436
3404
3459
3405
3428
3501
3405
3404
3462
3429
3405
3637
3408
3404
3488
3405
3915
3984
3633
3755
3749
3818
3843
3521
3459
3436
3404
3674
3455
3453
3717
3429
3595
4159
3892
3747
3485
3457
3448
3454
3406
3638
3769
3695
3679
3692
3521
3709
3720
3836
3530
3690
3562
3509
3692
3704
3628
3762
3582
3633
3611
3509
3509
3561
3540
3508
3608
3679
3543
3561
3533
3596
3535
3557
3612
3535
3557
3571
3586
3557
3560
3532
3563
3532
3533
3557
3533
3532
3584
3533
3508
3493
3485
3488
3555
3541
3531
3621
3712
3565
3583
3563
3513
3515
3533
3543
3583
3555
3565
3513
3572
3692
3615
3560
3669
3628
3655
3643
3562
3588
3702
3576
3669
3561
3682
3550
3534
3595
3671
3708
3621
3610
3678
3644
3678
3558
3609
3509
3604
3587
3580
3513
3560
3555
3534
3513
3557
3549
3569
3508
3544
3510
3512
3580
3509
3534
3559
3560
3543
3582
3560
3616
3624
3617
3629
3565
3659
3565
3506
3405
3454
3593
3477
3430
3404
3436
3479
3510
3540
3431
3405
3491
3428
3404
3490
3484
3405
3429
3434
3405
3490
3430
3403
3459
3404
3428
3486
3452
3404
3455
3501
3597
3682
3600
3522
3778
3507
3801
3652
3876
3592
3572
3627
3702
3627
3534
3533
3487
3755
3531
3547
3594
3538
3631
3615
3679
3523
3634
3730
3648
3575
3509
3559
3591
3508
3567
3509
3591
3566
3505
3409
3473
3482
3405
3562
3405
3458
3511
3502
3429
3431
3458
4782
4182
3660
3652
3654
3648
3438
3409
3674
3541
3508
3536
3540
3557
3560
3508
3508
3485
3454
3402
3461
3404
3461
3471
3404
3436
3431
3459
3466
3436
3405
3428
3452
3404
3459
3431
3404
3457
3429
3403
3464
3465
3671
3643
3572
3632
3688
3509
3534
3533
3505
3645
3533
3506
3539
3624
3728
3667
3561
3563
3654
3605
3589
3585
3559
3619
3584
3560
3588
3534
3666
3463
3563
3405
3558
3620
3634
3633
3616
3695
3539
3508
3568
3536
3536
3550
3564
3508
3551
3506
3508
3569
3561
3600
3559
3508
3616
3535
3559
3534
3535
3561
3602
3619
3616
3586
3532
3564
3560
3507
3538
3609
3585
3567
3533
3507
3550
3587
3511
3557
3532
3536
3564
3507
3506
3590
3677
3487
3429
3403
3469
3483
3507
3526
3583
3651
3524
3597
3508
3580
3598
3509
3500
3507
3406
3515
3404
3416
3576
3508
3560
3598
3508
3522
3511
3506
3438
3428
3405
3524
3430
3403
3460
3404
3454
3491
3406
3406
3454
3430
3451
3492
3405
3404
3459
3404
3403
3473
3428
3436
3429
3405
3473
3453
3406
3429
3435
3405
3489
3429
3406
3435
3427
3429
3467
3436
3405
3426
3513
3405
3471
3429
3406
3458
3406
3403
3470
3403
3404
3561
3405
3404
3565
3405
3403
3456
3405
3404
3512
3404
3428
3434
3404
3466
3428
3403
3436
3578
3508
3723
3540
3612
3668
3614
3613
3479
3666
3533
3648
3553
3584
3595
3560
3521
3563
3534
3685
3604
3563
3575
3592
3601
3587
3507
3533
3549
3508
3535
3532
3509
3561
3533
3508
3586
3530
3507
3523
3405
3403
3542
3405
3405
3517
3405
3427
3518
3404
3450
3472
3429
3460
3462
3403
3461
3483
3453
4734
4015
4173
3627
3572
3589
3566
3520
3516
3514
3509
3658
3508
3506
3562
3508
3472
3510
3406
3404
3463
3459
3648
3514
3509
3742
3436
3405
3629
3489
3575
3433
3430
3405
3505
3454
3405
3463
3403
3404
3527
3405
3404
3459
3403
3458
3560
3509
3514
3539
3507
3547
3537
3560
3601
3564
3606
3621
3610
3632
3673
3611
3587
3746
3611
3642
3643
3614
3655
3614
3615
3669
3776
3620
3567
3612
3641
3798
3615
3613
3604
3623
3683
3612
3610
3616
3644
3650
3612
3612
3587
3666
3612
3666
3603
3797
3596
3617
3639
3638
3687
3634
3573
3611
3711
3613
3613
3614
3611
3679
3638
3633
3632
3599
3623
3655
3651
3631
3819
3569
3610
3648
3614
3770
3734
3601
3672
3636
3607
3711
3521
3641
3670
3668
3580
3641
3694
3647
3540
3720
3605
3571
3612
3565
3614
3775
3683
3628
3644
3540
3731
3708
3616
3614
3647
3656
3680
3680
3659
3714
3625
3533
3722
3616
3688
3723
3510
3574
3746
3670
3634
3667
3509
3727
3612
3510
3674
3406
3759
3536
3511
3537
3613
3588
3608
3436
3407
3616
3432
3407
3564
3509
3557
3521
3507
3506
3590
3578
3537
3539
3508
3643
3536
3583
3537
3534
3513
3575
3405
3403
3461
3511
3405
3529
3404
3406
3594
3405
3403
3578
3528
3487
3611
3509
3473
3638
3405
3435
3485
3430
3656
3447
3482
3537
3404
3566
3593
3480
3480
3543
3405
3647
3685
3559
3603
3620
3619
3625
3620
3624
3635
3617
3617
3584
3507
3596
3620
3615
3613
3540
3508
3536
3534
3560
3582
3508
3508
3663
3510
3534
3526
3405
3486
3433
3768
3664
3510
3538
3482
3432
3404
5347
4053
3589
3513
3549
3682
3510
3508
3569
3661
3407
3541
3406
3428
3849
3513
3549
3535
3510
3556
3431
3406
3462
3484
3473
3462
3406
3406
3645
5882
3860
3654
3817
3673
3710
3654
3660
4037
3668
3645
3659
3886
3637
3661
3636
3796
3760
3728
3691
3703
3763
3649
3875
3642
3678
3658
3625
3657
3621
3624
3650
3628
3638
3628
3620
3650
3669
3648
3679
3630
3633
3652
3638
3675
3643
3624
3640
3637
3625
3656
3621
3643
3676
3627
3655
3637
3635
3651
3645
3636
3676
3646
3627
3661
3524
3561
3582
3634
3657
3639
3633
3657
3638
3633
3649
3625
3659
3662
3676
3692
4027
3634
3661
3628
3630
3682
3649
3667
3644
3634
3643
3643
3629
3654
3660
3635
3668
3630
3762
3686
3663
3658
3645
3871
3711
3670
3664
3708
3632
3653
3640
3629
3663
3626
3628
3646
3628
3634
3634
3628
3639
3636
3631
3643
3628
3626
3661
3630
3638
3630
3627
3755
3635
3625
3637
3642
3629
3654
3625
3638
3638
3624
3643
3632
3631
3647
3634
3625
3733
3866
3676
3644
3663
3889
3642
3625
3643
3636
3672
3637
3629
3639
3639
3628
3649
3697
3670
3851
3626
3624
3652
3685
3640
3644
3622
3716
3723
3688
3632
3622
3811
3648
3621
3629
3631
3626
3654
3632
3628
3647
3618
3620
3641
3621
3637
3626
3620
3657
3633
3641
3664
3640
3629
3660
3621
3643
3638
3626
3660
3633
3629
3651
3627
3630
3647
3626
3638
3599
3519
3563
3544
3525
3664
3634
3626
3608
3561
3522
3589
3516
3559
3621
3628
3637
3629
3636
3795
3884
3717
3669
3635
3650
3628
3619
3656
3699
3508
3601
3508
3568
3633
3616
3639
3629
3788
3623
3618
3618
3642
3619
3617
3624
3617
3623
3619
3617
3617
3619
3617
3624
3619
3616
3702
3407
3405
3533
3407
3454
3526
3405
3462
3460
3458
3461
3460
3403
3522
3568
3530
3538
3537
3575
3555
3536
3507
3562
3611
3507
3770
3507
3631
3460
3405
3488
3564
3555
3537
3534
3507
3496
3755
3404
3464
3459
3406
3648
3405
3500
3514
3488
3402
3518
3404
3405
3604
3404
3405
3535
3643
3604
3620
3617
3629
3626
3713
3626
3604
3604
3704
3647
3592
3585
3632
3603
3594
3607
3599
3604
3699
3627
3628
3629
3839
3621
3623
3621
3618
3702
3657
3511
3564
3610
3509
3512
3404
3402
3631
3508
3535
3542
3508
3628
3534
3510
3539
3557
3507
3563
3506
3508
3586
3405
3406
3516
3405
3460
3519
3405
3403
3514
3429
3406
3521
3405
3458
3489
3404
3459
3461
3427
3466
3509
3405
3465
3484
3405
3461
3461
3405
3490
3459
3502
3602
3510
3609
3563
3511
3560
3568
3559
3508
3552
3625
3562
3512
3505
3494
3531
3484
3472
3430
3406
3430
3478
3405
3464
3429
3405
3480
3507
3404
3564
3428
3405
3459
3404
3405
3542
3404
3405
3455
3406
3476
3431
3403
3434
3431
3428
3519
3479
3404
3436
3455
3406
3470
3428
3404
3512
3429
3403
3583
3625
3507
3568
3506
3508
3620
3507
3538
3531
3508
3621
3629
3508
3533
3533
3508
3539
3532
3508
3563
3506
3507
3560
3509
3506
3561
3509
3541
3429
3430
3599
3538
3507
3629
3533
3508
3538
3532
3571
3585
3507
3507
3566
3567
3544
3537
3405
3429
3488
3405
4834
4557
3786
3516
3461
3444
3487
3459
3437
3432
3404
3649
3435
3405
3432
3435
3463
3550
3508
3509
3567
3531
3507
3568
3506
3557
3536
3507
3565
3514
3507
3484
3434
3406
3434
3457
3404
3435
3432
3404
3540
3405
3405
3462
3404
3428
3464
3405
3404
3463
3429
3454
3492
3404
3429
3463
3404
3464
3434
3488
3433
3434
3404
3435
3431
3405
3430
3435
3404
3490
3513
3509
3517
3513
3506
3570
3507
3507
3566
3508
3507
3567
3508
3534
3539
3509
3537
3538
3506
3537
3534
3508
3537
3537
3508
3564
3505
3507
3566
3509
3509
3565
3510
3539
3535
3508
3537
3536
3508
3637
3434
3404
3504
3535
3507
3556
3508
3508
3521
3507
3509
3656
3601
3517
3514
3509
3491
3434
3403
3433
3431
3406
3503
3433
3406
3434
3432
3404
3461
3404
3404
3462
3406
3405
3463
3404
3403
3461
3403
3406
3498
3404
3405
3462
3403
3468
3432
3405
3434
3432
3404
3435
3433
3403
3434
3432
3429
3492
3433
3404
3434
3432
3405
3505
3625
3582
3678
3508
3611
3667
3522
3588
3551
3508
3739
3539
3508
3541
3509
3611
4059
3507
3613
3650
3615
3541
3538
3624
3597
3538
3613
3584
3685
3510
3627
3510
3556
3565
3506
3433
3638
3480
3494
3434
3403
3434
3482
3405
3469
3435
3407
3468
3432
3450
3434
3430
3429
3433
3433
3403
3590
3719
3600
3612
3473
3459
3433
3406
3434
3431
3428
3471
3433
3406
3433
3457
3575
3692
3635
3511
3674
3612
3509
3628
3666
3516
3566
3561
3567
3640
3591
3435
3431
3405
3533
3430
3404
3431
3432
3454
3464
3405
3406
3477
3416
3405
3462
3405
3430
3462
3451
3405
3498
3430
3430
3431
3405
4767
4206
3655
3650
3644
3681
3525
3510
3516
3512
3603
3526
3434
3404
3432
3547
3508
3574
3507
3530
3524
3507
3508
3523
3534
3514
3512
3505
3519
3536
3582
3636
3586
3671
3644
3560
3638
3637
3586
3645
3602
3550
3598
3555
3561
3562
3509
3540
3620
3451
3404
3515
3482
3406
3518
3405
3445
3525
3405
3460
3461
3403
3487
3461
3404
3461
3487
3406
3457
3458
3404
3488
3461
3405
3486
3459
3429
3461
3460
3403
3463
3484
3405
3463
3460
3404
3482
3459
3404
3470
3458
3486
3517
3403
3405
3515
3403
3404
3519
3405
3404
3518
3403
3404
3513
3403
3405
3568
3405
3404
3518
3403
3403
3513
3404
3465
3459
3405
3489
3645
3590
3507
3544
3508
3535
3534
3509
3535
3533
3507
3558
3505
3508
3619
3569
3545
3458
3403
3458
3462
3403
3459
3461
3403
3457
3460
3403
3459
3462
3406
3458
3459
3405
3462
3459
3407
3459
3464
3405
3460
3458
3406
3463
3459
3404
3575
3463
3406
3518
3405
3404
3518
3404
3403
3537
3511
3507
3521
3507
3518
3515
3506
3514
3512
3508
3515
3512
3506
3478
3432
3406
3436
3432
3520
3565
3507
3582
3668
3556
3586
3573
3543
3671
3540
3534
3562
3561
3509
3574
3430
3458
3536
3405
3404
3519
3456
3479
3462
3405
3404
3532
3405
3483
3432
3406
3462
3431
3407
3434
3433
3405
3435
3433
3404
3434
3431
3404
3434
3433
3405
3436
3433
3404
3437
3434
3406
3433
3430
3405
3643
3530
3506
3567
3508
3508
3763
3694
3600
3565
3509
3563
3685
3510
3678
3407
3406
3526
3405
3404
3462
3405
3404
3462
3403
3406
3463
3404
3403
3464
3444
3445
3432
3406
3453
3433
3405
3436
3433
3405
3592
4434
3975
3605
3517
3431
3517
3487
3584
3534
3509
3543
3580
3506
3541
3532
3535
4071
3510
3510
3577
3532
3519
3591
3508
3510
3535
3508
3514
3510
3507
3537
3510
3508
3556
3531
3509
3563
3509
3505
3586
3507
3534
3533
3507
3561
3533
3512
3435
3430
3429
3429
3434
3405
3429
3453
3405
3488
3406
3486
3460
3404
3404
3452
3406
3405
3459
3704
3404
3494
3406
3428
3429
3477
3586
3650
3569
3535
3551
3667
3536
3507
3507
3602
3508
3508
3514
3508
3576
3430
3404
3435
3427
3465
3430
3435
3403
3431
3493
3404
3435
3431
3465
3461
3540
3405
3432
3491
3406
3492
3572
3584
3571
3507
3506
3627
3507
3566
3643
3548
3573
3626
3617
3620
3616
3614
3623
3616
3618
3620
3619
3617
3619
3615
3581
3532
3507
3567
3507
3507
3557
3507
3508
3483
3404
3429
3434
3405
3456
3430
3404
3435
3430
3405
3687
3437
3405
3432
3427
3404
3449
3476
3404
3435
3431
3405
3467
3431
3405
3460
3406
3406
3459
3403
3405
3454
3404
3404
3459
3404
3405
3463
3404
3406
3455
3405
3406
3460
3404
3433
3430
3405
3430
3430
3404
3434
3428
3403
3704
3433
3506
3494
3429
3406
3527
3430
3405
3501
3601
3406
3455
3403
3404
3489
3487
3405
3459
3405
3406
3537
3405
3422
3442
3404
3464
3431
3558
3440
3706
3570
3688
3535
3463
3565
3508
3507
3509
3406
3405
3563
3404
3456
3563
3406
3533
3531
3629
3602
3665
3563
3598
3544
3512
3639
3528
3663
3471
3407
3504
3695
3593
3434
3430
3404
3461
3481
3405
3436
3430
3404
3515
3430
3404
3435
3486
3404
3471
3475
3404
3453
3430
3406
3461
3406
3428
3459
3405
3405
4140
4475
3686
3524
3522
3704
3633
3511
3513
3508
3666
3505
3407
3436
3432
3540
3430
3431
3406
3449
3470
3404
3492
3535
3596
3534
3541
3509
3542
3597
3510
3515
3505
3505
3600
3507
3508
3430
3464
3435
3429
3405
3431
3497
3404
3534
3432
3405
3499
3427
3403
3459
3435
3464
3457
3404
3405
3500
3468
3405
3460
3404
3405
3593
3509
3509
3564
3508
3534
3537
3509
3533
3534
3508
3536
3513
3509
3489
3404
3405
3455
3405
3405
3459
3403
3405
3461
3405
3406
3455
3406
3404
4346
3528
3429
3433
3405
3428
3430
3403
3432
3431
3403
3478
3433
3403
3431
3429
3405
3490
3405
3406
3458
3404
3404
3580
3683
3508
3566
3506
3549
3440
3405
3432
3431
3404
3435
3430
3404
3429
3435
3405
3429
3430
3404
3438
3430
3404
3511
3513
3507
3510
3507
3507
3517
3509
3506
3514
3507
3532
3509
3508
3500
3432
3404
3435
3430
3403
3428
3430
3403
3572
3429
3404
3433
3428
3405
3430
3430
3406
3460
3406
3405
3460
3403
3405
3454
3405
3406
3584
3406
3403
3460
3404
3405
3453
3405
3434
3429
3404
3433
3429
3404
3433
3429
3403
3434
3430
3403
3650
3430
3402
3522
3511
3506
3519
3507
3507
3590
3508
3509
3558
3507
3538
3534
3507
3536
3534
3509
3504
3430
3406
3437
3430
3404
3467
3430
3405
3431
3429
3403
3448
3419
3406
3458
3406
3404
3454
3405
3405
3459
3405
3405
3499
3404
3404
3455
3405
3403
3710
3508
3514
3512
3508
3559
3511
3509
3512
3511
3507
3538
3508
3506
3501
3405
3403
3461
3405
3404
3458
3404
3404
3456
3404
3432
3430
3485
3438
3430
3403
3428
3428
3404
3466
3431
3405
3434
3429
3403
5095
3898
3616
3549
3587
3556
3516
3509
3517
3630
3406
3468
3404
3428
3678
3505
3405
3625
3480
3436
3532
3406
3476
3586
3406
3432
3434
3404
3483
3432
3403
3436
3431
3427
3484
3433
3404
3458
3431
3501
3523
3507
3529
3523
3554
3517
3513
3506
3516
3513
3555
3539
3560
3510
3537
3535
3508
3549
3507
3506
3523
3507
3509
3519
3581
3517
3536
3512
3516
3515
3506
3515
3512
3478
3556
3480
3404
3463
3406
3404
3512
3403
3406
3462
3404
3429
3516
3405
3405
3461
3428
3434
3434
3405
3433
3459
3403
3433
3432
3404
3458
3432
3454
3432
3436
3428
3432
3432
3405
3507
3433
3403
3434
3434
3487
3582
3642
3405
3467
3404
3404
3505
3405
3407
3458
3404
3459
3536
3508
3537
3537
3508
3537
3536
3508
3539
3536
3508
3547
3508
3507
3468
3406
3404
3492
3406
3403
3461
3405
3435
3468
3405
3435
3433
3406
3435
3434
3405
3434
3433
3451
3469
3434
3405
3434
3432
3405
3433
3431
3404
3434
3433
3405
3462
3434
3403
3459
3407
3404
3465
3404
3405
3464
3403
3406
3462
3404
3475
3463
3642
3613
3594
3560
3515
3618
3534
3591
3569
3557
3577
3559
3587
3625
3559
3435
3614
3508
3491
3535
3509
3511
3518
3506
3437
3499
3519
3437
3583
3405
3583
3559
3405
3463
3505
3458
3465
3403
3433
3536
3459
3437
3433
3405
3434
3460
3405
3533
3513
3507
3539
3516
3507
3521
3507
3507
3555
3429
3404
3705
3472
3404
3462
3405
3479
3433
3404
3434
3431
3427
3491
3433
3406
3431
3457
3406
3466
3433
3406
3460
3433
3405
3435
3431
3430
3433
3479
3406
3519
3406
3405
3462
3404
3428
3512
3405
3405
3463
3487
3405
4222
4180
3631
3548
3514
3558
3510
3733
3466
3406
3406
3466
3542
3437
3433
3404
3497
3484
3405
3435
3432
3406
3490
3433
3404
3433
3485
3405
3436
3431
3403
3457
3431
3405
3482
3435
3429
3459
3402
3523
3525
3631
3567
3628
3606
3517
3619
3508
3516
3563
3555
3518
3514
3509
3486
3464
3407
3600
3507
3507
3565
3507
3513
3513
3517
3527
3514
3509
3540
3519
3509
3517
3425
3407
3573
3508
3508
3567
3508
3533
3566
3509
3538
3559
3508
3539
3537
3509
3560
3537
3507
3566
3507
3534
3566
3507
3509
3564
3485
3434
3482
3405
3455
3434
3406
3432
3433
3405
3475
3433
3402
3507
3685
3408
3470
3433
3404
3435
3431
3404
3465
3405
3404
4005
3513
3511
3736
3420
3431
3437
3406
3592
3431
3405
3436
3431
3455
3432
3436
3405
3429
3485
3403
3724
3511
3507
3611
3405
3404
3497
3451
3520
3463
3405
3463
3486
3405
3496
3434
3402
3529
3434
3403
3436
3434
3458
3435
3433
3405
3435
3458
3407
3434
3433
3404
3458
3431
3405
3463
3428
3404
3462
3404
3404
4046
3406
3405
3461
3404
3475
3433
3405
3433
3432
3430
3546
3535
3405
3509
3727
3598
3675
3606
3697
3593
3559
3581
3627
3919
3645
3607
3627
3733
3620
3622
3566
3558
3653
3533
3556
3570
3562
3581
3574
3582
3557
3639
3534
3592
3629
3622
3829
3618
3581
3648
3766
3803
3686
3628
3566
3829
3651
3633
3596
3750
3797
3652
3496
3551
3953
3494
3518
3492
3406
3768
3408
3542
3461
3639
3462
3548
3491
3544
3588
3493
3547
3545
3488
3659
3465
3599
3602
3492
3445
3590
3468
3492
3724
3405
3552
3461
3405
3850
3461
3405
3478
3539
3530
3534
3533
3508
3864
4026
3687
3551
3522
3735
3540
3510
3544
3535
3716
3629
3620
3618
3684
3507
3508
3567
3508
3558
3540
3508
3566
3600
3510
3513
3509
3508
3602
3594
3601
3529
3608
3780
3591
3695
3527
3750
3781
3666
3492
3513
3774
3497
3490
3577
3490
3751
3517
3575
3574
3666
3406
3523
3498
3405
3572
3406
3405
3464
3404
3605
3590
3506
3507
3512
3576
3544
3632
3607
3707
3634
3606
3607
3604
3653
3614
3556
3585
3629
3558
3529
3537
3480
3644
3498
3479
3539
3624
3628
3627
3618
3616
3625
3621
3624
3622
3619
3624
3619
3618
3626
3653
3568
3569
3507
3508
3583
3508
3533
3534
3508
3561
3535
3508
3532
3532
3532
3564
3509
3508
3549
3416
3403
3641
3510
3586
3609
3604
3585
3617
3606
3649
3515
3611
3698
3646
3556
3652
3480
3798
3558
3611
3625
3561
3585
3574
3692
3511
3637
3612
3518
3610
3407
3723
3569
3507
3638
3535
3616
3539
3533
3404
3544
3531
3507
3455
3404
3480
3579
3404
3509
3563
3541
3508
3596
3510
3568
3565
3506
3656
3592
3800
3765
3631
3673
3775
3853
3595
3639
3670
3729
3808
3735
3856
3697
3651
3678
3710
3686
3736
3741
3673
3812
3643
3691
3625
3636
3633
3619
3631
3627
3622
3647
3623
3633
3635
3630
3657
3651
3627
3641
3632
3634
3661
3629
3636
3633
3626
3654
3631
3624
3672
3625
3625
3633
3624
3633
3624
3623
3627
3634
3630
3637
3619
3625
3682
3624
3631
3635
3632
3888
3681
3666
3697
3628
3625
3651
3622
3643
3666
3602
3696
3619
3631
3707
3658
3602
3644
3592
3640
3607
3624
3623
3641
3603
3641
3577
3625
5307
4439
4407
3691
3710
3710
3659
3778
3636
3596
4010
3653
3859
3726
3622
3626
3679
3557
3704
3576
3591
3620
3557
3585
3581
3581
3577
3608
3578
3650
3604
3509
3589
3509
3532
3562
3509
3604
3743
3724
3544
3538
3587
3553
3595
3509
3560
3508
3538
3636
3735
3634
3627
3620
3973
3658
3618
3636
3620
3782
3737
3615
3594
3631
3617
3634
3625
3617
3632
3618
3617
3630
3618
3626
3536
3509
3554
3431
3405
3434
3431
3426
3436
3432
3404
3436
3456
3404
3480
3431
3427
3462
3404
3403
3497
3488
3407
3459
3405
3403
3664
3606
3434
3432
3403
3469
3433
3405
3434
3435
3404
3435
3434
3406
3434
3434
3406
3450
3433
3405
3433
3431
3404
3433
3433
3403
3432
3430
3404
3464
3406
3405
3459
3404
3403
3463
3404
3404
3461
3406
3406
3493
3405
3406
3462
3405
3516
3431
3405
3433
3432
3404
3435
3433
3404
3435
3432
3406
3434
3433
3403
3436
3433
3404
3472
3432
3404
3432
3433
3405
3436
3433
3404
3463
3405
3403
3462
3404
3404
3463
3405
3404
3554
3509
3561
3514
3508
3572
3511
3509
3515
3513
3508
3579
3536
3507
3561
3506
3508
3563
3507
3508
3558
3508
3560
3533
3508
3535
3481
3404
3466
3462
3403
3460
3461
3407
3462
3460
3406
3457
3464
3405
3461
3459
3403
3463
3459
3402
3459
3461
3405
3513
3404
3406
3518
3407
3403
3685
3599
3628
4048
3510
3678
3679
3576
3620
3616
3613
3617
3681
3573
3652
3613
3622
3631
3621
3629
3624
3619
3628
3583
3561
3623
3565
3562
3616
3509
3546
3622
3404
3434
3431
3454
3443
3434
3406
3433
3488
3406
3528
3533
3505
3647
3508
3507
4263
4418
3781
3626
3625
3642
3686
3624
3621
3617
3626
3639
3617
3619
3528
3531
3568
3508
3508
3563
3529
3508
3472
3405
3467
3429
3407
3435
3431
3429
3430
3431
3456
3436
3455
3405
3434
3430
3402
3487
3430
3406
3438
3429
3427
3436
3427
3407
3454
3427
3405
3489
3405
3405
3484
3405
3402
3487
3488
3405
3460
3405
3404
3578
3617
3653
3649
3644
3766
3648
3559
3672
3625
3649
3666
3631
3635
3796
3546
4333
3627
3625
3809
3611
3546
3611
3783
3443
3558
3612
3659
3633
3505
3669
3508
3609
3614
3566
3571
3674
3907
3599
3539
3556
3679
3508
3507
3595
3569
3657
3540
3510
3542
3535
3621
3538
3538
3509
3604
3549
3405
3566
3508
3686
3497
3613
3541
3538
3586
3592
3587
3559
3547
3634
3560
3692
3509
3626
3569
3508
3643
3552
3593
3435
3638
3507
3584
3486
3404
3536
3435
3582
3450
3418
3404
3463
3663
3508
3577
3508
3508
3593
3509
3565
3514
3521
3526
3514
3506
3570
3559
3508
3565
3508
3509
3592
3507
3510
3562
3508
3584
3603
3507
3533
3565
3508
3532
3533
3507
3587
3508
3508
3567
3507
3530
3512
3402
3405
3518
3487
3448
3527
3404
3459
3459
3404
3467
3460
3403
3468
3466
3428
3460
3459
3404
3474
3460
3406
3466
3463
3406
3485
3536
3510
3542
3535
3510
3563
3508
3507
3558
3508
3507
3537
3507
3510
3429
3404
3662
3650
3405
3433
3431
3404
3470
3429
3405
3428
3431
3404
3434
3430
3406
3458
3404
3403
3453
3404
3404
3510
3404
3407
3459
3403
3404
3455
3404
3405
3460
3405
3433
3428
3405
3462
3431
3404
3436
3430
3404
3466
3430
3404
3429
3430
3405
3553
4143
3868
3644
3664
3895
3643
3687
3643
3805
3538
3580
3562
3614
3792
3521
3590
3538
3509
3624
3536
3445
3635
3611
3509
3541
3430
3509
3642
3507
3556
3561
3511
3722
3429
3509
3438
3680
3585
3550
3573
3561
3634
3611
3406
3496
3611
3691
3457
3404
3557
3580
3510
3586
3532
3509
3583
3541
3555
3533
3534
3610
3621
3606
3557
3647
3503
3588
3689
3555
3670
3582
3504
3609
3628
3632
3650
3570
3605
3737
3556
3684
3566
3605
3754
3612
3581
3692
3617
3609
3639
3614
3511
3808
3573
3676
3540
3613
3744
3738
3617
3711
3730
3509
3674
3616
3692
3726
3512
3643
3641
3690
3678
3509
3718
3567
3688
3645
3644
3613
3552
3579
3509
3543
3645
3563
3464
3404
3507
3505
3458
3404
3464
3406
3450
3475
3404
3431
3432
3405
3499
3434
3453
3435
3446
3417
3435
3432
3404
3458
3434
3405
3434
3432
3430
3435
3432
3404
3463
3430
3405
3460
3404
3405
3488
3404
3404
3463
3403
3490
3462
3405
3404
3462
3404
3473
3433
3406
3432
3434
3519
3550
3433
3404
3435
3432
3404
3526
3536
3507
3545
3532
3508
3574
3508
3511
3557
3509
3540
3535
3533
3531
3463
3407
3545
3462
3407
3466
3462
3408
3469
3464
3407
3463
3460
3406
3652
3678
3572
3623
3507
3686
3595
3566
3572
3558
3602
3598
3533
3506
3495
3658
3406
3515
3405
3518
3519
3406
3405
3623
3623
3508
3556
3507
3534
3534
3505
3533
3534
3509
3534
3533
3507
3493
3484
3406
3518
3450
3405
3539
3403
3404
3519
3405
3427
3518
3406
3405
3513
3428
3405
3520
3404
3404
3580
3406
3404
3516
3403
3459
3461
3404
3463
3458
3405
4873
4117
3712
3653
3628
3641
3623
3697
3541
3540
3508
3612
3619
3619
3635
3618
3683
3516
3508
3515
3513
3577
3519
3512
3508
3512
3542
3508
3548
3510
3531
3470
3404
3405
3483
3457
3406
3462
3406
3435
3456
3404
3433
3433
3404
3459
3432
3404
3434
3430
3428
3507
3539
3507
3538
3558
3509
3563
3508
3614
3627
3623
3621
3646
3668
3648
3589
3613
3659
3660
3612
3580
3614
3656
3621
3880
3628
3801
3791
3664
3639
3641
3832
3648
3705
3636
3640
3714
3641
3628
3636
3688
3488
3574
3490
3483
3705
3582
3542
3633
3520
3585
3584
3602
3602
3550
3604
3615
3555
3582
3615
3562
3436
3740
3469
3552
3534
3405
3566
3511
3405
3566
3507
3509
3789
3560
3563
3587
3509
3596
3560
3559
3563
3539
3559
3537
3505
3560
3535
3607
3648
3510
3511
3486
3535
3611
3438
3480
3610
3437
3428
3405
3680
3585
3508
3617
3560
3590
3614
3509
3534
3597
3525
3588
3510
3560
3546
3537
3506
4151
3406
3559
3563
3404
3404
3562
3662
3637
3607
3417
3728
3643
3510
3645
3584
3590
3591
3612
3546
3608
3557
3590
3563
3561
3591
3595
3508
3684
3533
3559
3566
3505
3609
3644
3407
3536
3431
3404
3624
3529
3403
3533
3535
3457
3466
3430
3405
3437
3456
3514
3520
3506
3507
3601
3508
3509
3516
3571
3512
3513
3508
3534
3572
3508
3483
3428
3404
3699
3568
3404
3453
3407
3471
3460
3405
3404
3521
3405
3404
3668
3507
3515
3517
3508
3537
3517
3509
3515
3514
3507
3524
3538
3508
3521
3507
3508
3470
3404
3404
3461
3405
3405
3498
3404
3430
3433
3406
3452
3433
3405
3430
3434
3405
3432
3432
3404
3436
3430
3405
4888
4181
3798
3544
3486
3580
3431
3404
3430
3436
3601
3459
3430
3403
3486
3427
3404
3460
3402
3459
3454
3404
3455
3462
3457
3405
3459
3402
3401
3513
3405
3435
3430
3403
3457
3429
3405
3429
3429
3428
3499
3430
3405
3457
3430
3404
3464
3430
3427
3436
3430
3404
3436
3453
3404
3429
3428
3405
3573
3405
3405
3461
3404
3405
3473
3405
3406
3460
3405
3404
3646
3510
3534
3533
3508
3541
3535
3507
3537
3534
3532
3558
3532
3505
3565
3509
3506
3495
3404
3407
3503
3638
3574
3496
3403
3437
3430
3405
3462
3428
3404
3437
3430
3406
3436
3431
3404
3429
3433
3405
3561
3972
3625
3464
3405
3406
3465
3407
3732
4053
3996
3508
3433
3404
3434
3432
3404
3463
3402
3404
3462
3405
3405
3516
3403
3405
3463
3454
3406
3502
3406
3404
3458
3402
3433
3433
3406
3435
3432
3406
3472
3434
3405
3433
3431
3405
3437
3432
3403
3431
3432
3405
3435
3433
3404
3434
3433
3406
3449
3418
3404
3461
3404
3405
3620
3734
3509
3567
3506
3533
3535
3508
3536
3537
3508
3534
3537
3504
3494
3461
3404
3522
3406
3404
3519
3510
3405
3514
3404
3403
3518
3403
3404
3517
3405
3403
3514
3405
3405
3518
3405
3405
3519
3404
3403
3517
3404
3464
3459
3405
3459
3517
3508
3512
3512
3507
3543
3512
3507
3514
3513
3507
3544
3509
3508
3469
3405
3405
3751
3405
3434
3430
3406
3437
3432
3405
3435
3434
3404
3433
3431
3407
3436
3482
3404
3437
3432
3403
3433
3431
3404
3540
3432
3404
3460
3403
3405
3495
3406
3405
3464
3403
3403
3463
3403
3404
3459
3404
3406
3497
3403
3434
3431
3405
3519
4330
3971
3645
3666
3618
3549
3510
3509
3724
3409
3475
3532
3508
3584
3533
3506
3533
3559
3508
3566
3507
3508
3561
3506
3507
3608
3510
3542
3534
3510
3534
3460
3405
3481
3597
3405
3466
3460
3404
3465
3459
3405
3460
3459
3407
3466
3459
3404
3466
3460
3404
3574
3405
3405
3515
3405
3404
3576
3404
3406
3524
3464
3405
3517
3404
3406
3522
3404
3404
3527
3406
3459
3459
3403
3468
3461
3404
3461
3466
3406
3462
3464
3458
3468
3461
3405
3501
3459
3403
3462
3461
3408
3467
3462
3406
3520
3715
3406
3514
3405
3405
3521
3404
3405
3522
3404
3404
3515
3403
3406
3531
3508
3509
3518
3508
3541
3512
3508
3520
3508
3507
3515
3511
3508
3462
3430
3405
3494
3406
3405
3458
3406
3405
3456
3406
3406
3459
3406
3404
3493
3451
3405
3455
3406
3450
3444
3403
3434
3429
3404
3429
3429
3405
3434
3428
3406
3547
3532
3506
3531
3532
3507
3568
3507
3507
3563
3508
3533
3533
3507
3539
3532
3508
3538
3532
3510
3533
3531
3501
3568
3406
3406
3460
3403
3404
3507
3403
3405
3460
3404
3403
3458
3404
3403
3463
3404
3403
3488
3453
3434
3429
3405
3431
3435
3403
3427
3431
3403
3436
3431
8002
4756
3926
4125
3750
3644
3619
3781
3796
3581
3441
3406
3636
3652
3640
3634
3687
3629
3635
3742
3631
3800
3634
3768
4151
3796
3631
3648
3630
3679
3649
3621
3621
3625
3634
3628
3619
3618
3635
3610
3509
3531
3521
3502
3480
3404
3437
3431
3405
3484
3436
3403
3429
3482
3405
3434
3430
3405
3486
3433
3405
3457
3404
3428
3460
3404
3406
3461
3428
3404
3555
3507
3507
3561
3509
4816
4546
4054
3519
3514
3544
3626
3567
3515
3513
3508
3867
3510
3509
3566
3508
3535
3463
3402
3428
3511
3404
3474
3537
3403
3515
3438
3405
3430
3431
3465
3432
3429
3406
3466
3490
3406
3430
3428
3403
3519
3405
3405
3460
3405
3465
3490
3405
3406
3463
3465
3406
3576
3404
3493
3430
3404
3450
3512
3535
3518
3512
3511
3514
3432
3404
3435
3429
3404
3434
3430
3404
3454
3404
3404
3966
3600
3509
3611
3507
3532
3533
3510
3633
3511
3507
3537
3509
3531
3518
3403
3404
3575
3667
3406
3462
3404
3460
3488
3404
3435
3429
3428
3435
3429
3405
3431
3431
3405
3436
3432
3405
3460
3431
3403
3427
3428
3429
3435
3429
3405
3434
3453
3406
3431
3429
3430
3559
3511
3507
3568
3555
3508
3557
3509
3540
3531
3508
3561
3512
3507
3482
3427
3404
3468
3429
3405
3434
3430
3404
3430
3429
3402
3461
3405
3406
3563
3510
3507
3564
3508
3581
3705
3605
3564
3668
3570
3655
3635
3663
3566
3609
3609
3756
3601
3659
3633
3627
3743
3639
3511
3669
3609
3645
3651
3556
3620
3637
3539
3616
3560
3404
3589
3434
3404
3630
3405
3457
3565
3405
3506
3477
3549
3635
3539
3507
3592
3638
3507
3637
3538
3575
3662
3602
3602
3662
3585
3653
3654
3605
3640
3565
3602
3656
3630
3677
3612
3543
3576
3696
3680
3618
3562
3603
3842
3753
3785
3657
3579
3594
3702
3606
3630
3758
3559
3584
3583
3509
3588
3510
3533
3578
3549
3537
3510
3508
3510
3557
3535
3511
3512
3508
3537
3512
3509
3514
3508
3533
3536
3405
3405
3529
3458
3404
3460
3405
3567
3463
3404
3462
3429
3455
3436
3430
3405
4770
4360
3698
3641
3520
5005
3909
6987
4675
3841
3648
3624
3729
3627
3620
3863
3635
3648
3631
3635
3873
3670
4247
3764
3637
3650
4209
3675
3651
3623
4527
3643
3620
3637
3620
3728
3639
3618
3618
3646
3623
3623
3621
3617
3642
3622
3616
3623
3620
3521
3559
3508
3538
3521
3405
3437
3429
3401
3553
3552
3508
3542
3532
3651
3537
3594
3507
3774
3509
3507
3538
3506
3615
3467
3404
3568
3428
3486
3437
3430
3404
3525
3622
3616
3623
3620
3620
3641
3625
3535
3531
3621
3541
3534
3508
3608
3459
3403
3486
3459
3600
3461
3460
3405
3516
3702
3521
3675
3580
3577
3846
3491
3635
3634
3715
3624
3772
3620
3623
3590
3534
3613
3606
3661
3662
3585
3620
3617
3791
4224
3695
3614
3635
3760
3616
3612
3613
3679
3629
3562
3560
3625
3733
3506
3608
3611
3594
3609
3544
3436
3508
3623
3508
3557
3524
3555
3641
3631
3615
3618
3624
3619
3624
3620
3618
3591
3545
3543
3577
3532
3539
3514
3508
3541
3609
3508
3515
3514
3508
3565
3513
3507
3524
3405
3460
3693
3557
3603
3727
3604
3668
3647
3564
3678
3622
3612
3630
3592
3611
3663
3612
3655
3694
3533
3641
3638
3612
3706
3560
3613
3698
3630
3590
3575
3509
3531
3615
3509
3551
3532
3506
3594
3507
3508
3617
3719
3506
3556
3508
3534
3778
3509
3533
3536
3506
3750
3592
3507
3534
3494
3404
3545
3514
3404
3603
3403
3400
3538
3404
3658
3459
3404
3457
3460
3699
3464
3461
3404
3588
3459
3404
3460
3459
3488
3482
3461
3407
3460
3653
3405
3459
3460
3405
3771
3405
3404
3886
4212
3648
3633
3621
3638
3624
3620
3633
3618
3618
3738
3618
3610
3534
3576
3545
3539
3506
3535
3609
3509
3594
3508
3533
3568
3508
8430
5547
3655
3630
3736
3835
3539
3595
3860
3459
3475
3405
3405
3463
3459
3468
3542
3509
3542
3849
3512
3547
3512
3508
3661
3407
3405
3544
3487
3551
3495
3404
3404
3862
3408
3434
3430
3403
3615
3430
3405
3431
3435
3454
3428
3429
3406
3435
3485
3402
3510
3436
3459
3455
3405
3404
3490
3427
3405
3461
3403
3405
3608
3633
3432
3430
3401
3508
3433
3405
3431
3429
3428
3465
3429
3406
3442
3446
3403
3430
3431
3430
3436
3431
3405
3473
3517
3404
3443
3415
3404
3591
3511
3507
3568
3507
3507
3558
3507
3542
3532
3506
3539
3541
3508
3664
3558
3604
3683
3609
3665
3628
3573
3668
3672
3651
3649
3629
3639
3748
3627
3648
3648
3657
3657
3648
3625
3647
3738
3556
3656
3603
3555
3649
3507
3722
3533
3535
3534
3532
3508
3535
3558
3507
3569
3404
3406
3584
3406
3405
3459
3404
3428
3598
3512
3534
3608
3508
3536
3534
3507
3592
3510
3508
3534
3508
3536
3476
3406
3405
3580
3509
3507
3557
3508
3560
3532
3508
3533
3533
3531
3532
3534
3507
3495
3482
3404
3505
3417
3428
3512
3405
3403
3513
3429
3404
3518
3404
3405
3575
3404
3404
3516
3405
3427
3520
3405
3405
3515
3489
3458
3458
3403
3462
3459
3403
3523
3680
3405
3469
3460
3453
3461
3461
3405
3459
3463
3406
3459
3460
3404
3461
3459
3404
3460
3462
3404
3460
3460
3405
3507
3418
3406
3516
3404
3404
3515
3403
3406
3517
3404
3404
3519
3405
3405
3516
3403
3405
5353
3692
3651
3668
3513
3573
3508
3508
3603
3509
3524
3514
3507
