7245
6963
6968
7171
6929
7078
6984
6994
6895
6952
7003
7128
7153
7159
7133
7128
7153
7156
7145
7001
7001
6955
6950
7007
6949
6950
7008
6954
6950
7064
7008
6895
7012
7005
6939
7129
7154
7175
7128
7159
7157
7104
7002
7007
6952
6951
7006
6950
6998
7014
6950
6952
7213
7012
6894
7009
7005
6895
7005
7011
6953
6950
7007
6950
6951
7006
7029
6949
7006
6992
6907
7009
7041
7103
7107
7110
7131
7105
7131
7072
6895
6948
6943
6894
7201
6949
6937
6920
6948
6923
6919
6944
6985
6895
6948
7651
7848
7363
7158
7153
7410
7129
7193
6947
7033
7111
7004
6978
7007
7063
6894
7066
7020
6955
7015
7006
7010
6951
7004
7012
6950
7071
7001
7014
7009
7010
6897
7003
7010
6953
6953
7006
6954
7054
7011
6991
7110
7392
7175
7132
7132
7161
7133
7131
7163
7163
7621
8891
7481
7701
7321
7413
7000
7105
7140
7134
7303
7334
7327
7334
7269
7154
7128
7071
6977
6961
7007
7031
6895
7007
7030
6955
6975
7008
6951
6975
7005
7006
7111
7184
7169
7104
7161
7114
7082
6921
6951
6921
6921
7035
6950
6894
6966
6950
7132
6923
6948
6987
7131
7163
7155
7106
7157
7162
7116
6949
7007
6952
6949
7081
7007
6895
7030
7004
6895
7040
7007
6941
7179
7157
10598
7370
7113
7179
7334
7535
21183
7330
7335
7344
7334
7327
7332
7285
8763
8901
7341
7400
7183
7142
7228
7161
7845
6957
7005
7014
6933
6972
6945
6950
6921
7127
7129
7129
7285
7163
7153
7129
7095
7026
7106
7137
7133
7150
7113
7157
7128
7128
7160
7158
7128
7154
7092
6987
7270
7005
6951
6949
7010
7003
6895
7009
7003
6895
7005
7134
6953
6894
7006
6953
6950
7121
7129
7129
7273
7159
7203
7108
7137
7156
7128
7036
6986
6947
6947
6968
6949
6920
6972
6919
6943
7127
7159
7128
7153
7182
7132
7178
6991
6924
7002
6948
6972
6895
6949
6948
6919
6971
7087
7130
7128
7153
7159
7104
7206
7153
7130
7105
7111
7131
7103
6953
6982
6919
6919
7085
7130
7127
7178
7157
7103
7187
7087
6956
6950
7011
6993
6955
7005
6954
6950
7010
7032
7104
7154
7249
7128
7128
7167
7209
7103
7129
7184
7132
7164
7154
7350
7851
7127
7247
7074
7119
7558
7178
7214
7153
7161
7184
7154
7312
7299
7130
7129
7158
7130
7131
7024
7032
6896
7031
7004
6958
6975
7012
7056
7128
7154
7153
7103
7153
7155
7124
7001
7003
6951
7268
7135
7154
7104
7167
7158
7150
7327
7191
7132
7103
7107
7139
7087
6919
6980
6923
6918
7017
6951
6895
6953
6949
6962
6921
6997
6924
6921
6948
7153
7128
7154
7368
7134
7232
7157
7178
6955
7007
7093
6897
7068
7007
7226
6953
7009
7010
6953
7067
6955
6955
7067
7008
7058
7009
7129
6897
7009
7058
7108
7108
7221
7113
7103
7167
7274
7124
7318
7253
7253
6993
7153
7313
7025
6975
7214
6974
6921
6951
6977
6895
7013
6997
6894
6986
6948
6963
6922
7188
7130
7127
7216
7313
6946
6922
6975
6923
6921
6973
6924
6945
6969
6948
6918
9551
7225
7160
7232
6927
7089
6971
6921
7003
6923
6976
7024
7004
6894
6985
6975
6959
6946
6950
7045
6946
6948
6975
6894
6974
6968
6895
6973
6998
7004
6923
6952
6921
6923
7000
6924
6921
6951
7099
7112
7009
6950
6969
6921
6950
6922
6923
6948
6985
6895
6949
6949
6895
6949
6950
6921
6921
7111
7129
7136
7153
7154
7104
7264
7079
6951
6950
7007
6950
6949
7009
6951
6949
7005
7223
6938
7007
7393
6953
7080
7008
7226
6949
7013
7094
6895
7065
7007
6895
7065
7007
7011
7164
7120
7115
7110
7113
7145
7114
6924
7288
6923
6921
6966
6921
6921
6985
6950
6895
6988
6950
7032
6923
6948
6978
6921
6950
6923
6921
6950
7040
6895
6948
6951
6921
6923
6986
6923
6921
6972
6921
6921
7216
6949
6894
6949
6950
6922
6923
6948
6956
6922
6950
8604
7609
7192
7191
6921
7128
7147
7171
6956
6919
7109
6925
6969
6944
7563
6895
6948
6998
6894
6975
6949
6919
6943
6948
6948
6919
6984
6949
6895
6998
6943
6918
6948
6948
7053
6920
6948
7033
7199
6943
6981
6894
6948
6944
6894
6948
6948
6919
6919
6966
6923
6918
6980
6923
6918
6948
6943
6894
7158
7155
7178
7128
7160
7330
7224
7005
7010
8277
7661
7354
7726
7476
7321
7302
7406
7329
7249
7217
7306
7149
7397
7210
7047
7210
7212
7258
7166
7193
7262
7202
7048
6976
6974
6918
7008
6944
6895
7010
6948
6918
7218
6971
6958
6919
6968
6955
6943
6949
6988
6977
6948
6985
6909
6930
7002
6923
6920
6944
6923
7060
7155
7176
7103
7155
7157
7128
7127
7054
6979
6923
7005
7108
7103
7109
7132
7110
7105
7112
7070
6918
6948
6948
7009
7953
7404
7199
7276
6996
6954
7087
6920
6993
6924
6973
6985
6943
6949
7168
7203
7128
7161
7194
7154
7130
6998
7060
6951
7003
7004
6948
6973
7003
6977
6952
7003
7101
6894
7029
7045
7208
6963
7007
6981
7131
7183
7135
7130
7157
7141
7109
6921
6985
6923
6921
6951
6921
6921
6988
6950
6895
6992
6951
6925
6921
6994
6976
7128
7160
7155
7103
7158
7158
7126
6947
7011
6955
6949
7004
6955
6949
7035
7004
6969
7010
7009
6894
7001
7010
6954
6950
7014
6985
7226
7154
7276
7104
7176
7160
7121
7009
7005
7009
6949
7234
7005
6895
7033
7011
6918
7001
7010
6993
7259
7028
6975
6973
7011
6961
7018
7012
7009
6944
7004
7012
6954
6950
7004
6952
6950
7009
6950
6950
7008
6955
6949
7266
7161
7135
7131
7160
7132
7131
7161
7099
6895
6948
9126
7467
7240
7158
7193
7172
7130
7086
7007
6949
7008
7160
7130
7128
7215
7128
7188
7154
7171
6923
7030
7199
6951
7242
7005
6996
7138
7158
7176
7130
7153
7180
7104
6974
7295
7033
6895
7429
7272
7014
7137
7116
7172
7107
7141
7117
7102
7008
6972
6924
6924
6953
6953
6898
6952
6953
6897
7189
7154
7154
7128
7155
7153
7105
7008
7007
6950
6951
7005
6951
6950
7004
6952
6950
7009
6950
6953
7108
7006
6895
7007
7005
6895
7009
7007
6956
6950
7007
7027
7541
7167
7117
7103
7115
7114
7110
7108
7080
6948
7025
7167
7115
6960
6972
6950
7023
7152
7179
7172
7104
7168
7202
7126
6974
7008
6974
6996
7007
7030
6894
7034
7007
6918
7006
7005
7037
6950
7005
6949
6950
7007
7019
7112
7008
7003
6895
7008
7006
6895
7005
7006
6949
6952
8916
7530
7141
7300
7159
7489
7106
7184
7003
7072
7033
7008
7035
6949
7145
7146
7115
7154
7154
7130
7129
7068
6970
6949
7028
6952
6973
7007
7058
7074
7004
7168
6971
7339
7269
7146
7187
7156
7215
7216
6974
7008
6949
6974
7008
6975
6949
7008
7034
6895
7048
7005
6918
7007
7006
7033
6952
7020
7005
6949
7006
6949
6948
7005
7007
6895
7004
7006
6895
6990
7005
6955
6949
7007
6952
6949
7109
6951
6949
7003
6950
6949
7007
7001
6895
7008
7058
6938
6965
7003
6952
6950
7006
6949
6949
7006
6949
6952
7004
7007
6895
7192
7005
6895
7163
7219
7153
7179
7158
7186
6895
7005
7041
6940
7016
7057
6956
6974
7009
6973
6949
7036
6955
6947
7028
7010
6918
7008
7005
6918
7005
7092
6950
7172
7005
6949
6949
7012
6948
6949
7012
7006
6895
7053
9247
7700
7136
7311
7015
6990
7244
7115
7203
7104
7184
7141
7133
7107
7214
7181
7103
7183
7158
7154
7130
7158
7225
7105
7176
7156
7154
7152
7153
7176
7213
7007
7005
6894
7066
7007
7110
6949
7171
6961
6949
7053
7007
6949
7007
7062
6895
7008
7034
6950
6975
7006
6952
6974
7012
6974
6996
7139
7116
7103
7184
7159
7178
7132
7157
7160
7104
7158
7229
6924
6922
6952
6921
7022
6951
6950
6894
6950
6950
6895
6964
6948
6967
7132
7184
7129
7128
7155
7155
7140
6951
7007
6952
6951
7004
6953
6949
7019
6950
6949
7193
7007
6895
7199
7156
7155
7128
7153
7211
7026
7009
7005
7107
7009
7056
6950
7005
7006
6952
7003
7010
6973
6949
7007
7031
6895
7316
7007
6972
6952
7004
7235
7168
7033
6949
7120
7009
7002
6895
7005
7038
7134
7108
8154
7372
7178
7115
7181
6963
6968
6950
7501
6950
6949
7005
6919
6943
6949
6924
6943
6944
6948
6919
6978
6967
6895
7004
6947
6918
7215
7154
7158
7339
7154
7159
7104
7002
6999
6956
6950
7017
6949
6949
7082
7109
7103
7185
7204
7130
7105
7095
6943
6969
6949
7034
6895
6948
7078
6919
6948
6974
6924
6944
6948
6943
6919
6973
6948
6895
6968
6948
6918
6949
6944
7040
7022
6948
6919
6919
6948
6948
6895
6944
6948
6895
6948
7023
6924
6919
6982
6919
6919
6948
6919
6923
6944
6949
6895
6948
6943
6958
6919
6948
7142
6919
6948
7021
7128
7152
7160
7133
7129
7161
7109
6949
7056
6977
6922
7011
7010
6895
7198
7010
6950
7090
7005
7006
6950
7065
7009
7105
7136
7157
7128
7128
7321
6953
6948
7033
6957
6972
7006
7009
6965
7004
7034
6894
9279
7146
7212
7130
7136
7209
7132
7001
7010
7029
6895
7010
7036
6895
7003
7007
6955
6951
7005
6949
6950
7011
6948
6949
7061
7007
7103
7304
7183
7111
7106
7132
7074
6894
6948
6944
6895
6951
6948
6947
6919
6948
6925
6919
6943
6924
6919
6949
6997
6897
7083
6983
7114
6969
6950
6976
6919
7028
6951
6949
6949
6944
6919
6949
6972
6954
6920
6973
6960
6943
6945
7093
6895
6949
6972
6895
7027
6948
6919
6924
6944
6925
6969
7112
7153
7104
7159
7158
7130
7129
7064
6955
6955
7097
7109
7104
7113
7133
7111
7106
7291
7330
7325
7159
7155
7130
7127
7071
7052
7104
7137
7145
7107
7110
7138
7121
6894
7160
7152
7161
7128
7154
7158
7206
7013
7052
7073
6949
7053
6951
7005
7126
7062
7014
7004
7028
6895
7031
7054
6895
7118
7007
8240
7915
7322
7161
7220
7258
7154
7257
6894
7090
7005
7019
6949
7007
7014
6951
7063
6946
6948
7066
7002
6953
7007
7064
6997
7005
7068
6948
7341
6998
6951
6949
7004
6992
6905
7005
7006
6894
7001
7006
6894
7160
7114
7139
7109
7115
7160
7104
7160
7063
6921
6922
6985
6974
6921
6987
6950
6895
7028
7052
6944
7058
6981
6923
6978
6950
6948
6921
6947
6976
6968
6950
6949
6923
6922
6951
6921
6922
6950
6923
6921
7047
6949
6895
6965
7006
6895
6951
6950
6922
6921
6949
6924
6921
6947
6923
6921
6949
7016
6895
6943
7110
7106
7113
7178
7145
7115
7166
7079
6943
6982
6948
6919
6919
6950
6948
6923
6943
6948
6894
6948
6961
6894
6948
6948
6919
6919
6948
6919
6923
6977
6923
6919
7365
6944
6894
7151
6950
7737
7172
7003
6984
6895
6974
6985
6943
6923
8075
7277
7111
7213
7153
7255
7129
7141
6949
6950
7031
7009
6919
7005
7001
6894
7000
7005
6955
6950
7054
6950
6950
7323
7213
7104
7152
7158
7157
7128
7152
7189
6894
6948
6943
6894
6948
6985
6919
6919
7094
7130
7128
7153
7157
7104
7157
7084
6995
6949
7010
6948
6955
7005
7024
7103
7157
7153
7132
7128
7188
7128
7053
6983
7095
6895
7096
6949
6919
6982
6943
6978
6919
6961
6930
6919
6974
7032
6918
6944
6977
6947
6919
7004
6923
6942
6949
6919
7000
6948
6948
6894
7003
6948
6960
7140
7152
7179
7128
7158
7155
7103
6998
7006
6948
7000
7076
7107
7105
7107
7112
7103
7112
7018
6924
6918
6948
6936
6919
6950
6948
6894
6944
6984
6895
6948
6976
6923
6920
7207
6919
6919
6949
6948
6944
7032
6948
6895
7129
6943
7113
7129
7155
7537
7973
7322
7163
7474
6897
7248
7007
6919
7226
7158
7163
6950
7071
7031
6895
7066
7007
6954
7108
7007
7027
7246
7087
6954
7010
7010
6993
7026
7007
7008
6896
7005
7010
6952
6951
7004
6951
6951
7007
6946
6950
7009
6952
6950
7006
7006
6895
7105
7006
6895
7005
7011
6950
6954
7103
7133
7128
7154
7153
7104
7154
7089
6951
6951
7053
6956
6951
7005
7064
6971
7061
7002
7059
7008
7056
6997
6950
7059
6952
7003
7002
6976
6948
7010
7029
6894
7030
7007
6918
7003
7008
7038
7542
7198
7216
7154
7163
7284
7330
7143
7159
7152
7103
7213
7158
7143
7128
7161
7159
7103
7151
7158
7131
6949
7009
6949
6950
7011
6949
6954
7004
7010
6894
7008
7004
6894
7007
7009
6956
7171
7007
6953
6996
7005
6955
6949
7010
7002
6894
7010
7010
6894
7004
8162
7322
7315
7041
7169
6932
7002
7055
6960
7005
7011
6999
6950
7008
6978
6950
7035
7054
6895
7035
7130
7208
6951
7035
6951
6956
7030
6953
7034
7010
7006
6895
7009
7009
6895
7004
7009
6950
6950
7004
6952
6951
7011
6949
6950
7012
7013
6937
7006
7009
6895
7011
7010
6945
6964
7021
6950
6955
7006
6953
6950
7077
6950
7052
7011
7011
6895
7005
7011
6895
7010
7006
6954
6950
7043
7011
7081
7009
7086
7107
7124
7150
7108
7130
7108
7093
6919
6949
6968
6895
7005
6949
6919
7050
6949
7000
6921
6969
7118
6920
6973
6977
6979
6999
6979
6920
6920
6984
6924
6920
6944
6924
6919
6949
6944
6895
6949
6949
6895
6975
6950
6924
6920
6945
6925
6920
6949
6950
6919
6949
7204
6895
6993
6949
6924
6920
6944
6924
6919
6984
6919
6924
6981
6951
6895
8682
7253
7263
7105
7165
7225
7130
7184
7189
7181
7105
7175
7115
7110
7132
7012
6976
6923
7335
7033
6896
6975
6985
6947
6922
6951
6945
6921
7005
6949
6895
6973
6983
6979
6951
6948
6963
6922
6950
6988
7129
7165
7156
7205
7154
7155
7114
6950
7004
6952
6950
7007
7004
6895
7006
7008
6895
7004
7008
6951
6950
7220
6952
6951
7008
6950
6950
7008
7004
6895
7004
7008
6998
7007
6992
6950
6951
7007
6950
6951
7251
7040
6951
7213
7116
7127
7118
7116
7133
7108
7041
7062
6919
6949
7006
6946
6924
7249
6923
6944
7000
6921
6945
6965
6973
6895
6988
7035
6962
6921
6948
6924
6921
6950
6922
6920
6950
6985
6894
6948
6982
6922
6921
6986
6923
6922
6984
6921
6921
7255
6949
6894
6980
6950
6931
6922
6948
6959
6921
6949
6922
6921
6950
6984
6897
6950
8757
7659
7111
7428
7158
7133
7226
7078
7063
6923
7093
7160
6895
7197
7205
7308
7130
7180
7182
7104
7178
7154
7154
7129
7154
7153
7103
7035
7006
6919
7005
7029
6950
6953
7028
6952
6973
7003
6950
7080
7003
7006
6895
7008
7007
6894
7006
7003
6951
6950
7007
6960
6950
7008
6951
6950
7004
7165
7103
7155
7155
7128
7128
7155
7093
6949
7009
7007
6999
7154
7154
7175
7129
7154
7199
7104
7007
7341
6952
6951
7011
6950
6955
7001
6955
6950
7251
7154
7178
7199
7157
7182
7129
7070
7190
6919
7054
7010
6894
7010
7001
6955
6949
7062
7107
7105
7136
7112
7103
7131
7063
6923
7002
6944
6960
6919
6949
7195
7326
7331
7330
7326
7326
7331
7322
7636
7366
6954
7008
6895
7004
7007
6894
7007
7124
7111
7108
7162
7112
7104
7115
7080
8159
8141
7199
7172
7109
7249
7150
7144
7103
7176
7181
7134
7128
7321
7164
7103
7100
7029
6923
7049
6990
7082
6919
7119
6948
6894
7192
7153
7157
7128
7182
7131
7105
6989
6949
6918
6943
6963
6966
6924
7092
7129
7128
7155
7152
7160
7129
7080
6955
6950
7011
6945
6951
7005
7008
6895
7066
7004
6895
7011
7009
6950
6949
7008
6955
6950
7009
7005
6948
7008
6949
6950
7009
7010
6895
7004
7010
6895
7005
7005
6954
6950
7010
6948
6954
7005
7031
6949
7011
7032
6895
7010
7172
6894
7005
7316
7129
7154
7181
7181
7103
7160
7114
6957
6974
7010
6972
6949
7010
6978
6949
7028
7007
6894
7033
7009
6918
7009
7074
6949
6951
7007
6953
6950
7056
6956
6950
7228
7007
6895
7005
7009
6894
7013
7005
6952
7133
7160
7136
7107
7115
7215
7130
7131
7820
7415
7112
7240
7156
7205
7132
7127
7012
6937
7062
7060
7173
7007
7033
6949
6950
7031
6951
6973
7011
6972
6950
7096
7028
6895
7189
7008
6895
7170
7008
7000
6950
7059
6953
6949
7061
7056
6918
7007
7027
6895
7005
7034
6951
6973
7006
6950
6973
7007
6973
6951
7086
6994
7010
7003
7004
6895
7006
7007
6948
6949
7005
6951
6950
7052
6952
6949
7007
6948
6950
7009
7004
6895
7005
7005
6894
7007
7054
7111
7109
7141
7113
7104
7192
7045
6977
6922
6951
6925
6922
6948
6942
6922
7000
7157
6895
6950
6951
6922
6924
7092
7174
7119
7194
7405
7131
7224
7156
7212
7128
7034
7090
6895
7064
7009
7009
6951
7003
7011
6947
7084
7132
7107
7141
7113
7167
7227
7179
6962
6927
6952
6992
6899
6955
7548
6927
6927
6956
6925
6925
6955
6927
6925
9388
7172
6963
7112
7163
7263
6978
6923
7117
7196
6978
6990
7004
6895
7087
6976
6923
6946
6951
7021
7070
6953
6987
6922
6975
6951
6896
6975
6985
7007
6923
7110
6990
6922
7156
7000
6947
6982
6949
6950
6998
7007
6960
6947
6951
6926
6947
6949
6975
6895
6951
6986
6921
7051
6951
6946
6923
6952
7007
6922
6951
6951
6896
6988
7000
6896
6987
6951
6924
6924
6949
6925
6922
6951
6924
6922
6952
7064
7104
7152
7154
7128
7129
7182
7135
6895
7032
7005
6895
7006
7007
6949
6998
7007
7163
6952
7007
6951
6950
7008
7000
6895
7007
7014
6895
7004
7087
7134
7235
7140
7194
7105
7171
7079
6963
6975
6949
6974
6920
6949
6946
6968
6971
6987
6918
6949
7181
7159
7128
7178
7152
7127
7154
7102
7031
6949
7008
6952
6950
7004
6977
6949
7008
8506
7878
7098
7010
6951
7146
7054
7063
6895
7324
7006
6953
7002
7007
6972
6949
7008
6974
6949
7049
7005
6918
7006
7004
6918
7008
7030
6949
6950
7086
6951
6950
7003
6952
6997
7008
7004
6895
7008
7005
6895
7359
7330
7403
7136
7234
7131
7146
6919
6983
6973
6918
7115
6918
6923
6967
6948
6918
6979
6966
6923
6919
6971
7003
6941
6947
6918
6946
6943
7032
6894
6948
6943
6894
6948
6984
6918
6919
7105
7127
7129
7661
6948
6941
6941
6942
7061
7200
7163
7161
7104
7184
7163
7131
7131
7187
6950
6895
7054
6951
6895
7170
7158
7179
7128
7154
7152
7103
7154
7153
7127
6972
7005
6951
6947
7033
7138
6894
7007
7219
6894
7058
7007
6998
6948
7006
7018
7170
7029
6977
6972
7006
6991
6918
7002
7032
6948
6952
7033
6951
6974
7000
7009
6949
9400
7249
7131
7230
7035
7179
7250
7010
7010
6952
7002
7004
7005
6949
7027
6950
6949
7031
7007
6918
7011
7007
6961
6962
7029
6950
6974
7007
6948
7033
7008
6951
6995
7007
7011
6895
7007
7009
6895
7005
7003
6949
6952
7009
6952
6950
7067
6949
7080
7000
7247
6895
7003
7058
6951
7004
7004
7009
6950
7007
6973
6999
7033
6993
6905
7027
7006
6919
7007
7038
6940
6963
7127
6949
7032
7007
6951
6950
7132
7113
7103
7029
7012
6951
6978
7010
6953
6957
7009
7003
6953
7013
6952
6953
7011
7218
6899
7011
7009
6956
6956
7009
6956
6956
7015
6952
6954
7012
6956
6954
7008
7014
6899
7007
7009
6899
7014
7012
7002
6955
7012
7337
7279
7116
7233
7133
7159
7287
7129
7152
7155
7179
7130
7241
7082
6949
6976
7196
7240
6906
7032
7004
6895
7032
8876
7541
7408
7477
7331
7178
7133
7163
7031
6894
6999
6948
6937
6960
6943
6948
6919
7094
6943
6895
7007
6952
6918
6980
6974
6924
6919
7180
7161
7149
7181
7152
7133
7127
7157
7152
7103
7157
7157
7115
6919
6947
6958
6918
6943
6950
6894
7067
6943
6894
6948
7022
6920
7051
6967
7086
6920
6944
6999
6943
7033
6944
7013
6920
6971
6980
6920
6975
6924
6932
6956
6948
6919
6949
6968
6895
6948
7062
6919
7004
7002
6924
6919
6948
6944
6895
6949
6997
6895
6943
6949
6936
6924
6944
7176
6919
6949
6979
6895
6949
6948
6895
6944
6984
6919
6924
6980
6923
6920
6985
6919
6920
6983
6948
6895
6961
6997
6919
6925
6944
6924
6920
6948
6953
6919
6949
7165
6947
6943
7127
6935
6919
7111
6930
6969
7067
6919
6973
6975
7001
6895
6967
6948
6974
7915
7418
7449
7388
7502
7334
7462
6895
7008
7089
6952
7034
7007
6949
7010
7008
7010
6950
7065
7020
7104
7115
7114
7110
7109
7186
7130
7131
7075
6999
6894
6949
6949
6976
6921
6948
6942
6921
6951
6949
6894
6950
6988
6895
6950
6949
7029
6921
6969
6921
6921
6964
6921
6923
6988
6950
6895
6999
6998
6972
6921
7081
6957
6921
7172
6987
6945
6948
7006
6895
6950
7003
6923
6946
6951
6921
6945
7058
6973
6895
7201
7161
7128
7154
7153
7155
7152
7112
7004
6895
7008
7012
6906
6994
7158
6953
6950
7004
6952
6950
7004
6950
6950
7009
7007
6895
7004
7007
6895
7007
7005
6955
6950
7008
6949
7001
7005
6951
6950
7008
7003
6895
7007
7003
6895
7006
7130
7060
6954
7534
6953
6949
7129
7153
7103
7335
7155
7274
7135
7054
7070
6895
7028
9177
7410
6903
7524
7171
7135
7222
7155
7178
7104
7177
7153
7129
7152
7088
6974
6949
7029
7007
6895
7035
7008
6919
7007
7005
6974
6950
7045
6998
7035
7005
6951
6949
7008
7012
6895
7004
7014
6895
7005
7003
6950
6953
7010
6952
6950
7106
6950
6949
7006
6952
6950
7007
7013
6895
7006
7004
7004
6951
7007
6949
6951
7008
6991
6950
7005
7049
7153
7178
7153
7252
7129
7177
7097
6980
7082
7007
6918
7027
7006
6894
7152
7172
7105
7165
7211
7168
7103
6937
7143
7129
7134
7160
7142
7107
7191
7037
6926
6923
6951
6952
6921
6951
6956
6926
6946
6950
6897
6951
6983
6927
6922
6950
6921
7001
6968
6921
6926
6946
6950
6897
7151
7155
7132
7130
7156
7177
7175
7028
7011
6897
7007
7012
6958
6953
7001
6958
6952
7012
6951
6952
7012
7007
6951
9044
7358
7157
7103
7428
7158
7227
7128
7140
6952
6949
7070
7005
6954
7004
7066
6895
7006
7063
6957
7129
7154
7127
7128
7153
7154
7166
7032
7006
6951
6950
7058
6951
6949
7005
6949
6949
7005
7006
6894
7000
7007
6894
7099
7004
6950
6948
7006
6948
6948
7006
6949
6948
7004
7007
6944
7006
7005
6894
7004
7191
7396
7357
7521
7209
7331
7273
7411
7293
7211
7436
7488
7317
7359
7582
7354
7444
7371
7370
7692
7271
7482
7400
7558
7239
7579
7334
7384
7451
7227
7264
7133
7155
7216
7137
6983
7139
7212
7151
7263
7158
7144
7206
7164
7301
7316
7373
7353
7420
7576
7385
7545
7288
7332
7260
7353
7331
7334
7257
7185
7184
7129
7188
7180
7226
7329
7330
7232
7105
7174
7133
7138
7022
6943
7025
6981
7289
7305
7370
7380
7870
7478
7112
7728
7578
7437
7028
7296
7272
6896
7337
7172
7215
7134
7190
7157
7103
7195
7161
7168
6922
7108
6983
6923
7148
7163
7233
10344
8910
7393
7506
7170
7301
7764
7843
8210
7366
7454
7503
8001
7500
7472
7356
7414
7333
7346
7344
7330
7207
7166
7187
7127
7250
6950
6922
7083
6950
6974
6921
6989
7000
6895
7003
7100
7269
7129
7155
7395
7105
7288
7242
7570
7215
7536
7320
7264
7610
7383
7465
7335
7507
7339
7391
7316
7375
7344
7357
7483
7244
7638
7429
7477
7373
7372
7386
7352
7617
7337
7498
7439
7622
7317
7288
7666
7270
7406
7329
7345
7352
7464
7545
7219
7548
7351
7332
7170
7323
7157
7178
7161
7180
7259
6944
7138
6919
6949
7024
6895
6974
6985
6942
6920
6985
7184
7227
7255
7316
7527
8811
7706
7421
7245
7642
7365
7546
7260
7337
7315
7297
7313
7348
7346
7266
7437
7234
7359
7312
7248
7338
7207
7308
7283
7244
7156
7258
7327
7338
7326
7264
7201
7103
7310
7103
7152
7257
7152
7156
7103
7306
7327
7337
7327
7333
7325
7334
7253
7103
7106
7001
6905
7028
6894
7054
6895
6900
6944
6894
7094
6894
7194
6957
7572
7077
6921
7186
7128
7200
7185
7116
7005
7006
7101
6925
9712
7352
7184
6988
6949
7070
7007
7141
7027
6991
7060
7352
7547
7158
6973
7284
7330
7127
6930
7417
7221
6940
7043
7031
6894
6984
7401
6965
7011
7287
7280
7143
7538
7605
7345
7296
7283
7651
7488
7553
7403
7369
7626
7331
7442
7289
7380
7525
7429
7323
7707
7715
7832
7830
7807
7876
7659
8043
7532
7746
7762
7376
7699
7564
7382
7277
7332
7341
7285
7129
7218
7592
7694
7243
7109
7226
7264
7564
7450
7585
7475
7439
7580
7429
7606
7123
7025
7126
7097
7187
7161
7288
7197
7383
7134
7174
6911
6964
7035
6949
7250
7219
7393
7106
7254
7182
7218
7181
7162
7236
7105
7370
7381
7292
7368
7368
7443
7472
7642
7843
7279
7791
7616
7371
7312
7248
7174
7292
7195
7317
7179
7171
7302
7613
7783
7299
8020
7284
7251
7308
7338
7261
7015
7279
7047
7062
7236
7758
7817
7092
7188
7094
7236
7022
7097
7323
7532
8036
7159
7220
7145
7138
7723
7338
7296
7002
7250
7101
7172
7247
7311
7262
7562
7728
7053
7105
7138
7037
7173
7123
7312
6969
7603
7363
7417
7307
7366
7296
7260
7556
7330
7296
7396
7181
7284
7224
7107
7122
7485
7197
7862
7566
7120
7193
6901
7185
6896
7147
6895
7249
7121
6895
6995
6894
7051
6925
6894
7014
7105
6954
6903
6924
6949
6918
6951
6894
7019
7266
7078
7017
6926
6963
6926
6925
7164
6925
7061
6956
6965
6895
7002
7009
6988
7023
7170
6971
6926
6994
6942
6925
6956
6972
6925
7414
7276
6895
6996
7086
6925
6926
6963
6932
6925
7009
7081
6926
6964
6957
6895
7472
6966
6930
6932
6955
6976
7049
6962
6983
7501
6976
7044
6896
6957
6964
6895
7255
6989
6932
6926
6990
7230
6924
6963
6962
7385
7146
6966
6953
6925
7355
7170
6927
7166
6980
6925
6966
6988
6895
6979
6975
6895
6963
6957
6931
7208
6983
6954
6931
6956
6931
6924
6973
7289
6895
6966
7170
7099
7048
6967
6951
6932
6957
7104
6925
6990
6956
6894
7142
7027
7088
6958
8738
7165
7034
7344
7381
6909
6970
6907
7158
6918
7269
7123
6931
6975
7045
6920
7216
6949
6987
6894
7220
6964
7522
7062
7009
6996
6978
7095
7243
6992
7067
6965
6895
6957
7210
6933
6927
6967
6981
7017
6995
6973
6932
6959
6963
7324
6996
7080
6933
6954
7112
6958
6925
6990
6926
6931
6957
6932
7153
6963
7025
6894
6962
6992
6925
7073
6987
6932
6926
6960
7239
6927
7050
6985
6895
7010
6963
7155
6951
7025
7031
6949
6956
6947
7071
6963
6956
6963
6956
6966
6895
7991
7016
6963
6955
7035
6947
6986
7211
6962
6942
6990
7053
7044
7416
7581
7138
6925
7023
7161
7962
7107
7164
7128
7128
7159
7158
7110
7237
7170
7022
6966
6958
7226
8984
7764
7625
7043
8424
8128
7201
7812
7421
7139
7027
6993
7347
6949
7243
7314
6897
6965
7593
7642
7148
7318
6947
7128
6973
7438
6923
6927
7108
6933
7009
6965
7017
6955
7026
6992
7019
6987
7086
7393
7109
7332
7203
7138
7259
7163
7345
7513
7345
7438
6895
7308
6976
7217
7047
7060
6995
7136
7313
6967
6924
7084
7050
6956
7083
7123
7083
7159
6966
7118
7140
6925
6997
6895
7381
7748
7349
7135
7170
6896
7137
7273
6933
6911
6895
7064
6895
6902
6894
6954
6947
6964
6960
6933
6925
7133
6927
7337
7294
8466
7679
7339
7348
7334
7507
7895
7582
7830
8819
8032
7571
7067
7193
7755
7241
7251
7387
8133
7011
7035
6980
6922
7106
7116
7104
7041
6973
7008
7799
6984
7076
7070
6996
6970
6894
7053
6965
6895
6957
6993
6932
6927
7008
6936
6926
7112
6925
6973
6971
7059
6896
6995
6980
6980
7531
7322
6932
6926
6965
8907
8442
7117
7270
7028
6901
7303
6953
7085
6938
7010
6936
6928
7052
6959
6947
6966
6977
6946
6959
7014
6977
6978
6991
6935
6976
6994
6976
6929
7051
6965
6898
6959
6966
6898
7074
6928
6930
6929
7081
6942
6934
6959
6935
6928
6965
6950
6928
6966
6983
6940
6958
6970
6897
6966
6962
6935
6928
6962
6925
6925
6990
6929
6925
6972
6931
6925
7018
6956
6895
6963
6963
6894
6972
6963
6956
6965
6944
6926
6943
6948
6919
6919
6952
6992
6894
6956
6962
6894
6962
6985
6934
6925
6962
6925
6932
6956
6933
6925
7183
6925
6925
7007
6963
6895
6987
6963
6894
7303
7030
7089
6983
7043
6963
6984
7130
6969
6897
6958
6968
6934
6927
6959
6934
6928
6990
6928
6928
7040
6934
6928
7110
6965
6897
6965
6959
6919
6978
7151
7011
6928
6967
6935
6927
6965
7187
7819
7108
6989
7071
6932
7183
6952
6960
7061
6953
6974
7008
7030
6896
7353
7036
7061
7611
7141
7012
6919
7526
7035
6933
7062
7679
7208
7031
7798
7176
7028
7197
7670
7063
6928
7140
7169
7633
7390
7161
7054
6962
7123
6979
6896
7001
6978
7038
6926
6963
6982
6930
7036
6935
6925
7149
6977
6938
6962
7070
6894
7003
7167
8120
7465
8114
8022
8260
7648
7499
7398
7293
7284
7534
8259
7156
6897
7010
7248
7430
7227
8383
7286
7514
7456
7238
7085
6927
6921
7022
6926
6920
6949
6919
6918
7202
6949
6894
6960
6949
6895
7173
7178
7142
7108
7116
7154
7103
7159
7168
7131
7130
7192
7158
7104
7152
7154
7318
6955
7005
6964
6937
7008
7000
6895
7010
7152
7127
7133
7063
7004
6949
7264
7154
7103
7158
7108
7127
7127
7157
7279
7957
7432
7383
7217
7171
7216
7330
7186
7178
7160
7167
7132
7163
7084
6929
6947
6954
6972
6947
6954
6977
6899
6948
6977
6899
7014
6948
6971
6923
6953
7043
6924
6953
6986
7009
6948
6953
6899
6953
6948
6928
6924
7368
7253
7194
7209
6980
7167
6924
6958
7093
6923
7121
7307
6899
7136
7034
6930
7123
7064
7011
6994
7189
7190
7111
7160
7167
7163
7365
7294
7349
7341
7332
7336
7349
7108
7020
7770
7594
8042
7419
7285
7212
7387
7173
7163
7125
7144
7437
7208
7293
7198
7193
7021
6957
7161
7580
7135
7159
7169
7186
7208
7110
7030
7128
7254
7393
7104
7154
7383
7149
7132
7338
7522
7446
7154
7234
7148
6937
7030
7002
6923
7088
7115
7049
7478
7283
7177
7172
7227
7312
7243
7154
7606
7580
7492
7531
7523
7691
7668
7357
7333
7719
7377
7345
7488
7345
7342
7584
7368
7495
7550
7785
7301
7148
7200
7130
7207
7276
7772
7363
7334
7349
7328
7326
7337
7326
7270
7125
7825
8691
8226
7348
7342
7329
7332
7330
7326
7336
7355
7379
7986
8084
7488
7350
7329
7336
7327
7299
7131
7241
7350
7914
8094
8158
7371
7330
7336
7104
7104
7314
7326
7271
7373
7623
7540
7876
7642
7113
7139
7104
7111
7104
7112
7274
7364
7989
8595
7907
7334
7291
7106
7115
7104
7104
7127
7376
7630
7749
7744
7860
7336
7343
7326
7335
7325
7273
7213
7363
7457
8057
7868
7409
7332
7328
7271
7103
7106
7106
7309
7449
7735
7464
7727
7358
7327
7336
7327
7325
7334
7344
7388
7366
7888
7743
7565
7248
7170
7105
7216
7153
7269
7356
7106
7156
7160
7239
9005
7362
7348
7210
7108
7042
6994
7790
7023
7008
7065
7093
6945
7120
7280
7525
7232
7433
7858
7587
7755
7710
7227
7366
7194
7133
7137
7105
7237
7157
7179
7128
7155
7255
7356
7413
7173
7129
7129
7138
7221
6966
7139
7160
7130
7159
7153
7134
7127
7039
7013
6895
7012
7008
6894
7005
7010
6955
6950
7037
7005
6949
7010
6947
7287
7392
7440
7394
7167
7072
6954
7573
8413
7581
7368
7107
7154
7160
7139
7128
7152
7170
7105
7154
7152
7127
6948
7046
6949
6948
7006
6951
6948
7158
7323
6899
7007
7059
6952
6951
7007
7294
7250
7156
7182
7114
7143
7155
7108
6950
7553
7160
7540
7250
7430
7682
7228
7166
7493
7129
7247
7280
7123
7195
7223
7042
6982
7183
7007
6994
7129
7156
7164
7133
7131
7187
7130
7129
7521
7078
12140
12844
7489
7763
7517
7201
7292
7437
7333
7340
7341
7288
7266
7242
7365
7005
7230
7296
7173
7151
7117
7957
7614
7855
7369
7308
7310
7231
7341
7342
7335
7328
7330
7331
7325
7034
7436
7538
7572
7316
7004
6959
7674
7348
6952
6948
7009
7013
6894
7014
7005
6894
7012
7007
6976
6949
7065
7274
7130
7154
7158
7104
7132
7107
7085
6918
6960
6971
6918
6949
6948
6895
7008
6948
6981
7244
7153
7225
7129
7177
7153
7130
7011
7006
6974
6950
7006
6952
6949
7004
6952
6950
7182
7005
6895
7030
7011
6949
6949
7007
6949
7007
7005
7015
6949
7008
6949
6952
7005
7006
6895
7008
7005
6894
7007
7072
7128
7128
7159
7109
7103
7132
7047
6952
7199
7274
6990
6919
6949
6972
6895
6948
7055
7128
7128
7157
7128
7130
7153
7122
6894
9205
7154
7287
7119
7177
7215
7116
6969
7014
7075
6895
7061
7080
6949
6970
6951
7101
6919
6943
6976
6919
6973
6944
6918
6951
7067
7151
7128
7257
7154
7127
7186
7166
6976
6950
7086
7010
7003
7007
7101
7129
7155
7155
7128
7128
7181
7104
6949
7003
6956
6949
7129
7157
7129
7105
7108
7154
7161
6976
7010
6894
6949
6974
6894
6947
6947
6918
6969
6950
6918
6923
7007
6947
6894
6976
6942
6894
6947
6947
6918
6919
6947
7007
7332
7330
7342
7327
7334
7330
7318
6906
7006
7030
6894
7172
7007
7005
6951
7007
6954
6950
7006
6988
7105
7112
7131
7111
7105
7133
7072
6918
6950
6948
6894
7540
6948
6949
6919
6943
6923
6919
6948
6936
6918
6997
7176
7243
6947
6950
6924
6919
6972
6926
6919
6972
6919
6918
6949
6948
6895
6986
6948
8079
8188
7468
7075
7029
7131
7156
7187
6897
7055
7056
6947
7009
7008
6997
6954
7029
7003
7333
7338
7340
7337
7332
7340
7297
7126
6987
7022
6946
6922
6949
6922
6922
6947
6924
6921
6949
6982
6895
7000
6984
6894
6948
6951
6980
6923
7047
6926
6919
6948
6944
6895
6982
6948
6894
6943
6950
7028
6919
6943
6956
6919
6947
6962
6919
6949
6948
6895
7043
7087
6923
6919
7007
6923
6919
7216
7154
7104
7155
7159
7127
7129
7157
7084
6918
6943
7031
7105
7110
6981
6925
6920
7232
7157
7210
7448
7193
7161
7132
7189
7163
7131
7033
7010
6983
6953
7033
6958
6976
7073
6953
6982
7008
7037
6898
7006
7032
6898
7088
7014
6952
6953
7016
6958
7005
7007
7028
7247
7159
7158
7243
7266
7323
7376
7259
7293
7368
7287
7026
7102
7163
7136
7156
8719
7446
7233
7223
7019
7146
6951
7150
6959
6973
7034
7004
6919
7012
7010
6895
7004
7011
6952
6951
7004
6952
6950
7061
7055
6954
7163
7185
7104
7132
7107
7157
7105
7042
6944
6895
6971
7037
6918
6944
6977
6942
6924
7003
6926
6942
6949
6919
6943
6949
7031
6895
6978
6948
7020
6935
6944
6970
6919
6949
6976
6918
6949
6981
6895
6943
7006
6919
6924
7086
7131
7128
7183
7153
7103
6983
6951
6923
6922
6950
6924
6921
6948
6959
6921
6950
6949
6895
6950
6984
6921
6921
6967
6923
6922
7250
6923
6921
7154
6948
6943
7233
7118
7210
6922
7005
7022
7251
7404
7179
7165
7132
7184
7162
7130
7014
7006
6921
7011
7033
6954
6954
7038
7016
7035
7299
7465
6898
7012
7048
6953
6953
7008
6953
6956
7009
6958
6953
7007
6953
6953
7011
7013
6898
9006
7228
7126
6975
7177
7163
7184
7153
7180
7162
7155
7137
7107
7132
7105
7025
6950
6943
6949
6981
6918
6944
7004
6895
7049
6985
6924
6943
7000
7002
6919
7044
7079
6895
7102
6954
6973
6969
6944
7008
6919
7001
6919
6918
6973
6981
6918
6944
6948
6947
6920
6972
6926
6943
7022
6919
6943
6982
7031
6895
6978
6948
6894
7175
7176
7130
7128
7154
7155
7103
7005
7006
6950
6952
7002
6957
6950
7005
6950
6949
7007
6950
6952
7000
7010
6895
7009
7005
6894
7004
7010
6948
6950
7055
7137
6950
7005
7313
7223
7158
7153
7133
7128
7135
7060
6919
6994
6949
7028
6977
7090
6960
6919
6994
6950
6972
6949
7007
6918
6951
7004
6943
6967
7162
7084
6944
7191
7154
7127
7178
7153
7133
7152
7074
7035
6955
7005
7080
6905
7011
7007
6894
7007
9019
7603
7142
7174
7165
7175
7154
7125
6950
6895
6998
6949
6972
6924
6967
6924
6919
6973
6919
6942
6950
6948
6918
6944
7079
6937
6947
6944
6923
7002
6948
6919
6918
6949
6980
6945
6943
7041
7058
6920
6974
7071
6920
7000
6919
6973
6961
6948
6949
6999
6972
6956
6998
6968
6956
6943
6949
7002
6919
6949
6972
6895
6967
6973
6972
7003
6943
6924
6919
6948
6919
6918
6948
6948
6895
6943
6948
6895
6948
6944
6924
6919
6948
6949
6919
6949
6924
6919
6944
6984
6895
6947
6943
6972
6920
7198
6919
6918
6974
6923
6919
6978
6948
6895
6948
6949
6895
7177
7154
7130
7130
7153
7092
6895
6948
7006
6924
7051
7068
6919
7243
7180
7207
7245
7177
7159
7130
7222
7042
7038
6895
7034
6989
6895
7032
7010
6973
6950
7033
6955
6950
7027
6956
7033
7630
7670
7011
7143
7248
7029
7086
7011
7007
6944
7005
7054
6894
7060
7002
6951
6973
7006
6972
6949
7030
6952
7049
7029
7005
6918
7008
7007
6917
7002
7029
6951
6952
7004
7028
6950
7006
6948
6949
7007
7002
6894
7004
7004
6894
7006
7035
7081
6950
7125
6950
6998
7071
6952
7001
7025
7061
6894
7005
7027
6894
7029
7006
7021
6951
7002
6974
6949
7030
6951
6948
7031
7005
6977
7002
7007
7188
6952
7003
6952
6950
7010
6949
6949
7005
6952
6949
7002
7006
6894
7005
7052
6894
7004
7007
7144
6949
7006
6950
6948
7004
6951
6948
7005
7004
6894
7011
7067
7103
7155
7366
7129
7127
7154
7119
6894
7005
7006
6946
7109
7165
7246
7285
7205
7161
7237
6962
7287
6953
6950
7060
6950
7003
7004
7030
6895
7000
7030
6895
7031
7005
6951
6973
7006
8321
7953
7155
7168
7161
7146
7156
7180
6894
7028
7007
6972
6948
7005
6954
6948
7007
6980
7105
7115
7112
7151
7105
7111
7082
6918
6988
6919
7002
6948
6947
6894
7027
6947
7004
6974
6943
6923
6918
6947
6947
6918
6950
6947
6894
6943
6948
6918
6923
7050
6923
6919
7143
6918
6961
7131
6948
6944
6977
7002
6955
6971
6995
6956
6942
6948
6942
6918
6948
6971
6894
6966
6948
6919
6946
7037
6947
6918
7065
6919
6919
6977
6947
6894
6975
6950
6940
6918
6943
6923
6979
6947
6918
6918
6948
7200
6894
6943
6980
6894
6947
6943
6923
6918
6984
6918
6918
6987
6947
6894
6972
6948
6894
6979
6946
6923
6919
6947
6971
6918
7291
6950
6894
6942
7012
6894
6947
7193
7132
7183
7158
7230
7106
7183
7101
6952
7006
7007
7005
6952
7034
6949
6951
7031
7297
8078
7140
7402
6952
6954
7138
7009
6944
7007
7058
6951
6951
7060
6946
6974
7008
6948
6978
7005
7076
6946
7029
7004
6895
7040
7009
6945
6963
7008
7035
7000
7003
6952
6948
7054
6950
6949
7006
7007
6895
7011
7005
6894
7005
7007
6951
6949
7012
7027
6952
7005
7035
6895
7006
7007
6894
7007
7009
6950
6998
7067
6951
7081
7001
7160
7105
7176
7141
7112
7132
7115
7132
6912
6951
6975
6895
6971
6951
6947
6922
6985
6948
6921
6977
6942
6950
7075
7075
6984
6998
6951
6933
6921
6947
7199
6921
6949
6966
6895
6949
6951
6895
6948
6951
6923
6925
6994
6924
6921
6997
6921
6921
6951
6950
6895
6949
7001
6963
7219
6958
6955
6921
6950
7095
7405
7310
7218
6921
6923
6949
6923
6921
6988
6948
6894
7044
7082
6894
7149
6955
7046
6923
6948
8496
7654
7260
7159
7398
7103
7161
7188
6952
6998
7007
7003
6949
7007
7002
6948
7029
7005
7018
7006
7004
6928
6996
7028
7015
6949
7199
7135
7155
7140
7187
7138
7108
7049
6947
6921
6950
6949
6895
6949
6986
6895
6948
6951
6923
6922
7100
7161
7128
7157
7153
7104
7182
7090
6950
6951
7009
6955
7001
7010
6949
6950
7012
7005
6895
7003
7052
6895
7115
7007
6956
7067
7004
7007
6949
7055
7011
6895
7030
7011
6895
7006
7006
6956
6950
7007
6948
7000
7009
6955
6949
7005
7749
7098
7069
7188
6952
6950
7011
6950
6954
7004
6955
6949
7009
7003
6894
7152
7156
7128
7128
7154
7128
7129
7066
7056
6895
7326
7033
6953
6950
7045
6949
6948
7006
6951
6949
7234
7015
6894
7005
7004
6894
7193
7155
7129
7129
7155
7154
7104
7009
7029
7164
7048
7856
7297
7355
7150
7108
7239
7106
7135
7069
6950
6949
6948
6973
6919
6972
6924
7044
7410
7239
7132
7166
7261
7301
7649
7650
7340
7130
7152
7205
7152
7154
7157
7107
6949
6955
7006
6954
6950
7010
6946
6947
7010
6948
6954
7006
7085
6895
7011
7028
6894
7011
7010
6949
6950
7009
6954
6998
7004
6954
6950
7011
7005
6895
7007
7010
6895
7003
7010
6954
6950
7005
7012
6950
7139
6980
6996
7129
7084
7132
7157
7231
7130
7189
7055
6974
6974
7007
7030
6895
7003
7030
6894
7031
7005
7159
6950
7006
6972
6949
7090
6995
6907
7004
7052
7105
7155
7169
7130
7128
7154
7134
6895
7091
7156
7205
6951
7008
6984
6951
7005
6951
6950
7007
7010
6895
7007
7252
6895
7008
7004
6952
6950
7105
7129
7129
7157
7155
7104
7154
7074
6949
7000
7005
8301
7964
7302
7328
7136
7175
7111
7006
7016
7032
7174
6949
6997
7008
7000
7055
7005
6972
6949
7363
7515
7374
7321
7394
7439
7365
7374
7366
7362
7305
7319
7395
7262
7335
7350
7356
7336
7284
7400
7343
7337
7407
7307
7265
7328
7361
7322
7371
7283
7348
7337
7283
7344
7390
7306
7355
7569
7515
7483
7340
7390
7315
7339
7363
7314
7302
7261
7288
7322
7304
7200
7293
7249
7327
7345
7331
7331
7328
7382
7435
7246
7438
7324
7320
7204
7413
7335
7234
7329
7280
7351
7313
7384
7301
7318
7162
7226
7140
7176
7148
7403
7471
7326
7344
7372
7330
7330
7487
7569
7315
7190
7319
7157
7230
7223
7313
6957
7223
7324
7245
7185
7157
7293
7144
7181
8435
7832
7237
7131
7211
7153
7131
7155
7354
7129
7127
7064
7005
6919
8152
7371
12453
9977
7289
7494
7477
7193
7165
7133
7701
7638
7369
7386
7748
8980
8230
7532
7520
7291
7222
7133
7176
7153
7161
7166
7129
7095
6978
7132
7115
7140
7127
7114
7139
7087
6944
7127
7154
7126
7189
7205
7155
7128
7056
6951
6948
7007
7031
7105
7263
7155
7129
7130
7155
7090
6950
7005
7005
6895
7002
7005
6895
7007
7007
6949
6953
7005
6951
6951
7008
6990
7108
7115
7117
7103
7113
7222
7129
7054
6950
7089
6895
6961
6998
6911
7005
6950
6938
6974
6950
7163
6923
6973
6993
6894
6974
6989
6946
6921
7190
7134
7132
7244
7154
7190
7153
7181
6996
7175
7004
6984
6949
7007
7007
6894
7007
7006
6894
7005
7010
6952
6950
7235
6957
6950
7007
6949
6950
7006
7007
6895
7000
7008
6895
7053
7007
6949
6950
7007
8294
8146
7220
7278
6953
7090
7007
7036
6920
7014
7060
6894
7161
7010
6971
7028
7013
7112
6949
7054
7037
6895
7065
7008
6996
7013
8611
7647
7110
7321
7158
7222
7128
7131
7129
6896
6978
6987
6979
6922
7151
7578
12487
7373
7777
7267
7642
7097
7333
7350
7338
7339
7331
7342
7295
7127
7474
7176
7314
7109
7230
7038
6948
7141
7046
7117
6952
7151
6976
6958
7184
7014
7108
7026
7033
6895
7011
7034
6982
6975
7012
6973
6954
7005
7010
7105
7137
7107
7133
7105
7109
7097
6919
7249
6948
6895
6961
6948
6927
6945
6944
6966
7113
7118
7174
7105
7161
7238
7252
7133
7163
7150
7116
7027
6951
6896
7053
7053
6978
7095
6955
6963
6987
6950
7264
7005
7448
7349
7413
7432
7342
7523
7217
7384
7320
7626
7274
7215
9404
7210
7340
7137
7319
7265
7322
7113
7227
7080
7139
7206
7153
7206
7128
7178
7128
6895
7067
7007
6918
7008
7031
6952
6999
7030
6950
6974
7008
6949
6975
7003
7030
6894
7088
7005
6895
7005
7005
6948
6950
7006
7004
7131
7154
7187
7104
7159
7164
7138
7128
7159
7128
7178
7180
7159
7174
7129
7251
7131
7151
7032
7009
6949
7011
7053
6944
7290
7367
7339
7311
7389
7357
7288
7307
7311
7300
7208
7306
7318
7345
7340
7370
7311
7342
7338
7490
7802
7397
7301
7395
7311
7285
7291
7217
7446
7186
7351
7088
7103
7085
7085
7085
6950
7082
7111
7133
7144
7186
7344
7131
7160
7143
6945
6950
7265
7324
7341
7503
7566
7308
7406
7258
7281
7247
7347
7295
7306
7201
7493
7301
7379
7203
7342
7216
7181
7273
7253
7323
7249
7251
9249
8175
7394
7277
7471
7279
7478
7350
7339
7322
7364
7446
7358
7340
7213
7367
7358
7309
7316
7312
7253
7332
7357
7258
7217
7209
7315
7211
7054
7363
7055
7104
7008
7049
7103
7008
7058
6895
7032
7059
6958
6974
7032
6975
6950
7062
6949
6949
7030
7007
6966
7019
7008
6918
7005
7036
6983
6949
7007
7009
7080
7005
7116
7111
7142
7143
7110
7132
7116
7093
6921
6951
6973
6894
7006
6950
6968
7062
6973
6974
6921
6951
6930
6921
6973
7076
6978
6948
6951
6920
6923
6985
6922
6921
6964
6921
6920
7171
6949
6894
6995
6949
6949
6933
6948
6960
6921
7000
7137
7294
7167
7160
7132
7134
7160
7134
7132
7032
7010
6900
7011
7010
6900
7152
7115
7148
7199
7114
7115
7103
6944
6951
6923
6921
7014
6971
7050
6988
7151
7105
7472
7146
9000
8097
7334
7414
7206
7485
7580
7680
7152
7407
7549
7151
8736
6894
7063
7006
7009
6952
7004
7010
7051
7065
7005
7103
7114
7116
7107
7108
7248
7130
7132
7158
7158
7140
6923
6948
7056
6922
6949
7046
6921
6949
7009
6894
6947
6950
6920
6922
6981
6972
6920
7288
7152
7103
7154
7178
7127
7127
7087
6950
6949
7004
7004
6894
7006
7050
7187
7108
7217
7110
7107
7145
7103
6948
6948
7002
6924
6968
6972
7002
7196
7159
7216
7107
7158
7218
7113
7012
7010
7014
6952
7008
7130
6898
7009
7008
6897
7215
7115
7312
7133
7154
7154
7104
6997
7051
6973
7191
7022
6949
6950
7038
6979
6922
7011
7007
6895
7006
7005
6922
6979
7007
6949
6950
7006
6962
7170
7005
6951
6949
7008
7003
6894
7006
7051
6895
7005
7008
6952
6950
9390
7224
7081
7131
7279
7167
7197
7163
7175
7134
7203
7204
7158
7127
7153
7161
7129
7133
7065
6951
6973
7011
7076
6895
7010
7039
6895
7028
7008
6950
7038
7010
6955
6951
7010
6949
7747
7212
7015
7112
7017
7057
6976
7129
7243
7183
7188
7154
7213
7129
7085
7287
7162
7151
7173
7557
6957
6951
7143
6956
7036
7009
7093
6898
7011
7069
6898
7067
7016
7015
6955
7005
7014
6953
7053
6951
6951
7119
7009
7192
7139
7209
7162
7330
7330
7331
7335
7134
7176
7133
7127
7181
7152
7127
7157
7180
7110
6918
6971
7180
6919
6944
6993
6895
6949
7170
7136
7153
7280
7155
7104
7134
7037
6936
6919
6948
6951
6919
6944
6923
6919
6949
6943
6894
6951
6965
6967
6919
7093
7034
6918
6944
6924
6918
6981
6991
6894
6948
6948
6923
6949
6949
7015
8547
7228
7193
7136
7210
7159
7156
6962
7033
7244
6907
7190
7022
6949
7002
7005
7006
6950
7058
7008
6943
7032
7006
6919
7005
7008
6974
6954
7025
6953
6975
7011
6950
6974
7106
7159
7103
7182
7109
7130
7140
6990
6996
7128
7154
7154
7130
7128
7154
7121
6949
7006
7007
6894
7004
7005
6895
7007
7005
6951
6950
7004
6951
6950
7006
6951
6949
7006
6949
6949
7007
7005
6895
7312
7142
7139
7154
7193
7161
7130
7091
6948
6948
7233
7160
7270
7105
7304
7110
7203
6962
6983
7272
7136
7205
7162
7129
7160
7152
7181
7128
7157
7129
7103
7111
7183
7144
7279
7155
7138
6918
7006
7006
6977
7009
7004
6953
6950
7010
6949
6948
7009
6953
6948
7005
7008
6894
7010
7224
6894
7007
7006
6949
6950
7057
7265
7319
7420
7310
7413
7357
7307
9081
8181
7355
7569
7355
7386
7408
7294
7313
7240
7160
7159
7155
7132
7029
7082
6895
7136
6952
6966
6975
6944
6979
6920
7003
6962
6894
6973
6948
6918
6944
6964
6947
6919
6967
6926
7054
7329
7300
7223
7327
7299
7325
7272
7309
7363
7300
7350
7283
7211
7194
7000
7093
6955
7108
7112
7135
7130
7160
7161
7132
7130
7016
6921
6944
6950
7615
6951
7192
7364
7132
7229
7154
7189
6895
7115
7088
6953
7010
7008
6950
7194
7197
7109
6954
7983
7009
6954
7013
7010
7067
6953
7203
6955
6955
7278
7008
7028
7012
7239
6958
6955
7210
7128
7152
7327
7156
7154
7128
7065
6989
7135
7113
7140
7103
7114
7137
7087
7004
6951
6922
6921
7052
6950
6895
6983
6950
6992
7227
7153
7160
7104
7189
7153
7130
6951
7007
6951
6950
7011
6955
6950
8106
7177
7324
7135
7415
7176
7155
7310
7219
7132
7108
7171
7113
7104
6980
6950
6980
6922
7022
6924
6921
6972
7033
7031
6950
7027
7043
6922
7001
6921
6976
6968
6923
6974
7058
6972
6895
6989
6950
6970
6957
6949
7007
7137
7152
7178
7103
7179
7153
7175
6950
7005
6949
6949
7002
6948
6951
7003
7006
6894
7005
7004
6894
7005
7007
6949
6949
7004
6946
6950
7004
6972
6949
7006
6961
6986
7007
7005
6894
7004
7008
6939
6962
7000
6952
6949
7006
6949
6949
7003
6951
6948
7006
7004
6894
7107
7006
6894
7169
7192
7185
7133
7188
7149
7156
7282
7128
6924
6922
7054
6921
6946
6997
6974
6895
6987
6975
6925
6946
6949
6924
6950
6950
6946
6921
7033
6971
6895
6949
7220
6924
6922
6998
6925
6922
6952
6922
6921
6951
6950
6895
6981
6950
6912
9293
7148
7169
7305
7129
7215
6928
6969
6949
6943
6949
6951
7000
6934
6919
6971
6923
6989
6944
6946
6918
6972
6967
6894
6970
6999
6929
6931
7035
7062
6918
7137
6927
6918
7085
6943
6948
7011
7002
6953
6919
6972
6951
6942
6948
7018
7150
7153
7180
7128
7151
7160
7095
6978
7010
7094
6894
7008
7004
6894
7008
7009
6948
6950
7009
6948
6955
7003
6953
6947
7010
6944
6949
7009
7061
6894
7004
7011
6894
7007
7007
6953
6949
7091
7127
7127
7157
7157
7103
7152
7085
6953
6950
7003
6982
7129
7161
7318
7103
7108
7186
7077
7028
7318
7118
7104
7168
7159
7136
7211
7175
7106
6946
6950
7006
6921
6921
7049
6921
6947
7034
6947
6921
7056
6972
6895
7011
6950
6998
7140
6949
6994
6923
7030
6983
6895
6950
6949
6894
6950
6980
6921
6921
9533
7303
7214
7131
7283
7108
6947
6952
6953
6976
6924
7003
6923
6921
6993
6922
6994
6951
6973
6894
6949
6973
6924
6945
6948
6969
6946
6950
7006
6921
6950
7063
6894
6948
6989
6923
6922
7020
7056
6921
7160
6952
6945
6955
6998
6948
6997
7003
6927
6922
6972
6953
6945
6949
7007
6895
6950
6975
6894
6971
6951
6923
6945
6983
7006
6921
6951
6921
6921
6984
6950
6895
6949
7001
6967
6922
6948
6924
6921
6950
6943
6921
6950
6951
6894
6948
7068
7137
7128
7153
7130
7129
7157
7119
6895
7003
7008
6949
6953
7005
7126
6951
7273
7224
6896
7008
7006
6895
7005
7007
6951
6951
7076
6956
7079
7008
7113
6949
7006
7057
6894
7179
7161
7161
7110
7114
7177
7109
6995
7215
6966
6951
6952
6946
6922
6974
6924
6922
7007
6951
6977
6965
6949
6895
9409
7275
7199
7221
6930
7156
6925
6922
7005
6950
6950
6968
7004
6941
6968
6973
6924
6945
6950
6934
6932
6950
6974
6895
6972
6951
6910
6958
6949
7007
6922
7064
6921
6923
7026
6950
6895
6987
6948
6913
6932
6951
6923
6971
6950
7016
7187
7153
7227
7128
7130
7234
7107
7003
7082
7061
6894
7008
7030
6895
7027
7007
6974
6950
7004
6972
6950
7036
6945
6949
7032
6950
7078
7005
7006
6895
7007
7005
6952
6950
7006
6949
6950
7137
6955
6950
7002
6952
6950
7041
7006
6895
7000
7007
6895
6991
7005
6953
6950
7007
7086
7258
7161
7140
7104
7113
7151
7108
7110
7019
6949
6895
6993
6948
6895
7016
6950
6923
6922
6950
6984
6923
7079
6986
7058
6957
6985
6945
6950
7210
7031
6975
6952
6923
6945
6949
6973
6895
6986
6972
6955
6945
6950
8322
8141
7508
7158
7155
7384
7161
7192
6950
7035
7010
6960
7040
7007
7117
6952
7070
7005
6897
7069
7009
7011
6955
7005
7013
6953
7065
6952
7071
7009
6952
6954
7067
7010
6898
7031
7008
6941
6966
7009
6960
7110
7138
7135
7130
7157
7145
7110
6921
6949
6923
6921
7178
6921
6959
7117
6950
6944
6949
7010
6924
6922
7000
6965
6945
6949
6974
6894
6949
6987
6894
7020
6959
6923
6945
6949
6946
6921
7069
6921
6921
7964
6951
6960
6922
6950
6960
6921
6948
6938
6907
6950
6999
6894
6949
6951
6921
6921
6966
6923
7348
7203
7161
7103
7181
7152
7132
6965
7005
6948
6951
7005
7036
7105
7161
7153
7130
7129
7182
7091
6949
7007
7006
6895
7003
7006
6894
7184
7249
7181
7208
7180
7143
7133
6943
7009
6924
6925
7007
6924
6949
6984
6976
6897
9208
7205
7171
7271
7165
7248
7142
7016
7013
6950
6973
7014
7085
6895
7005
7011
6942
6964
7005
6955
6952
7011
7302
7130
7161
7155
7104
7154
7186
7154
6963
7005
6956
6950
7009
7011
6895
7004
7007
6895
7059
7006
6954
6950
7009
6943
6950
7011
6955
6956
7005
7012
6895
7012
7010
6895
7010
7199
6950
6951
7177
6957
7000
7004
7008
6950
7009
7059
6894
7077
7010
6894
7027
7010
6978
6951
7034
6948
6950
7034
6948
6978
7006
7009
6977
7010
7001
6958
6950
7005
6949
6950
7007
6954
6949
7003
6956
6949
7305
7009
6894
7189
7159
7128
7127
7158
7159
7103
7013
7009
6894
7009
7006
6954
6949
7009
6949
6949
7003
6954
6949
7003
7009
6894
7007
7010
6944
7001
7009
6947
7182
7004
6954
6950
7010
7013
7052
7009
7125
6894
7004
7532
7717
7334
7115
7231
7104
7137
7019
6953
6973
6949
7004
6919
6996
7008
6895
6967
6983
6947
6919
6943
6950
6919
6977
6919
6918
7005
6948
6979
7052
6949
6930
6953
6944
6965
6919
6949
6919
6919
6948
6948
6895
6991
6950
6894
6948
6944
6923
6919
6991
6919
6918
6965
6923
6918
6944
6947
6894
6982
6943
6955
6920
6947
6919
6919
6949
6923
6919
6944
7010
6895
7128
6976
6894
7261
7072
6970
6924
7033
6923
6918
7020
6943
6918
6948
6972
6952
6920
6973
6971
7134
7153
7154
7103
7157
7367
7126
7009
7010
7052
7168
6977
6948
6895
7076
6948
6956
6924
6943
6968
7128
7154
7152
7103
7157
7139
7105
7105
7109
7111
7105
7154
7157
7208
6937
6944
6926
6919
6997
6982
6919
6950
7195
6895
6944
7012
6924
6920
6943
6924
6919
6949
6922
6918
9023
7155
7129
7334
7157
7208
7128
7032
7043
6955
7005
7008
7055
6950
7009
7026
6895
7034
7010
6978
6954
7004
6978
6950
7032
6948
6973
7011
7027
7037
7005
7034
6895
7010
7008
6927
6963
7007
6949
6950
7010
7002
6950
7105
7157
7104
7157
7153
7130
7105
7004
6919
6919
6950
6947
6894
6944
6966
6895
6948
6980
6923
6920
6981
6919
6918
6948
6923
6919
6992
6947
6895
6976
6943
6958
6950
6948
7084
6919
7113
6990
6968
6944
6981
6949
6948
7034
6924
6919
7125
7128
7128
7158
7157
7103
7153
7090
6953
7353
7043
6947
6950
7011
7141
7103
7107
7133
7105
7109
7155
7167
6894
7014
7005
6894
7011
7007
6942
7186
7012
6949
6955
7004
6954
6950
7149
7090
7104
7154
7155
7151
7128
7249
7157
7104
6978
6948
6956
6919
6943
6956
6920
6948
7227
7779
7341
7157
7402
7129
7155
7247
6895
7324
7007
7259
7130
7154
7250
7104
7237
7153
7210
6951
7007
7010
6950
7063
6952
7009
7007
7005
6954
7073
7070
6969
6947
7067
6967
7134
7112
7139
7103
7137
7113
7101
6921
6966
6921
6921
6951
6950
6895
6979
6950
6894
6950
6948
6924
6921
6949
6940
6921
6949
6923
6921
6948
6952
6895
6949
6949
6923
6972
6951
6921
6922
6988
6923
6921
6983
6949
6895
7026
6947
6894
6951
6949
6983
6921
7081
6960
6921
7117
7036
7127
7114
7137
7110
7108
7184
7158
7233
6953
6949
6959
6921
6950
7025
7524
7220
7047
6894
6949
7003
6924
7039
6983
6919
6918
7102
7112
7103
7164
7159
7135
7128
7152
7133
7128
7081
7003
6895
7011
7200
7336
7336
7360
7342
7336
7338
7266
7138
7135
7164
7094
7033
6927
7735
7548
7112
7402
7118
7236
6926
6957
6999
6926
7046
6951
6897
7004
7031
7064
6922
7161
6923
6921
7002
6921
6979
6945
7004
6897
7045
6971
6991
6946
6951
6975
6945
6950
7006
6897
6970
6987
6897
6997
7004
7010
6922
6982
6921
6921
6979
6926
6921
6975
6952
6897
6950
6946
6926
6922
6950
6956
6921
6950
6926
6921
6946
6950
6897
6950
6946
6897
7011
6950
6921
6922
6980
6925
6922
6946
6926
6921
7964
6946
6926
6922
6950
6921
6921
6951
6988
6921
6946
6979
6897
6950
7007
6927
7054
6968
7095
7263
7157
7189
7106
7227
7161
7204
7130
7042
7034
6897
7037
7009
6921
7007
7014
6975
6957
7092
7132
7130
7161
7155
7129
7161
7097
6951
7002
7012
6951
6957
7005
6994
7107
7111
7224
7113
7108
7115
7108
6921
6953
6950
6897
7053
6951
6910
8477
7179
7323
7104
7429
7155
7227
6948
7132
7098
6895
7091
7007
6954
7005
7007
7011
6950
7064
6951
7008
7007
7002
7140
7008
7177
7107
7116
7173
7110
7131
7139
7116
6895
6969
6974
6923
6992
6950
6979
6923
6949
6989
6922
6974
6982
6895
6973
6987
7005
6921
6996
6923
6922
6982
6923
6921
6986
6948
6895
6986
6950
6981
7167
7161
7128
7238
7153
7154
7144
6952
7016
6957
6949
7005
6949
6949
7006
6952
6949
7003
7007
6895
7006
7005
6895
7143
7115
7143
7129
7159
7155
7104
7012
7160
7114
6950
7115
7134
7234
7232
7342
7141
7185
7020
6942
6976
6951
7028
6908
6949
6975
6895
6973
6989
6947
6921
6951
6945
6921
6975
6923
6968
6973
6950
6979
6981
6950
6956
6922
6950
6975
7143
6948
6924
6921
6952
7070
7104
7375
7154
7127
7128
9280
7264
6951
7168
6960
7120
6895
6943
7076
6919
6978
6943
6977
6919
6948
6942
6919
6972
6948
6895
7027
6948
7054
6924
6968
6990
6919
6971
6976
7003
6948
7010
7029
6944
7123
6925
7018
6944
6923
6975
6980
6998
6894
6947
6972
6894
7001
6950
6947
7132
7153
7188
7103
7155
7153
7130
7128
7026
7002
6919
6982
6948
6894
6970
6948
7002
6920
6943
6925
6919
6948
6952
6918
6948
6948
6894
6943
6984
6894
6948
6943
6923
6919
6974
6919
6919
6948
6923
6919
7130
7154
7103
7347
7226
7394
7128
7030
7045
6895
7004
7015
6949
6955
7184
6955
6950
7072
6949
7054
7108
7233
7104
7182
7109
7130
7133
7017
7084
6895
6973
7084
7130
7203
7157
7152
7128
7181
7117
6894
7040
7011
6980
7169
7003
7034
6949
7007
6949
7052
7011
7006
6895
7002
9171
7371
7155
7154
7182
7157
7129
7151
7042
6919
7012
7004
6920
7013
7040
7106
7106
7109
7112
7106
7137
7048
6895
7081
6949
6952
6944
6949
7038
6924
6945
7008
6895
6948
7561
7041
6921
7025
7053
6919
7146
6951
6945
6976
6949
6975
6925
6997
6924
6921
6973
6948
6943
6949
7008
6895
6944
7083
7129
7131
7153
7130
7128
7158
7190
6895
7010
7011
6951
6951
7008
6947
6950
7005
6952
6950
