7527
7421
7615
7395
7404
7571
7374
7273
7218
7427
7224
7244
7188
7255
7212
7189
7277
7217
7253
7190
7217
7243
7161
7257
7228
7215
7189
7338
7217
7161
7236
7217
7345
7352
7222
7293
7190
7188
7218
7189
7191
7252
7219
7264
7195
7212
7293
7379
7430
7432
7411
7403
9486
7460
7417
7692
7629
7616
7621
7582
7414
7582
7615
7616
7610
7612
7561
7408
7406
7431
7432
7405
7403
7430
7435
7407
7403
7430
7430
7402
7431
7430
7407
7172
7281
7271
7266
7218
7279
7211
7217
7280
7307
7380
7380
7411
7384
7405
7433
7269
7252
7161
7210
7344
7405
7405
7428
7432
7405
7403
7319
7275
7161
7330
7275
7216
7217
7281
7277
7161
7450
7431
7404
7407
7428
7476
7397
7353
7274
7435
7163
7730
7614
7615
7674
7613
7551
7440
7775
8052
7989
7308
7362
7414
7455
7463
7407
7432
7430
7415
7161
7332
7271
7219
7239
7443
7499
7407
7463
7429
7494
7545
7548
7691
7629
7698
7566
7665
7734
7618
7499
7661
7326
7322
7409
7438
7498
7390
7385
7447
7343
7161
7257
7220
7245
7405
7598
9390
7727
7631
7613
7580
7432
7459
7235
7301
7416
7161
7509
7396
7415
7383
7414
7439
7405
7270
7416
7462
10900
7753
7401
7797
7850
14109
11506
7409
7493
7442
7480
7408
7434
7513
7380
7597
7440
7516
7381
7484
7430
7410
7333
7223
7265
7229
7239
7217
7251
7163
7216
7273
7186
7212
7252
7240
7161
7480
7481
7405
7409
7428
7459
7381
7221
7351
7283
7164
7275
7271
7251
7219
7277
7275
7161
7278
7306
7217
7319
7376
7461
7428
7381
7410
7487
7609
7403
7409
7217
7186
7429
7383
7242
7186
7218
7216
7214
7187
7329
7405
7406
7429
7429
7433
7403
7329
7273
7223
7581
7603
7556
7576
7631
7616
7801
7570
7697
7538
7641
7771
7528
7670
7692
7399
7422
7568
7432
7470
7405
7431
7521
7403
7591
10007
7541
7280
7417
7446
7579
7438
7405
7421
7394
7472
7404
7461
7434
7404
7403
7464
7402
7218
7361
7281
7665
7468
7405
7430
7457
7378
7436
7300
7191
7212
7212
7377
7410
7404
7429
7435
7378
7434
7368
7220
7302
7279
7271
7326
7218
7279
7216
7216
7386
7384
7380
7379
7387
7408
7380
7186
7253
7190
7185
7466
7431
7463
7402
7432
7429
7406
7217
7352
7272
7161
7424
7391
7430
7404
7433
7437
7403
7402
7435
7432
7406
7403
7436
7434
7391
7416
7595
7435
7484
7436
7496
7461
7611
7465
7436
7429
7408
7455
7436
7398
7221
7275
7276
7161
7277
7298
7223
7218
7274
7272
7161
7277
7279
7423
7403
7436
7524
7403
7404
7435
7390
7215
7217
7278
7250
7380
7381
7384
7385
7380
7381
7330
7240
7532
7214
7217
7161
7216
8488
7676
7630
7415
7713
7434
7478
7431
7340
7302
7217
7432
7392
7385
7384
7390
7393
7380
7188
7278
7323
7161
7396
7225
7279
7191
7216
7243
7161
7295
7216
7190
7188
7218
7216
7161
7258
7219
7190
7188
7217
7333
7189
7189
7218
7250
7189
7256
7219
7190
7190
7217
7221
7161
7217
7250
7192
7238
7545
7613
7619
7611
7618
7613
7581
7216
7396
7382
7421
7405
7435
7476
7614
7610
7614
7612
7613
7610
7614
7548
7410
7406
7452
7407
7388
7380
7384
7416
7378
7247
7252
7187
7187
7277
7216
7338
7188
7389
7224
7238
7213
7216
7247
7187
7265
7192
7210
7253
7212
7278
7186
7291
7212
7186
7217
7468
7210
7186
7246
7218
7247
7241
7216
7278
7185
7211
7219
7191
7188
7247
7285
7451
7259
7211
7192
7186
7217
8964
7941
7523
7483
7413
7199
7326
7220
7272
7189
7244
7276
7190
7247
7217
7243
7191
7217
7217
7218
7186
7217
7273
7190
7214
7255
7228
7173
7310
7403
7224
7352
7222
7317
7188
7188
7308
7189
7248
7236
7242
7295
7191
7241
7219
7185
7219
7274
7191
7188
7805
7219
7216
7190
7301
7227
7239
7217
7222
7189
7191
7255
7190
7188
7312
7219
7245
7190
7217
7323
7380
7438
7434
7406
7402
7433
7359
7217
7217
7277
7272
7161
7278
7274
7325
7217
7273
7275
7161
7429
7391
7410
7382
7389
7391
7384
7207
7251
7218
7161
7470
7216
7408
7190
7270
7227
7190
7246
7281
7259
7176
7326
7217
7189
7214
7218
7470
7214
7241
7254
7215
7189
7279
7243
7196
7287
7216
7190
7188
7218
7255
7223
7486
7240
7217
7162
7217
7219
7264
7440
7428
9412
7801
7594
7617
7739
7434
7484
7405
7429
7463
7161
7541
7276
7280
7216
7273
7339
7207
7290
7280
7283
7217
7340
7274
7205
7390
7277
7337
7216
7273
7274
7217
7219
7332
7412
7216
7572
7494
7346
7217
7276
7356
7161
7361
7276
7277
7217
7334
7276
7161
7332
7278
7404
7406
7434
7438
7405
7406
7428
7425
7161
7348
7272
7240
7217
7275
7280
7161
7278
7302
7216
7217
7274
7274
7161
7271
7275
7247
7217
7276
7322
7228
7219
7274
7217
7217
7330
7281
7277
7217
7278
7215
7218
7272
7307
7385
7384
7393
7390
7419
7387
7279
7222
7189
7221
7373
7407
7605
7431
7681
7408
7500
7314
7626
7222
7217
7371
7216
7280
7270
7335
7222
7218
7336
7218
7277
7493
7395
7219
7282
7272
7222
7340
7315
7383
8638
8432
7423
7487
7432
7436
7504
7562
7531
7617
7549
7410
7415
7378
7480
7435
7435
7378
7434
7438
7406
7405
7259
7217
7226
7405
7459
7437
7431
7407
7436
7435
7378
7433
7439
7408
7407
7519
7218
7188
7190
7429
7231
7161
7421
7218
7279
7188
7275
7216
7191
7243
7219
7288
7162
7266
7218
7189
7212
7218
7350
7162
7240
7273
7215
7189
7249
7302
7161
7249
7218
7210
7188
7218
7219
7190
7192
7219
7189
7190
7222
7270
7270
7191
7218
7229
7189
7218
7273
7190
7190
7251
7216
7161
7233
7217
7208
7188
7224
7318
7381
7435
7429
7402
7402
7430
7359
7215
7265
7273
7273
7161
7275
7333
7221
7349
7499
7444
7162
7268
7327
7215
7270
7276
7329
7161
7298
7275
7267
7432
7278
7302
7220
7242
7272
7253
7339
7275
8021
8032
7673
7444
7536
7413
7499
7460
7431
7429
7403
7457
7428
7826
7409
7436
7430
7410
7404
7433
7417
7216
7218
7278
7267
7217
7279
7282
7216
7285
7274
7222
7217
7283
7274
7220
7252
7291
7216
7216
7281
7285
7205
7229
7277
7221
7215
7439
7279
7205
7382
7274
7337
7217
7302
7319
7405
7379
7384
7382
7419
7416
7275
7264
7185
7217
7287
7185
7212
7244
7245
7162
7303
7249
7227
7185
7212
7216
7162
7215
7262
7192
7187
7217
7211
7161
7214
7216
7231
7185
7215
7246
7174
7198
7253
7191
7186
7212
7215
7212
7403
7428
7436
7384
7432
7433
7367
7268
7279
7277
7223
7217
7278
7215
7223
7273
7511
7218
7222
7266
7223
7216
7333
7376
7212
7475
7582
7443
7404
7380
7412
7348
7218
7251
7297
7222
7186
7239
7567
8134
7509
7599
7434
7598
7408
7504
7434
7405
7426
7444
7456
7413
7244
7274
7234
7229
7272
7305
7219
7243
7271
7244
7267
7275
7300
7215
7302
7274
7215
7219
7273
7275
7161
7325
7325
7219
7217
7297
7273
7161
7272
7275
7215
7218
7276
7273
7161
7273
7275
7267
7220
7361
7274
7161
7453
7389
7521
7402
7510
7513
7377
7190
7253
7416
7247
7245
7218
7276
7161
7243
7259
7189
7213
7219
7243
7161
7243
7267
7227
7214
7219
7306
7161
7217
7218
7190
7188
7273
7219
7225
7189
7216
7265
7192
7217
7257
7189
7192
7263
7190
7188
7238
7217
7191
7236
7218
7229
7161
7217
7218
7188
7188
7220
7219
7161
7519
7218
7190
7191
7216
7219
7161
7219
7255
7277
7403
7316
7349
7226
7282
7299
7286
7260
7218
7292
7189
7243
9402
7624
7440
7496
7600
7559
7529
7162
7410
7277
7367
7381
7450
7384
7380
7440
7453
7381
7186
7249
7217
7243
7323
7212
7280
7191
7307
7578
7624
7617
7610
7612
7614
7578
7218
7274
7279
7161
7276
7273
7243
7219
7279
7839
7222
7219
7276
7217
7221
7324
7278
7216
7223
7272
7223
7217
7276
7322
7224
7219
7536
7431
7404
7496
7384
7434
7404
7348
7246
7242
7186
7253
7241
7161
7246
7216
7514
8422
7873
7294
7216
7185
7248
7240
7192
7274
7210
7260
7161
7215
7240
7191
7186
7366
7210
7163
7252
7216
7216
7186
7218
7249
7161
7211
7266
7190
7186
7212
7216
7178
7198
7216
7227
7186
7217
7485
7193
7190
7220
7188
7189
7220
7217
7250
7434
7222
7238
7161
7215
7256
7190
7240
7254
7217
7161
7314
7474
8959
8541
7433
7453
7219
7394
7191
7220
7271
7190
7244
7484
7246
7185
7241
7215
7203
7217
7217
7241
7161
7234
7294
7186
7214
7211
7243
7161
7316
7213
7190
7186
7215
7299
7215
7215
7216
7185
7185
7243
7218
7161
7214
7218
7219
7190
7211
7504
7403
7455
7432
7433
7406
7410
7358
7353
7164
7278
7269
7221
7217
7282
7216
7217
7272
7281
7216
7217
7276
7343
7301
7275
7463
7387
7405
7407
7431
7416
7410
7461
7379
7186
7217
7242
7190
7211
7222
7216
7236
7223
7242
7225
7237
7218
7218
7273
7190
7266
7216
7161
7255
7218
7226
7188
7249
7216
7161
7219
7217
7191
7189
7255
7218
7162
7262
7219
7260
7503
7432
7432
7403
7404
7429
7485
7396
7220
7274
7389
7215
7273
7306
7231
7258
7281
7218
7217
7273
7277
7278
8639
7699
7384
7221
7493
7355
7422
7216
7271
7276
7315
7407
7435
7446
7385
7408
7413
7346
7229
7215
7268
7247
7185
7217
7242
7190
7213
7218
7215
7245
7246
7218
7294
7188
7217
7235
7161
7216
7236
7190
7188
7253
7219
7191
7190
7217
7191
7237
7217
7221
7189
7190
7218
7188
7190
7329
7218
7243
7189
7217
7252
7161
7218
7264
7190
7190
7233
7216
7161
7253
7218
7207
7190
7221
7439
7434
7403
7538
7430
7492
7406
7378
7274
7163
7328
7271
7273
7217
7380
7281
7161
7275
7273
7243
7217
7302
7272
7185
7272
7368
7468
7403
7628
7431
7403
7403
7311
7274
7161
7273
7274
7219
7215
7268
7275
7164
7549
7277
7223
7217
7276
7392
7447
7219
7272
7221
7221
7314
7277
7218
7334
7274
7218
7215
7274
7272
7218
7217
9774
7424
7234
7301
7280
7439
7225
7279
8197
7320
7162
7558
7454
7429
7474
7434
7455
7373
7322
7274
7276
7269
7217
7298
7218
7241
7276
7281
7220
7217
7401
7218
7241
7277
7301
7214
7358
7358
7217
7218
7273
7278
7218
7218
7270
7220
7267
7276
7272
7306
7216
7274
7267
7216
7274
7277
7217
7218
7300
7216
7217
7275
7275
7218
7217
7274
7215
7216
7275
7273
7173
7260
7277
7216
7280
7273
7275
7161
7271
7272
7218
7217
7274
7333
7161
7409
7270
7383
7217
7641
7442
7444
7407
7392
7469
7384
7247
7340
7244
7161
7218
7305
7191
7214
7216
7243
7161
7219
7240
7190
7273
7305
7217
7161
7255
7219
7288
7353
7217
7223
7243
7449
7241
7220
7161
7238
7219
7260
7189
7268
7257
7161
7218
7218
7190
7188
9334
7587
7285
7166
7446
7260
7242
7188
7277
7217
7245
7190
7218
7467
7187
7247
7216
7210
7190
7298
7407
7161
7414
7212
7272
7188
7272
7212
7161
7267
7252
7212
7288
7277
7215
7218
7211
7218
7316
7404
7453
7433
7403
7432
7437
7422
7223
7275
7273
7362
7161
7277
7269
7221
7217
7354
7273
7161
7303
7281
7250
7217
7278
7389
7165
7272
7274
7328
7220
7274
7279
7162
7429
7430
7405
7454
7435
7429
7395
7218
7282
7276
7161
7270
7280
7229
7405
7428
7435
7404
7410
7443
7479
7526
7409
7506
7435
7406
7434
7371
7192
7186
7308
7213
7238
7403
7454
7429
7403
7433
7434
7427
7172
7422
7384
7428
7379
7411
7493
7474
7404
7581
7221
7186
7188
7217
7209
7185
7211
7304
7190
7185
7227
7190
7185
7216
7212
7265
8634
7510
7514
7407
7437
7483
7396
7299
7216
7334
7272
7217
7275
7337
7241
7217
7298
7274
7235
7270
7302
7217
7220
7297
7266
7185
7274
7462
7216
7217
7548
7276
7212
7271
7330
7220
7272
7277
7274
7184
7274
7813
7219
7240
7273
7272
7292
7219
7306
7215
7241
7274
7435
7218
7217
7274
7220
7217
7302
7276
7220
7218
7273
7228
7219
7280
7266
7217
7217
7280
7217
7222
7267
7328
7221
7223
7272
7219
7217
7278
7272
7161
7274
7278
7217
7217
7276
7278
7161
7271
7278
7244
7405
7428
7431
7407
7404
7429
7402
7162
7444
7500
7461
7615
7617
7613
7620
7540
7383
7333
7250
7186
7240
7211
7214
7185
7240
7186
7187
7497
7470
7291
7185
7243
7232
7161
7473
7441
7412
7378
7405
7390
7374
7186
7210
7218
7191
7187
8099
7908
7226
7391
7227
7250
7213
7218
7313
7188
7244
7224
7242
7161
7440
7244
7191
7262
7215
7246
7188
7191
7240
7191
7213
7251
7310
7192
7188
7322
7217
7161
7218
7454
7188
7226
7422
7221
7211
7216
7275
7190
7243
7218
7255
7262
7191
7242
7190
7213
7255
7216
7329
7189
7245
7272
7185
7219
7250
7272
7189
7255
7218
7161
7217
7217
7191
7188
7217
7218
7161
7217
7253
7241
7188
7255
7215
7191
7189
7220
7223
7188
7217
7255
7189
7190
7254
7190
7189
7217
7217
7245
7189
7216
7257
7161
7217
7266
7191
7188
7268
7215
7161
7260
7219
7192
7189
7222
7299
7295
7215
7325
7413
7189
7274
7217
7247
7189
7217
7451
7586
7435
7440
7407
7405
7436
7440
7415
7240
7216
7238
7188
7190
7236
7249
7189
7216
7219
8449
8027
7425
7609
7410
7690
7430
7511
7217
7220
7357
7276
7302
7223
7377
7411
7403
7457
7431
7405
7402
7322
7274
7244
7217
7274
7242
7217
7362
7381
7223
7216
7277
7223
7217
7271
7282
7222
7218
7270
7223
7217
7339
7275
7411
7217
7443
7218
7223
7326
7353
7273
7222
7325
7266
7196
7299
7272
7249
7217
7303
7243
7216
7282
7275
7241
7217
7306
7222
7301
7273
7279
7266
7380
7382
7432
7378
7434
7406
7359
7161
7217
7214
7223
7186
7219
7244
7161
7216
7245
7186
7186
7257
7216
7162
7245
7217
7225
7186
7261
7218
7161
7215
7352
7405
7403
7433
7429
7411
7403
7309
7277
7161
7274
7380
7452
7407
7525
7563
7473
7498
7293
7332
7217
7278
7277
7247
7266
7418
7428
7410
7404
7434
7431
7407
7217
7278
7216
7216
7275
7340
8487
8334
7206
7774
7469
7496
7442
7375
7269
7217
7330
7419
7272
7267
7301
7220
7217
7299
7276
7239
7218
7297
7215
7216
7403
7273
7241
7218
7362
7262
7174
7272
7274
7214
7218
7272
7221
7217
7275
7274
7269
7219
7278
7218
7218
7440
7437
7489
7383
7465
7420
7405
7190
7324
7218
7162
7307
7223
7231
7189
7243
7255
7161
7217
7434
7455
7378
7478
7428
7429
7403
7294
7359
7221
7219
7274
7218
7216
7275
7275
7215
7219
7272
7218
7219
7275
7271
7218
7217
7333
7215
7216
7270
7274
7161
7323
7278
7280
7386
7388
7484
7407
7404
7430
7384
7213
7217
7270
7219
7217
7274
7271
7206
7231
7482
7429
7404
7585
7391
7434
7454
7437
7410
7188
7243
7259
7270
7161
7217
7246
7191
7213
7217
7243
7161
7217
7243
7191
7212
9759
7692
7444
7692
7407
7531
7411
7302
7216
7275
7459
7378
7448
7390
7441
7387
7384
7370
7272
7394
7219
7477
7613
7610
7614
7620
7611
7610
7405
7285
7217
7218
7277
7219
7221
7272
7277
7265
7221
7274
7307
7217
7280
7345
7222
7216
7279
7214
7217
7307
7280
7191
7394
7386
7222
7412
7274
7353
7225
7216
7326
7224
7272
7276
7301
7266
7216
7303
7215
7248
7274
7306
7217
7245
7270
7224
7241
7279
7359
7221
7218
7279
7223
7216
7275
7277
7217
7218
7289
7220
7217
7273
7329
7221
7216
7272
7336
7266
7279
7272
7222
7219
7278
7217
7216
7379
7280
7216
7222
7273
7220
7217
7526
7276
7223
7218
7484
7218
7218
7316
7328
7223
7216
7275
7282
7402
7477
7433
7428
7454
7432
7402
7223
7244
7272
9101
8007
7575
7275
7389
7461
7218
7380
7304
7245
7274
7356
7319
7216
7476
7274
7274
7246
7337
7219
7279
7272
7302
7494
7218
7337
7221
7337
7280
7275
7221
7216
7275
7215
7216
7278
7443
7384
7383
7419
7392
7400
7384
7305
7221
7161
7216
7331
7190
7188
7273
7219
7161
7240
7215
7228
7188
7217
7256
7190
7189
7334
7320
7189
7412
7221
7278
7222
7224
7273
7161
7248
7256
7214
7189
7274
7218
7161
7280
7216
7215
7187
7241
7216
7161
7242
7227
7272
7189
7218
7218
7213
7213
7218
7274
7188
7215
7220
7191
7191
7395
7439
7378
7431
7430
7409
7402
7286
7274
7215
7217
7274
7216
7220
7565
7440
7407
7407
7433
7549
7384
7385
7351
7220
7161
7234
7220
7210
7188
7218
7218
7190
7189
7284
7188
7319
7255
7383
8617
8375
7451
7441
7604
7407
7456
7368
7326
7162
7340
7328
7217
7270
7415
7298
7163
7303
7278
7246
7217
7273
7457
7161
7303
7272
7246
7217
7277
7355
7161
7277
7279
7215
7222
7273
7281
7161
7330
7273
7222
7216
7276
7271
7162
7355
7277
7217
7217
7278
7308
7379
7430
7457
7408
7403
7430
7372
7224
7380
7381
7387
7385
7380
7407
7355
7211
7545
7432
7405
7481
7434
7459
7389
7273
7278
7297
7161
7273
7301
7212
7240
7278
7299
7161
7272
7303
7222
7242
7277
7298
7161
7469
7436
7404
7403
7432
7435
7382
7217
7272
7276
7161
7268
7280
7216
7190
7347
7383
7380
7386
7381
7455
7512
7409
7428
7433
7380
7434
7551
7243
7186
7238
7211
7191
7187
7215
7222
7185
7218
7217
7186
7186
7217
7217
7162
7212
7215
7285
8445
7501
7470
7466
7376
7245
7424
7410
7434
7383
7438
7386
7405
7570
7615
7678
7613
7674
7615
7637
7434
7414
7278
7161
7344
7273
7278
7217
7396
7274
7161
7272
7279
7216
7216
7273
7377
7161
7278
7273
7217
7216
7276
7360
7161
7276
7299
7217
7215
7408
7438
7455
7222
7283
7218
7216
7274
7307
7382
7379
7381
7387
7385
7404
7270
7214
7162
7217
7210
7191
7185
7251
7211
7162
7415
7217
7366
7189
7219
7267
7161
7267
7252
7245
7185
7272
7216
7230
7189
7212
7303
7236
7242
7241
7193
7211
7218
7237
7161
7341
7217
7216
7186
7217
7248
7162
7210
7220
7190
7186
7576
7222
7161
7216
7212
7192
7185
7214
7500
7192
7185
7249
7185
7192
7210
7214
7222
7192
7211
7189
7185
7215
7255
7192
7186
7214
7210
7161
9580
7660
7826
7428
7403
7464
7395
7320
7216
7415
7271
7260
7337
7419
7266
7216
7330
7276
7214
7374
7273
7242
7217
7297
7272
7186
7273
7357
7220
7216
7302
7274
7185
7272
7363
7299
7219
7278
7274
7161
7272
7407
7412
7405
7438
7433
7414
7382
7246
7254
7190
7189
7218
7188
7188
7217
7216
7208
7188
7218
7189
7189
7263
7219
7188
7192
7217
7217
7161
7258
7218
7224
7189
7217
7235
7161
7225
7237
7188
7191
7413
7216
7161
7415
7222
7266
7193
7269
7220
7201
7279
7269
7242
7162
7278
7215
7215
7188
7217
7287
7161
7241
7402
7212
7189
7221
7303
7161
7216
7473
7226
7189
7215
7255
7191
7188
7268
7190
7240
7583
7429
7405
7404
7430
7428
7396
7218
7276
7273
7162
7273
7276
7216
7216
7274
7273
7162
7272
8036
7708
7567
7438
7648
7408
7506
7362
7354
7222
7216
7335
7275
7224
7423
7391
7434
7385
7488
7372
7604
7218
7329
7282
7217
7273
7271
7273
7218
7298
7274
7185
7274
7273
7292
7216
7297
7275
7184
7440
7304
7291
7216
7359
7434
7615
7614
7625
7622
7616
7613
7458
7438
7406
7408
7333
7217
7409
7429
7437
7378
7273
7273
7223
7216
7272
7278
7161
7268
7280
7221
7220
7274
7277
7161
7277
7271
7223
7219
7277
7272
7161
7281
7278
7278
7267
7280
7473
7380
7523
7441
7442
7390
7453
7354
7245
7412
7390
7475
7407
7467
7428
7450
7215
7550
7374
7220
7276
7276
7329
7218
7216
7532
7274
7161
7541
7276
7215
7219
7272
7274
7161
7274
7278
7219
7219
7274
7259
7173
7273
7273
7217
7216
7277
7484
8201
7388
7587
7388
7788
7406
7537
7366
7245
7211
7216
7275
7186
7402
7392
7386
7427
7382
7391
7388
7216
7266
7329
7185
7424
7221
7196
7238
7218
7832
7190
7248
7269
7213
7189
7221
7242
7256
7435
7437
7442
7378
7413
7478
7435
7402
7246
7314
7254
7189
7216
7218
7160
7218
7370
7411
7404
7435
7427
7429
7402
7305
7275
7217
7218
7280
7217
7222
7273
7279
7161
7273
7275
7216
7217
7278
7272
7161
7279
7275
7217
7221
7280
7279
7161
7269
7314
7232
7218
7274
7285
7162
7275
7351
7408
7481
7377
7351
7417
7404
7465
7427
7434
7402
7461
7454
7394
7216
7217
7209
7186
7241
7250
7210
7234
7252
7215
7188
7488
7218
7276
7186
7215
7211
7162
7218
7251
7186
7186
7218
7216
7161
7498
7432
7404
7405
7431
8099
7867
7189
7276
7637
7220
7382
7275
7325
7161
7330
7272
7219
7270
7414
7297
7320
7241
7275
7220
7240
7278
7295
7205
7257
7274
7251
7216
7271
7362
7189
7445
7322
7310
7387
7390
7445
7384
7408
7471
7340
7268
7213
7219
7325
7403
7440
7458
7402
7430
7444
7394
7213
7222
7298
7276
7247
7280
7279
7271
7217
7275
7272
7161
7273
7281
7219
7218
7279
7275
7161
7270
7344
7405
7404
7429
7435
7408
7404
7322
7277
7161
7277
7276
7224
7216
7328
7278
7161
7276
7281
7230
7403
7434
7434
7403
7405
7432
7413
7161
7279
7274
7245
7389
7447
7500
7594
7221
7406
7273
7218
7893
7278
7320
7217
7302
7274
7228
7230
7508
7244
7217
7297
7274
7230
7712
7531
7277
7162
7358
7270
7219
7217
7274
7271
7161
7273
7274
7324
8333
7682
7498
7623
7407
7431
7491
7216
7301
7276
7357
7161
7336
7610
7221
7278
7280
7335
7219
7278
7272
7283
7217
7275
7336
7218
7338
7274
7216
7321
7271
7275
7218
7217
7271
7329
7404
7521
7516
7406
7651
7459
7455
7220
7299
7276
7357
7162
7274
7336
7217
7279
7274
7333
7161
7271
7441
7251
7386
7390
7420
7384
7408
7414
7335
7190
7189
7218
7205
7188
7218
7249
7188
7190
7265
7189
7193
7219
7217
7223
7192
7216
7191
7187
7269
7220
7191
7188
7251
7215
7161
7274
7219
7237
7192
7218
7222
7161
7215
7236
7188
7190
7232
7314
7378
7223
7219
7287
7188
7353
7312
7489
7386
7447
7389
7438
7385
7274
7452
7272
7243
7310
7212
7188
7242
7218
7197
7248
7217
7277
7188
7241
8118
7306
7271
7217
7217
7221
9513
7486
7575
7409
7480
7460
7388
7268
7216
7329
7274
7216
7380
7480
7406
7403
7508
7429
7468
7404
7357
7272
7278
7218
7272
7278
7219
7387
7378
7216
7219
7272
7219
7217
7274
7382
7407
7405
7455
7429
7407
7479
7336
7440
7163
7325
7274
7271
7218
7276
7326
7162
7296
7273
7244
7266
7273
7286
7173
7301
7271
7244
7216
7271
7240
7216
7358
7277
7215
7217
7272
7216
7216
7277
7277
7219
7218
7273
7217
7216
7275
7275
7215
7267
7275
7220
7217
7273
7274
7208
7227
7333
7226
7216
7278
7271
7161
7274
7275
7220
7217
7502
7346
7216
7217
7276
7219
7215
7308
7277
7268
7217
7277
7281
7349
7275
7419
7244
7216
7558
7217
7274
7272
7328
7216
7219
7297
7269
7411
7392
7439
7385
7406
7417
7312
7216
7188
7243
9155
7833
7388
7595
7231
7394
7191
7218
7271
7189
7244
7321
7244
7189
7483
7417
7411
7408
7401
7415
7368
7212
7258
7217
7186
7247
7241
7239
7272
7217
7255
7190
7191
7307
7191
7189
7272
7215
7229
7188
7216
7240
7188
7220
7217
7189
7190
7220
7190
7188
7282
7351
7211
7188
7431
7220
7213
7218
7307
7190
7241
7225
7216
7215
7188
7241
7222
7213
7217
7254
7212
7189
7274
7189
7212
7269
7217
7345
7188
7219
7218
7161
7268
7218
7188
7188
7222
7216
7161
7227
7217
7257
7386
7389
7438
7405
7410
7434
7436
7406
7407
7632
7261
7162
7217
7218
7191
7189
7239
7264
7161
7236
7218
7226
7188
7219
7220
7188
7189
7499
7189
7191
7367
7297
7243
7357
7218
7306
7161
7273
7217
7191
7242
7344
7246
7191
7322
7266
8626
8076
7387
7606
7431
7716
7391
7425
7432
7436
7453
7457
7394
7161
7472
7217
7253
7191
7242
7222
7188
7213
7256
7240
7162
7692
7266
7274
7190
7216
7219
7161
7217
7327
7190
7188
7274
7216
7229
7190
7218
7228
7188
7219
7251
7189
7192
7218
7190
7187
7219
7439
7407
7427
7428
7457
7404
7475
7279
7274
7374
7229
7324
7224
7273
7275
7327
7205
7230
7300
7217
7244
7272
7301
7172
7263
7300
7219
7240
7276
7299
7268
7301
7274
7217
7216
7275
7275
7161
7272
7274
7317
7406
7429
7389
7219
7217
7271
7218
7216
7522
7276
7216
7217
7275
7277
7379
7388
7476
7383
7385
7413
7312
7190
7193
7217
7254
7161
7219
7501
7190
7188
7222
7217
7161
7258
7219
7207
7187
7217
7285
7321
7188
7437
7219
7212
7287
7273
8658
8068
7478
7439
7722
7407
7505
7358
7358
7384
7359
7274
7219
7276
7396
7393
7387
7383
7389
7392
7378
7211
7244
7190
7212
7286
7277
7191
7190
7218
7302
7190
7218
7351
7404
7403
7434
7431
7403
7403
7331
7218
7205
7272
7276
7220
7216
7257
7219
7217
7279
7274
7263
7215
7274
7216
7218
7272
7275
7215
7220
7271
7220
7216
7335
7408
7216
7216
7443
7214
7270
7274
7361
7408
7432
7442
7436
7431
7406
7461
7281
7186
7216
7243
7190
7189
7278
7219
7186
7463
7305
7269
7191
7218
7255
7190
7191
7234
7285
7396
7220
7219
7236
7189
7217
7268
7161
7267
7255
7191
7188
7221
7218
7161
7218
7217
7222
7191
7221
7490
7190
7188
7252
7188
7189
7219
7217
7226
7189
7217
7240
7172
7219
7253
7190
7238
7372
7272
7161
10295
7518
7508
7445
7424
7436
7457
7375
7268
7281
7278
7278
7217
7480
7216
7241
7332
7277
7241
7217
7303
7221
7242
7322
7304
7223
7215
7359
7223
7216
7355
7272
7244
7216
7279
7259
7202
7277
7279
7217
7217
7276
7221
7216
7277
7275
7221
7216
7278
7215
7268
7278
7276
7217
7218
7279
7217
7224
7270
7278
7215
7223
7274
7214
7217
7277
7271
7161
7278
7334
7350
7216
7273
7443
7216
7269
7278
7278
7267
7273
7333
7222
7241
7272
7248
7216
7303
7280
7190
7441
7436
7466
7378
7451
7408
7426
7191
7487
7218
7222
7190
7213
7246
7161
7215
7277
7190
7186
7216
7211
7161
7217
7219
7236
7406
7431
7430
7403
7402
7525
7396
7161
7271
7280
7221
7216
7273
8068
7371
7217
7271
7279
7161
7329
7272
7222
7219
7278
8836
7762
7417
7473
7432
7533
7454
7448
7406
7388
7453
7413
7410
7419
7477
7332
7361
7162
7275
7336
7217
7281
7386
7340
7161
7336
7273
7295
7278
7277
7422
7161
7396
7304
7216
7216
7274
7274
7161
7271
7275
7219
7216
7272
7274
7162
7276
7271
7216
7320
7273
7271
7161
7277
7274
7217
7218
7276
7277
7380
7387
7417
7385
7383
7442
7310
7236
7948
7640
7640
7482
7439
7618
7655
7627
7614
7619
7613
7584
7378
7530
7432
7431
7383
7409
7429
7408
7240
7308
7237
7194
7248
7217
7242
7187
7653
7246
7187
7209
7256
7241
7161
7431
7512
7404
7408
7431
7434
7388
7221
7273
7278
7161
7277
7277
7223
7216
7279
7448
7220
7280
7280
7217
7217
7279
7279
7161
7275
7276
7223
7219
7324
7276
7161
7277
7269
7220
7217
9826
7586
7335
7397
7493
7555
7412
7403
7453
7431
7454
7403
7480
7456
7477
7406
7437
7459
7406
7454
7459
7531
7404
7428
7432
7495
7161
7459
7461
7558
7365
7274
7330
7223
7217
7390
7278
7187
7283
7299
7220
7241
7279
7268
7249
7280
7279
7262
7217
7279
7276
7161
7424
7434
7405
7380
7383
7412
7382
7209
7211
7216
7161
7215
7211
7225
7185
7217
7326
7378
7431
7436
7430
7378
7607
7512
7405
7404
7430
7433
7382
7223
7462
7280
7188
7350
7274
7278
7216
7333
7283
7219
7274
7504
7244
7216
7305
7279
7278
7217
7279
7245
7268
7302
7276
7246
7218
7271
7307
7216
7273
7273
7222
7215
7277
7216
7217
7278
7502
7217
7221
7271
7219
7217
7277
7273
7225
7219
7277
7294
7219
7280
7283
7217
7217
7278
7222
7217
9382
7683
7488
7221
7305
7336
7272
7222
7328
7278
7360
7275
7275
7245
7219
7306
7328
7306
7293
7831
7441
7220
7272
7277
7328
7219
7334
7300
7218
7246
7306
7246
7218
7305
7276
7224
7246
7279
7249
7219
7301
7276
7219
7304
7275
7229
7269
7272
7278
7221
7219
7275
7221
7219
7277
7274
7163
7277
7281
7219
7219
7278
7277
7163
7274
7277
7222
7220
7280
7278
7163
7274
7365
7409
7382
7415
7390
7455
7388
7255
7222
7163
7216
7265
7189
7190
7252
7217
7248
7207
7219
7531
7558
7509
7431
7433
7403
7457
7434
7365
7318
7277
7307
7203
7254
7276
7216
7241
7274
7299
7161
7294
7330
7244
7216
7273
7355
7161
7274
7508
7226
7216
7273
7273
7173
7261
7275
7223
7266
7272
7324
7407
7410
7420
7391
7378
7392
7289
8785
7974
7607
7495
7433
7493
7408
7374
7273
7261
7219
7429
7265
7218
7299
7274
7246
7268
7298
7201
7218
7306
7349
7245
7218
7435
7220
7216
7408
7287
7273
7218
7336
7223
7270
7280
7272
7244
7216
7301
7217
7186
7278
7280
7291
7222
7296
7280
7185
7281
7358
7405
7403
7295
7274
7161
7280
7278
7219
7217
7279
7277
7162
7272
7278
7222
7215
7272
7280
7161
7278
7272
7269
7216
7278
7280
7162
7276
7277
7216
7216
7386
7429
7378
7429
7433
7434
7378
7279
7280
7255
7525
7389
7382
7406
7405
7436
7412
7440
7237
7250
7357
7186
7310
7215
7284
7188
7216
7271
7161
7244
7218
7210
7190
7237
7217
7162
7241
7212
7247
7408
7240
7211
7161
7299
7216
7187
7236
7233
7216
7218
7187
7221
7186
7190
7212
7217
7191
7293
8739
7905
7427
7542
7228
7398
7194
7239
7255
7219
7217
7384
7245
7208
7212
7266
7217
7201
7203
7244
7189
7212
7331
7243
7233
7407
7496
7457
7488
7405
7605
7414
7276
7448
7276
7348
7218
7359
7275
7245
7276
7368
7434
7407
7428
7392
7386
7384
7275
7253
7190
7213
7218
7213
7188
7336
7217
7207
7191
7218
7209
7185
7219
7225
7191
7187
7252
7216
7161
7464
7538
7404
7403
7432
7430
7388
7217
7274
7274
7161
7269
7276
7216
7219
7273
7281
7379
7391
7592
7569
7379
7442
7294
7237
7188
7216
7266
7240
7188
7253
7188
7190
7450
7514
7403
7424
7489
7430
7428
7215
7329
7264
7227
7271
7274
7242
7220
7295
7379
7298
7277
8129
7326
7217
7297
7320
7248
7217
7359
7215
7219
7274
7280
7216
7222
7271
7322
7216
8452
7539
7500
7383
7622
7430
7552
7163
7358
7275
7448
7216
7280
7332
7268
7335
7274
7275
7217
7350
7335
7162
7331
7278
7363
7408
7458
7431
7406
7403
7430
7397
7162
7274
7273
7277
7349
7274
7473
7217
7268
7322
7271
7218
7271
7331
7214
7247
7273
7242
7215
7275
7296
7161
7299
7274
7239
7216
7303
7275
7161
7354
7275
7248
7216
7276
7274
7161
7274
7318
7219
7216
7275
7274
7161
7276
7274
7217
7218
7280
7273
7161
7275
7276
7219
7215
7277
7297
7425
7303
7276
7271
7216
7283
7281
7161
7321
7277
7219
7216
7273
7276
7161
7272
7276
7271
7217
7273
7271
7161
7273
7584
7408
7420
7506
7436
7436
7404
7359
7491
7244
7188
7256
7276
7161
7290
7219
7231
7188
7244
7220
7162
7241
7217
7216
7295
7302
7216
7227
9601
7425
7523
7408
7480
7433
7416
7216
7271
7273
7493
7260
7278
7298
7218
7242
7279
7276
7184
7352
7301
7249
7242
7277
7298
7219
7217
7363
7217
7216
7417
7436
7411
7405
7435
7436
7405
7406
7439
7346
7162
7216
7217
7269
7188
7353
7257
7357
7191
7266
7191
7189
7272
7215
7245
7189
7243
7233
7188
7245
7218
7212
7187
7286
7218
7161
7243
7272
7292
7405
7474
7431
7406
7402
7428
7400
7161
7283
7272
7216
7216
7275
7273
7161
7272
7554
7321
7219
7271
7276
7161
7324
7273
7215
7265
7277
7269
7161
7275
7278
7217
7217
7274
7275
7161
7278
7273
7217
7217
7275
7271
7161
7275
7273
7221
7217
7438
7272
7327
7525
7392
7440
7383
7415
7471
7373
7189
7379
7217
7217
7217
7215
7215
7291
7242
7254
7190
7214
9436
7629
7444
7633
7444
7470
7446
7212
7277
7327
7432
7216
7259
7801
7242
7218
7378
7217
7216
7320
7274
7234
7256
7304
7215
7241
7276
7276
7304
7216
7271
7219
7216
7274
7274
7161
7272
7276
7450
7218
7276
7333
7405
7403
7431
7432
7378
8176
7454
7468
7454
7410
7431
7533
7379
7327
7273
7278
7381
7327
7271
7222
7245
7277
7241
7265
7339
7277
7188
7266
7279
7245
7217
7299
7294
7432
7380
7382
7383
7378
7408
7317
7207
7588
7219
7248
7193
7186
7216
7211
7161
7436
7455
7404
7406
7433
7431
7402
7230
7278
7275
7162
7270
7280
7223
7217
7274
7277
7162
7282
7278
7216
7217
7278
7274
7163
7273
7276
7219
7443
7324
7335
7162
7356
7374
7382
7461
7440
7413
7388
7405
7354
7304
7191
7190
7276
7186
7212
7217
7241
7245
8516
7707
7444
7527
7195
7360
7270
7419
7189
7222
7308
7161
7264
7396
7431
7405
7460
7429
7408
7427
7320
7295
7161
7302
7273
7248
7217
7279
7359
7161
7277
7279
7222
7266
7278
7307
7161
7279
7267
7222
7217
7277
7273
7161
7403
7383
7404
7380
7388
7387
7362
7186
7221
7216
7161
7487
7432
7410
7317
7214
7395
7427
7430
7431
7459
7405
7420
7441
7402
7186
7278
7293
7220
7241
7273
7272
7186
7279
7376
7588
7304
7281
7277
7217
7217
7276
7222
7217
7411
7430
7407
7403
7429
7436
7416
7222
7269
7223
7217
7281
7279
7215
7217
7280
7216
7221
7274
7274
7161
7277
7283
7222
7216
7285
7273
7161
7565
7278
7216
7218
7279
7278
7161
7273
7279
7222
7215
7507
7482
7407
7427
7503
7435
7444
7219
7326
7225
7270
9350
7646
7447
7489
7643
7433
7522
7255
7430
7432
7436
7378
7390
7432
7341
7209
7262
7241
7223
7210
7218
7301
7379
7427
7437
7403
7433
7618
7505
7404
7404
7432
7480
7379
7224
7271
7281
7161
7277
7273
7224
7216
7280
7296
7161
7279
7277
7217
7217
7277
7277
7161
7272
7277
7230
7404
7431
7432
7405
7432
7502
7401
7207
7362
7274
7268
7217
7336
7394
7279
7218
7279
7322
7222
7297
7280
7214
7610
7409
7388
7378
7412
7382
7413
7176
7365
7263
7232
7186
7218
7245
7161
7216
7216
7187
7186
7249
7215
7161
7210
7218
7221
7191
7212
7217
7161
7216
7248
7191
7185
7218
7212
7161
8236
7268
7461
7161
7216
7216
7186
7185
7219
7217
7189
7215
7324
7191
7185
7210
7671
7192
7188
7305
7268
7240
7233
7381
7339
8336
7603
7609
7541
7539
7536
7367
7468
7380
7417
7465
7410
7382
7418
7312
7278
7213
7219
7271
7161
7244
7288
7188
7213
7219
7242
7161
7303
7219
7192
7201
7253
7217
7190
7189
7218
7191
7187
7222
7215
7227
7188
7218
7189
7189
7218
7254
7189
7188
7221
7216
7161
7227
7218
7226
7189
7218
7218
7212
7216
7220
7188
7190
7221
7218
7161
7458
7437
7425
7326
7213
7395
7188
7242
7212
7216
7217
7569
7270
7228
7211
7216
7266
7191
7186
7275
7236
7212
7263
7220
7216
7185
7242
7186
7276
7212
7232
7186
7190
7212
7216
7161
7247
7216
7223
7192
7216
7244
7161
7218
7215
7186
7187
7218
7263
7161
7466
7217
7191
7185
7212
7218
7190
7188
7228
7296
7187
7216
7212
7225
7188
7215
7186
7186
7273
7250
7186
7187
8397
7607
7466
7456
7620
7508
7614
7421
7463
7461
7413
7611
7472
7464
7402
7430
7416
7343
7185
7210
7241
7223
7211
7216
7242
7190
7187
7272
7191
7270
7302
7212
7224
7189
7215
7186
7185
7218
7337
7185
7186
7215
7216
7161
7243
7215
7190
7185
7217
7242
7161
7215
7218
7188
7186
7249
7217
7162
7289
7218
7185
7190
7215
7217
7161
7215
7241
7191
7186
7243
7212
7161
7251
7215
7247
7509
7691
7462
7457
7404
7465
7381
7306
7215
7334
7328
7161
7298
7287
7244
7217
7300
7267
7196
7279
7272
7244
7216
7301
7213
7298
7280
7301
7218
7217
7278
7222
7218
7277
7275
7205
7219
7277
7264
7217
7277
7397
7380
7379
7387
7386
7403
7380
7274
7371
7161
7214
7250
7186
7191
7213
7217
7161
7215
7215
7299
7187
7219
7604
8170
7441
7604
7229
7633
7613
7440
7510
7411
7430
7509
7452
7619
7420
7499
7438
7436
7409
7370
7215
7215
7253
7218
7216
7188
7242
7218
7185
7262
7322
7202
7188
7242
7217
7186
7218
7299
7191
7188
7217
7231
7189
7188
7220
7189
7188
7217
7218
7197
7191
7217
7225
7190
7215
7239
7190
7241
7217
7194
7188
7257
7216
7192
7188
7217
7276
7161
7220
7248
7188
7189
7253
7219
7161
7582
7221
7193
7187
7215
7253
7190
7190
7283
7324
7240
7445
7219
7296
7384
7416
7418
7384
7408
7391
7387
7161
7310
7217
7220
7189
7326
7236
7187
7191
7218
7191
7187
7219
7277
7191
7189
7267
7191
7188
7217
7327
7367
7189
7249
7218
7161
7215
7294
7226
7191
7219
7254
7161
7218
7216
7190
7187
7218
7215
7161
7273
7217
8504
7940
7519
7591
7431
7685
7405
7481
7270
7327
7274
7527
7615
7609
7623
7618
7571
7380
7386
7367
7405
7499
7437
7457
7403
7426
7301
7300
7271
7218
7281
7222
7219
7273
7279
7221
7215
7276
7221
7217
7279
7283
7204
7290
7278
7217
7219
7274
7277
7161
7276
7272
7220
7216
7281
7275
7213
7280
7263
7217
7216
7277
7277
7161
7271
7276
7214
7218
7274
7274
7161
7277
7273
7219
7576
7324
7274
7161
7281
7277
7252
7221
7272
7281
7214
7280
7271
7222
7218
7453
7429
7405
7477
7384
7547
7720
7360
7285
7348
7174
7283
7308
7216
7241
7276
7241
7216
7283
7278
7192
7214
7268
7242
7161
7298
7216
7236
7409
7217
7217
7161
7219
7324
7188
7188
7256
7217
7211
7190
7217
7228
7192
7215
7218
7190
7190
7216
7190
7216
8322
7583
7447
7451
7223
7458
7195
7237
7269
7215
7275
7389
7417
7419
7402
7391
7415
7385
7180
7244
7217
7227
7188
7243
7305
7161
7349
7307
7355
7190
7268
7218
7161
7310
7228
7241
7188
7244
7234
7213
7190
7217
7212
7190
7247
7217
7228
7193
7216
7302
7162
7300
7217
7190
7188
7311
7214
7161
7225
7217
7190
7188
7216
7266
7162
7215
7222
7188
7190
7248
7218
7176
7221
7575
7244
7188
7219
7217
7191
7189
7257
7216
7211
7676
7599
7405
7403
7437
7438
7403
7402
7265
7218
7186
7187
7215
7252
7320
7213
7396
7407
7432
7433
7435
7434
7405
7378
7280
7186
7324
8136
7320
7216
7301
7272
7239
7476
7409
7475
7638
7623
7631
7665
7461
7898
7620
7651
7412
7404
7469
7432
7408
7404
7434
7528
7420
7269
9301
7430
7709
7417
7534
7477
7409
7250
7274
7276
7239
7246
7219
7333
7190
7212
7240
7185
7436
7409
7409
7403
7408
7454
7433
7429
7328
7294
7192
7185
7308
7209
7363
7186
7383
7213
7213
7215
7215
7242
7186
7267
7216
7184
7211
7240
7186
7189
7236
7249
7185
7215
7236
7193
7252
7273
7211
7271
7185
7214
7223
7186
7220
7320
7381
7380
7416
7384
7429
7189
7217
7304
7470
7214
7222
7190
7186
7213
7216
7161
7248
7261
7253
7185
7217
7211
7161
7219
7258
7186
7185
7247
7217
7162
7210
7221
7227
7188
7212
7246
7190
7188
7250
7190
7188
7414
7211
7209
7363
7266
7264
7161
7273
7252
7185
7242
7489
7455
7428
7430
7460
7461
7378
7269
7329
7222
7243
7428
7429
7408
7429
7435
7431
7420
7218
7276
7269
7217
8502
7590
7329
7407
7611
7453
7501
7407
7350
7218
7376
7406
7521
7431
7404
7464
7431
7462
7161
7329
7273
7216
7278
7274
7335
7268
7334
7274
7338
7217
7274
7272
7161
7272
7277
7219
7216
7276
7314
7161
7464
7366
7508
7404
7453
7428
7404
7426
7304
7332
7219
7242
7323
7241
7217
7272
7302
7223
7243
7274
7236
7219
7269
7299
7219
7302
7275
7220
7216
7270
7397
7363
7220
7273
7301
7409
7435
7440
7405
7405
7439
7317
7226
7188
7218
7219
7161
7214
7272
7191
7188
7251
7217
7161
7234
7215
7199
7188
7217
7253
7161
7216
7222
7188
7187
7219
7217
7161
7314
7219
7256
7323
7216
7404
7193
7242
7563
7216
7216
7302
7272
7225
7212
7217
7239
7212
7191
7243
7189
7216
7253
7218
7214
7189
7239
7243
7271
7219
9415
7738
7672
7423
7430
7613
7407
7309
7307
7306
7161
7478
7432
7409
7403
7435
7428
7394
7240
7278
7307
7161
7274
7303
7263
7241
7278
7360
7161
7273
7280
7222
7217
7278
7275
7161
7275
7275
7220
7217
7280
7272
7161
7275
7336
7216
7355
7269
7444
7162
7327
7274
7313
7270
7275
7329
7161
7302
7278
7241
7219
7270
7300
7161
7296
7277
7246
7218
7275
7366
7484
7462
7428
7435
7378
7413
7292
7226
7185
7266
7249
7190
7187
7253
7186
7186
7218
7216
7201
7217
7215
7224
7186
7210
7217
7191
7186
7211
7190
7188
7246
7212
7191
7188
7215
7186
7185
7266
7216
7187
7185
7251
7215
7161
7250
7212
7230
7409
7325
7417
7191
7187
7422
7187
7236
7241
7273
7186
7243
7217
7203
7200
7211
7241
7236
7214
7212
7218
7185
9632
7629
7449
7475
7197
7388
7222
7272
7194
7213
7533
7163
7276
7256
7214
7189
7220
7240
7161
7260
7217
7244
7224
7228
7307
7161
7240
7257
7274
7187
7219
7218
7190
7187
7215
7192
7187
7218
7219
7190
7187
7226
7189
7188
7219
7217
7224
7188
7218
7209
7224
7217
7284
7190
7323
7254
7384
7162
7318
7216
7282
7188
7219
7271
7189
7213
7272
7214
7611
7490
7510
7404
7469
7429
7492
7385
7278
7277
7383
7282
7272
7275
7217
7216
7277
7272
7161
7275
7410
7405
7403
7433
7430
7428
7403
7307
7279
7161
7271
7276
7217
7218
7276
7274
7161
7321
7270
7218
7216
7273
7272
7161
7274
7275
7217
7215
7593
7276
7161
7273
7274
7220
7216
7274
7420
7161
7272
7446
7217
7268
7277
7331
7161
7300
7304
7215
7243
7274
9387
7712
7541
7421
7498
7437
7393
7316
7277
7241
7223
7503
7279
7221
7273
7273
7279
7217
7335
7274
7221
7275
7432
7218
7217
7336
7275
7336
7218
7273
7218
7216
7273
7270
7161
7277
7273
7216
7216
7272
7275
7161
7270
7276
7220
7218
7273
7279
7161
7379
7274
7219
7216
7272
7273
7161
7276
7276
7265
7432
7391
7444
7507
7386
7416
7374
7261
7528
7274
7256
7162
7240
7255
7216
7188
7292
7265
7186
7255
7218
7217
7188
7244
7253
7245
7219
7222
7188
7188
7274
7218
7222
7189
7217
7208
7189
7215
7218
7190
7189
7253
7190
7189
7221
7264
7762
7630
7219
7218
7190
7190
7222
7188
7188
7220
7323
7237
7413
7217
7239
7161
7220
7216
7190
7188
7237
7215
7161
7220
7218
7226
7188
7267
7281
7161
7348
7330
7357
7194
9678
7520
7475
7400
7189
7381
7218
7213
7330
7275
7360
7193
7268
7254
7212
7193
7235
7194
7186
7241
7259
7246
7186
7239
7186
7186
7241
7251
7270
7185
7216
7216
7161
7247
7215
7190
7186
7213
7217
7161
7215
7213
7190
7186
7404
7429
7405
7404
7459
7429
7378
7298
7277
7217
7220
7396
7434
7404
7405
7437
7433
7379
7268
7335
7274
7451
7336
7484
7215
7370
7274
7333
7165
7304
7283
7267
7241
7276
7248
7190
7274
7275
7215
7219
7272
7251
7216
7280
7310
7382
7380
7439
7454
7407
7402
7433
7429
7378
7433
7317
7186
7185
7267
7219
7186
7187
7214
7190
7189
7211
7253
7191
7187
7316
7190
7187
7474
7214
7224
7186
7216
7211
7162
7217
7236
7186
7187
7255
7216
7161
7291
7215
7226
7185
7213
7324
7161
7216
8261
7690
7640
7199
7427
7352
7213
7409
7428
7463
7378
7514
7220
7255
7189
7241
7218
7190
7214
7285
7214
7188
7255
7217
7189
7213
7215
7343
7161
7217
7217
7190
7191
7219
7216
7161
7228
7220
7190
7188
7219
7241
7161
7217
7218
7188
7190
7301
7217
7161
7218
7216
7190
7187
7220
7264
7176
7203
7232
7188
7188
7256
7217
7218
7406
7610
7390
7161
7216
7370
7404
7406
7459
7433
7461
7510
7428
7482
7283
7217
7321
7220
7273
7274
7326
7219
7216
7300
7274
7241
7283
7299
7217
7240
7274
7222
7241
7279
7309
7215
7300
7275
7271
7218
7275
7274
7217
7217
7273
7218
7218
7270
7272
7319
7220
7273
7286
7361
7274
7272
7220
7216
7273
7216
7217
7278
7276
7215
7218
7326
7219
7215
7274
7275
7219
7220
7502
7225
7216
8422
7432
7445
7431
7430
7493
7405
7278
7304
7386
7374
7219
7664
7274
7291
7272
7359
7326
7304
7274
7275
7223
7275
7334
7220
7278
7278
7330
7162
7274
7336
7217
7278
7275
7392
7162
7271
7275
7219
7216
7273
7307
7378
7431
7429
7453
7403
7430
7359
7218
7217
7274
7308
7378
7434
7418
7382
7386
7388
7301
7232
7191
7532
7222
7188
7191
7216
7190
7189
7264
7216
7233
7237
7219
7189
7187
7218
7255
7189
7188
7398
7219
7305
7406
7221
7242
7298
7388
7273
7247
7190
7252
7215
7189
7292
7215
7249
7187
7243
7253
7209
7241
7219
7212
7187
7303
7217
7161
7247
7217
7191
7294
7218
7218
7161
7217
7488
7191
7189
7455
7429
7413
7403
7430
7429
7409
7216
7322
7216
7217
7276
7276
7296
7216
7273
7240
7215
7274
9510
7932
7252
7410
7574
7275
7299
7276
7322
7220
7272
7417
7274
7245
7297
7413
7267
7380
7275
7273
7270
7218
7327
7220
7272
7270
7299
7221
7217
7297
7219
7240
7274
7305
7220
7218
7298
7217
7240
7276
7360
7215
7216
7277
7270
7217
7273
7273
7219
7217
7277
7216
7216
7271
7276
7161
7274
7275
7201
7218
7273
7311
7447
7220
7275
7220
7218
7274
7274
7161
7469
7491
7428
7378
7430
7430
7376
7219
7278
7277
7214
7218
7275
7218
7216
7272
7332
7161
7475
7363
7386
7481
7440
7457
7410
7432
7437
7394
7190
7236
7282
7219
7185
7217
7243
7189
7213
7220
7219
7186
7320
7281
7191
7271
7256
7216
7244
7410
7218
7216
7161
7216
7234
7188
7188
7240
7274
7161
7217
7221
7302
7190
7216
7219
7161
7217
7283
7190
7187
9192
7535
7528
7165
7362
7244
7247
7187
7216
7268
7204
7296
7220
7253
7188
7252
7276
7189
7213
7251
7241
7161
7601
7432
7405
7735
7433
7544
7389
7272
7270
7299
7161
7273
7296
7222
7241
7280
7300
7161
7274
7300
7264
7240
7274
7299
7161
7358
7271
7213
7216
7277
7272
7161
7274
7278
7216
7217
7270
7323
7357
7270
7275
7219
7217
7274
7274
7161
7275
7351
7482
7403
7439
7431
7410
7407
7435
7435
7408
7406
7438
7432
7408
7405
7436
7433
7378
7434
7351
7188
7187
7255
7220
7212
7234
7351
7227
7249
7384
7750
7566
7403
7515
7432
7491
7403
7361
7494
7219
7277
7274
7278
7216
7419
7392
7424
7500
7438
7437
7405
7381
7220
7219
7161
7302
7219
7189
7190
7216
7319
7161
7217
7273
7190
7190
7267
7216
7250
8800
7525
7477
7429
7195
7400
7221
7245
7190
7274
7314
7381
7412
7409
7405
7380
7436
7320
7211
7186
7216
7320
7378
7452
7430
7429
7403
7465
7404
7217
7381
7271
7327
7161
7333
7274
7219
7282
7273
7298
7209
7301
7274
7216
7242
7278
7296
7161
7299
7267
7243
7218
7277
7357
7162
7280
7281
7252
7516
7278
7347
7161
7272
7274
7216
7219
7307
7274
7209
7270
7272
7223
7217
7277
7272
7161
7275
7275
7216
7215
7275
7275
7161
7266
7282
7218
7216
7273
7348
7380
7432
7431
7405
7403
7432
7469
7219
7216
7278
7312
7379
7436
7416
7487
7380
7412
7402
7190
7244
7215
7315
7188
7216
7216
7216
7187
7543
7457
7405
7428
7430
7477
7400
7289
7278
7273
7244
7349
7277
7219
7216
7275
7299
7161
7279
7272
7220
7216
9239
7490
7413
7454
7503
7417
7440
7186
7262
7217
7432
7189
7260
7274
7161
7245
7212
7217
7186
7244
7212
7161
7268
7217
7389
7186
7241
7252
7161
7295
7272
7191
7185
7249
7219
7268
7340
7211
7474
7214
7269
7211
7247
7187
7216
7265
7161
7269
7216
7210
7186
7216
7243
7161
7240
7228
7284
7411
7217
7240
7191
7271
7215
7233
7186
7217
7250
7239
7185
7246
7216
7161
7246
7215
7222
7190
7212
7217
7161
7215
7214
7190
7186
7250
7211
7161
7214
7215
7231
7185
7215
7278
7161
7210
7218
7235
7191
7210
7220
7196
7213
7213
7223
7187
7216
7241
7295
7185
7308
7305
7207
7250
7386
7205
7238
7218
7521
7162
7211
7278
7190
7210
7261
7241
7218
7185
7234
7296
7211
7215
7362
7193
7216
7267
7215
7425
7432
7430
7651
8223
7385
7585
7215
7161
7421
7275
7265
7216
7335
7440
7319
7216
7279
7244
7215
7298
7272
7187
7271
7277
7242
7216
7299
7388
7676
7610
7678
7619
7611
7610
7463
7345
7187
7189
7217
7215
7161
7347
7216
7277
7384
7212
7545
7193
7314
7243
7191
7269
7220
7302
7191
7245
7216
7275
7490
7220
7294
7186
7245
7371
7393
7438
7411
7435
7458
7417
7190
7255
7191
7188
7253
7217
7209
7190
7217
7227
7214
7218
7219
7191
7191
7257
7215
7162
7219
7217
7239
7188
7219
7249
7161
7216
7266
7191
7191
7255
7218
7161
7254
7215
7228
7188
7217
7322
7161
7219
7240
7188
7188
7219
7218
7210
7233
7294
7308
7413
7364
7226
7241
7188
7325
7216
7161
7306
7217
7324
7188
7242
7274
7188
7213
7249
7213
7190
7277
7218
8460
8489
7633
7443
7432
7684
7406
7459
7244
7276
7275
7541
7611
7620
7613
7618
7610
7616
7320
7216
7209
7190
7244
7240
7161
7240
7211
7274
7186
7217
7210
7161
7217
7250
7186
7187
7216
7217
7236
7189
7215
7227
7185
7210
7216
7190
7188
7411
7191
7185
7442
7212
7228
7359
7217
7382
7358
7276
7252
7242
7188
7398
7457
7431
7465
7542
7470
7371
7246
7252
7219
7223
7230
7280
7221
7307
7212
7215
7161
7215
7210
7190
7185
7254
7211
7161
7488
7390
7472
7378
7384
7431
7404
7294
7221
7215
7186
7186
7216
7220
7185
7211
7215
7192
7305
7218
7211
7161
7249
7216
7185
7186
7218
7216
7161
7215
7440
7403
7407
7439
7483
7429
7408
7414
7346
7161
7428
7271
7273
7217
7360
7276
7221
7273
7277
7242
7217
7305
7945
8098
7384
7562
7517
7391
7431
7271
7370
7189
7291
7564
7459
7404
7405
7457
7429
7404
7290
7298
7220
7216
7295
7277
7185
7272
7295
7217
7300
7274
7272
7161
7275
7366
7406
7405
7429
7489
7403
7406
7305
7276
7205
7230
7268
7218
7216
7273
7272
7161
7273
7274
7215
7217
7519
7355
7454
7404
7505
7434
7412
7444
7336
7274
7265
7326
7273
7244
7218
7305
7228
7215
7301
7272
7246
7218
7298
7217
7217
7299
7273
7302
7218
7276
7220
7217
7275
7275
7211
7280
7280
7218
7268
7274
8099
7341
7216
7414
7433
7403
7403
7431
7651
7422
7224
7280
7219
7216
7272
7276
7161
7957
7996
8135
7950
7831
8039
8355
7666
7658
7654
7770
7658
7631
7622
7626
7639
7624
7614
7630
7627
7631
7625
7622
9006
7669
7818
7645
7760
7658
7642
7642
7625
7638
7692
7652
7595
7685
7637
7646
7647
7650
7683
7599
7561
7676
7635
7613
7576
7631
7668
7654
7610
7620
7632
7650
7616
7618
7624
7585
7651
7499
7673
7436
7405
7429
7835
7620
7613
7612
7616
7623
7856
7611
7744
7627
7627
8094
7751
7588
7501
7662
7611
7616
7576
7403
7404
7668
7278
7215
7631
7279
7322
7247
7333
7278
7270
7218
7272
7299
7162
7298
7272
7244
7221
7275
7281
7175
7300
7271
7241
7218
7418
7268
7220
7273
7275
7218
7216
7273
7294
7380
7391
7389
7385
7434
7417
7346
7225
7188
7219
7217
7161
7218
7372
7405
7405
7445
7435
7436
7504
7360
7275
7188
7252
7348
7219
7217
7273
7273
7161
7278
7275
7217
7216
7275
7282
7161
7273
9442
7637
7408
7358
7481
7462
7669
7405
7527
7524
7488
7404
7515
7445
7219
7217
7272
7223
7216
7275
7281
7192
7248
7274
7220
7216
7280
7273
7220
7277
7276
7216
7218
7275
7278
7161
7279
7321
7222
7217
7282
7270
7161
7281
7274
7216
7215
7277
7277
7163
7269
7281
7221
7216
7528
7278
7161
7278
7277
7221
7217
7311
7272
7161
7332
7280
7214
7217
7278
7273
7161
7273
7338
7222
7321
7369
7404
7460
7380
7408
7382
7401
7209
7271
7186
7186
7278
7216
7210
7187
7245
7232
7238
7236
7247
7211
7190
7235
7190
7270
7250
7211
7192
7290
7218
7246
7162
7221
7214
7189
7187
7251
7216
7161
7497
7431
7403
7405
7429
7577
7380
7219
7256
7278
7161
7353
7272
7399
7411
7436
7418
7385
7384
7420
7363
7191
7188
7218
8825
8178
7561
7505
7612
7507
7405
7416
7411
7411
7217
7562
7272
7288
7487
7390
7417
7378
7417
7420
7384
7186
7287
7217
7222
7215
7218
7223
7188
7240
7252
7190
7211
7217
7301
7161
7307
7217
7191
7188
7219
7231
7161
7217
7263
7189
7190
7219
7219
7161
7219
7216
7251
7423
7223
7238
7190
7193
7263
7188
7187
7267
7220
7294
7188
7219
7218
7162
7217
7255
7188
7190
7255
7218
7161
7255
7222
7209
7189
7219
7281
7161
7302
7310
7188
7355
7222
7269
7268
7243
7220
7290
7245
7218
7274
7190
7213
7218
7218
7186
7263
7241
7295
7212
7218
7277
7161
7219
7303
7188
7187
8214
7800
7405
7380
7391
7411
7380
7497
7571
7220
7222
7186
7216
7320
7161
7211
7281
7192
7186
7261
7215
7161
7418
7382
7390
7378
7387
8002
7684
7456
7445
7436
7230
7349
7273
7266
7192
7242
7218
7211
7216
7301
7353
7241
7499
7439
7435
7425
7403
7460
7396
7238
7217
7278
7220
7216
7279
7275
7210
7230
7276
7216
7267
7274
7276
7161
7274
7338
7216
7221
7275
7283
7382
7380
7382
7387
7378
7388
7400
7406
7186
7217
7243
7191
7185
7262
7186
7185
7254
7269
7222
7188
7216
7215
7163
7213
7338
7405
7403
7428
7435
7415
7611
7433
7277
7161
7278
7271
7222
7217
7275
7271
7161
7277
7280
7279
7216
7456
7317
7404
7502
7430
7460
7378
7457
7351
7240
7289
7280
7272
7210
7231
7281
7225
7218
7279
7280
7161
7311
7283
7244
7380
7406
7386
7435
7380
7500
7331
7286
7198
7210
7248
7186
7215
7239
7192
7187
7299
7210
7162
7218
7216
7186
7188
7216
7593
8334
7717
7509
7434
7453
7431
7382
7273
7216
7272
7273
7273
7216
7296
7275
7186
7272
7302
7307
7666
7854
7697
7582
7404
7527
7444
7428
7189
7219
7276
7189
7244
7218
7262
7190
7242
7219
7189
7215
7216
7305
7162
7244
7256
7190
7212
7219
7301
7161
7257
7473
7242
7189
7218
7238
7188
7189
7252
7188
7193
7408
7218
7190
7190
7215
7226
7188
7218
7254
7190
7189
7219
7215
7162
7251
7218
7189
7188
7218
7252
7161
7215
7221
7190
7189
7254
7217
7161
7269
7217
7424
7407
7436
7540
7409
7483
7437
7407
7344
7218
7307
7258
7229
7283
7300
7217
7220
7301
7222
7242
7277
7308
7221
7218
7305
7264
7239
7278
7581
7217
7218
7327
7279
7163
7300
7278
7245
7222
7275
7279
7162
7276
7361
7225
7216
7277
7244
7190
8518
7779
7497
7587
7226
7453
7217
7268
7277
7274
7269
7216
7330
7218
7240
7272
7271
7244
7217
7409
7433
7443
7434
7493
7408
7405
7343
7395
7452
7403
7524
7430
7450
7403
7313
7335
7161
7327
7273
7241
7220
7294
7274
7161
7297
7272
7244
7220
7535
7453
7191
7270
7277
7298
7216
7306
7275
7161
7273
7337
7246
7216
7272
7272
7161
7274
7273
7219
7217
7382
7275
7161
7274
7275
7223
7220
7272
7279
7161
7274
7272
7219
7215
7278
7273
7161
7278
7322
7215
7215
7275
7331
7161
7273
7301
7221
7219
7375
7274
7161
7333
7404
7214
7296
7369
7273
7214
7274
7347
7218
7276
7271
7278
7186
7329
7299
7218
7240
7277
7577
7189
7275
7320
7216
7240
7304
7355
7161
7279
7280
7220
7220
7274
7360
7161
7275
7269
7218
7216
8197
7844
7417
7657
7286
7414
7222
7217
7328
7214
7272
7275
7327
7227
7410
7497
7432
7464
7404
7503
7410
7221
7274
7271
7291
7217
7336
7272
7281
7275
7469
7404
7403
7460
7432
7450
7403
7471
7274
7266
7219
7277
7275
7216
7327
7275
7236
7631
7437
7465
7378
7460
7417
7414
7378
7315
7216
7259
7213
7217
7304
7161
7217
7256
7187
7188
7251
7221
7237
7410
7431
7432
7378
7428
7432
7373
7217
7271
7276
7217
7217
7275
7216
7217
7275
7322
7161
7272
7272
7216
7219
7325
7282
7161
7271
7377
7262
7385
7390
7436
7407
7405
7435
7432
7416
7190
7219
7253
7319
7221
7422
7189
7292
7221
7218
7215
7332
7273
7305
7377
7217
7515
7472
7404
7490
7432
7466
7402
7380
7274
7161
7339
7269
7341
7218
7278
7272
7161
8356
7429
7488
7167
7608
7273
7347
7220
7358
7276
7204
7317
7275
7287
7216
7339
7273
7218
7277
7273
7276
7216
7334
7274
7270
7217
7276
7337
7217
7375
7275
7219
7217
7272
7219
7216
7277
7273
7161
7297
7275
7275
7215
7468
7311
7554
7560
7467
7436
7437
7387
7271
7308
7161
7245
7252
7263
7188
7239
7239
7161
7243
7220
7232
7188
7219
7246
7161
7301
7254
7189
7191
7216
7219
7219
7192
7215
7210
7188
7219
7219
7189
7190
7218
7239
7189
7238
7218
7191
7191
7219
7268
7161
7216
7334
7188
7190
7429
7436
7404
7405
7430
7431
7378
7270
7271
7219
7216
7273
7272
7185
7323
7275
7278
7350
7276
7433
7164
7322
7514
7409
7492
7454
7519
7417
7432
7435
7464
7408
7405
7460
7437
7432
7189
7240
8851
7986
7192
7312
7486
7410
7449
7435
7461
7412
7429
7433
7452
7405
7261
7301
7213
7242
7278
7460
7528
7429
7410
7388
7430
7380
7333
7245
7246
7211
7273
7186
7191
7249
7215
7161
7217
7210
7218
7185
7216
7247
7161
7472
7433
7404
7402
7631
7435
7429
7404
7547
7434
7457
7381
7461
7463
7430
7240
7217
7307
7161
7235
7218
7190
7209
7749
7456
7192
7210
7213
7248
7185
7216
7274
7191
7270
7245
7212
7161
7251
7217
7186
7185
7221
7264
7161
7210
7219
7191
7355
7211
7219
7218
7200
7210
7323
7185
7219
7244
7191
7185
7247
7200
7171
7342
7218
7187
7186
7215
7216
7161
7212
7374
7190
7299
7248
7215
7161
7448
7454
7522
7269
7216
7318
7427
7380
7515
7437
7455
7403
7460
7434
7395
7185
7220
7242
7161
7233
7220
8648
7880
7651
7444
7436
7509
7389
7442
7421
7406
7388
7416
7383
7384
7286
7217
7334
7406
7456
7438
7426
7405
7431
7424
7161
7300
7273
7292
7213
7360
7271
7161
7275
7276
7217
7217
7270
7273
7161
7272
7275
7219
7217
7479
7466
7161
7273
7272
7219
7217
7276
7274
7161
7274
7305
7280
7218
7405
7273
7382
7253
7280
7269
7216
7516
7431
7489
7403
7491
7451
7409
7430
7439
7459
7378
7262
7217
7213
7188
7222
7244
7188
7321
7219
7189
7189
8224
7217
7193
7188
7216
7273
7294
7190
7249
7191
7188
7240
7216
7228
7188
7219
7217
7161
7219
7257
7188
7188
7221
7270
7161
7217
7219
7281
7404
7428
7441
7406
7404
7630
7433
7162
7390
7277
7213
7216
7275
7341
7435
7218
7581
7218
7353
7272
7276
7298
7327
7338
8799
7906
7351
7529
7453
7501
7412
7436
7465
7406
7433
7435
7462
7424
7410
7433
7555
