7224
7237
7136
7444
7177
7288
7114
7206
7171
7131
7156
7159
7154
7131
7090
6948
6894
7001
6950
6980
6922
6950
6977
6924
6972
6924
6945
6951
6950
6918
6950
7142
6921
6921
6952
6921
6923
7243
6950
6895
6951
6947
6943
6959
6949
6958
6922
6950
7004
6921
6947
6963
6921
6950
6981
6895
6950
6954
6922
6922
6999
6924
6922
7034
6923
7057
8570
7412
7151
7276
6969
7035
6986
6952
6999
6920
6974
6949
6923
6973
6977
6975
6895
7036
6943
6895
6994
6947
6942
6919
6948
6948
6919
7187
7162
6984
6950
6977
6895
6995
6985
6919
6919
6968
6923
6919
6944
6949
6895
6981
6943
6895
6987
6948
6919
6919
6948
6923
6919
6948
6955
6919
6948
7054
7249
7109
7227
7272
7207
7392
7089
7002
6927
7027
7004
6920
7011
6919
6992
7084
7118
7103
7108
7186
7163
7141
7728
7740
7024
6930
7123
6968
7059
6952
7019
6953
7001
7011
6921
6945
6981
6921
6924
6949
6922
6921
6984
6948
6895
6968
6950
6895
6949
6949
6984
6923
7008
6924
7135
7115
7291
7133
7130
7281
7330
7174
7117
7114
7141
7108
7018
6923
6921
6947
6963
6922
6951
7147
6895
6949
7157
6922
6972
6998
6947
6951
6950
7004
6895
9246
7360
7421
7137
7236
7367
7138
7108
7144
7246
7762
10406
7343
7415
7350
8548
20893
7335
7353
7356
7335
7334
7472
7499
7446
7570
7230
7287
7340
7338
7172
7078
7073
7237
7138
7162
7203
7055
7055
6947
6949
6998
6895
6974
6984
6922
6945
6951
6946
6922
7205
7180
7103
7180
7154
7153
7128
7102
7178
6938
7007
7049
7185
7116
7149
7186
7113
7143
7071
6949
7050
6948
6980
6922
6974
7054
7133
7185
7167
7127
7158
7186
7130
7133
7164
7115
7103
7139
7135
7163
7109
7034
6955
6921
6950
6982
6895
6948
6951
6921
6923
7090
7133
7130
7029
6947
6895
7150
7159
7166
7145
6953
7030
7332
7388
7331
7328
7327
7340
7285
7103
7159
7153
7154
7129
7154
7145
6895
7014
7060
7131
7131
7162
7132
7130
7250
7115
7125
9022
7212
7209
7136
7109
6980
6978
6919
6975
6999
6895
7024
6949
6918
7168
7159
7154
7106
7130
7135
7126
6948
6944
6947
6919
7100
7295
7131
7178
7109
7103
7144
7033
6923
6919
6943
6995
7129
7158
7132
7106
7105
7133
7076
6919
6984
6936
6907
7144
7159
7132
7106
7106
7131
7129
7157
7088
6895
6948
7080
7207
7294
7153
7159
7103
7134
7036
6924
6919
6948
6986
7106
7109
7217
7104
7205
7178
7385
7133
7104
6952
6895
7180
7157
7167
7131
7159
7136
7109
6971
7474
7136
7163
7180
7128
7335
7330
7251
7219
7336
7327
7291
7104
7159
7153
7133
7127
7168
7153
7104
7157
7157
7135
7219
7158
7106
6943
6947
6984
6894
6949
6975
6923
6919
6948
6920
6919
6984
6923
6919
6975
6948
6895
6976
6944
6995
7402
6953
6955
6919
6950
8946
7678
7145
7250
7356
7164
7100
7166
7276
6897
6945
7000
6895
7004
6983
6926
6972
6980
7223
7281
7392
7281
7203
7278
7217
7287
7340
7185
7165
7134
7128
7171
7112
7103
7039
6943
6942
6943
6950
6971
6919
6974
6924
6919
6967
6979
6978
6948
6943
6895
6948
6981
6919
6920
6980
6923
6919
6948
6942
6895
7508
7310
7317
7283
7301
7375
7330
7279
7257
7330
7285
7353
7411
7390
7335
7354
7465
7226
7335
7461
7256
7421
7364
7345
7343
7346
7312
7567
7661
7427
7420
7434
7496
7352
7466
7584
7482
7397
7377
7351
7265
7273
7361
7552
7441
7101
7038
6922
6948
6952
6947
6921
7238
7183
7127
7193
7157
7158
7108
7000
7036
7295
7502
7270
7417
7371
7287
7355
7329
7350
7341
7485
7304
7637
7550
7516
7444
7528
7597
9068
8181
7355
7575
7295
7368
7297
7325
7703
7319
7334
7315
7329
7277
7451
7305
7274
7629
7334
7331
7219
7271
7150
7466
7415
7164
7134
7271
7182
7480
7473
7424
7258
7262
7105
7140
6921
7570
7375
7509
7330
7390
7352
7308
7372
7512
7583
7375
7434
7745
7547
7612
7631
7394
7403
7460
7435
7435
7520
7528
7237
7377
7342
7262
7285
7362
7434
7341
7298
7338
7331
7347
7336
7173
7331
7295
7131
7131
7181
7157
7166
6953
7310
7389
7406
7459
7407
7625
7552
7580
7435
7552
7476
7495
7550
7514
7462
7409
7463
7373
7605
7499
7687
7481
7414
7676
7436
7665
7409
7467
7284
7353
7268
7208
7269
7338
7315
7216
7216
7136
7209
7104
6923
7205
7119
7254
6925
6950
7023
9003
7408
7153
7186
7108
7231
7113
7153
7203
6990
16239
9534
7772
7464
7332
7404
7224
7193
7235
7159
7242
7147
7190
7585
7994
7535
7520
7375
7361
8185
7555
7501
7344
7498
7331
7460
7203
7100
6978
6952
7063
6895
7011
6966
7061
7530
7447
7591
7503
7739
7441
7480
7365
7386
7411
7297
7285
7358
7455
7157
7193
7426
7361
7374
7341
7382
7370
7384
7345
7341
7355
7340
7345
7215
7197
7104
7359
7351
7329
7182
7161
7208
7105
7180
7049
6919
6979
6943
6977
6920
7577
7110
7135
7167
7110
7166
7106
7063
6949
6894
7002
7058
7110
7115
7133
7142
7107
7150
7040
6924
6919
6949
6936
6919
6947
6919
6924
6943
7486
6895
6950
6978
6924
6919
7955
7707
7271
7144
7202
7414
10761
7433
7987
7215
7455
7190
7170
7337
7322
7235
7404
7347
7466
7288
7316
7215
7201
12260
7178
7029
7366
7192
7204
7121
7164
7035
7306
7134
6926
7351
7040
7058
7137
7190
7258
7129
7378
7171
7155
7128
7153
7178
7153
7152
7068
6978
6949
7008
6986
6938
7028
7006
6918
7007
7007
6977
6949
7089
6956
6950
7006
6934
6952
7003
7498
6894
7007
7007
6895
7008
7005
6997
7081
7005
6951
6949
7006
6951
6950
7006
7004
6895
7006
7005
6895
7188
7160
7146
7108
7113
7115
7104
6992
6949
6924
6922
6950
6921
6921
7071
6925
6921
6988
6950
6894
6952
6947
6923
6922
6949
6922
6922
6950
6924
6922
6948
6988
6895
6950
7078
7136
7128
7154
7127
7129
7132
7065
6895
6990
6949
6949
7170
6949
7016
7109
7114
7169
7103
7153
7155
7127
7130
7154
7139
6895
7121
7107
7129
7106
7109
7129
7106
6973
6983
6895
6943
7010
6919
6924
8071
7468
7067
7041
6943
7157
7085
7005
6919
6919
7007
7442
7789
7144
7285
7116
7142
7179
7110
7501
7228
7003
7031
7013
7142
7100
6991
6950
7316
6923
6919
7080
6924
6978
7068
7300
6895
6985
7040
6999
7201
7165
7152
7104
7158
7139
6920
7184
6984
7019
6919
7207
7257
6897
7178
7128
7014
6919
6949
7008
6919
8800
7172
7253
7122
7167
7256
7107
7082
6952
7032
24533
7480
8168
7809
8081
13518
8280
11126
7837
8119
7497
7752
7509
7800
7418
7915
7595
7948
7636
7420
8073
7509
7978
7457
7956
7624
7943
7711
7543
7470
7738
7940
7336
8077
7391
8644
7354
7823
7367
8045
7364
8330
7377
8141
7394
7390
7575
7337
7368
7140
7566
7133
7285
7183
7123
7572
7357
7399
7323
7821
7204
10940
7346
7687
7270
7295
7140
7103
7158
7103
7829
7198
7332
7124
7135
7023
6952
6945
6959
9408
8802
9682
9768
12196
17352
11520
7898
8315
7452
7453
7419
7440
7412
7421
7395
7379
7528
7456
7627
7432
7914
7876
7445
7406
7354
7520
7388
7410
7696
7618
7413
8213
7389
7440
7457
7364
7447
7369
7669
7516
7746
7347
7854
7924
7445
7408
7335
7602
7359
7434
7294
7721
7410
7647
7317
7505
7343
7371
7580
7252
7708
7372
7316
7387
7831
8357
8832
7581
7364
7382
7370
7343
7337
7344
7318
7270
7290
7270
7267
7293
7291
7155
7265
7092
7125
7151
8114
7186
7135
7128
7093
7093
7153
7127
7095
7093
7130
7121
7456
7162
7130
7093
7095
7128
7121
8048
7159
7123
7093
7092
7208
7129
7239
8089
7418
7508
7383
7683
7403
8682
7962
8390
7376
7499
7466
7403
7354
7342
7346
7326
7405
7355
7333
7334
7420
7335
7324
7132
7107
7113
7250
7434
7297
7284
7428
7282
7311
7316
7116
7119
7158
7009
6953
7062
6895
7030
7076
7136
7128
7184
7112
7103
7135
7040
6972
7074
6949
6979
6919
6972
6923
6919
7026
6980
6895
6947
6977
6924
6919
7019
6921
6919
7002
6923
6919
6978
7074
7170
7324
7279
7363
7367
7301
7559
7242
7266
7314
7366
7370
7325
7375
7180
7264
7260
7359
7330
7158
7239
7223
7202
7153
7242
7151
7133
7181
7162
7127
7161
7108
6923
6969
7024
6921
6947
6967
6922
6950
7231
7031
6895
6986
6949
6923
6921
7106
7185
7183
7252
7295
7348
7440
7599
7399
7311
7461
7586
7371
7284
7278
7442
7013
7068
9466
7286
7182
7302
7349
7333
7337
7128
7184
7152
7153
7128
7178
7128
7129
7060
7013
6918
7336
7353
7143
7129
7242
7162
7151
7162
7180
7134
7130
7182
7113
6919
6950
6951
6918
6948
6974
6923
7005
6967
6923
6922
6951
6948
6895
6987
6949
6895
6996
6950
6942
6922
6997
7081
6922
6949
6923
6922
6950
6951
7045
7256
7280
7282
7276
7385
7354
7437
7299
7481
7311
7470
7335
7332
7509
7252
7483
7227
7496
7326
7398
7286
7204
7203
7159
7203
7103
7066
6949
6954
6946
6951
6947
6919
6967
6924
6919
6972
6975
6919
6949
6992
6944
6919
6971
6923
7003
6944
6971
6919
6978
6948
6895
7166
7162
7148
7217
7113
7112
7109
6967
6949
6895
6950
6999
6922
6921
6989
6921
6923
7098
7114
7103
7143
7112
7127
7108
7033
6922
6921
6950
6984
6894
6948
9113
7496
7301
7167
7112
7175
7110
7026
6987
6933
6964
7132
7045
6921
7312
7185
6921
7010
6951
7003
6980
7020
6918
6924
6967
6923
6943
7302
7490
7267
7374
7430
7287
7313
7831
7345
7380
7481
7331
7274
7394
7197
7508
7348
7402
6953
7064
6952
6997
7027
7139
6919
7006
7003
6918
7007
7035
6950
6972
7003
6951
6974
7079
7034
6950
7084
7007
6894
7002
7007
6895
7152
7113
7138
7108
7115
7154
7127
6950
7163
6921
6921
6980
6920
6923
6978
6923
6921
6991
6948
6895
6951
6950
6923
6922
6950
7159
7246
7303
7219
7185
7381
7298
7455
7237
7325
7446
7274
7206
7267
7131
6999
7266
7309
7131
7460
7161
7350
7293
7239
7247
7312
7266
7315
7247
7276
7226
7215
7160
7157
6983
7105
7132
7125
7130
7029
7140
6953
7272
6896
7026
7938
7408
7247
7053
7210
7139
7155
7111
7133
7132
7240
7404
7329
7392
7452
7226
7147
7129
7184
7127
7175
7160
7146
6894
7004
7033
6954
6974
7005
6955
7032
7005
6950
6954
7004
6997
6907
7015
7004
6895
7460
7257
6963
7106
7115
7109
7103
7106
7136
7162
6924
6943
6923
6919
6948
6943
6895
6948
6947
6894
6976
6949
7014
6924
6944
6979
6919
6947
6919
6920
6948
6984
6895
6944
6984
6923
6919
7028
6924
6919
6948
6918
6919
6948
6948
6895
7027
6950
6895
7563
6943
6923
6919
6949
6920
6919
6948
6949
6895
6944
6984
6923
6920
6980
6924
6919
6997
6918
6919
6982
6948
6894
6944
6948
6895
7208
6944
6924
6919
6948
6918
6919
6948
6978
6894
6943
6980
6895
6948
6979
6925
6919
6981
6918
6970
6948
6923
6919
6944
6947
6895
7210
7506
7488
9055
7404
7541
7350
7374
7283
7284
7352
7249
7350
7311
7350
7538
7559
7339
7343
7333
7337
7336
7329
7352
7237
7277
7468
7334
7468
7217
7352
7295
7258
7362
7271
7381
7335
7333
7340
7284
7020
6919
7374
7108
7042
6951
7035
6920
7019
7194
6919
6984
6974
7010
6895
6948
7002
6895
7008
6948
6984
7110
7115
7230
7223
7227
7307
7211
7267
7261
7292
7249
7291
7257
7288
7144
7329
7153
6895
6999
7104
7192
7128
7154
7216
7104
7252
6954
7096
6950
7006
6997
6950
7008
6947
6950
7013
7008
6895
7005
7011
6895
7010
7150
7332
7331
7338
7334
7336
7332
7218
7131
7131
7159
7256
7107
7108
7115
7109
7109
7160
7053
6895
6951
6951
6936
6922
6950
6960
6923
6949
6982
6895
7272
7275
7254
7229
7470
7225
7208
7148
6951
7501
7518
7161
7616
7962
7278
7145
7346
6898
6982
7051
6962
7305
7112
7176
6895
6950
7034
6895
7022
6948
6942
6919
6985
6943
6924
7008
6948
6895
7004
6942
6918
7168
7198
7110
7105
7109
7132
7103
6978
6952
6924
6919
7107
7111
7106
7108
7131
7149
7112
7056
6919
6919
7140
7389
7343
7283
7468
7342
7307
7420
7433
7293
7321
8393
7271
7407
7152
7410
7219
7273
7220
7173
7337
7219
7308
7206
7125
6997
6952
7047
7070
7191
7247
7168
7282
7317
7298
7322
7377
7287
7324
7293
7396
7261
7432
7310
7253
7453
7331
7336
7390
7441
7257
7247
7338
7243
7413
7363
7381
7483
7354
7512
7265
7345
7319
7323
7296
7336
7213
7271
7344
7218
7430
7167
7378
7276
7318
7278
7288
7186
7267
7245
7203
7468
7182
7252
7488
7317
7411
7321
7372
9459
8262
7419
7242
7303
7215
7404
7379
7466
7287
7331
7260
7283
7344
7329
7313
7415
7321
7212
7261
7180
7253
7122
6949
6947
6951
6975
6961
6922
6974
6922
6945
6949
6963
6924
6949
7009
6894
6974
6987
6923
6945
7319
7202
7201
7160
7159
7132
7130
7199
7181
7206
7230
7210
7133
7239
7188
6982
7205
7303
7191
7331
7476
7220
7478
7217
7406
7115
7431
6952
7227
7559
7266
7288
7126
7210
7139
7160
7081
6923
6972
6991
6979
6922
6991
6975
6921
7009
6950
7019
7434
7119
7245
7109
7182
7128
7132
6950
7155
7169
7131
9867
7808
7701
7179
13034
7523
7683
7448
7540
7348
7351
7344
7353
7339
7333
7314
7134
7210
7181
7286
6965
6923
7086
6955
7019
6948
6978
6923
6950
7002
6895
6974
6987
6921
6947
7125
7161
7129
9148
7157
7254
7133
7162
7261
6926
7284
7171
7153
7131
7161
7183
7134
7108
7016
6922
6924
6949
6924
6922
6949
6948
6894
6950
7052
7107
7109
7164
7108
7110
7317
7336
7314
7110
7112
7354
7103
7160
7158
7132
7130
7086
7079
6895
6968
6950
6895
6981
6950
6951
6926
6949
6923
6921
6949
7035
6922
6950
6989
6895
6948
6950
6923
6921
6949
6923
6921
6981
6921
6922
7026
6949
6895
6950
6950
6895
6982
6948
6924
6922
6950
6922
6921
6950
6990
6895
6948
6999
6895
6950
7076
7132
7131
7160
7156
7104
7160
7159
7187
6921
6950
6979
7108
7112
7138
7104
7114
7139
7109
6938
7242
7158
7103
7162
7158
7151
7131
7159
7133
7131
7157
7077
6922
6922
6949
6923
6921
7035
6921
6921
6963
6949
6895
6983
6949
6894
6970
6948
6964
6921
6950
7177
7959
7319
7089
6923
7087
6946
7072
7163
6984
7000
6895
7039
6948
7020
6920
6949
7135
7108
7131
7110
7128
7107
7107
7094
6919
6974
6943
6978
6980
6948
6895
6944
6948
6952
6924
6944
6958
6919
6947
6971
6895
6950
6995
7026
6943
6947
6918
6923
6944
6924
6919
6948
6919
6919
7040
6948
6895
6972
6948
6977
6919
6943
6923
6919
6947
6919
6919
6947
6979
6895
6993
6966
6895
6948
6944
6923
6919
6948
6919
6919
6948
6923
6920
6944
6948
6895
7159
7152
7131
7128
7154
7152
7105
7020
7005
6895
7004
7097
7133
7154
7167
7159
7103
7166
7157
7140
6921
6950
6922
6922
6950
7119
7004
6948
6998
6895
6950
6952
6922
6921
6951
6921
6923
6986
6923
6922
6951
6948
6945
6983
6950
6923
6922
6950
6922
6923
6948
6924
6922
6950
6999
6895
6950
7224
6922
6921
8302
7554
7147
7353
6967
7099
6926
6948
7002
6895
7051
6985
6895
7004
6967
6946
6922
6976
6922
6923
6974
6924
6945
6951
6948
6918
6951
6974
6926
7005
6950
6959
6922
6948
6957
6922
6950
6968
6894
6997
7082
6922
6922
6951
6922
6921
6950
6922
6922
6950
6948
6895
7064
6950
6943
6959
6950
6923
6921
6948
7145
6920
6950
6943
6894
6948
7134
7129
7105
7140
7108
7105
7107
7091
6894
6948
6943
6959
7128
7159
7130
7106
7108
7132
7108
6919
6980
6923
6919
6944
6925
6919
6948
6943
6895
6949
6996
6895
6978
6948
6990
7130
7152
7254
7104
7158
7152
7138
7033
7111
7029
6924
6972
6949
6895
6948
6943
6895
6980
6948
6954
6920
6949
6952
6974
6943
6955
6919
6947
6975
6895
6948
6982
6919
6919
7892
6995
6924
6974
6947
6894
7022
6943
6968
8257
7148
7378
7127
7155
6989
6920
6969
6987
7025
6919
7032
6952
6894
6972
6943
6948
6919
6948
6944
6919
6971
6986
7152
7153
7153
7127
7154
7198
7110
6950
7010
6949
6950
7096
7009
6894
7051
7088
6953
6950
7004
6956
6950
7010
6954
6949
7009
7135
6906
7010
7079
6895
7011
7031
6950
6950
7010
6948
6955
7004
6954
6950
7047
6949
6950
7061
7008
6894
7003
7010
6894
7008
7005
6984
6949
7010
6985
6947
7012
6954
6950
7004
7010
6895
7010
7003
6895
7008
7008
6950
6955
7004
6955
6950
7057
6949
6949
7008
6949
6953
7004
7011
6895
7127
7107
7110
7106
7112
7181
7151
6963
6973
6895
6943
6948
6919
6923
6943
6924
6919
6983
6918
6968
6950
6948
6895
6981
6948
6924
6919
6943
6924
6919
6948
6975
6919
6948
7006
6894
6943
6947
6895
6948
8093
7559
7309
7292
6957
7021
7001
6952
7059
6922
7005
7002
6895
6979
6951
6918
6952
6973
6923
6921
7119
7106
7129
7110
7132
7106
7105
7037
6926
7004
6943
6957
6920
6948
6980
6895
6995
7077
6919
6919
6981
6924
6919
6943
6931
6919
6986
6943
6895
7175
7116
7130
6922
6950
6980
6922
6950
7070
6895
6949
6981
6895
6949
6988
6921
6973
6984
6923
6922
6953
6948
6895
6965
6950
6895
6950
6949
6942
6923
6948
6924
6921
6950
6940
6922
6950
6951
6895
6948
6951
6922
6923
6957
6923
6972
6998
6921
6922
6984
6950
6895
7226
7160
7164
6928
6948
6927
6923
6951
7182
7134
7160
7157
7128
7128
7157
7132
7128
7152
7156
7132
6920
7066
6923
6919
6948
6949
6919
6948
6949
6895
6945
6948
6924
6919
6976
6923
6920
7084
7108
7108
7117
7115
8394
7776
7360
7451
7327
7528
7338
7484
7310
7128
7178
7154
7127
7153
7129
6952
6950
7028
6952
6973
7005
6973
6949
7006
7031
6894
7028
7004
6895
7032
7007
6998
7450
7007
6947
6964
7174
6953
6950
7007
7004
6895
7012
7005
6894
7003
7006
6952
6950
7081
6953
6950
7027
6949
6949
7002
7006
6895
7003
7007
6894
7007
7005
6985
6999
7006
6955
6952
7004
6951
6949
7008
6995
6895
7007
7001
6895
7005
7005
6921
6980
6988
6953
6950
7013
6949
6948
7006
6951
6949
7003
7006
6894
7055
7002
6895
7010
7007
6945
6949
7007
6951
6950
7005
6952
6950
7004
7009
6895
7006
7249
7115
7143
7153
7131
7128
7153
7127
6895
7008
7006
7057
6948
7007
6960
7112
7113
7140
7103
7115
7143
7107
6921
6984
6922
6922
6988
6922
6924
6949
6950
6895
6951
7181
8565
7997
7256
7249
7111
7132
7201
7096
6944
6951
6983
6958
6922
7004
6924
6946
6949
6974
6894
6950
7084
6895
6974
6987
6922
6945
6951
6947
6922
7066
6950
6895
6995
6947
6942
7082
6949
6923
6921
6950
6924
6922
6948
6989
6908
6950
7113
7105
7159
7154
7128
7129
7157
7130
6895
7003
7006
6895
7007
7003
6985
6950
7007
7062
6950
7007
6994
7109
7115
7115
7109
7109
7115
7072
6922
6951
6949
6895
6981
6949
6894
6966
6948
6941
6922
6951
6922
6921
6949
6922
6924
6999
6997
6894
6950
6986
6923
6922
6950
6922
6921
7113
7158
7104
7139
7114
7151
7110
7007
7039
7199
7159
7183
7133
7330
7331
7287
7104
7154
7177
7128
6969
7007
6948
6949
7005
7004
6895
7005
7003
6895
7007
7040
6949
6949
7010
6952
6950
7004
6952
6950
7249
7011
6895
9083
7230
7108
7103
7209
7166
7156
7129
7165
7108
7103
7300
7174
7205
7214
7189
7291
7110
7192
7243
7165
7129
7182
7158
7104
7001
6948
7003
6924
6943
6944
6919
6996
7083
6919
6948
6949
6895
6943
6947
6919
6924
6943
6924
6919
7054
6919
6919
7001
6972
6895
6979
6950
6894
6984
6943
6923
6919
6948
6947
6919
6998
6953
6924
6944
6984
6894
6948
6943
6924
6920
6949
6920
6919
6962
6924
6919
6944
6949
6895
6948
6943
6895
6965
6948
6918
6919
6947
6923
6968
6944
6956
6919
6948
6959
6895
6949
6947
6919
6919
6985
6925
6919
6979
6924
6919
6974
6943
6895
7278
7110
7105
7105
7109
7106
7105
6997
6985
6944
6948
6981
6924
6919
6947
6918
6919
6984
6926
6922
7960
6951
6943
6922
6946
6963
6922
6951
6938
6922
7182
7034
6898
6947
7893
7469
7017
7048
7224
7140
7173
7161
7156
7128
7182
7162
7127
7157
7154
7151
7133
7176
7160
7103
7181
7152
7156
7128
7180
7095
6895
6971
7069
7002
6919
6984
7099
6923
6943
6923
6919
6983
6944
6894
6950
6947
6919
6919
6948
6959
7155
7152
7130
6895
6949
6981
6895
6948
6976
6918
6919
6985
6923
6920
7029
6925
6919
6949
6944
6895
6948
6947
6952
6943
6948
6924
6919
6943
6923
6919
6948
6943
6895
6948
6948
6895
6944
6967
6924
6920
6976
6924
6919
6982
6918
6919
6982
6948
6895
6943
6948
6924
6919
6943
6970
7108
7109
7132
7104
7108
7133
7102
6919
7267
6929
6921
6945
6949
6897
6950
6948
6897
6997
6950
6957
6922
6950
6961
6922
6946
6959
6921
6950
6982
6897
6946
7096
6921
6926
6946
7033
6922
6950
6992
7128
6986
6949
6896
9690
7046
7136
7130
7169
7200
7128
7158
7021
7061
6895
7066
7006
6950
6973
7008
6972
6950
7007
6974
6949
7028
6979
6947
7007
7065
6919
7007
7089
6948
6962
7172
6952
6949
7003
6951
6950
7005
6949
6947
7007
7007
6894
7084
7005
6951
6949
7006
6974
6949
7007
7039
6952
7006
6946
6950
7007
7013
6895
7056
7007
6936
6963
7003
6952
6950
6990
6951
6950
7006
6947
6949
7033
7006
6895
7008
7007
6895
7007
7003
6949
6950
7006
6955
6950
7007
6950
6950
7056
7010
6895
7005
7016
6896
7005
7043
6950
6952
7001
6953
6949
7003
6949
6950
7102
7115
7103
7114
7114
7161
7200
6999
6924
6922
6950
6949
6943
6950
6950
6922
6921
6988
6924
6921
6949
6923
6921
6989
6948
6894
7003
6950
6895
7203
7159
7136
7130
7157
7197
7250
7167
7143
7110
7108
7965
7478
7112
7121
7172
7196
7106
7158
7056
6919
6974
6982
6977
6919
6944
6950
6919
6972
6944
6895
6972
6947
6919
6957
6971
7448
6919
6974
6923
7081
7351
7132
7107
7105
7109
7105
7105
6968
6948
6895
6943
6947
7030
7509
7372
7483
7310
7219
7523
7448
7336
7274
7289
7540
7337
7439
7384
7329
7165
7520
7360
7450
7344
7279
7462
7310
7534
7321
7351
7259
7228
6953
7000
7010
6949
7007
6922
6949
6983
6922
6974
7160
7324
7288
7336
7359
7284
7352
7293
7223
7235
7235
7287
7279
7472
7516
7396
7482
7352
7296
7408
7488
7383
7460
7287
7530
7798
7321
7302
7068
7335
7268
7285
7327
7355
7197
7430
7386
7245
7609
7312
7304
7174
7133
6944
6985
7009
6919
7273
7118
7167
7113
7483
7615
7261
7201
7164
6972
6951
7919
7662
7216
7301
7112
7436
7110
7170
6950
6895
7027
6983
6978
6949
7458
7347
7277
7378
7112
7269
7107
7167
6953
6919
7003
6948
6950
6943
7052
7054
6919
7002
6925
6943
6949
6918
6943
6984
6971
6895
6967
6949
6895
7055
6943
7047
6919
6948
6918
6919
6948
6947
6895
6944
6979
6894
6950
7009
6923
6919
6948
6920
6924
6955
6923
6919
6967
6944
6895
6950
6947
6919
6919
6948
6948
6924
6944
6960
6920
6949
6981
6895
6948
6964
6895
6944
6998
6918
6924
6978
6925
6919
6966
6932
6906
6948
6948
6894
6944
6948
6951
7136
7153
7130
7128
7158
7131
7103
6935
7264
6920
6919
6949
6923
6919
6993
6948
6895
6947
6943
6895
6985
6948
6955
6919
6948
6957
6919
6943
6964
6895
6948
6942
6895
6949
6947
6967
7189
6950
6924
6920
6944
6923
6967
9109
7214
7198
7106
7192
7118
7136
6947
6975
6921
6922
7153
7159
7104
7159
7159
7133
7131
7035
6950
6919
6950
6985
6918
6950
6974
6922
7005
7138
6923
6922
6968
6949
6895
6950
6948
6894
6951
6950
7011
6922
6950
6940
6922
6948
6978
6922
6950
6950
6895
6948
6950
6922
6923
6979
6924
6971
6988
6921
6921
6951
6950
6895
6950
6949
6895
6997
6948
6925
6921
6950
6923
6921
6949
7050
6895
6950
6990
6922
6924
6950
6924
6921
6979
6921
6971
7014
6950
6894
6944
6949
6918
6924
6943
6956
6919
6948
6918
6919
6950
6974
6895
6943
6987
6894
6948
6944
6924
6919
7257
6920
6919
6949
6947
6945
6978
6947
6895
6948
6943
6963
6919
6948
6918
6919
6948
7801
7078
6944
6965
6923
6921
6943
6923
6919
7236
7156
7103
7160
7157
7127
7128
7183
8976
7847
7115
7296
7236
7106
7154
7005
7012
6919
6943
7038
6894
7002
6943
6948
6919
6977
6943
6919
6974
6923
6919
7002
6948
6918
7069
7016
7055
6920
7032
6935
6924
6943
6923
6919
6948
6943
6895
6948
7082
7128
7129
7162
7127
7132
7153
7128
6895
7010
7004
6938
7105
7108
7129
7106
7136
7134
7103
6939
6948
6918
6924
6980
6925
6920
6949
6918
6919
6948
6947
6894
6975
6949
6950
7112
7112
7137
7108
7114
7113
7103
6942
6968
6971
6922
6993
6922
6921
6982
6949
6895
6951
6948
6895
7146
7114
7109
7108
7114
7176
7104
7157
7123
6924
6922
6954
6924
6921
7217
7112
7104
7116
7138
7109
7108
7037
6923
6922
6947
6988
6895
6950
6950
6923
6922
6985
6921
6921
6969
6922
6922
7009
6950
7370
7406
7199
7145
7109
6986
6983
6943
6950
6982
6894
6948
8547
7505
7571
7383
7423
7476
8022
7973
7375
7337
7359
7406
7361
7335
7301
7194
7217
7108
7173
7188
7167
7141
7281
7235
7116
7103
7109
7127
7155
7103
7346
7077
7541
7358
7302
7135
7129
7104
7522
7104
7110
7155
7280
7181
7335
7326
7333
7411
7383
7565
7380
8321
7379
7378
8136
7393
7403
7924
7499
7432
7380
7966
7374
7366
7518
7381
7385
7367
7376
7380
7350
10046
7464
7337
7343
7314
7268
8135
7397
7767
8424
7711
8014
15559
7805
7577
7417
7355
7592
7630
7394
7386
7882
7560
7509
7344
7367
7358
7358
7344
7384
7343
7469
7337
7338
7339
7335
7332
7336
7334
7330
7245
7202
7447
6925
6952
7490
7033
6946
6977
6918
7018
7335
7342
7104
7182
7233
7604
7473
7407
7264
7294
8849
8409
12571
7392
7363
7331
7346
7325
7413
7333
7499
7338
7331
7329
7344
7328
7155
7179
7361
7405
7430
7298
7126
7153
7459
7109
7138
7115
7128
7115
7162
7131
7131
7046
6923
6945
7000
6950
6919
7006
6972
6939
6946
6950
6922
7005
6950
6961
6922
6948
7128
7107
7213
7160
7129
7128
7156
7130
6894
7005
7011
6894
7009
7005
6954
6950
7009
6962
7106
7108
7220
7325
7330
7331
7327
7328
7271
7052
6932
6923
6996
6939
6922
6950
6957
6922
6950
6951
6895
8056
7810
7660
7553
7401
7071
6971
6921
6948
6950
6895
6951
6986
6895
6950
6970
6924
6921
7221
7157
7131
7139
7114
7111
7108
7021
6924
6921
6949
6922
6921
6950
6980
6895
6948
6987
6923
6922
7000
6923
6921
7254
7130
7127
7168
7154
7128
7128
7208
7166
7128
7024
7400
7547
7142
7326
7118
7335
7159
7224
7158
7330
7337
7339
7332
7331
7254
7130
7154
7466
7253
7004
6922
6978
6924
6921
7155
6951
6919
6951
7032
6894
6950
6986
6921
6921
6951
6922
6921
7062
6948
6895
7005
6949
6895
7167
7159
7132
7132
7157
7138
7103
6954
7077
7155
7131
7142
7107
7108
7163
7159
7132
7130
7159
7104
6923
6948
6979
6894
6950
6948
6894
6950
6967
6921
6921
6950
6920
6923
6968
6923
6921
6959
6998
6895
6986
6950
6941
6922
6950
6961
6922
6948
6923
6921
6950
6949
6894
6950
6998
6922
6923
6951
6923
6922
7043
6923
6922
6987
6948
6894
7227
7165
7110
7108
7114
7110
7109
7003
6950
6895
6950
6982
6923
6921
6987
6922
6921
6951
6923
6921
7291
7233
7232
7130
7157
7134
7108
6971
7014
6944
6950
7074
7105
7105
9706
7216
7077
7131
7266
6961
7121
6928
6968
6980
6921
6973
6924
6947
7006
6949
6895
6986
6950
6894
6985
6949
6923
6972
6994
6923
6922
6949
6949
6895
7009
6970
6894
6951
6949
6922
6921
7045
6921
6921
7007
6925
6919
6949
6950
6894
6950
6948
6954
6921
6950
6958
6971
6950
6922
6924
6948
6982
6894
6950
6949
6922
6922
6951
6921
6921
7000
6921
6923
6950
6949
6895
6951
6948
6895
6951
6950
6968
6921
6950
6922
6974
6948
6955
6920
6949
6961
6895
6949
6947
6919
6919
6981
6923
6919
6943
6922
6919
6974
6943
6895
6949
6947
6895
6962
6948
6960
6919
6943
7021
7197
7160
7131
7103
7109
7112
7082
6919
6948
6923
6919
6960
6948
6895
7960
6944
6961
6920
6948
6994
7132
7330
7157
7106
7105
7132
7065
6919
7074
6948
6895
6949
6943
6995
9245
7208
7167
7340
7111
7195
7110
7130
7140
7112
7129
7105
7136
7113
6895
6967
6981
6918
6948
6997
6923
6920
7118
7050
6943
6984
6971
6895
6948
7026
6895
6968
6948
7028
6920
6948
7255
7071
6944
6999
6895
6948
6943
6895
6948
7161
7128
7128
7180
7157
7127
7133
7020
6918
6924
6943
6955
6919
6948
6943
6895
6948
6959
7199
7442
7435
7329
7515
7293
7245
7271
7308
7156
7066
7377
7271
7332
7239
7477
7317
7347
7348
7377
7427
7325
7420
7340
7297
7277
7172
7254
7260
7469
7286
7436
7339
7319
7342
7409
7374
7283
7339
7261
7381
7371
7279
7470
7362
7447
7321
7248
7333
7229
7310
7354
7216
7060
7366
7231
7202
7194
7439
7200
7280
7315
7306
7486
7287
7376
7132
7300
7334
7213
7264
7154
7238
7134
7155
7150
7530
8157
7343
7383
7224
7355
7372
7485
7338
7326
7340
7331
7335
7367
7373
7311
7342
7331
7314
7371
7307
7379
7331
7221
7332
7288
7509
7307
7294
7365
7334
7186
7166
7210
7133
7159
7171
7177
7212
7394
7332
7329
7389
7155
7217
7085
6978
6979
6919
7150
7340
7380
7277
7346
7333
7358
7400
7364
7351
7423
7390
7365
7428
7350
7336
7573
7368
7422
7294
7400
7379
7445
7253
7363
7403
7273
7364
7248
7282
7266
7361
7318
7280
7543
7309
7441
7228
7469
7369
7315
7331
7365
7351
7237
7334
7217
7271
7209
7317
7229
7187
7445
7309
7587
7247
7348
7235
7168
7173
6955
7096
6919
7148
6951
6925
7006
6976
7008
6895
7213
7177
7138
7128
7158
7183
7403
7401
7332
7327
7391
7337
7264
7129
7129
7159
7156
7128
7153
9026
7384
7407
7186
7206
7138
7131
7111
6995
7131
7117
7157
7113
7107
7137
7067
7354
7119
7115
7315
7143
7207
7207
7152
7158
7960
7847
7329
7761
7162
7246
7131
7200
7067
7337
7329
7397
7545
7235
7482
7166
7446
7371
7394
7349
7341
7743
7711
7527
7753
7367
7374
7380
7365
7335
7369
7346
7330
7341
7587
7351
7521
7254
7260
7570
7513
7608
7501
7496
7373
7366
7344
7768
7325
7267
7317
7798
7525
7388
7711
7278
7880
7399
7478
7844
7361
7470
7494
9364
7718
8228
7558
7710
8054
7751
7376
7399
7683
9584
10578
8640
8869
8014
8356
8699
7588
7606
8490
17014
8852
8166
8314
9102
17039
7850
7558
7572
7550
7474
7362
7332
7498
7333
7570
7377
7345
7347
7381
8575
7640
7377
7329
7330
7111
7170
7025
7025
7133
7177
7140
7114
7173
7184
7304
6987
6896
7328
6934
7125
7148
7160
7207
7086
7150
7039
7064
7005
7010
6967
6897
7071
7119
7015
7028
7003
7209
7171
7246
7284
7384
7166
7339
7201
7239
7444
7226
7484
7039
7277
7306
7199
7100
7324
7603
7318
7595
7227
7626
7539
7398
7485
7227
7187
7246
7275
7363
7450
7150
7230
7202
7122
7198
6934
7027
7252
7171
7284
7221
7320
7153
7280
6974
7021
7190
7122
7266
7125
7177
7053
7002
7099
7210
7429
7182
7505
7132
7261
7098
6972
7179
7158
7223
7213
7120
7245
7180
7237
7593
7877
7399
7606
7397
7418
7632
7288
7579
7356
7675
7316
7724
7425
7733
7249
7433
7713
7322
7389
7216
7215
7478
7507
7334
7256
7514
7307
7917
7230
10607
7413
7803
7394
7547
7358
7386
7267
7296
7414
7333
7428
7378
7372
7334
7362
7352
7389
7470
7307
7517
7387
7353
7317
7470
7302
7176
7564
7267
7352
7253
7384
7290
7339
7337
7270
7292
7155
7341
7343
7316
7333
7338
7349
7332
7442
7474
7481
7301
7368
7392
7309
7362
7371
7586
7366
7445
7374
7503
7352
7358
7549
7632
7447
7244
7313
7342
7360
7116
7160
7744
7368
7417
7315
7234
7214
7383
7500
7390
7349
7261
7251
7042
7113
7316
7362
7447
7359
7503
7348
7408
7247
7210
7136
7108
7340
7132
7157
7152
7185
6895
7258
7350
7184
7415
7116
7328
7208
7129
7405
7330
7237
6978
7322
6953
6918
7335
7463
7229
7202
7340
7329
7557
7281
7112
7231
7105
7090
7135
7176
7338
7332
7336
7330
7332
7282
7128
9010
7398
7133
7114
7195
7280
7466
7104
7255
7158
7151
7330
7330
7335
7326
7165
7156
7135
6949
7360
7441
7725
7357
7097
7333
7205
7253
7249
7185
7317
7308
7402
7131
7249
7245
7159
7159
7136
7173
6969
7147
7221
7180
7325
7339
7356
7328
7246
7161
7202
7298
7140
7319
7160
7154
7119
7109
7204
7142
7165
7139
7222
7162
7139
7180
6974
7001
6895
7005
7003
6922
7026
7020
7063
6925
6970
7046
6894
7008
6947
6919
7372
7332
7327
7331
7261
7242
7331
7330
7291
7171
7104
7249
7161
7386
7101
7002
6985
6895
7003
7101
7205
7131
7182
7203
7130
7189
7159
7137
7290
7238
7130
7130
7220
7158
7154
6993
7062
6952
6950
7034
6949
6973
7005
7093
7141
7009
7032
6895
7029
7004
6953
7038
7007
7056
6950
7090
7005
6895
7004
7331
7785
7294
7191
7206
7102
7253
7160
7076
6921
7005
6957
6922
7005
6987
6919
6948
6968
6947
6921
7021
7051
6945
6954
6921
6947
6989
6975
6895
6997
7032
6994
6948
6950
6923
6922
6950
6993
7110
7113
7116
7108
7133
7152
7129
7128
7157
7152
7148
6996
7007
6972
6949
7007
6951
6953
7005
6994
6906
7007
7005
6895
7006
7006
6937
6962
7006
6952
6949
7003
6950
6950
7007
7300
7216
7465
7268
7441
7243
7440
7176
7264
6951
7089
7151
7240
7266
7274
7190
7158
7269
7165
7167
7051
7168
6988
7059
7183
7224
7137
7219
7107
7165
7110
7042
7090
6919
7008
6938
6919
7010
7065
7180
7153
7131
7105
7107
7190
7133
7128
7001
6944
6894
7085
7437
7234
7526
7121
7220
7105
7160
7029
7023
7025
7177
7193
7103
7211
7324
7148
7146
7160
7814
7956
7541
7004
7043
7357
7311
7252
7131
7188
7170
7149
7004
7074
7114
7116
7153
7136
7109
7246
7328
7169
6928
7028
7144
7541
7585
7118
7119
7065
6945
7035
6948
6970
6997
6972
6894
6989
6943
6923
6942
6948
6942
6919
6948
7068
6895
6994
6979
6894
6948
6943
6926
6920
6985
6919
6919
6984
6923
6920
6976
6948
6895
6976
6943
6924
6920
6948
6918
6920
6948
6923
6920
6943
6948
6895
6997
6977
6895
6948
6949
6919
6924
6979
6924
6919
6980
6919
6919
6964
6948
6894
7013
6950
6918
6925
6944
6925
6919
6948
6937
6920
6948
6948
6895
6995
6979
6894
6948
6978
6923
6919
7217
6920
6920
7144
7160
7104
7130
7109
7155
7165
7107
7182
7104
7289
7113
7096
6919
6982
6918
6919
6978
7002
6895
6944
6947
6913
6930
6943
6962
6919
6948
8417
7939
7388
7186
7252
6899
7345
7255
7130
7151
7158
7177
7103
7032
7010
6955
6951
7006
7004
6994
7009
6950
6951
7008
6954
6950
7138
7154
7103
7154
7177
7156
7128
7041
7029
6895
7007
7007
6895
7007
7013
6952
6949
7034
6949
6950
7009
6998
6952
7001
7007
6895
7125
7114
7135
7108
7114
7258
7131
7159
7139
7107
7108
7116
7107
6929
7363
7121
7464
6942
7188
7030
7068
6960
7034
7180
7166
7185
7129
7326
7193
7161
7228
7280
7328
6972
7986
7283
7377
7333
7186
7276
7161
7181
11605
10283
7360
8286
7516
7386
7343
7428
10671
9538
7364
16183
9417
7360
7557
7768
7365
7333
7361
7337
7354
7300
7114
7413
7113
7491
7398
7596
7291
7378
7406
7270
7347
7341
7298
7312
7325
7387
7322
7327
7344
7390
7260
11090
7661
7755
7303
7481
7316
7401
7568
7373
7533
7386
7555
7395
7577
7336
7549
7427
7371
7585
7350
7337
7339
7363
7215
7222
7453
7167
7475
7111
7201
7177
7205
7125
7191
7121
7026
7247
7012
7324
7214
7383
7226
7138
7377
7189
7242
7173
7164
7129
7163
7149
7077
6922
6989
7217
7364
7183
7268
7156
7209
7207
7259
7164
7235
7273
7215
7262
7215
7266
7152
7138
7079
7204
7002
6952
7135
7031
7715
7434
7307
7322
7287
7313
7333
7327
7206
7157
7331
6955
7168
6955
6949
7139
7007
7089
7012
7147
6896
7013
7197
6949
7084
7012
7020
7338
7331
7352
7331
7333
7397
7267
6895
6987
6968
7180
7684
7086
7481
7452
7550
7700
7671
7506
7287
7445
7262
7230
7268
7526
7362
7261
7638
7781
7635
7376
7532
9962
7742
7480
7572
7506
7634
7299
7288
7432
7273
7308
7220
7292
7253
7186
7171
7196
7355
7422
7369
7174
7082
6998
6990
7077
6954
7142
7219
7385
7311
7390
7502
7341
7446
7396
7494
7400
7478
7447
7323
7538
7432
7456
7223
7411
7516
7442
7294
7321
7310
7291
7347
7199
7287
7247
7230
7211
7152
7150
7026
7050
7208
7035
7145
7099
7304
7175
7261
7200
7181
7191
7268
7135
6957
7018
6894
6948
6976
6921
6947
6949
6946
6922
6985
6945
6921
7140
7159
7305
7772
7307
7439
7223
7367
7287
7111
7118
7110
7112
7106
7025
6947
6964
6922
6951
6990
7139
7516
7662
7191
7141
7274
7183
7142
7208
7154
7074
7189
7104
7098
7097
7354
7008
7008
6964
7019
8129
13575
7377
8352
7871
8141
7376
7362
7345
7417
7402
7382
7721
9011
10667
7395
7412
7145
7251
7163
7165
7133
7156
7177
7138
6975
6950
6978
7102
6950
6949
6921
6968
6987
6895
6952
6944
6949
6921
7167
7130
7129
7202
7159
7104
7217
7088
6952
6952
7005
6952
6950
7008
7328
7290
7477
7273
7324
7358
7225
7487
7367
7369
7538
7330
7347
7268
7376
7338
7677
7422
7416
7496
7375
7488
7371
7278
7332
7313
7319
7342
7432
7315
7494
7318
7394
7376
7419
7335
7383
7421
7320
7305
7329
7490
7285
7311
7353
7218
7288
7090
7207
7207
7238
6958
6969
6974
6952
7006
6894
7007
7001
6922
6945
6969
6948
6922
6951
6948
6923
7208
7109
7205
7165
6951
6978
6919
7035
6925
6918
6944
7078
7139
6951
6943
6924
6920
7012
6920
6919
6998
6950
6895
6981
6950
6896
6984
6943
6927
6919
6950
7114
7911
7507
7276
6927
7154
6958
7062
6920
7036
6953
6895
7040
6943
7007
6921
6963
7109
6920
6975
7511
6919
6943
6983
6948
7108
7157
7105
7129
7728
7710
7270
7465
7283
7276
7130
7128
7136
7109
7103
7107
7080
6985
6925
6944
7006
6920
6948
6918
6920
6948
6948
6895
6944
6969
6895
6950
6944
6926
6919
7008
6919
6920
6982
6948
6895
6973
6948
6895
6949
6944
6924
6919
6948
6983
6919
6948
6936
6924
6944
7016
6895
6949
6944
6927
6920
6984
6919
6919
6988
6925
6920
7033
6948
6895
6981
6943
6895
6948
6947
6936
6919
6948
7007
6920
6944
6984
6895
6949
6943
6896
6949
6948
6918
6920
7200
7136
7128
7011
6950
6895
6982
6943
6912
7253
6950
6919
6920
6952
6923
6919
6992
6949
6895
6948
6944
6924
6919
6984
6956
6929
6952
6923
6919
6976
6948
6895
9248
7352
7572
7242
7176
7507
7121
7166
7057
7153
7143
7189
7396
7345
7258
7201
7198
7129
7130
7153
7129
7128
7161
7215
7138
7018
7757
7749
6947
7015
7194
6894
7006
7009
6954
6949
7003
6955
6950
6978
7003
6926
6962
6962
6895
6956
6964
6895
6988
6956
6928
6960
6962
6926
6924
6963
6960
6926
6956
6952
6925
6963
6993
6895
6959
6961
6894
6962
6956
6960
6927
6981
6925
6925
6956
6925
6931
6955
6931
6926
6986
6956
6941
7214
7117
7306
7235
7191
7691
7158
7231
7212
7202
6992
7084
7039
7004
7174
7105
6941
6976
7036
7017
6960
7088
6931
7126
7033
7085
7049
7106
7308
7067
7105
7066
6973
7080
7143
7411
7101
7195
7263
7161
7285
7173
7500
7216
7220
7225
7243
7213
7281
7394
7133
7433
7358
7206
7237
7211
8269
7535
7358
7306
7620
7138
7441
7210
7213
7448
7210
7303
7175
7224
7123
7092
7101
7169
7222
6922
7041
6965
6941
7060
6957
7044
6927
6988
7031
6895
7010
6992
6919
6947
7031
7324
7238
7244
7242
7248
7138
7262
7201
7203
8012
7273
7298
7219
7427
7156
7219
7220
7186
7294
7220
7228
7227
7246
7150
7248
7168
7216
7249
7144
7316
7138
7243
7529
7780
7471
7286
7304
7119
7258
7193
7135
7222
7133
7279
7158
7188
7277
7123
7223
7225
7218
7195
7186
7205
7258
7071
7207
7127
7194
7166
7202
7138
7278
7194
7273
7194
7195
7232
7181
7253
7203
7195
7203
7145
7235
7202
7169
7567
7226
7915
7535
7357
7556
7344
7401
7381
7466
7236
7221
7088
7245
7273
7112
7259
7046
6959
7316
7014
7117
6999
6937
7129
6984
7110
6897
9294
7161
7085
7230
7076
7321
7179
7252
7188
7118
7059
7074
7216
7151
7126
6933
7016
7187
7057
7123
6921
7165
6989
6926
7031
7063
6959
6926
7144
7006
6894
7063
7009
6918
7007
7010
6977
6950
7037
6952
6974
7009
6954
6926
6962
6961
6895
7010
6956
6894
6962
6957
6932
6925
6992
6926
6925
7114
6931
6925
6961
6925
6926
6962
6964
6895
6990
6963
6895
6963
6981
6949
6926
6962
6943
9399
7415
7050
7017
6897
7213
7480
6899
7422
6964
7073
7109
6957
8713
7753
7339
7141
7165
7004
7290
7098
6895
7625
6965
7456
7372
13005
7128
8234
7853
8360
7130
7526
7248
7227
6970
6898
7402
7104
7324
6927
7070
7086
7009
7290
6895
7236
6894
6999
6982
6893
6961
6894
6960
6962
6954
6995
6963
7017
6926
7015
6985
6926
7022
7337
8179
7160
7353
7276
7417
7419
7439
7380
7217
7466
7272
7387
7328
7285
7385
7215
7335
7116
7307
7088
7297
7463
7071
7647
7580
7462
7127
8041
7238
7311
7135
7225
7229
7221
7302
7264
7331
7203
7294
7435
7139
7256
7203
7232
7044
6908
7150
6904
6948
6908
6921
6899
6908
6908
6994
7201
7058
7114
7225
7127
7230
7199
7154
7185
7229
7175
7107
7095
6975
7036
7055
7003
7127
6981
7223
6980
7075
7008
7045
6931
6904
6895
6908
6951
6899
6899
6907
6898
6903
6904
6902
6899
6909
6902
6894
6930
6933
6895
6981
6906
6969
6928
6943
6960
6920
7019
6987
6946
7119
7308
7205
7085
7382
7114
7280
7457
7342
7397
7151
7225
7213
7233
7274
7155
7304
7224
7273
7180
7170
7137
7013
7085
6958
7015
7006
6977
6957
6961
6949
6962
7352
8038
7137
6982
6920
7280
7077
7183
7104
7125
6958
6933
7038
7105
6984
6927
7025
7517
6898
7019
6966
6957
6966
7125
6936
6928
7037
7040
7185
7347
7223
7069
7184
7167
7158
7097
7184
7266
6967
7022
7058
6950
7026
7106
6921
6941
7010
7035
6951
7061
6958
6947
7014
6963
6921
6957
6963
6895
6981
6957
6932
6925
6962
6926
6925
6963
6925
6932
6956
6979
6926
7010
7194
6945
6967
6962
6917
6957
6963
6931
6926
6958
6932
6926
6986
6926
6926
6964
6931
6926
6956
6962
6895
6962
6954
6949
6975
6962
6953
6932
6957
6932
6926
6962
6925
6926
6962
6925
6932
7682
7006
6922
7224
6968
7029
6899
7022
6902
6895
7330
6913
7166
6920
7085
7007
6924
7095
7054
7101
6968
6957
7008
6967
7005
6926
6951
6960
6932
6977
7008
6984
6950
7026
7005
6895
8330
7146
7242
7138
7261
6955
6896
7008
6962
6958
7001
6983
6931
6926
6985
6925
6932
6957
6965
6895
6963
6956
6895
7064
6963
6977
6926
6965
6980
6932
6956
6961
6925
6962
6926
6926
6963
6990
6895
6981
6961
6895
6963
6956
6932
6925
6973
6925
6925
6963
6931
6926
7075
6933
6926
7105
6958
6936
6987
6986
6910
6942
6991
6973
6926
6963
6925
6949
6963
6954
6932
6957
6962
6895
6963
6959
6895
6963
6965
6980
6925
6988
6932
6925
6956
6933
6926
6993
6925
6925
6962
6962
6895
6957
6963
6894
6990
6956
6895
6991
6962
6938
7053
6962
6931
6925
6957
6996
6925
6963
6961
6895
6959
6961
6894
6963
7184
7078
6928
7357
6926
6926
6964
6925
6932
7009
6963
6895
7034
7038
6945
7056
6968
6939
6985
6963
6955
6925
6982
6980
6927
6962
6985
6895
6963
8644
7379
7125
7358
7365
7759
7702
7616
7347
7153
7200
7162
7182
7126
6993
6960
6931
6926
6956
7037
6925
6963
6978
6926
6963
6933
6926
6963
7010
6894
6965
6962
6895
6956
6962
6926
6958
6955
6932
6925
6962
6925
6926
6963
6932
6926
6970
6962
6895
6960
6956
6895
7000
6963
6926
6926
6963
7091
6926
6956
7015
6926
7069
6958
6954
6987
6991
6918
6956
6980
6932
6925
6962
6926
6925
6964
6925
6932
6956
6931
6926
6988
6956
6895
6963
6962
6948
6957
6963
6947
6926
6956
6931
6925
6989
6925
6926
6963
6933
6926
6956
7022
6895
6963
6958
6895
6963
6962
6926
6927
6957
6931
6926
8153
7094
7035
6963
6960
6894
7280
6967
6926
6958
6957
6931
6926
6961
6925
6926
6962
6962
6894
6957
7040
6976
6963
7067
6933
6967
6964
6925
6950
6957
6957
6926
8293
7077
6948
7059
6951
7115
7121
6956
7001
6894
6935
7023
6926
6899
6957
6903
6899
7026
6904
6898
6939
6902
6895
6991
6907
6895
6935
6907
6991
6955
6902
6903
6899
6906
6899
6926
6907
6908
6895
6903
6909
6903
6899
6941
6902
6899
6939
6898
6899
6943
6906
6896
6966
6906
6894
6908
6902
6953
6898
6907
6908
6899
6908
7007
6925
6985
6940
6895
7002
6975
6928
6899
6907
6925
6898
6933
6904
6899
6948
6907
6895
6908
6906
6895
6905
6909
6899
6902
6903
6907
6899
6907
6952
6926
6906
7024
6895
6903
6940
6898
6903
6904
6902
6898
6908
6899
6899
6909
6906
6895
6916
6906
6895
7274
6914
6908
6899
6907
7191
6991
6907
6936
6895
6903
6907
6894
6907
6903
6905
6899
7005
6898
6899
6908
6898
6988
6904
6906
6894
7038
6902
6972
6996
6907
6951
6994
6911
7331
7777
7066
7146
6922
7096
6945
6988
6926
6964
6982
6895
7017
6963
6894
7061
6964
6985
6926
6956
6932
6926
6963
6927
6926
6965
6959
6926
6956
7016
6895
6962
7072
6895
6963
6975
6925
6932
6956
6931
6926
6962
6925
6925
6965
6925
6932
6956
6963
6895
6956
6956
6895
6962
6962
6953
6925
6962
6932
6925
6955
6969
6926
6962
6925
6926
6963
6956
6894
6957
6994
6895
7049
6952
7050
6927
6988
6985
6926
7000
6931
6952
6956
6961
6895
6962
6963
6895
6956
6988
6909
6949
6956
6960
6925
6963
6929
6926
7017
6950
6932
6958
6962
6895
6962
6955
6895
6962
6962
6895
7215
6971
6932
6926
6957
6935
6925
7312
6980
6895
6963
6962
6895
6971
6962
6895
6963
6956
6961
6922
6954
7252
8285
6995
6905
6898
6899
6929
6904
6900
6966
6898
6899
6908
6906
6895
8148
7307
7158
6914
6903
7006
6895
6929
7456
6929
6900
7010
6926
6899
6910
6907
6894
6956
6906
6895
6952
6928
6937
6898
6907
6899
6899
6906
6899
6981
6903
6982
6894
6907
6962
6904
6900
6946
6899
6899
6936
6898
6903
6995
6906
6895
6908
6902
6894
6909
6906
6899
6899
6906
6949
6903
6903
6911
6925
6907
6931
6895
6907
6961
6894
6903
6954
6898
6903
6904
6902
6899
6952
6898
6899
6992
6907
6978
6951
7003
6907
6911
6915
6903
6925
6907
6926
6922
6907
6956
6895
6903
6910
6894
6907
6926
6902
6899
6907
6899
6899
6909
6903
6953
6904
6906
6895
7270
6995
6958
6919
6949
6919
6919
6962
7157
7047
6904
6909
6894
6907
6935
6904
6899
6907
6900
6899
6908
6902
6899
6996
6951
6895
6984
6943
6895
6948
6962
6953
6926
6963
6931
6926
6956
6932
7112
6963
7772
8196
6993
6980
7329
6897
7332
6969
6894
7084
6946
7040
6950
7033
6949
6951
6988
6919
6931
6957
6969
6895
6963
6987
6895
6963
6987
6926
6925
6962
6932
6926
6957
6988
6926
7054
6925
6925
6962
6962
6895
6971
6965
6894
6966
6956
6944
6925
6962
6943
6932
6956
6931
6925
6961
6970
6926
6962
6961
6895
6956
6962
6895
6965
6986
6933
6926
6962
6926
6926
7151
7114
7154
7242
7116
6965
7111
7030
7057
6998
7014
7035
6963
7282
7008
7098
7007
7075
6921
6924
7046
6933
6985
6967
6984
6926
6963
7022
6895
7022
6957
6895
7022
7093
7062
6925
7023
6926
6932
7075
6935
6926
7015
7276
7118
7088
7095
7048
7050
7159
7005
7047
7111
7170
7044
7304
7178
7225
7195
7254
7293
7159
7322
7298
7207
7235
7191
7276
7239
7239
7284
7212
7005
7041
7389
8057
7103
6961
7011
6935
6896
7034
6933
6945
6980
6921
6960
6894
6985
6894
6996
6934
6924
7017
6925
6952
6962
6956
6949
6956
6962
6895
6963
6955
6894
6964
6965
6938
6926
6963
6934
6926
6957
6932
6979
6962
6956
6926
6963
6962
6895
6963
6950
6895
6963
6988
6925
6949
6998
6926
6932
6957
6932
6926
6963
7123
7265
7181
7306
7156
7265
7252
7174
7194
7200
7212
7217
7050
7176
7080
7120
7045
7230
6895
7087
6986
6894
6977
6963
6933
6926
6956
6970
6926
7070
6937
6969
7037
6982
6937
6963
7008
6896
6967
6989
6953
7147
8200
6991
6895
6956
6963
6895
6962
6979
6895
7393
6906
6979
6900
7006
7086
7087
6991
7274
7027
6978
7035
6978
6978
7033
6902
6944
6908
6930
6895
6934
6907
6922
6899
6903
6933
6898
6981
6930
6899
6908
7571
7533
7021
7027
7029
6903
7056
6912
6898
6988
6905
6974
6973
6910
6902
6901
6910
6945
6902
6905
7008
6981
6910
7050
6923
6911
6934
6901
6928
6912
6931
6902
6907
6905
6902
6912
6905
6897
6911
6909
6903
6901
6911
6939
6902
6909
6906
6957
6910
6915
6898
6910
6934
6923
6906
6972
6905
6902
6907
6905
6902
6910
6901
6902
6964
6910
6897
6960
6910
6907
6902
6905
6906
6901
6910
6902
6902
6909
6928
6898
6906
6914
6921
6910
6907
6905
6902
6966
6902
6902
6911
6905
6902
6907
6909
6898
7015
6910
6983
6939
7002
6997
7200
6933
6911
6927
6910
6961
6923
6912
6911
6925
6902
7312
6901
6906
6940
6906
6903
6911
6905
6897
6991
6910
6990
6932
6909
6902
6905
6906
7004
6902
6909
6937
6897
6910
6910
6897
6906
6941
6977
6906
6907
6906
6901
8394
7247
6920
7064
6914
7043
7026
6914
7003
6895
6930
6908
6894
6933
6904
6903
6899
6908
6898
6899
6925
6899
6903
6950
6908
6895
7013
6902
6967
6922
6992
6932
7015
6911
6926
6899
6903
6931
6894
6933
6951
6894
6907
6930
6898
7393
7108
6926
6918
7091
6914
6917
6982
6902
6929
6899
6934
6900
6899
6906
6903
6899
6903
7262
6899
6929
6998
6925
6943
6948
6950
6926
6965
6932
6925
6956
6931
6926
6962
6956
6895
6986
7017
6895
6956
6962
6932
6926
6963
6926
6925
6963
6927
6932
6957
7133
6896
6906
7055
7183
7205
7550
7191
7231
7174
7273
7419
7259
7343
7153
6895
7053
7177
6974
6938
6995
6936
6926
6963
6925
6926
6963
6931
6926
6956
6963
6895
6963
6956
6990
7065
6964
6949
6924
6963
6943
6926
6956
7038
6926
7063
6957
6946
6964
8103
7629
7001
7362
7013
6997
7027
6995
6973
6952
6965
7010
6952
6963
6925
6932
6956
6996
6895
6962
7013
6895
6987
6967
6926
6926
6978
6931
6980
6957
6932
6926
6963
6925
6926
7014
7047
6895
7075
6961
6936
6981
6905
6981
6921
7007
6930
6921
6975
6970
6918
6995
6961
6895
6907
6903
6903
6898
6908
6898
6928
6909
6956
6899
6904
6906
6894
6962
6903
6895
6908
6906
6900
6899
6906
6903
6899
6902
6946
6899
6934
6905
6895
6907
6940
6898
6903
6903
6902
6899
6907
6898
6899
6907
6906
6895
6935
6906
6894
6941
7059
7050
6899
6907
6936
6899
6908
6899
6903
6925
6907
6895
6906
7145
6904
6980
6958
6920
6972
6910
6921
6903
6963
6907
6894
6935
6902
6904
6901
6906
6930
6898
6907
6900
6906
6903
6920
6899
7045
6933
6894
6907
6963
6898
6899
8340
7414
6980
7055
7110
6921
7038
6958
7000
6926
6964
6983
6895
6989
6963
6895
6956
6962
6895
6962
6959
6954
6928
6966
6926
6926
6964
6931
6926
6956
7016
6895
6963
6955
6895
6963
6962
6894
6960
6956
6932
6925
6962
6976
7010
6963
6921
7074
6958
7024
6918
6987
6974
6894
6989
6962
6925
6925
6962
6931
6926
6957
6931
6926
6988
6925
6926
6990
6962
6895
6956
7019
6894
6964
6956
6932
6926
6962
6919
6951
6963
6961
6926
6956
6931
6925
6962
6962
6895
6955
6962
6894
6963
6956
6915
6942
6964
6925
6926
7210
6962
6937
6956
6931
6926
6962
6956
6895
6999
6963
6894
6958
6962
7059
7142
6956
6936
6926
6963
6977
6926
7045
6957
7008
6960
6963
6936
7134
7245
7228
7284
7185
7258
7229
7188
7309
7200
7203
7105
6965
6977
6963
6980
6895
7113
8016
7542
7043
6996
7008
6895
7065
6956
6961
6928
6903
6930
6899
6907
6899
6899
6909
6907
6895
6926
6926
6899
6903
6936
6902
6899
6907
6898
6954
6908
6906
6895
6904
6906
6895
6953
6943
6953
7362
7103
7092
6898
7003
6961
6894
6925
6916
6931
7001
7071
6903
6899
7048
6904
6918
7104
6912
6978
6905
7005
6943
6922
6902
6947
6926
6907
6960
6895
6907
6930
6895
6903
6907
6902
6899
6904
6902
6921
6908
6898
6898
6910
6907
6949
6904
6906
6895
6908
6902
6936
6899
6907
6960
6899
6907
6936
6899
7102
6909
6894
6906
8174
6903
6899
6907
6902
6918
6926
6907
6895
6904
6906
7129
7021
6902
6987
6899
6906
6931
6900
6907
6908
6895
6903
6909
6903
6899
7007
6903
7002
6940
6994
6901
6934
7033
6895
6987
6902
6959
6899
6906
6899
6899
6907
7543
8007
6918
6958
7185
6928
7152
6927
6968
6992
6957
6918
6963
6989
6894
6988
6962
6957
6932
6979
6929
6926
6962
6928
6926
6965
6932
6926
6956
6962
6949
6964
6957
6895
6961
6957
6926
6926
6962
6931
6926
6957
6932
6925
6965
6924
6925
6983
6988
6895
6958
6956
6895
6981
6963
6926
6926
6962
6973
7017
6957
7065
6927
6964
6998
6895
6988
6992
6920
6957
6964
6914
6942
6958
6931
6926
6963
6949
6924
6973
6931
6926
6956
6961
6895
7018
6957
6895
7057
7109
7049
7000
7091
6933
6969
7008
7117
7210
6967
7073
6895
6957
6961
6926
6932
6976
6931
6926
6962
6925
6926
6962
6925
6931
7268
6965
6947
6966
6955
6895
6997
6962
6928
6926
7028
7049
6926
6957
6948
6926
6963
6956
6895
6963
7089
6976
6957
6958
7049
6927
7047
6933
6950
6963
6925
6959
8440
7266
6988
7075
6955
6929
7012
6955
7000
6894
6907
6934
6900
6925
6910
6899
6926
6905
6902
6899
8061
6928
7032
6919
6948
6978
6920
7015
6923
6932
7048
6963
6895
6962
6955
6894
6965
6962
6925
6926
6962
6931
6926
6986
6931
6978
6979
6925
6926
6963
6962
6895
6975
6963
6895
7008
6955
6932
6927
6962
6948
6926
6962
6993
6920
6951
7030
6919
7005
6952
6952
6954
6962
6949
6954
7116
6929
6921
6994
6920
6945
6954
6974
6895
7076
6906
6900
6903
6903
6904
6899
6906
6993
6899
7142
7003
6895
6903
6909
6895
6907
6904
6905
6923
6940
6898
6899
6949
6898
6903
6942
6906
6894
7320
6903
6939
6899
6906
6970
6921
6952
6959
6919
6943
6969
6895
6962
6956
7172
7221
7231
7234
6926
7163
6963
6946
6954
6985
6996
7026
7074
7321
7087
6960
7518
8081
6969
7154
6951
7166
6985
7022
6896
6968
6989
6895
6987
6965
6941
7001
7188
7276
7157
7315
7183
7095
7188
7126
7212
7075
7119
7074
7115
7050
6962
6945
6957
6986
6895
6963
6956
6931
6928
6963
6925
6924
6962
6943
6948
6956
6934
6925
6962
6958
6949
6964
6981
6895
6956
6961
6931
6926
6988
6926
6925
6962
6925
6930
6956
6931
6925
6976
6956
6895
6963
6963
6894
7018
7042
6954
6974
7029
6960
6984
6963
6970
7004
6966
7164
6895
6957
6963
6895
6963
6956
6933
7148
6983
6926
6926
6975
6929
6926
6956
7016
6918
6963
6956
6895
6963
6962
6894
6957
6956
6959
6925
6962
7017
7137
7016
6950
6924
6944
6948
6895
6960
6971
6894
6964
6962
6925
6925
6962
6931
6999
6957
6931
6926
6962
6925
6926
6976
6963
6894
6970
6962
6895
8409
7029
7025
7049
6972
7058
6895
7039
7020
6951
7040
7006
7008
6950
6993
6953
6949
7002
6963
6894
6957
6955
6894
6963
6956
6941
6924
6963
6925
6926
6963
6922
6932
6956
7017
6926
6963
6969
6895
6964
6963
6895
6956
6962
6957
6926
6956
6932
6925
6962
6925
6926
6955
6930
6926
6976
6962
6895
6987
6955
6895
6967
6963
6925
6932
6958
6931
6926
6963
6939
6926
6961
6925
6955
6956
6963
6895
6963
6956
6895
6962
7013
7009
6926
7113
6935
6926
6997
6932
6949
6962
6951
6926
7207
6968
6896
6957
6963
6967
6926
6957
6932
6948
6961
6924
6926
6964
6931
6981
6963
6956
6895
6962
7048
6894
6957
7169
7001
6928
6969
6925
6921
6988
6920
6921
6947
6907
6895
6904
6909
6930
6976
6903
6903
6899
6907
6900
6899
6906
6923
6896
6903
7063
6895
6950
8118
7362
6903
6950
7229
6895
7115
6964
6993
6926
6963
7069
6925
7099
7012
6926
7208
6957
7001
6965
7022
6927
6926
7017
6932
6985
6961
6992
6926
6963
7015
6895
7022
6964
6895
7022
6957
7016
6952
7053
6926
6925
6962
6993
6933
6956
6934
6926
6963
6956
6895
6963
6962
6894
6955
6981
6932
6925
6983
6931
6926
6962
6925
6926
6981
6931
6926
6957
6961
6895
6992
6956
6945
6963
6962
6926
6926
6962
6932
6925
6956
6926
6926
6962
6944
6932
6955
7141
6896
6965
7301
6895
7289
6963
6926
6986
8178
7022
6895
7046
7012
6932
6986
6956
6993
6925
7022
6926
6925
7021
6945
6984
6957
7053
6895
6964
7194
6960
6950
6980
6920
6919
7006
6954
6949
7005
6955
6950
7009
7036
6895
6956
6924
6953
6920
6944
6925
6919
7078
7036
6926
6965
7010
6894
6956
7880
7322
7094
7017
7379
6895
7217
6949
6930
7111
6965
7011
6979
6965
6995
6925
7013
7018
7039
6963
6961
7140
6965
7061
6924
6985
6989
6932
6985
6958
6993
6925
6962
7016
6895
7022
6963
6954
6963
6956
7010
6977
7022
6926
6925
7053
6929
6932
6956
6959
6926
6963
6958
6894
6963
6960
6895
6903
6906
6899
6901
6904
6901
6899
6910
6898
6896
6907
6906
6895
6964
6906
7014
6899
6902
6903
6899
6907
6899
6898
6906
6907
6895
6902
6908
6895
6907
6904
6902
6899
7146
6903
6899
6912
6902
6898
6999
6906
6978
6981
7020
6940
6922
6907
6899
6925
6909
6929
6899
6905
6925
6895
6907
6903
6902
6899
7263
6898
6899
6988
6902
6899
6904
6906
6950
6907
6902
6942
6936
6906
6923
6899
6907
6903
6899
6903
6904
6900
6907
7000
6894
6907
6987
6899
6899
8145
7147
6901
7022
6913
7025
6902
6903
6977
6899
6932
6968
6923
6907
6910
6894
6903
