7246
6974
7214
6978
6985
7078
7005
7036
6961
7016
6934
6931
7015
6932
6956
7171
7196
7115
7163
7189
7164
7163
7082
7041
6905
7017
7040
6905
7098
7226
7140
7141
7164
7167
7114
7230
7139
6991
6961
7018
6983
7124
7125
7127
7114
7124
7139
7119
7003
6997
6933
6932
6995
6958
6905
7192
6960
6956
6932
6960
6933
6933
6958
6968
6932
6961
6959
6904
6960
6961
6931
6932
6980
6931
6933
7014
6933
6980
7166
6959
7055
7034
6962
6984
6932
7015
7046
7231
7164
7166
7164
7142
7189
7119
6984
9952
7362
7053
6906
7296
6966
7072
6934
7325
6963
7066
7101
7016
6989
7018
7017
6964
7016
7075
6958
7020
7018
6958
7022
7015
7601
6905
7077
7014
6905
7137
7016
6956
6960
7016
6959
6962
7014
7000
6961
7127
7124
7115
7151
7125
7120
7118
6994
7057
7115
7170
7728
7873
8116
7206
7606
7020
6936
7206
7170
7218
7141
7246
7148
7140
7190
7143
7175
7116
7168
7103
6929
7012
6991
6929
6954
7039
6934
6929
7145
7147
7163
7196
7187
7114
7193
7123
6958
7042
7020
7044
6960
7014
7021
6953
7021
7014
6905
7021
7020
6957
6966
7224
6967
6960
7022
6962
6960
7017
7019
6905
7015
7021
6905
7019
7015
6963
6960
7020
6959
6959
7020
6994
7189
7167
8115
8357
7341
7402
7446
15096
11838
7266
7311
7167
7115
7261
7188
7306
7344
10450
7164
7361
7356
7345
7209
7224
7289
7399
7407
7340
7399
7343
7404
7278
6960
7235
7166
7114
7165
7165
7171
7140
7056
7005
6941
7018
7103
6905
7018
7016
6960
6962
7014
6962
6960
7065
6960
6959
7016
6960
6961
7015
7017
6905
7018
7015
6905
7015
7017
6986
7072
7017
7104
7140
7164
7168
7114
7165
7163
7119
6960
7014
6960
7064
7200
7128
7156
7238
7022
7117
7140
7187
7170
7114
7188
7164
7140
7139
7209
7016
6905
7062
7017
6928
7014
7015
6993
6960
7042
7009
7232
7166
7271
7114
7163
7167
7131
6963
7016
6962
6960
7184
7125
7114
7154
7126
7154
7141
7043
7025
6905
7016
7021
6906
7018
7015
6963
6960
7107
7139
7247
7224
7168
7116
7175
7169
7128
6963
7018
7019
7140
7167
7240
7141
7140
7168
7114
6961
7146
7126
7218
9164
7347
7182
7194
7345
7088
6966
7008
7183
7169
7138
7171
7188
7146
7487
7227
7055
7114
7164
7171
7138
7140
7166
7135
6905
7019
7071
6949
6971
7020
6958
6960
7020
6956
6965
7065
6965
6960
7020
7011
6905
7020
7020
6931
6988
7016
6965
6960
7020
6965
7039
7115
7125
7114
7152
7126
7168
7119
7044
6969
6932
6959
6979
6952
6961
6959
6933
6932
6962
6931
6932
7053
7091
6905
7163
6965
6955
7060
6959
7045
6933
7017
6953
6955
6960
6961
6929
6958
7109
7147
7139
7189
7164
7162
7166
7145
6905
7018
7101
6965
6962
7015
7134
6960
7016
7005
6916
7017
7016
6905
7015
7016
6951
6969
7018
6962
6960
7017
6960
6960
7064
6962
6959
7018
7018
6904
7016
7015
6905
7015
7017
6958
6959
7017
6973
7181
7016
6954
6960
7018
7023
6905
7013
9194
7367
7172
7393
7346
7143
7165
7055
7061
7018
6960
7045
6934
6929
7013
6929
6953
6994
6982
6905
6983
6982
6905
6982
6954
6936
6954
6958
6985
6929
7041
6958
6905
6954
7039
6905
6958
7074
6934
6930
6993
6929
6929
6994
6958
6905
6989
6959
6905
6977
7056
6934
6930
6959
6929
6930
6959
6968
6929
6954
6958
6905
6958
7004
6934
6930
6959
6929
6930
7026
6934
6929
6989
6959
6905
6958
6954
6992
6982
6959
6996
7230
7134
7251
7123
7198
7150
7124
7004
6993
6996
6982
7025
6960
6911
6989
6964
6959
6935
6966
6963
6937
6983
7207
6935
6965
6995
6995
6965
6964
6935
6941
6961
6941
6935
6966
6960
6911
6966
6964
6961
6993
6965
6968
6967
6960
6976
6935
6965
6996
6911
6966
6965
6911
6960
7232
6932
6934
7007
6933
6931
6961
6958
6905
8351
7401
7363
7465
7158
7192
7118
6949
7042
6930
6989
7017
6973
7029
6993
7116
6968
6979
6959
6959
6984
6958
7012
6905
6978
7078
6905
6960
6990
6957
6929
6958
6953
6976
7014
6959
6928
6986
6958
6988
6960
6954
6934
6929
6959
6929
6929
6958
7080
6905
6954
6959
6905
6959
6954
6934
6930
6986
6929
6929
6958
6934
6981
6954
6958
6905
6958
6954
6968
6930
6958
6960
6929
6959
7018
6929
6954
6991
6905
6958
7070
7140
7139
7168
7138
7139
7193
7228
6916
7168
7064
7043
6959
7021
7013
6960
7074
7019
6928
7016
7022
6929
7020
7235
6964
6961
7045
6960
6984
7017
6989
6960
7010
7103
6905
7022
7016
6905
7021
7070
6959
6960
7022
6964
6960
7017
6964
6960
7021
7017
6905
7013
7019
6905
7021
7120
7140
7139
7166
7163
7114
7169
7121
7044
8194
7292
7271
7014
7353
7050
7094
6967
7016
7049
6964
7219
7164
7141
7139
7165
7134
6957
7214
7446
7098
6937
6966
6983
6931
7060
6933
6986
6962
6958
6929
7008
6984
6932
6932
6984
6934
6955
6958
6958
6931
6961
7033
6905
7041
6994
6931
7033
6999
6933
6931
6993
6960
6905
6999
6958
6905
6998
6960
6932
6982
6960
6934
6932
6958
6936
6932
6960
7247
7147
7139
7145
7038
6930
7164
7172
7115
7168
7163
7145
7139
7097
6958
6960
7020
7019
6905
7015
7066
6905
7020
7011
6965
6960
7152
6958
7019
7273
7165
7137
7164
7192
7190
7139
6996
7021
6929
7017
7039
6905
7023
7042
6960
6984
7021
6989
6960
7036
6989
6959
7102
7015
6905
7016
7020
6905
7000
7020
6952
7139
7168
7138
7138
7168
7262
7139
7139
7056
6929
6935
6991
6933
6929
8957
7292
7169
7202
6972
7132
6935
6944
7005
6932
6987
7131
7183
7126
7165
7168
7140
7144
7073
6961
6960
7018
7009
6933
7045
7069
7041
7015
7022
7130
7008
7064
6967
6960
7075
6959
7014
7019
7044
6905
7021
7041
6905
7049
7015
7025
7139
7168
7164
7114
7144
7143
7197
6929
6994
6933
6929
6959
6929
6980
6958
6958
6905
6991
6958
6929
6934
6954
6934
6930
6958
7012
6929
6959
7005
6904
6954
6998
6929
6934
6983
6934
6930
6995
6929
6929
6994
6958
6954
6987
6959
6947
7140
7163
7165
7138
7168
7164
7114
7014
7210
6960
6995
7391
6966
7010
7016
7075
6905
7019
7069
6905
7042
7021
6982
6960
7081
6986
6960
7051
6963
6984
7019
7014
6928
7020
7105
6960
6966
7021
6965
6960
7015
6960
6960
7240
7018
6905
7011
7021
6905
7020
7147
7073
8292
7350
7166
7326
7141
7194
7240
6953
7105
7018
6989
7014
7018
7020
6961
7074
6960
6959
7077
6956
7021
7021
7105
7115
7169
7152
7121
7143
7195
7170
7114
7055
7094
6954
7097
6966
6984
6933
6960
7016
6905
7013
6961
6905
7062
6960
6957
6932
7002
6931
6933
7002
6960
6929
6961
6971
6916
7011
7040
6932
6932
6960
6933
6933
6959
6961
6905
6960
6993
6905
6960
7074
6931
6932
7008
6932
6933
6996
6960
6905
6998
6958
6905
6962
6961
6964
6981
6960
6963
6934
6959
7046
7117
7174
7166
7144
7142
7168
7104
6962
7014
7021
6908
7228
7018
6953
7137
7123
7172
7119
7172
7152
7131
7099
7023
6983
6932
7050
6933
6932
7022
6960
6929
6961
6982
6935
6932
6984
6933
6955
6961
6982
6956
6959
7033
7126
7043
7878
7032
6932
7325
6964
6907
9262
7348
7218
7041
6934
7123
6933
6982
6963
6933
6986
6998
7015
6905
7022
6958
6963
6956
6960
6956
6932
6984
6970
6932
6983
6961
6928
6960
7040
7015
6932
7055
6932
6933
6960
6960
6905
6962
6958
6905
7010
7096
6967
7172
6967
6983
6933
6958
7035
6905
7014
6997
6933
6955
6998
6956
6932
7071
6932
6933
6983
6960
6928
6962
6958
6958
6932
7020
7129
7628
7159
7206
7140
7139
7084
6934
6932
6962
6933
6932
6962
6958
6904
6997
6960
6982
6932
6961
6965
6932
6959
7371
7552
7400
7335
7408
7224
7552
7488
7408
7421
7552
7507
7580
7561
7534
7692
7224
7156
7193
7227
7505
7204
7345
7327
7210
7220
7167
7252
7120
7148
7147
7143
7124
7150
7121
7119
7099
6934
6955
7011
6958
6929
7245
6984
6966
6930
7110
7171
7018
6957
7075
6905
6960
7834
7640
7396
7174
7318
6971
6971
7064
6973
6981
6961
7007
6932
6959
7054
6905
6984
7083
6933
6932
6998
6955
6933
7022
6960
6952
7012
6959
6929
7120
7044
6952
6932
6960
6969
6933
6959
6991
6905
6960
7100
6933
6932
6980
6931
6932
7054
7063
6934
7040
7174
6906
7145
7187
7165
7139
7190
7163
7114
7072
7018
6983
6960
7018
6986
6960
7174
7122
7143
7216
7168
7195
7141
7124
6967
6932
6961
6980
6905
6958
7013
6921
6992
7000
6933
6932
7006
6932
6932
6980
6961
6905
7171
7166
7148
6933
6959
6972
6932
6960
7152
6905
6960
7000
6905
6959
6991
6934
6931
7007
6983
6932
7011
6958
6905
6997
6960
6905
6992
6960
6985
7063
6958
7114
6934
7011
7018
6905
6993
6980
6985
6934
7228
6957
6932
7022
7068
7182
7003
7008
7009
6932
6984
7051
8295
7186
7175
7397
7144
7209
7151
6954
7017
7015
6959
7200
7150
7301
7205
7166
7176
7138
7168
7125
6962
6987
7018
7011
6984
7020
7039
6905
7231
7171
7143
7141
7170
7146
7141
7168
7100
6923
7044
6997
6933
6932
7128
7139
7138
7171
7165
7141
7139
7078
7017
7144
7201
7174
7222
7149
7173
7171
7141
7078
6958
6958
6989
6960
6993
7208
7234
7177
7163
7163
7166
7165
6997
7040
6962
6983
7019
6960
7045
7144
7126
7114
7021
7015
6957
6960
7018
6961
6960
7018
7002
7122
7124
7173
7141
7143
7166
7084
6931
7171
6958
6905
7030
6961
6969
6931
6961
6959
6982
6958
6968
6931
7168
7163
7140
7139
7165
7163
7114
7028
7018
6905
7016
7017
6964
7120
7124
7282
7119
7125
7341
7117
6981
7274
6992
6931
7030
7014
6905
7035
6960
7012
8238
7271
7310
6906
7156
6991
6970
7139
7165
7211
7114
7195
7168
7152
7014
7729
7043
6905
7040
7031
7144
7116
7187
7167
7139
7189
7163
7154
6995
6959
6947
6934
6954
6969
6930
6959
6972
7008
6959
7060
7138
7139
7054
6929
6935
6988
6935
6929
6976
6954
6905
7047
6958
6966
6930
6959
6965
6934
6954
7011
6929
7090
7053
7204
7155
7225
7139
7138
7213
7135
6958
7016
7020
6990
6961
7039
6968
6984
7020
7039
7140
7119
7156
6905
7039
7011
6965
7062
7096
7143
7138
7168
7164
7114
7006
7019
6962
6960
7021
7176
6960
7015
6966
6960
7019
7019
6905
7064
7021
6960
6966
7061
7117
7116
7143
7118
7114
7170
7168
7133
6929
6959
6958
6933
6954
6987
6905
6958
6972
6905
6958
7174
7162
7284
7306
7166
7189
7215
7095
7009
6966
7069
7177
8421
7117
7030
7221
6936
7195
6960
6954
6999
6960
7005
6932
7014
6953
6955
6959
6954
6956
6960
7028
6905
7007
7031
6932
6956
6998
6957
6932
6976
7017
6931
6979
6959
6905
6996
6961
7073
6932
6961
6972
6932
6959
7017
7139
7171
7166
7140
7139
7165
7106
7008
7153
7040
6905
7017
7017
6905
7019
7017
6961
6960
7015
7038
7146
7168
7205
7114
7170
7189
7175
6932
7060
7065
6905
7032
6960
6960
6982
7008
7022
6934
6983
7020
7202
7172
7175
7210
7139
7088
6932
6955
6998
6932
6957
7134
7043
6905
6996
6958
7164
6932
6961
7034
7139
7170
7100
6956
6959
6983
6933
6932
6996
6933
6931
6979
6958
6904
6996
6960
6905
6996
6960
6978
7140
7163
7142
7139
7165
7165
7147
6960
7489
7250
7269
7180
7194
7147
7141
7170
7105
6931
6959
9112
7396
7181
7220
7166
7260
7117
7141
7148
7136
7123
7141
7133
6929
7011
6929
6953
7136
7165
7138
7177
7201
7142
7139
7056
7074
6929
6959
7072
6905
6960
6991
6929
6934
6989
7037
6929
6995
6954
6905
6995
6958
6905
6987
6958
6963
6934
6954
6969
6980
6958
7081
7114
7165
7082
6929
6929
6995
6929
6934
6990
6934
6929
7031
6954
6905
6975
6958
6962
6930
6958
6947
6933
6954
7027
6929
7092
6989
7095
6989
6994
6979
6929
7016
6933
6929
7038
6959
6929
6976
6978
6904
6993
6982
6943
6953
6960
6970
6953
6955
7148
6905
7042
6989
6904
6958
7042
6929
6929
6991
6934
6930
6972
6958
6904
6977
6954
6905
7180
7165
7141
7139
7168
7105
6905
6954
6977
6933
6930
6971
6934
6929
7370
7170
7114
7190
7170
7162
7139
7165
7140
7138
7163
8574
7490
7291
7183
7205
7207
7013
7016
7003
7169
7126
7254
7142
7168
7203
7141
6988
6979
7013
6905
7069
6958
6969
7148
7166
7134
6934
6985
6981
6905
6982
6987
6955
6934
6978
7121
6932
6981
6931
6931
6997
6961
6904
7176
7170
7138
7141
7163
7190
7114
7027
7017
6905
7017
7021
6959
6959
7027
6962
6960
7090
6962
6960
7013
7015
6905
7036
7018
6905
7014
7017
6963
6960
7015
6963
6961
7017
7009
6960
7017
7018
6905
7018
7070
7144
7190
7164
7197
7122
7204
7170
7146
7142
7028
7042
7143
7191
7172
7114
7198
7245
7167
7141
7076
6959
6952
7017
6960
6979
6932
7044
6968
6934
6959
6954
6931
6960
6997
6905
6960
7007
6931
6932
7007
6933
6934
7005
6933
6932
6979
7096
7134
7244
6960
7047
6932
6960
6970
6932
6958
7001
6905
6960
7077
7147
7138
9327
7369
7361
7141
7191
7276
6905
7148
7347
7141
7119
7236
7171
7114
7156
6974
7057
6932
7013
6953
6931
7013
7007
6929
6961
7000
6955
6932
7022
6933
7059
7000
6933
6956
6981
6982
6905
6981
7044
6955
6931
6960
6960
6933
7009
6953
6932
6961
6996
6905
6960
6997
6931
6932
6978
6933
6932
7070
6933
6932
7229
7164
7148
7186
7166
7139
7140
7044
7018
6905
7018
7016
6905
7064
7019
6959
6960
7020
6960
6962
7016
6962
6960
7195
7169
7114
7177
7177
7197
7141
7233
7012
6955
6959
6980
6988
6931
7202
6933
6955
7009
7006
6929
7170
7195
7141
7162
7166
7143
7162
7035
7042
6905
7100
7016
6962
6960
7080
7120
7119
7159
7125
7114
7158
7043
6975
7212
6974
7107
7211
7166
7188
7141
7139
7165
7103
6959
7016
7015
6905
7019
7015
6905
9405
7327
7179
7366
7124
7232
7173
7114
7070
6961
7024
6932
7013
6969
6980
6983
6970
6955
6961
7051
7043
6961
7145
6934
6981
7131
7140
7171
7165
7241
7138
7164
7073
6963
6984
7017
7036
6905
7041
7021
6905
7038
7018
7035
6960
7042
7045
6960
7019
6960
6960
7017
7017
6905
7017
7017
6905
7048
7015
6958
7131
7125
7139
7116
7123
7168
7139
7139
7059
6934
6930
7025
6929
7115
7166
7170
7138
7139
7171
7168
6905
6953
7071
7115
7169
7165
7145
7138
7171
7164
7114
7347
7242
7148
6960
7154
7233
7069
7018
7070
7011
6963
7074
6965
7014
7024
6960
6984
7133
7168
7114
7188
7168
7143
7162
7163
7134
6905
6958
7013
6905
7042
6975
6929
6929
7261
7151
7138
7301
6958
6963
6929
6954
6951
6929
6959
6946
6929
6958
6995
6905
6954
7478
7808
7149
7341
7171
7425
7143
7161
6966
6961
7072
6955
7013
7017
7084
6905
7017
7040
6959
6983
7090
7143
7119
7063
7041
6905
7207
7127
7166
7365
7165
7260
6906
7072
7016
6957
7017
7082
7202
7139
7201
7171
7162
7041
7018
6929
7020
7039
6964
6960
7040
6961
7044
7017
7043
6960
7015
7083
7115
7166
7101
6963
6957
7171
6959
6959
7000
6990
6933
7014
7062
6905
7013
7017
6956
7121
7126
7147
7121
7124
7153
7114
6950
7110
7146
7139
7038
6959
6905
6979
6961
6905
7186
7166
7138
7141
7163
7214
7114
7067
7017
6962
6960
7102
7168
7119
7248
7176
7114
7199
7170
7086
6932
7014
6986
6932
6984
7004
6929
6960
6997
6955
6932
7039
7012
7198
7988
7004
6997
7153
7021
6975
6931
6960
6978
6905
6961
6998
6905
6959
7095
6934
6932
9333
7414
7225
7287
6976
6994
7066
6963
7030
6933
6987
7055
6979
6986
6991
6985
6905
7001
6960
6905
7254
7164
7189
6932
6960
7010
6905
7100
6981
6987
6959
6979
6933
6932
7145
6934
6977
7123
6960
6954
6978
7062
6968
6933
7011
6994
7163
7172
7189
7115
7166
7190
7127
6984
7213
7197
7114
7193
7192
7138
7187
7163
7144
7137
7168
7164
7147
6960
7022
7007
6961
7021
6958
6965
7188
7170
7114
7169
7163
7123
6960
7017
6966
6929
6958
6993
6905
6954
6994
6934
6930
7216
7260
7396
7294
7311
7406
7361
7367
7375
7357
7330
7402
7346
7323
7415
7422
7360
7274
7203
7178
7186
7174
7202
7097
6932
7051
6933
6985
6993
6958
6929
7317
6996
7011
7003
6960
7060
7118
6965
7000
6911
6990
6983
6940
7022
7002
6939
6939
6984
6966
6911
8401
7189
7320
7341
7343
7367
7349
7345
7372
7245
7156
7172
7031
6973
6959
6963
7006
6908
6984
7051
7116
7149
7164
7167
7138
7168
7117
6905
7078
6958
6966
6929
6959
6961
6934
6954
6968
6929
6958
7040
6905
6959
7163
7139
7139
7247
7169
7141
7165
7170
7028
6971
7071
6961
6984
7021
7326
7308
7355
7345
7347
7377
7374
7289
7296
7270
7323
7410
7265
7369
7400
7294
7371
7371
7350
7348
7346
7342
7416
7369
7271
7491
7348
7299
7418
7370
7378
7295
7402
7371
7334
7344
7463
7401
7363
7700
7457
8192
7494
7699
7625
7704
7599
7648
7622
7561
7552
7559
7563
7552
7586
7404
7542
7908
7859
8217
8522
8128
9463
8188
8426
7908
8781
8072
8979
7893
7999
7757
8320
8085
8394
7920
7366
7360
7360
7359
8591
10095
7565
7376
7346
7569
7633
7936
7840
8357
7761
7587
7353
7348
7343
7346
7343
7338
7351
7342
7352
7345
7344
7337
7340
7254
7114
7241
7114
7141
7190
7249
7266
7036
7217
6906
6992
7067
6906
7023
6905
6971
6959
6985
7084
6995
7027
7197
7193
7191
7169
7199
7139
7211
7038
6965
7121
7014
7072
6905
10024
7823
9048
7366
7573
7347
7177
7964
7505
7888
7694
7758
7397
7457
7390
7372
7349
7341
7352
7349
7190
7351
7290
7109
7051
7001
6971
6955
6960
7152
7139
7176
7283
7170
7142
7171
7169
6959
6935
7008
6989
7064
7021
7198
6930
6961
7040
6905
7008
7140
7229
7397
7320
7279
7038
7398
7311
7272
7140
7346
7277
6937
7138
7248
7287
7087
7587
7231
7244
7354
7344
7561
7428
7618
7548
7508
7523
7365
7390
8884
8336
7326
7538
7293
7352
7362
7321
7374
7388
7355
7369
7422
7273
7378
7425
7521
7283
7318
7369
7308
7695
7376
7553
7390
7448
7381
7357
7411
7153
7447
7236
7335
7235
7335
7312
7339
7379
7309
7409
7292
7442
7381
7220
7434
7311
7310
7334
7430
7327
7447
7337
7355
7382
7768
7814
7341
7599
7277
7403
7482
7366
7277
7471
7364
7305
7459
7305
7476
7266
7369
7489
7219
7399
7292
7313
7365
7368
7234
7348
7334
7064
7275
7223
7264
7118
7099
7114
7204
7477
7433
6957
7015
7019
7013
7023
7070
6963
6987
7021
6960
6983
7019
6984
6963
7147
7127
7114
7182
7123
7179
7119
7018
7056
7224
7212
7165
7163
7139
7192
7165
7115
7016
7018
6952
7597
7216
7149
7139
7170
7171
7143
7142
7172
7141
7141
7174
7165
8300
8013
7356
7062
6974
7142
7064
7102
6962
7063
7021
6905
7103
7016
6960
7019
7129
6961
6965
7039
6987
7188
7119
7165
7114
7168
7192
7138
7162
7029
7041
6905
6987
6958
6905
7027
6954
6951
6929
6958
6947
6929
6958
7117
7209
7199
7186
7087
7038
7143
7166
7164
7251
7214
7193
7168
7171
7163
7114
7192
7167
7162
7139
7212
7138
6905
7303
7167
7208
7250
7364
7314
7110
7385
7261
7295
7240
7216
7120
7059
7115
7018
7075
6934
7010
6972
6932
6982
6978
6928
6960
7093
6905
6961
7242
7142
7166
7187
7170
7114
7148
7125
7156
7202
7164
7178
7114
7170
7054
6933
6955
7000
6944
6942
6992
7094
7204
6994
6964
7270
7684
6958
7005
6905
6961
6980
6905
6961
7236
6932
6934
6997
6933
6931
6996
6958
6905
6979
6960
6905
6977
6960
7046
8020
7338
7182
7151
6940
7170
6938
6979
6988
6931
6984
7022
7015
6905
7100
6961
6965
6958
6954
7088
6929
6959
7031
6905
6983
7189
7140
7140
7049
7011
6934
6970
6958
6955
6976
6954
6905
6979
6959
7014
6976
6959
6966
6929
6954
7064
6905
6959
6987
6905
6958
6992
6929
6929
6996
6934
6929
6990
6960
6905
7147
6954
6953
6991
6959
7049
6929
6959
6950
6929
6954
6994
6905
6959
7061
7140
7139
7191
7138
7138
7143
7119
7114
7164
7168
7143
7138
7163
7100
6904
7008
7071
7140
7139
7253
6931
6929
6993
6958
6905
6984
6960
6967
6929
6954
6963
6929
6959
6966
6929
6959
7022
6904
6959
6990
6953
7226
6998
6930
6978
7023
6929
6934
6988
6960
6905
6976
6954
6966
7149
6959
6965
6929
6958
6988
7140
7163
7168
7138
7144
7166
7111
6959
8613
7200
7132
6962
7213
7017
6905
7073
7017
6959
7015
7068
6964
6960
7040
6965
6984
7022
6960
7084
7014
7040
6905
7035
7023
6905
7047
7015
7050
6960
7020
6962
6965
7063
6962
7015
7021
7019
6905
7021
7023
6960
6957
7019
6960
6966
7091
6967
6960
7041
6971
6948
7017
7019
6905
7016
7021
6965
6960
7015
6965
7189
7166
7164
7114
7168
7169
7142
6959
6986
6933
6929
6990
6933
6929
6995
6954
6905
7598
7178
7115
6929
6959
6988
6904
6954
6989
6905
6959
6971
6983
6930
7105
7138
7138
7214
7165
7127
7158
7094
6964
6958
7021
6962
6960
7020
7016
7114
7118
7148
7116
7121
7188
7168
7114
7269
6960
6997
6977
6959
6962
6931
6959
6964
6934
6954
6974
6904
6959
7043
7098
6929
6996
6929
6930
6995
6929
6934
6990
6958
6904
7553
6954
7003
8221
7174
7152
7238
7145
7215
7143
7121
7019
7020
6962
7014
7074
6961
6987
7017
6965
7088
7028
7028
7120
7149
7175
7141
7165
7175
7166
7141
7227
7166
7141
7139
7163
7140
7138
7047
7017
6905
7017
7018
6905
7018
7092
6962
6960
7015
6960
6960
7037
6960
6962
7016
7017
6905
7018
7015
6905
7019
7017
7011
6960
7019
6961
6960
7015
6965
6959
7017
7016
6904
7017
7073
6905
7014
7018
6962
6957
7011
6962
6960
7024
6960
6960
7020
7017
6905
7012
7015
6954
7016
7017
6971
7121
7126
7220
7143
7168
7188
7141
7143
7054
6933
6932
7008
6958
6905
6998
6960
6905
7188
7171
7127
6934
7268
7004
6905
7009
7008
6905
6960
6997
6931
6931
6980
6933
6931
6978
6960
6904
7244
6959
6972
6932
6961
6969
6932
6960
6953
6931
6958
7049
6905
7066
8743
7439
7282
6998
7212
7146
7167
7091
6962
7013
7015
7067
6905
7038
7020
6962
7084
7071
6986
6960
7022
6984
6959
7044
7017
6928
7018
7015
6987
7019
7065
6962
6960
7017
6958
6963
7016
6962
6960
7017
7017
6905
7017
7094
6905
7016
7042
6962
6960
7014
6959
6960
7020
6960
6960
7019
7017
6905
7066
7017
6905
7016
7014
6960
6960
7017
6962
6960
7017
6962
6960
7014
7016
6905
7017
7021
6904
7015
7118
7142
7144
7172
7170
7114
7429
7549
7599
7577
7622
7572
7380
7139
7022
7003
7115
7234
7126
7174
7159
7129
7115
6905
6959
7016
6933
6932
7108
7142
7138
7025
6959
6904
7287
6966
7001
6980
6960
6970
6932
6958
6968
6932
6960
6977
6905
6960
7091
7142
7141
7296
7167
7114
7151
7125
7149
7123
7129
7168
7119
6984
7508
7796
7318
7252
7177
7142
7179
7122
7018
6964
7082
6967
6961
7071
7013
6930
7024
7144
6955
6974
7044
6961
6993
7082
7148
7118
7171
7188
7147
7188
7174
7462
6961
6964
6979
6907
6956
7002
6931
6938
6976
6965
6932
7078
6934
6932
7182
7171
7170
7146
7168
7154
7148
7046
7019
6908
7021
7019
6940
6993
7072
6964
6960
7210
7151
7232
7230
7210
7151
7171
7172
7124
6946
6966
7018
6910
6991
7002
6934
6959
7039
6970
6936
7130
7174
7121
7223
7175
7175
7144
7082
6969
6964
7025
7025
7114
7118
7223
7143
7139
7172
7170
7114
7022
6954
6906
7183
7165
7194
7175
7170
7100
6932
7265
7017
6935
7001
7962
6973
6929
6993
6983
6946
6953
6961
6966
6957
6954
6974
6929
6959
7179
7015
6958
6976
6929
6929
6993
6929
6934
6972
6934
6929
6995
6954
6954
7849
7306
7154
7169
7221
7169
7175
6960
7159
7027
7189
7165
7173
7213
7311
7408
7329
7139
7170
7157
7121
7119
7061
6959
6928
6964
6996
6940
7162
7125
7138
6956
6959
6971
7016
6960
6977
6905
6960
7089
6931
6932
7127
7121
7119
7069
7038
6905
7046
6958
6976
6932
6961
6994
6932
7030
7194
6904
7037
7062
7234
7138
7078
6934
6932
7015
6958
7076
7003
7038
6968
6932
7009
6949
6956
6958
6970
6955
7171
7437
7391
7347
7373
7229
7348
7355
7401
7344
7338
7350
7307
7138
7139
7265
7168
7138
6994
7042
6960
6930
6959
6947
6930
6959
6995
7140
7164
7238
7114
6938
6988
6965
6930
6991
6929
6929
7060
6959
6905
6972
6958
7244
7122
7008
7072
6929
7011
7106
7162
7170
7097
6929
6930
7015
6929
6957
7046
6958
6928
6994
7024
6905
8801
7367
7332
7115
6933
7093
6933
6982
6993
6960
6959
6993
7115
6905
7021
6958
6951
6956
6961
6992
6931
6961
7031
6905
6983
6999
7007
6932
7119
7254
7139
7196
6963
6954
6996
6960
7005
6932
7014
7061
7120
6984
7038
6929
6961
7021
7101
7173
7270
7139
7202
7025
6985
6905
6996
7031
6964
6955
6958
6987
6932
6960
7026
7139
7195
7165
7138
7185
7165
7108
6959
7016
7018
6904
7018
7017
6905
7016
7018
6967
6968
7015
6994
7008
7021
6958
6960
7021
7044
7114
7163
7143
7116
7117
7191
7169
7114
7004
6954
6949
6941
6959
6966
6929
6958
6970
6929
6954
7106
7084
6965
7039
6958
6930
6984
6929
6930
6996
6934
6929
6989
6958
6905
7151
7163
7135
6930
6959
7011
7207
7168
7096
6905
6955
7519
6934
6929
6973
6935
6929
7042
6953
6905
8602
7193
7346
7115
7507
7184
7239
6969
7114
7150
7115
7221
7125
7151
7119
7005
6998
6929
6984
7004
6929
6961
7001
6955
6932
7040
6933
6931
7079
6961
6905
7004
6958
6905
6998
6960
6985
6934
6958
7009
7205
7164
7363
7139
7229
7223
7216
7139
7166
7190
7214
7085
6961
7067
7157
7166
7199
6905
6988
7005
6934
6955
7013
6955
6932
7016
6931
6933
7022
6960
6928
6980
6958
6995
6932
7043
6952
6932
6960
7070
7119
7163
7279
7139
7147
7165
7103
6960
7019
7016
6905
7028
7022
6904
7167
6961
6997
6932
6959
6983
6960
7023
7015
6905
6962
6980
6905
7267
6986
6934
6980
7026
6933
6932
6987
6959
6905
7003
6961
6979
6933
6960
6955
6932
6959
6977
6931
6960
7188
7114
7171
7072
6934
6934
6983
6936
6934
7103
6964
6956
7111
6964
8106
8074
7244
7169
7259
7144
7199
7179
6908
7162
7126
7212
7120
7121
7145
7117
6975
6985
6932
6961
7017
6932
6933
7140
7141
7191
7166
7219
7143
7147
7078
6968
6963
7024
6964
6963
7023
7103
6908
7018
7048
6964
6963
7015
6968
6964
7023
6963
6963
7025
6968
6961
7019
7072
6908
7024
7018
6968
6964
7024
6964
6963
7024
6966
6963
7022
7000
6920
7023
7026
6908
7018
7023
6963
6968
7020
6968
6964
7025
6963
6963
7138
7222
7117
7167
7171
7149
7142
7166
7124
6908
6961
7061
7148
7142
7197
7142
7141
7173
7136
6907
7019
7023
6966
6964
7018
6997
7376
7198
7167
7141
7171
7171
7142
7142
7037
6937
6932
6993
6961
6908
6999
6957
6973
6933
6961
6968
6932
6961
7044
7199
7168
7085
6937
6932
6989
6938
6932
6979
6982
6932
6995
6961
6908
8628
7389
7285
7114
7241
7166
7135
6935
6999
7083
6932
7059
6960
6905
7022
6961
6988
6934
6982
6996
7140
7194
7107
6977
6960
6987
6931
6931
7083
6954
6978
7046
6947
6929
7090
6958
6906
7030
6960
6983
6934
6960
6971
7675
7470
7324
7146
7141
7173
7262
6959
7062
6970
6909
6987
6961
6975
6932
6961
6987
6937
6959
7009
6905
6961
6995
6905
7008
7050
6978
7855
7274
7223
7199
7189
7199
7203
7165
7071
7181
7171
7140
7167
7140
7165
7165
7127
6905
7019
7143
7073
7161
7020
7126
6960
7014
7022
6904
7018
7153
7116
7164
7172
7170
7291
7168
7156
6905
7098
7015
7362
7538
7019
7061
6975
7070
7112
7027
7065
7044
6961
6962
7016
6985
6960
7075
6960
6960
7279
7195
7138
7141
7120
7143
7116
7118
7127
6905
6959
6991
6934
6930
9319
7327
7179
7111
7184
7215
6985
6966
7131
6930
6983
6987
6935
6985
6972
6958
6929
7015
6980
6905
6998
6958
7046
6929
6961
6993
6930
6978
6979
7025
6959
6988
6905
6959
7066
6930
6930
7013
6934
6930
6992
6929
6929
6991
6958
6905
6970
6960
6966
6934
6954
7001
6929
6959
6965
6929
6958
6976
6904
6954
6995
6929
6934
6986
6934
6930
6995
6929
6929
6995
6958
6905
7017
6958
6946
6934
6954
6952
6930
6959
7039
6933
6961
7001
6905
6954
6975
6905
6959
6991
6936
6930
6995
6929
6929
7200
7172
7114
7182
7170
7136
6929
6954
6969
6929
7340
6997
6905
7010
7012
6952
6929
6994
6934
6929
6984
6958
6905
7173
7163
7140
7139
7168
7163
7114
7168
7080
6929
6930
7198
7145
7139
7163
7170
7115
7189
7216
7142
7139
7169
7163
7114
7168
7168
7139
7139
8879
7279
7278
7142
7320
7177
7167
7139
7290
7286
7143
7190
7166
7203
6961
7161
6987
6960
7043
6997
7141
7118
7168
7162
7143
7101
6962
7044
7019
6959
6960
7097
7021
6904
7036
7019
6958
6961
7015
6961
6961
7016
6962
6960
7018
6963
6960
7063
7019
6905
7020
7016
6967
6960
7004
6964
7476
8072
7850
7450
7125
7287
7159
6905
6905
6959
6905
6964
6905
6964
6905
6964
6971
6948
7145
7192
7093
6960
7133
7004
7118
7001
6971
6930
6959
6972
6905
6959
6978
6930
6930
7139
7142
7149
7180
7179
7119
7173
7098
6990
7324
7186
7169
7145
7171
7171
7144
7144
7041
6940
6932
6994
6968
6909
6997
6959
6979
6932
6965
6954
6934
6966
6958
6932
6960
7151
7117
7173
7146
6944
6933
7126
7193
7119
7175
7172
7143
7142
7177
7109
6962
7019
8571
7713
7154
7236
7201
7175
7112
7027
7028
6967
7079
6963
6969
7051
7023
6935
7024
7091
6969
6966
7106
7122
7146
7179
7196
7115
7029
7052
7041
7053
7021
6973
6966
7024
6989
6965
7023
7019
6910
7022
7021
6910
7024
7024
6968
6966
7071
6965
6965
7263
7182
7116
7180
7173
7150
7142
7170
7129
6905
6962
6997
6905
6963
6999
6933
6937
7126
7148
7139
7341
7170
7156
7139
7086
7153
7141
7167
7166
7116
7165
7187
7140
7142
7167
7175
7115
7170
7101
6971
7116
7120
7167
7116
7124
7156
7115
6930
6959
7006
7166
6990
6961
6953
7007
6953
6905
6995
6959
6964
6930
6960
6947
6935
6954
6978
6905
6960
6983
6906
6960
6995
6930
6930
6977
6935
6930
7097
7072
6905
6996
6955
6955
6977
6959
6987
6931
6960
6963
6930
6955
6978
6905
6959
8389
7302
7219
7179
7246
7243
7140
7111
6958
7015
7023
7063
6917
7016
7046
6905
7089
7017
6991
6984
7017
6984
6966
7040
6966
6960
7050
7015
6988
7102
7023
6905
7042
7255
7332
7302
7269
7329
7244
7198
7157
6937
6980
6995
6966
6965
6977
6983
6905
7040
6961
6965
6963
6955
6992
6930
6983
7030
6905
7042
6989
6929
6929
6992
6934
6929
6990
6934
6930
7021
6954
6905
6971
7007
6946
6946
6959
7002
6930
6954
6966
6930
6959
6991
6905
6959
6996
6909
6991
6999
6937
6930
7158
6936
6929
6993
6954
6905
7738
7033
7008
6978
7059
7029
7140
7167
7199
7220
7143
7167
7149
7142
7093
7015
6905
7021
7016
6962
6967
7015
6965
6960
7566
7776
7061
7030
7132
6929
6954
6997
6960
6942
6977
6942
6936
7034
6966
6905
7004
6973
6905
6970
6973
7052
8187
7206
7015
7140
6967
7130
6938
6987
6974
6909
6936
6950
6941
6905
6963
6943
6967
6909
6912
6967
6931
6963
6982
6929
6983
7013
6929
6969
6984
6959
6974
7031
6942
6936
6982
6936
6936
7003
6942
6936
6989
6972
6905
7010
6973
6905
6980
6973
6949
6942
6966
6954
6936
6973
6964
6936
6973
6949
6942
6967
7000
6905
6971
6997
6941
6937
7001
6936
6936
6980
6942
6936
7041
6942
6936
6986
6967
6905
6986
6973
6905
6988
6974
6970
6936
6967
6950
6936
6973
6948
6935
6973
7193
6905
6974
6992
6904
7365
6983
6941
6932
7059
6931
6937
7905
6965
6952
6913
6913
6955
6909
6917
6960
6909
6917
6968
6905
6913
6973
6909
6913
6976
6914
6909
6974
6909
6909
7102
6917
6928
6947
6917
6905
6950
6913
6966
6909
6917
6941
6909
6917
7053
6906
6954
8289
7759
7121
7004
7143
6906
7002
7061
6955
6959
6973
6992
6936
6974
7004
6936
6967
6985
6905
6973
6979
6905
6971
6979
6935
6936
7047
6942
6936
7019
6995
6936
6993
6967
6905
6982
6973
6905
6988
6966
6970
6936
6973
6976
6936
6973
6948
6939
6967
7055
6905
6974
6980
6904
6976
6985
6935
6936
6985
6941
6936
7076
6942
6936
6984
6936
6936
6975
6973
6905
7001
6997
6906
7163
6967
6954
6936
6973
7011
6936
6974
6985
6921
6967
7089
6905
6973
7026
7672
7189
7447
7280
7510
7380
7388
7257
7338
7601
7663
7415
7300
7535
7604
7688
7677
7890
7898
7072
6968
7029
7004
7494
7849
7039
6961
6930
6959
6958
6930
6965
6970
6935
6967
7104
6905
6973
7180
6949
6953
6989
6935
6936
6976
6942
6936
6987
6938
6935
6985
6973
6905
8239
6995
7118
6949
6967
7082
6938
6997
6993
6932
6973
6992
6961
6936
7011
6942
6936
6969
6944
6935
6975
6935
6936
6998
6973
6904
7043
6973
6905
7030
6966
6971
6936
6974
6939
6936
6973
6937
6935
6967
6973
6905
6973
6997
6905
6973
6976
6936
6943
6968
6942
6936
6970
6936
6936
6975
6936
6942
6998
6973
6905
7034
6967
6905
6982
6972
6939
6936
6973
6954
6936
6967
6968
6936
6973
6970
6904
6971
6988
6929
6930
7010
6930
6930
6994
6943
6936
6995
6966
6905
6988
6973
6905
7066
7024
6973
7238
7029
6961
6961
7017
6962
6942
6967
6975
6905
6973
6972
6905
6975
6976
6935
6936
6986
6935
6942
7298
6942
6936
6981
7289
7142
7242
7132
7157
7008
6973
7685
6905
7040
7126
6965
6936
6970
6942
6936
6965
6935
6935
6974
6942
6935
6961
7042
6905
8259
6983
6980
7049
6975
7124
6908
6966
7000
7007
7020
7059
7035
6936
6976
6936
6936
6972
6936
6942
6972
6941
6936
7003
6967
6904
7100
6973
6941
7001
6974
6950
6936
6966
6970
6936
6974
6939
6936
6973
6975
6927
6964
7028
6905
6972
6969
6942
6936
6976
6936
6936
6989
6942
6936
6976
6935
6936
7002
6973
6905
6998
6973
6905
6990
6967
6971
6936
6973
6939
6959
6973
6947
6941
6966
6976
6905
6973
6969
6904
6973
6975
6936
6935
6992
6942
6936
6996
6941
6936
6976
6936
6935
6986
7061
7066
7160
6979
6967
6960
6966
6970
6936
6973
6938
6942
6969
6975
6904
6973
6971
6905
6973
6991
6935
6936
6984
6936
6942
6969
6942
6936
6975
6935
6935
6975
6973
6927
6983
6973
6905
7185
6967
6952
6998
6973
6938
6936
6973
6942
6936
6967
7038
6905
6973
7761
7651
6913
7018
7116
6905
7378
6988
6973
6936
6973
7055
6936
7000
7230
6940
6975
6987
6905
6967
6977
6905
6973
7094
6943
6936
7159
7143
7086
7056
7098
6905
7020
6973
6928
7001
7066
7004
6936
7020
6938
6936
6975
6993
6936
6970
6976
6905
6974
6981
6905
6973
6964
7046
6975
6985
6966
6936
6972
6942
6936
6976
6936
6942
6969
6974
6904
7057
6990
7053
7287
7285
7094
7120
7123
7171
6905
7017
6976
7006
6993
7042
7146
7076
7322
7192
7053
7002
6973
6905
6970
7096
7014
7038
6971
7135
6959
7071
6994
6928
6974
6977
6905
6967
7194
7203
6983
6981
6944
6936
6976
6936
6941
7020
6973
6905
6977
6967
6960
6976
6973
6949
6936
6973
6969
6966
6967
7026
6936
6974
7049
6965
6975
6985
6905
6967
6988
6942
6936
7049
6942
6936
6975
6936
6935
8177
7144
6996
6937
7149
7250
7028
6969
7027
6905
6975
7006
6905
6998
6976
6936
6936
6988
6942
6936
7085
6936
6936
7023
6973
6905
6969
6971
6905
6988
7022
6946
6936
6973
6939
6936
6973
6992
6936
6965
6954
6936
6974
6981
6905
6973
6975
6905
6967
6976
6942
6935
6973
6942
6936
6975
6936
6936
6976
6972
6906
6970
6971
6905
7000
6973
6973
6936
6973
6938
6945
6967
6944
6936
6973
6955
6936
6973
6975
6905
6967
6991
6905
6974
6981
6941
6935
6976
6936
6936
7126
6952
6936
6993
6973
6928
7190
6967
6904
8165
6974
6938
6936
6973
6983
6905
6967
6976
6905
6973
6983
6942
6936
6976
6936
6941
6997
6942
6936
6976
6936
6936
7004
6997
6905
6983
6973
6905
6976
6967
6964
7058
6973
6938
6936
6971
7124
7281
7117
7027
7117
6995
10233
7720
7360
6908
7332
6907
7023
7242
6908
7098
6908
7071
6908
6938
6967
6907
7004
6970
7038
6937
6939
7104
6948
6998
6993
6939
6997
7014
7040
6907
7056
6977
6933
6944
6970
6947
6939
6976
6993
6939
6976
7121
7170
7218
7153
6964
6969
7003
6945
6936
7001
6936
6936
6985
6973
6905
6973
6974
6905
6974
6967
6998
7994
6969
6949
6936
7046
6998
6905
6955
6991
6934
6931
6987
6934
6936
6999
6935
6935
6983
6972
6905
7000
6966
6905
7002
6973
6965
6936
6973
6975
7088
6972
6954
6936
7026
7184
6905
6976
6999
6905
6966
7001
6942
6936
6971
6942
6936
6974
6935
6935
6976
6972
6905
6977
6972
6905
6985
6966
6969
6936
6972
6939
6937
6996
7023
6935
6967
6943
6936
6972
7133
6906
6916
6980
6910
6909
6982
6960
6910
7005
6915
6909
7516
7217
7390
8381
7438
7158
7126
6933
7045
7091
6947
6995
6975
6961
6987
7539
7175
6936
6973
7015
6936
7032
6950
6942
6965
7025
6905
6974
6971
6905
6974
6974
6990
6936
6977
6942
6936
6985
6967
6936
6984
6966
6905
7050
6972
6905
7259
6973
6952
6936
6967
6943
6936
6974
7014
6936
6975
6997
6905
6973
6970
6904
6972
7069
6937
6936
7020
6935
6942
6971
6942
6936
6987
6966
6905
7000
6973
6905
6970
6973
6966
6936
6967
6943
6936
6973
6966
6936
6973
6983
6906
7191
6989
6905
6973
7024
6942
6936
7171
6936
6936
6995
6942
6935
6981
6973
6904
6975
6970
6905
7159
6974
7088
6941
6967
6992
6936
6973
6939
6936
6973
7029
6905
6967
7555
6936
6942
6980
6941
6936
6975
6936
6936
7137
6972
6906
6984
6973
6952
6974
6967
6970
6936
6973
7020
6936
6975
7150
8001
7269
7016
6944
7127
6974
7088
6937
7005
6967
6904
7112
7024
6990
7000
6959
7054
6936
6988
7001
6936
6979
6966
6943
6967
6985
6905
6973
7019
6937
6976
6991
6930
6976
6988
6969
6905
6970
6973
6905
6987
6967
6955
6936
6973
6964
6936
6974
6951
6935
6967
6953
6935
6973
6970
6905
6973
6986
6935
6937
7034
6965
6935
6977
6942
6936
7000
6936
6936
6984
6973
6905
6990
6967
6905
6973
6973
7002
7170
6916
6975
6911
6913
6973
6905
7112
7003
6918
6909
6973
6932
6909
6960
6909
6913
7171
6917
6905
6967
6913
6956
6909
6917
6964
6909
6917
6963
6913
6913
6973
6905
6917
6963
6905
6917
6971
6909
6909
6958
6932
6913
6968
6913
6909
6972
6913
6905
7033
6917
6983
7113
6918
6965
6961
6913
6972
6905
6917
7018
6905
6917
6996
6930
6930
8267
7397
6913
7239
6977
7035
6994
6967
6996
6936
7000
6970
6905
7000
7112
6905
6967
6985
6942
6936
7019
6942
6936
7002
6936
6972
6985
6972
6905
7083
6975
6905
7026
6974
6939
6936
6973
6972
6942
6967
6967
6934
6973
7025
6936
6974
7003
6905
6967
6985
6905
6971
6997
6943
6936
7033
6936
6936
6998
6942
6936
7005
6971
6905
6985
6967
6905
6985
6973
6950
6936
6973
6954
6936
6967
6966
6935
6973
7279
6905
6974
6985
6905
6973
7061
7067
6937
7003
6935
6935
7008
6936
6942
6970
6974
6905
7132
6967
6941
6964
6971
6938
6935
6973
6943
6936
6967
6943
6936
6973
6996
6904
6973
7004
6905
6966
7000
6942
6959
6995
6942
6936
7001
6936
6936
6974
6973
6905
6969
6973
6905
7124
7018
6953
6936
6973
6938
6942
6967
6951
6935
6972
6981
6905
6973
7699
7601
6935
6994
7145
6949
7214
6977
6905
7020
6967
6981
6936
6999
7038
6937
6974
6991
6936
6966
7041
6937
6975
6971
6905
6973
7002
6938
6937
6985
7020
6935
6970
6942
6936
6978
6935
6937
7002
6973
6905
6988
6967
6905
6999
6973
6961
6936
6973
6940
6942
6967
6953
6936
6973
6989
6905
6972
6987
6931
6967
6985
6942
6936
6981
6943
6937
6985
6936
6936
6982
6972
6906
6993
6973
6904
6974
6966
6943
6936
6973
6947
6935
7232
6959
6936
6967
7003
6928
6973
8187
6942
6935
6984
6936
6941
7160
6973
6904
7000
6967
6905
6985
6973
6939
6936
6973
6953
6941
6967
6954
6936
6975
7026
6936
6973
7007
6905
6967
7174
6944
6936
6980
6941
6936
7001
6935
6936
6985
6942
6935
7259
6975
6905
6976
6966
6952
6936
6973
6939
6936
6974
6970
6935
6967
7324
8055
7129
7004
7132
6962
6986
7014
6905
7010
6977
6930
7065
6967
6965
6937
6973
6949
6936
6973
6969
6937
6914
6999
6905
6916
6997
6910
6963
6975
6909
6908
6975
6909
6913
6975
6917
6905
6969
6913
6905
6967
6917
6972
6910
6918
6956
6909
6913
6950
6905
6917
6970
6905
6918
6966
6909
6921
6982
6913
6909
6958
6913
6909
6976
6913
6905
7010
6917
6958
6909
6917
6972
6909
6913
6968
6909
6917
6957
6905
6917
7068
7007
6930
7053
6934
6980
6986
6934
6930
6985
6966
6904
6999
6973
6904
7160
6978
6966
6936
6967
6953
6937
6973
6953
6940
6966
7037
6905
6974
6971
6905
6973
7001
6935
6959
6974
6936
6943
7300
6944
6936
6978
6967
6904
6975
6970
6905
6981
7024
6962
7064
6966
6943
6936
6973
6946
6936
6976
6965
6904
6967
6986
6905
6996
8038
7324
6914
7113
6958
7078
6984
6964
7075
6910
6945
6964
6935
6913
6988
6905
6917
6944
6905
6920
6973
6909
6909
6998
6968
6936
6995
7013
6911
7066
6973
6911
6992
6980
6945
6949
6974
6949
6942
6980
6973
6942
6980
6996
6911
6974
6991
6911
6980
7063
6948
6942
6991
6941
6942
6991
6971
6941
6985
6978
6912
6981
6973
6911
6993
6979
6960
6942
6979
6970
6943
6973
6960
6942
6980
7083
6911
6980
6993
6911
7332
7011
6948
6942
7009
6967
6944
7010
6942
6948
6978
6979
6911
6988
6973
6911
7226
6979
6968
6942
6980
6971
6950
6974
6959
6940
6980
6976
6911
6980
6980
6911
6974
7014
6948
6943
7501
6948
6936
7001
6966
6905
6985
6973
6905
6970
6973
7001
6936
6966
6967
7059
6973
6964
6936
6973
6974
6905
6974
6970
6905
6972
7027
6936
6936
7970
7328
6913
7158
7175
6962
7261
6959
7098
6931
6963
7031
6905
6984
7112
6907
6958
6959
6909
6915
6962
6913
6909
7129
6913
6928
6968
6917
6905
6968
6974
6992
6909
6913
7006
6909
6917
7041
6906
6917
6958
6905
6914
6961
6913
6909
6963
6913
6909
6972
6909
6909
6963
6917
6931
6975
6917
7016
6909
6913
6962
6909
6917
6963
6909
6917
6949
6905
6913
6976
6913
6909
6958
6914
6909
6977
6909
6909
7206
6932
6905
6965
6917
6998
6911
6913
6962
6909
6917
6958
6909
6917
6964
6905
6913
7191
6913
6909
6966
6913
6909
6965
6909
6910
6965
6917
6905
6968
6917
6905
6964
6913
6985
6909
6917
6963
6909
6918
6962
6909
6913
6960
6905
6962
7041
6934
6978
6994
7038
6934
7103
6973
6905
6983
6967
6905
7028
6973
6953
6936
6974
6975
6942
6966
7276
8049
7233
7376
6972
7208
7024
7012
6996
7123
7002
6905
7044
6974
7048
7129
6967
6957
6936
6972
6963
6936
6973
6974
6905
6990
6984
6905
6973
7014
6942
6936
7032
6935
6936
6975
6942
6936
7003
6966
6904
6986
6973
6905
6980
6972
6949
6941
6966
6966
6936
6973
6954
6936
6996
6986
6905
6967
6964
6905
6972
6985
6941
6935
6984
6936
6936
6997
6942
6936
6981
6942
6935
7001
6966
6905
6975
7128
7080
6938
6977
7022
6959
6967
6969
6913
6916
7084
6911
6914
6976
6905
6919
6961
6913
6909
7143
6909
6909
6972
6909
6912
6975
6917
6905
6962
6913
6965
6909
6917
6963
6932
6917
6962
6913
6913
6972
6905
6917
6962
6904
6917
6971
6909
6909
7011
6909
6913
6956
6920
6905
7100
6913
6905
6969
6917
6963
6909
6917
6953
6936
6913
6974
6905
6918
7601
7607
6938
6996
7123
6929
7092
6968
6905
7041
6973
6980
6936
6967
6963
6936
6972
6950
6936
6973
6997
6905
6967
7024
6905
6972
6980
6943
6989
7001
6935
6936
6983
6942
6935
6969
6942
6936
6976
6966
6905
7000
6975
6905
7004
6967
6953
6936
6973
6949
6936
6973
7127
6945
6966
6985
6905
6972
7071
6905
6973
7034
7800
7157
7426
7229
7177
7000
6978
6955
6936
6967
6947
6936
6973
7098
7201
6972
6972
6905
6966
7023
6942
6936
8178
6973
6905
7001
6967
6905
6972
6973
6935
6942
6967
7017
6961
7024
6961
6961
7021
6958
6965
7014
7020
6905
7021
7014
6905
7067
7017
6959
6960
6999
6942
6936
6983
6943
6936
6972
6966
6904
6973
7023
6904
7042
6973
6942
6936
6967
6966
7057
6973
6936
6935
6972
6942
6935
6996
6966
6905
6973
6975
6904
6967
7981
7247
7048
7058
7166
6906
7085
6968
6996
6959
6972
6965
6936
6973
6980
6936
6967
6944
6935
6972
6986
6927
6973
6973
6905
6966
7003
6942
6936
6966
6971
6935
6973
6936
6935
6973
6942
6936
6965
6967
6905
6972
6973
6905
6966
6973
6965
6942
6967
6960
6963
6974
6935
6935
6973
6989
6905
6967
6976
6904
6973
6967
6941
6937
6994
6936
6936
6973
6942
6936
6970
6942
6936
6972
7014
7083
6973
6973
6905
6993
6973
6960
6936
6967
6944
6936
6971
6948
6942
6967
6942
6936
6974
6968
6904
6973
7167
6936
6936
6998
6935
6942
6969
6942
6936
6973
6936
6936
7000
6973
6904
6967
6973
6904
7065
6967
6941
6936
6971
6965
6936
6973
6993
6936
6967
6969
6936
6973
6985
6905
6973
7002
7058
6942
6966
6942
6962
6973
6935
6936
6973
6935
6942
6967
6973
6905
8070
7154
7213
6932
7239
7009
7004
6961
6974
6996
6936
7032
6943
6995
6997
6942
6995
7004
6995
6989
6993
7032
6905
7025
6974
7001
6936
6967
7037
6936
6974
6936
6936
6975
6942
6936
6971
7105
6906
7023
6988
6905
6954
6994
6934
6942
6995
6969
6936
6989
6936
6936
6974
6973
6905
6966
6972
6905
6967
6966
6962
6936
6973
6935
6936
6973
6935
6937
6967
6945
6936
7372
6980
6905
6982
6973
6959
6936
6973
6942
6936
6987
6942
6936
6975
6936
6942
6967
6973
6905
6973
6967
6904
6973
6972
7122
6981
6973
6961
6942
6967
6942
6935
6973
6993
6927
6973
6973
6905
6967
7540
6942
6936
6970
6942
6936
6972
6936
6936
7025
6973
6905
6967
6972
6905
6991
6966
6945
6936
6973
6958
7058
6973
6942
6962
6971
6936
6935
6973
6973
6905
6967
6977
6905
6973
8021
7229
6991
7024
6959
7008
6967
6989
6948
6955
6917
6910
6938
6913
6943
6909
6917
6994
6905
6920
6968
6909
6909
6955
6913
6909
6939
6913
6909
7025
6913
6905
6918
6917
6905
6914
6917
6914
6909
6913
6951
6909
6917
6922
6905
6917
7002
6905
6913
6918
6913
6909
6914
6912
6909
6951
6909
6909
6919
6917
6904
6956
6917
6905
6918
6913
6913
6909
6917
7015
7122
6925
6956
6905
6913
6946
6904
6917
6914
6912
6909
6966
6909
6909
6951
6912
6909
6960
6917
6905
6954
6913
7010
6909
6917
7058
6931
6937
6967
6929
6954
6959
6905
6972
6987
6943
6936
6968
6935
6936
6973
6942
6936
6975
6936
6936
6975
6973
6955
6970
6973
6904
7067
6966
6960
6936
7049
6936
6936
6973
6998
7028
6993
6971
6905
6972
6966
6905
6973
6973
6935
6936
6976
6944
6936
8372
7323
6919
7256
6980
6953
7040
6983
6966
6942
7007
6950
6941
6998
6992
6911
7035
6980
6942
6943
6998
6941
6949
6970
6946
6941
7010
6942
6941
6981
7034
6911
6987
6979
6911
6995
6972
6970
6943
6978
6942
6943
6979
6948
6942
7000
6990
6911
6980
6973
6911
6979
6979
6942
6942
7074
6950
6943
6996
6948
6941
6980
6942
6950
6975
6979
6911
7034
7057
7084
6943
6978
6937
6933
6977
6932
6942
6967
6973
6905
6974
7001
6905
6972
6988
6935
6935
6985
6941
6936
6967
6942
6936
6974
6936
6936
7192
6973
6905
6993
6973
6905
6998
6966
6940
6936
6973
6936
6936
6973
6941
6935
6973
6966
6905
6973
7022
6905
6967
6989
6936
6942
6993
6941
6936
6987
6935
6935
6973
6940
6936
7151
6975
6905
6973
6967
6905
6973
6971
6935
6936
6973
7130
8220
7089
6989
6911
7007
6917
6960
6910
6947
6909
6909
6976
6917
6905
6945
6917
6984
6909
6913
6916
6909
6917
6960
6909
6917
6919
6905
6913
6972
6905
6917
6914
6913
6909
6992
6909
6909
6922
6913
6909
6914
6917
6904
6960
6913
6993
6909
6917
6944
6909
6917
6946
6909
6913
6918
6905
6917
6914
6905
6917
6958
6909
6909
6919
6913
6909
6914
6912
6909
7189
6931
6905
6946
6917
6937
6913
6913
8177
6905
6917
6914
6905
6917
6984
6909
6909
6957
6909
6913
7019
6917
6905
6918
6913
6905
6968
6917
7188
6909
6917
6959
6913
6913
6941
6905
6917
6943
6905
6919
6954
6909
6909
6919
6909
6913
6914
6913
6988
6918
6913
6905
6999
6917
6941
6909
6917
6910
6913
6913
6951
6909
6917
7072
6965
6917
6919
6904
6913
6918
6909
6913
6944
6912
6909
7050
6954
6905
8355
7075
6915
7025
6924
6942
6904
6914
6963
6905
6943
6914
6913
6932
6960
6909
6909
6918
6913
6909
6946
6917
6905
6969
6912
6951
6909
6971
6945
6909
6917
6913
6909
6913
6948
6905
6917
7014
6905
6917
6918
6909
6935
6948
6912
6909
6937
6913
6909
6918
6914
6905
6922
6916
6947
6909
6917
6959
6910
6913
6913
6909
6917
6914
6905
6917
7043
7093
6910
6980
6913
6932
6951
6913
6909
6918
6913
6904
6918
6917
6905
6963
6917
6913
6909
6913
6943
6909
6917
6910
6909
6918
6993
6905
6913
7219
6913
6909
6963
6912
6932
6955
6909
6909
6949
6917
6905
7032
6917
6913
6909
6913
6951
6910
6967
6945
6913
6913
6950
6905
6917
6944
6905
6917
6918
6908
6909
6918
6909
6939
7115
6917
6905
6918
6913
6905
6955
6917
7036
6909
6920
6957
6913
6913
7687
7789
6913
7147
6938
7021
6979
6963
6931
6977
7003
6907
7022
7027
6939
6946
6970
6942
6939
6976
6940
6939
6976
6964
6939
6970
6975
6908
6976
7024
6908
6976
6976
6939
6939
6976
6945
6939
6995
6945
6938
6993
6993
6908
6976
6976
6908
6979
6968
6908
6976
6976
6939
6939
6975
6968
6945
6970
6948
6939
6975
6969
6908
6976
6976
6908
7372
6995
6945
6939
6971
6973
6938
6976
6939
6938
6978
6976
6908
7000
6978
6908
6994
6970
6947
6939
6977
6969
6939
6976
7182
7273
6977
6990
6908
6977
7217
6938
6939
7023
6939
6945
6973
6946
6937
7544
6970
6908
6976
6975
6908
6970
6976
6996
6939
6970
6937
6939
6975
6939
6939
6976
6945
6938
6970
6970
6908
6975
6995
6908
6976
7123
6939
6939
6976
6945
6939
6969
6945
6939
7137
6977
6908
7056
6977
6908
8283
6997
6970
7041
6965
7144
6937
6986
6919
6909
6957
6919
6935
6913
6944
6918
6905
6918
6913
6905
6918
6916
6959
6909
6919
6910
6913
6913
6952
6964
6917
6914
6905
6917
7062
6910
6909
6918
6909
6936
6968
6913
6909
6971
6913
6905
6952
6917
6905
7234
6917
6914
6909
6913
6959
6909
6917
6914
6905
6917
6918
6905
6913
7215
6999
6909
6932
6915
6932
6968
6913
6905
6949
6917
6905
6914
6917
6951
6909
6913
6983
6931
6938
6990
6905
6959
6990
6905
6968
6996
6942
6936
6979
6942
6936
7158
6935
6958
6998
6973
6905
6969
6973
6905
6972
6966
6943
6937
6972
7017
6942
7055
6971
6936
6972
6936
6935
6973
6972
6905
6966
7067
6905
6976
6967
7001
6959
6985
6936
6936
7150
6938
6930
6955
6961
6905
7066
6965
6943
6937
6973
6953
6937
6973
7193
8074
7305
7031
6967
7213
7015
7066
6960
7104
7222
7126
7352
7138
7252
7109
7274
7185
7081
7305
7136
7245
7102
7137
6936
6936
7037
6973
6964
6970
7033
6908
6976
7026
6943
6995
6973
6967
7046
6974
7003
6936
7060
6973
6905
6973
6969
6904
6973
6973
6936
6936
6993
6942
6936
6967
6942
6936
6973
6936
6935
7225
7281
7272
7311
7202
7220
7153
7173
7189
7026
7276
7147
7078
6992
7409
7192
6963
7029
7061
6989
6974
7029
6962
6936
7119
7043
7076
7088
6999
7077
7080
7225
6963
7118
7412
7113
7190
7136
7138
6999
7086
7010
7004
7030
6994
7046
6987
6964
7005
6981
6967
6949
6927
6917
6973
6909
6909
6955
6913
6909
7010
6937
6929
7019
6979
6905
6975
6996
6963
7158
6991
6992
6936
7043
7089
6977
7025
7032
6927
6967
6977
6936
6942
8129
7268
6966
7009
6966
7041
6977
7033
6961
6936
6997
6944
6961
6967
6953
6934
6973
6971
6905
6973
6991
6905
7003
6967
6945
6905
7079
6942
6936
7027
6966
6906
6973
6973
6904
7052
6970
6961
6965
6972
6935
6936
6973
6954
6942
6966
6946
6936
6973
6994
6905
6973
6973
6905
6967
6976
6942
6936
6963
7009
7196
6979
6936
6935
6973
6995
6905
7024
6976
6905
8137
6967
6961
6936
6973
6936
6936
6973
6973
6905
6967
6972
6905
6972
7001
6936
6936
6988
6935
6942
6967
6942
6936
7036
6985
6964
7101
7020
6905
7017
7021
6968
6936
6966
6942
6936
6973
6935
6986
6973
6942
6935
6967
7057
6905
6974
6967
6904
6973
6976
6936
6936
6973
6968
6936
7050
6942
6935
6973
6936
6942
7115
6973
6905
7030
6967
6997
6936
6973
6935
7102
7171
7015
7071
7119
7809
7806
7052
7169
7016
7126
6978
6914
6940
7004
6964
6947
6933
6920
6944
7007
6914
6992
6905
7027
6977
6913
6933
7100
6981
6930
6998
7008
6905
6977
6974
6904
6973
6967
6967
6961
7002
6936
6935
6973
6944
6935
6967
7012
6936
6973
6969
6904
6972
6992
6904
6971
6967
6942
6936
6973
6935
6936
7329
6946
6948
6967
6973
6928
6973
6966
6905
6981
6972
6954
6936
6973
6933
6934
6967
6941
6935
6973
6934
6936
6975
6973
6905
6966
6998
6905
6973
6967
6942
6936
11945
7743
7345
7180
7567
7149
7028
6949
7048
6955
7062
7227
7124
7001
6935
7218
7082
7991
7910
8887
7448
7227
7410
7297
7127
6932
6988
6997
6996
6959
6974
6936
6936
6975
6936
6942
6970
6973
6904
7265
6983
6956
6980
6964
7075
6937
6977
6943
6936
6967
6977
6905
6974
7665
7731
7119
6956
7212
6906
7084
7039
7296
7146
7073
7191
7064
7222
7157
7359
7145
7255
7198
7208
7356
7219
7274
7316
7339
7135
7063
7482
7212
7174
7173
7395
7284
7142
7298
7271
7189
7233
7244
7192
6979
7097
6973
7061
7159
7051
6936
6943
6991
7043
7209
7047
7166
7054
7036
7311
7199
7133
7121
7100
7002
7117
7078
7056
7153
7188
7146
7235
7059
7018
6977
7098
7047
7030
7057
7046
7068
7085
7249
7189
7283
7236
7226
7273
7160
7330
7232
7219
7346
7207
7282
7212
7208
7410
7260
7210
7651
7217
7254
7419
7269
7189
7160
7093
7160
6962
7066
7021
6970
6967
6978
6904
7074
7067
7017
7033
7079
7012
7035
7124
7040
7011
7136
6975
6980
6994
6967
7002
7058
6973
6991
6943
6966
6943
6935
6972
6966
7006
6974
7181
6905
6967
7932
7360
7268
6960
7376
6962
7214
7017
6967
7013
6974
7000
6936
7035
6968
6905
7027
6974
6964
6973
6986
7002
6936
7049
6936
6995
6973
6942
6995
6999
7115
6958
6985
7216
6905
7083
6974
6990
6943
6967
7047
6936
7032
6954
7187
7150
7231
7193
7165
7288
7107
7285
7136
7222
7541
7116
7294
7064
7020
7028
6967
6965
6974
7031
6905
7026
6973
6942
6995
6967
7001
6937
6973
6995
6936
7060
6973
6996
6967
6974
6905
6993
6967
6942
6936
6972
7030
6970
6965
6971
6930
6957
6954
6905
6966
7223
7153
7169
7150
7212
7103
7137
6977
6978
7062
6967
7021
7033
7105
6931
6936
7186
7021
6999
7119
7037
7000
7051
7104
7021
7060
6975
7065
7010
7046
6993
7009
7165
6975
6978
7250
7024
7066
6936
7096
6936
6935
6997
6942
6935
6975
7592
8112
6997
7211
6960
7062
7031
7070
7008
6964
7020
6935
6966
6967
6942
6936
6973
6934
6934
6973
6942
6936
6966
6977
6929
6916
6948
6905
6915
6962
6909
6909
6991
6913
6909
6914
6917
6905
6996
6996
6905
7080
6919
6990
6909
6917
7016
6909
6939
7091
6905
6917
6914
6905
6917
7149
6949
6909
6923
6913
6909
6937
6917
6905
6941
6967
6905
6918
6917
6925
6909
6920
6945
6909
6913
6914
6909
6917
6914
6905
6917
7171
7522
7048
6966
6934
6929
6983
6965
6905
7097
6967
7144
6936
6973
6935
6942
6966
7167
6935
7097
7028
6905
7021
6973
6905
6967
7196
6936
6943
6983
6942
7331
7439
7170
7739
7002
7104
7008
6959
7099
6986
6944
6966
7000
6905
6973
7066
6942
6936
6985
6936
6936
7137
6942
6935
7030
6945
6936
6973
6967
6905
7004
7027
6905
8153
7194
7219
7141
6931
7090
6913
6909
7008
6909
6934
6938
6909
6939
6951
6919
6904
6995
6913
6970
6909
6917
6910
6909
6918
6918
6913
6913
6955
6959
6943
6968
6913
6909
6918
6909
6909
6951
6909
6913
6914
6917
6905
6918
6913
6905
7130
6917
6963
7049
6920
6989
6913
7111
7065
6905
6941
6914
6915
6932
6918
6909
6909
6918
6909
6912
8189
6917
6946
6913
6913
6968
6964
6917
6947
6909
6917
6982
6905
6913
7015
6912
6909
6950
6913
6909
6984
6909
6932
6963
6917
6905
6963
6917
6905
6918
6913
7161
6909
6917
7111
6909
6997
6951
6904
6913
6948
6904
6917
7016
6912
6909
6943
6909
6909
6959
6917
6931
6952
6917
6905
7023
6913
7030
6909
7029
7049
6931
6989
6994
6929
6954
7196
6936
6936
6966
6942
6936
6972
6936
6935
7043
6973
6905
8321
7070
7021
6969
6975
7108
6924
7034
6973
6905
6992
6973
6961
6943
6969
6942
6935
7000
6935
6936
7006
6940
6935
6967
6975
6905
6973
6967
6905
7069
6996
6936
6934
6973
6941
6936
6967
6942
6935
6973
6929
6936
6973
6993
6905
6967
7064
6905
6972
6998
6938
6936
7059
7207
6950
7149
6977
6963
6999
6967
6929
7001
6998
6936
6936
6973
6934
6942
6967
6944
6936
6973
6954
6936
6972
6973
6904
6992
7008
6992
6957
6986
6931
6929
7016
6960
6959
7076
6944
6936
6993
6974
6905
7002
6965
6904
6973
6973
7084
6940
6958
7050
6910
6915
6939
6905
6915
6946
6905
6913
6918
6909
6913
7022
6914
6909
6944
6909
6909
6945
6917
6905
6946
6917
6910
6913
6913
7052
6910
6917
7044
6971
7044
7184
7068
6955
7012
6936
6942
6998
6942
6961
6973
6936
6936
8484
7296
6965
7208
6961
7107
7134
6967
