12852
12843
12568
13087
12939
12833
12775
12976
12948
12799
12644
12752
12734
12738
12762
12799
12998
12753
12791
12765
12774
12735
12724
12705
12783
12860
13112
12918
12827
12853
12779
12728
12760
12770
12785
12987
12899
12823
12803
12755
12743
12774
12701
12742
12688
12676
12717
12700
12663
12637
12827
13083
13004
12933
12597
12458
12465
12434
12393
12844
12784
12755
12767
12527
12467
12477
12555
12767
12785
12770
12774
12765
12698
12755
12732
12732
14382
13027
12828
12804
13341
13339
13168
12777
12785
12894
12956
13009
12843
12734
12717
12728
12859
12787
12736
12745
12752
12620
12664
12665
12636
12799
12877
12820
13018
12904
12734
12572
12529
12503
12584
12962
12665
12608
12434
12411
12778
12749
12727
15327
12822
14375
13050
12819
19917
24647
12828
13061
12852
13087
13214
12898
12787
12767
12707
12718
12790
12775
12733
12679
12683
12643
12762
12984
13018
12833
12651
12689
12736
12735
12732
12732
13521
13104
12811
12805
12811
12792
12892
12755
12752
12754
12824
12784
12811
12765
12745
12734
12748
12745
12774
12794
12807
12758
12737
12757
12734
12746
12752
12798
12783
12767
12827
12894
12885
12778
12729
12710
12834
12658
12801
12741
12746
12808
12727
12758
12772
12775
12761
12743
12795
12732
12791
12746
12733
13397
12706
12823
12650
12746
12739
12721
12781
12790
12750
13054
12739
12560
12741
12726
12860
12747
12771
12681
12676
12736
12721
12746
12725
12727
12777
12756
14493
12936
12849
12764
12756
12767
12793
12805
12776
12772
12754
12767
12764
12753
12739
12790
12758
12784
12749
12747
12743
12734
12740
12750
12968
13008
12834
12947
12864
12835
12730
12727
12731
12539
12760
12773
12753
12739
12692
12770
12655
12725
12806
12749
12738
12718
12698
12466
12495
12428
12681
12765
12834
12906
12808
12522
12592
12555
12501
12818
12812
12821
12805
12686
12658
12655
12665
12749
12663
12953
12767
12736
12740
12485
12708
12731
12676
12681
12761
12756
13907
12816
12801
12757
12741
12868
12977
13024
12854
12522
12773
12525
12475
12550
12784
12798
12775
12756
12745
12734
12739
12736
12740
12483
12664
12669
12612
12737
12736
12730
12713
12718
12811
12750
12710
12652
12401
12642
12759
12433
12642
12770
12694
12409
12641
12566
12766
12682
12793
12837
12820
12828
13252
12776
12787
12797
12898
12809
12800
12779
12773
12762
12750
12723
12744
12698
12759
13006
12782
12823
12920
12868
12723
12732
12738
12791
12749
12653
12772
14645
12890
13004
12882
13101
12844
12781
12809
12791
12754
12717
12490
12448
12530
12784
12854
12860
12771
12711
12714
12427
12711
12763
12764
12748
12753
12745
12464
12419
12388
12433
12715
12750
12765
12741
12712
12700
12840
12741
12741
12763
12760
12626
12613
12429
12411
12636
12738
12773
12786
12753
12802
12757
12744
12750
12732
12714
12528
12464
12744
12912
12745
12590
12580
12734
12717
12667
12785
12630
12575
12742
12721
12650
12672
12712
12796
12940
14506
13211
12661
12823
12798
12759
12749
12770
12754
12764
12762
12754
12691
12712
12690
12696
12804
12738
12758
12679
12648
12623
12735
12757
12811
12941
12771
12769
12739
12541
12489
12402
12440
12703
12800
13031
12775
12744
12807
12741
12730
12706
12767
12763
12743
12728
12477
12421
12472
12510
12755
12895
12748
12815
12485
12459
12728
12723
12724
12755
12783
12876
12943
12854
12781
12755
12745
12757
12874
12870
12740
12762
12739
12744
12714
12728
12722
12779
12756
13111
13111
12786
12798
12774
12755
12735
12800
12665
12715
12741
12668
12669
12743
12740
12763
12782
12757
12553
12674
12740
12744
12723
12493
12808
12757
12504
12679
12747
12457
12773
12752
12822
13008
12784
12754
12774
12763
12817
12754
12614
12568
12468
12793
12654
12745
12760
12772
12727
12743
12780
12791
12731
12763
12765
12757
12720
12963
12666
12811
12793
12815
12755
12658
12661
12663
12639
12767
12774
12797
12780
12700
12694
12670
12631
12710
12727
12756
12737
13168
12803
12816
12784
12764
12744
12759
12757
12724
12746
12743
12759
12740
12719
12742
12983
12994
12837
12775
12751
12739
12736
12727
12739
12770
12766
12758
12742
12737
12722
12714
12652
12723
12781
12783
12663
12738
12814
12750
12734
12407
12658
12766
12763
12427
12754
12700
12691
12623
12653
12773
12792
12701
12685
12701
12637
12666
12774
12703
12812
13039
12860
12930
12732
12742
12732
12537
12580
12793
12750
12460
12459
12628
12759
12466
12733
12760
12781
12852
12963
12794
12779
12760
12764
12762
12789
12790
12818
12774
12728
12727
12723
12702
12679
12777
12749
12724
12752
12736
12722
12724
12721
12725
12758
12743
12743
12741
12736
12724
12720
12684
12900
12825
13033
12918
12817
12851
13007
12772
12739
12798
12766
12761
12742
12742
12737
12677
12620
12735
12761
12776
12718
12708
12497
12439
12686
12749
12760
12502
12774
12760
12756
12726
12747
12727
12730
12757
12773
12772
12761
12761
12737
12674
12660
12623
12785
13285
12950
12917
12846
12809
12753
12725
12537
12476
12569
12631
12461
12477
12728
12757
12730
12782
12752
12773
12688
12781
12725
12679
12754
12528
12683
12764
12764
12767
12700
12710
12681
12668
12762
12823
12814
12676
12735
12770
12680
12641
12650
12679
12774
12773
12767
12684
12659
12678
12725
12733
12734
12764
12657
12501
12670
12753
12737
12708
12668
12713
12798
12751
12757
12751
12672
12454
12377
12392
12664
12669
12710
12644
12621
12390
12427
12361
12366
12447
14358
12773
12493
12371
12767
12528
12565
12487
12565
12482
12546
12430
12377
12413
12457
12314
12452
12566
12783
13062
13843
13306
13711
12944
12872
13361
13004
13121
12901
13101
14335
13257
12949
13115
13202
13133
13163
13304
12880
12890
12994
12811
12982
12776
12796
12717
12618
13393
13767
12951
13438
13130
14650
14047
13038
12848
12782
12767
13030
13252
12676
12429
12355
12344
12327
12301
12304
12305
13112
13957
12503
12544
12422
12429
12972
12531
12469
14336
13757
12512
12768
12695
12770
12667
12628
13002
13008
12713
12734
12408
12576
12438
12374
12387
12585
12543
12724
12710
12675
12639
12537
12364
12427
12515
12319
12493
12426
12366
12359
12380
12408
12584
12689
12695
12676
12712
12469
12424
12332
12360
12457
12509
12498
12448
12410
12390
12459
12359
12384
12734
12552
12525
12442
12383
12435
12435
12346
12435
12427
12494
12424
12497
12507
12462
12438
12396
12400
12640
12417
12478
12432
12444
12410
12409
12349
12400
12437
14580
13611
12590
12690
12711
12667
12672
12636
12679
12749
12473
12433
12325
12485
12474
12431
12510
12608
12514
12522
12414
12458
12399
12445
12523
12394
12600
12475
12519
12469
12373
12407
12453
12394
12392
12428
12483
12553
12581
12694
12634
12494
12290
12012
14061
12701
12607
12739
12548
12552
12637
12712
12710
12611
12570
12426
12402
12551
12505
12533
12469
12551
12664
12493
12518
12428
12412
12366
12369
12415
12409
12527
12370
12535
12378
12441
12407
12429
12445
12490
13910
14110
12624
12635
12421
12589
12384
12589
12417
12510
12422
12417
12353
12391
12385
12345
12515
12502
12531
12550
12528
12706
12751
12577
12474
12454
12426
12575
12370
12416
12389
12425
12454
12412
12509
12548
12429
12375
12641
12425
12410
12361
12397
12551
12407
12538
12412
12470
12403
12414
12329
12535
12389
12468
12474
12458
12388
12351
12427
12490
12590
12606
12528
12459
12475
12389
12387
12372
12368
12419
12491
12586
12547
12413
12404
12423
12420
12478
12414
12485
12443
15466
12732
12731
12729
12438
12607
12497
12539
12384
12415
12429
12409
12354
12358
12394
12612
12723
12752
12661
12677
12319
12409
12571
12433
12453
12615
12581
12404
12356
12411
12442
12408
12315
12464
12536
12370
12525
12772
12653
12664
12634
12587
12536
12509
12392
12419
12378
12460
12340
12427
12466
12531
12361
12567
12424
12401
12352
12396
12480
12410
12693
12728
12682
12676
12366
12493
12532
12402
12427
12757
12703
12493
12698
12393
12435
12370
12324
12443
12563
12475
13259
12797
12764
12484
12428
12651
12445
12479
12384
12527
12428
12372
12390
12388
12355
12564
12377
12578
12401
12650
12588
12627
12648
12609
12652
12777
12675
12606
12677
12699
12649
12526
12347
12572
12496
12528
12436
12688
12559
12520
12523
12601
12542
12549
12495
12412
12389
12634
12446
12348
12387
12560
12398
12544
12403
12383
12369
12443
12436
12341
12761
12756
12697
12669
12412
12381
12420
12357
12420
12694
12757
12695
12641
12614
12375
12457
12372
12390
12613
12730
13961
12662
12655
12718
12702
12724
12593
12647
12709
12479
12270
12384
12220
12047
12298
12490
12498
12390
12524
12742
12536
12425
12487
12731
12536
12451
12441
12427
12419
12337
12406
12352
12816
12723
12763
12753
12786
12180
12112
12069
12093
12447
12463
12574
12439
12358
12407
12524
12328
12348
12785
13017
12693
12626
12464
12402
12382
12384
12429
12694
12592
12345
12462
12442
12395
12353
12468
12480
12781
12611
12691
12663
12569
12336
12484
12561
12472
12458
12738
14523
12732
12435
12580
12531
12424
12605
12752
12702
12627
12668
12383
12437
12335
12393
12486
12461
12509
12436
12403
12612
12821
12799
12399
12513
12489
12542
12393
12419
12380
12467
12400
12382
12657
12684
12717
12654
12708
12550
12360
12441
12379
12514
12435
12518
12403
12424
12448
12355
12362
12482
12715
12710
12693
12681
12534
12419
12391
12502
12324
12700
12555
12569
12418
12378
12371
12446
12350
12326
12600
12468
12480
12408
12682
12650
12595
12623
12393
12577
12513
15214
12926
12800
12395
12508
12507
12572
12749
12700
12677
12671
12496
12346
12680
12623
12840
12802
12573
12418
12368
12686
12896
12339
12382
12469
12471
12493
12467
12387
12335
12428
12388
12397
12394
12532
12472
12378
12777
12681
12648
12601
12517
12699
12710
12668
12650
12509
12439
12404
12363
12435
12537
12426
12510
12355
12455
12373
12525
12666
12622
12560
12505
12515
12465
12377
12391
12395
12427
12344
12730
12743
12668
12639
12676
12482
12524
12558
13141
12514
12610
15798
12714
12914
12694
12547
12657
12788
12596
12722
12679
12524
12431
12389
12410
12359
12515
12674
12595
12615
12552
12667
12227
12042
12263
12479
12595
12562
12426
12449
12421
12453
12367
12367
12464
12527
12499
12613
12646
12662
12655
12620
12402
12440
12522
12508
12395
12439
12524
12560
12454
12382
12406
12601
12649
12487
12435
12407
12425
12468
12397
12557
12409
12585
12427
12423
12377
12455
12363
12310
12457
12542
12512
12380
12407
12437
12379
12371
12350
12522
12529
14989
12933
12445
12546
12463
12447
12437
12479
12614
12664
12665
12669
12593
12451
12346
12436
12531
12546
12374
12396
12571
12581
12429
12701
12548
12267
12324
12490
12472
12388
12406
12362
12368
12499
12432
12490
12609
12478
12380
12434
12690
12427
12420
12489
12493
12442
12531
12658
12653
12681
12493
12489
12604
12730
12641
12666
12655
12433
12648
12666
12734
12716
12191
12202
12439
12432
12420
12389
12430
12530
12345
12670
12520
12529
12406
12257
12133
12166
12366
12524
12565
12439
15111
12573
12639
12471
12400
12506
12605
12638
12758
12450
12766
12699
12919
12831
12745
12525
12434
12439
12504
12583
12455
12628
12881
12839
12512
12465
12443
12432
12475
12362
12359
12613
12692
12645
12630
12369
12635
12643
12663
12651
12683
12463
12701
12652
12692
12519
12418
12448
12386
12455
12508
12553
12454
12368
12477
12676
12506
12339
12440
12500
12583
12356
12377
12500
12453
12332
12326
12613
12559
12386
12416
12371
12454
12339
12392
12335
12621
12390
12458
12528
13288
12697
12621
12536
12523
12645
12757
12694
12656
12654
12651
12619
12565
12400
12553
12699
12518
12656
12885
12411
12395
12463
12567
12543
12417
12353
12404
12486
12385
12354
12427
12575
12477
12423
12532
12491
12396
12316
12386
12453
12561
12382
12512
12451
12519
12346
12328
12495
12511
12530
12717
12658
12611
12335
12478
12403
12398
12466
12518
12534
12496
12353
12422
12452
12396
12330
12503
12571
12654
12395
12334
12238
12226
12078
12417
12529
12573
12435
12386
16459
12677
12499
12500
12451
12649
12744
12564
12393
12404
12400
12374
12393
12430
12513
12567
12791
12567
12522
12458
12845
12496
12560
12457
12721
12752
12660
12647
12509
12458
12406
12447
12511
12491
12591
12652
12656
12627
12628
12381
12449
12416
12561
12433
12422
12389
12404
12452
12362
12415
12538
12380
12521
12504
12646
12683
12657
12639
12618
12362
12540
12418
12418
12380
12476
12485
12431
12618
12759
12755
12639
12642
12646
12628
12446
12312
12525
12491
12606
12356
12389
13696
12740
12415
12571
12822
12772
12653
12545
12439
12395
12355
12335
12495
12544
12480
12459
12470
12438
12383
12541
12512
12559
12595
12190
12556
12503
12398
12470
12484
12436
12372
12496
12526
12625
12671
12627
12669
12590
12344
12393
12538
12514
12409
12323
12612
12441
12427
12354
12491
12508
12326
12509
12446
12464
12419
12402
12391
12535
12348
12563
12437
12466
12317
12389
12392
12373
12461
12597
12729
12694
12672
12627
12432
12405
12346
12364
12710
12719
12661
12647
15800
12683
12630
12412
12456
12873
12752
12689
12415
12363
12419
12453
12416
12522
12551
12547
12358
12409
12402
12529
12381
12516
12694
12566
12538
12393
12431
12443
12432
12441
12568
12737
12454
12796
12692
12450
12312
12388
12428
12497
12435
12635
12698
12682
12607
12461
12448
12416
12414
12497
12517
12464
12350
12511
12407
12376
12393
12450
12602
12590
12754
12680
12439
12455
12304
12370
12560
12444
12543
12426
12670
12743
12642
12592
12459
12578
12395
12513
12459
12416
13834
12530
12594
12689
12476
12797
12714
12664
12633
12397
12464
12446
12354
12480
12415
12423
12386
12110
12095
12353
12434
12423
12504
12454
12285
12459
12429
12443
12373
12363
12420
12771
12647
12803
12720
12663
12665
12670
12589
12407
12398
12549
12538
12483
12314
12455
12509
12360
12654
12709
12563
12449
12344
12469
12472
12419
12337
12404
12571
12571
12365
12409
12457
12363
12338
12387
12406
12516
12616
12716
12670
12664
12411
12373
12419
12535
12447
12752
12666
14229
13268
12683
12707
12690
12887
12588
12781
12568
12571
12236
12188
12221
12446
12543
12489
12531
12433
12416
12393
12562
12433
12449
12410
12512
12404
12480
12395
12426
12461
12344
12363
12491
12489
12779
12660
12652
12633
12557
12417
12490
12789
12476
12531
12442
12504
12354
12483
12365
12367
12473
12509
12530
12424
12387
12485
12422
12385
12371
12535
12507
12543
12759
12518
12433
12425
12347
12376
12520
12417
12556
12446
12417
12582
12440
12358
12385
12429
12544
12483
14288
13615
12397
12720
12689
12675
12720
12703
12732
12749
12545
12434
12451
12371
12382
12572
12516
12403
12320
12932
12418
12481
12442
12560
12497
12424
12615
12657
12651
12570
12329
12419
12541
12546
12690
12658
12634
12647
12447
12367
12538
12575
12368
12404
12520
12912
13051
13104
12938
12479
12422
12374
12495
12599
12464
12432
12362
12389
12549
12368
12585
12426
12387
12347
12402
12381
12403
12428
12475
12745
12399
12447
12365
12424
12361
12440
12587
12537
12422
12390
14307
13841
12525
12572
12782
12577
12591
12395
12552
12471
12418
12373
12492
12538
12586
12641
12645
12627
12614
12339
12447
12884
12699
12518
12341
12422
12411
12404
12479
12681
12489
12422
12442
12764
12675
12636
12630
12499
12448
12510
12351
12547
12462
12499
12384
12400
12502
12500
12463
12507
12488
12418
12351
12497
12377
12388
12577
12745
12701
12667
12639
12403
12405
12330
12350
12450
12499
12389
12448
12488
12450
12377
12424
12393
12526
12436
12534
12455
12437
12334
12415
13903
13855
12821
12422
12555
12546
12388
12376
12433
12464
12493
12387
12572
12394
12402
12349
12443
12330
12547
12472
12728
12500
12700
12625
12631
12551
12416
12522
12508
12467
12402
12436
12546
12420
12333
12361
12605
12676
12435
12372
12363
12075
12111
12025
12369
12512
12465
12424
12541
12456
12326
12402
12476
12669
12399
12731
12715
12656
12639
12583
12637
12677
12799
12813
12760
12710
12680
12587
12538
12668
12651
12725
12749
12742
12926
12926
12779
12845
12632
12192
13650
13444
13027
12769
12753
12512
12546
12526
12438
12548
12515
12493
12439
12502
12555
12647
12440
12431
12417
12559
12561
12511
12585
12664
12616
12635
12520
12587
12721
12649
12686
12683
12457
12361
12357
12668
12673
12412
12517
12398
12374
12380
12415
12329
12451
12647
12776
13028
12668
12519
12386
12396
12416
12362
12650
12703
12763
12384
12449
12365
12491
12348
12353
12484
12580
12348
12356
12429
12442
12366
12360
12327
12520
12464
12564
12386
12409
12390
12351
12361
12343
15431
12871
12726
12562
12340
12730
12661
12638
12671
12695
12722
12696
12798
12508
12663
12650
12720
12238
12616
12763
12263
12389
12481
12431
12435
12427
12446
12489
12362
12474
12638
12397
12415
12350
12407
12393
12384
12505
12572
12418
12368
12449
12380
12464
12395
12554
12482
12449
12357
12406
12543
12342
12362
12597
12766
12693
12651
12675
12452
12423
12314
12478
12629
12669
12360
12534
12470
12414
12351
12421
12378
12639
12667
12713
12670
12516
12415
12432
12418
14088
12842
12426
12592
12482
12676
12661
12752
12716
12826
12801
12817
12719
12670
12331
12427
12391
13000
12390
12454
12793
12588
12505
12773
12550
12485
12360
12415
12532
12563
12462
12710
12674
12631
12634
12433
12686
12643
12481
12445
12452
12483
12366
12465
12492
12552
12779
12613
12748
12588
12409
12422
12463
12383
12557
12390
12587
12452
12435
12332
12475
12349
12363
12427
12578
12777
12696
12449
12506
12412
12356
12369
12606
12679
12706
12663
12623
12430
12371
12312
14231
13015
12765
12480
12485
12409
12566
12440
12368
12400
12703
12479
12495
12425
12379
12407
12385
12350
12372
12429
12760
12499
12482
12462
12559
12607
12509
12426
12565
12542
12627
12484
12451
12872
12755
12713
12705
12479
12512
12458
12319
12459
12400
12421
12395
12424
12487
12363
12533
12381
12515
12353
12391
12384
12390
12396
12407
12347
12139
12076
12076
12103
12215
12402
12541
12524
12444
12478
12672
12710
12681
12632
12467
12479
12527
12360
12442
12347
12367
12354
15199
12977
12766
12429
12727
12643
12709
12654
12476
12424
12749
12712
12656
12659
12563
12385
12360
12366
12422
12547
12582
12895
12649
12663
12455
12493
12380
12346
12452
12538
12605
12692
12652
12711
12732
12685
12630
12683
12747
12697
12645
12444
12370
12429
12358
12406
12433
12421
12073
12247
12425
12475
12379
12427
12409
12613
12423
12789
12432
12412
12406
12420
12410
12347
12379
12533
12588
12398
12374
12423
12397
12354
12397
12488
12602
12672
12496
12472
12407
15279
12481
12766
12666
12555
12421
12403
12542
12431
12389
12386
12424
12531
12374
12541
12407
12404
12393
12401
12381
12534
12670
12573
12432
12452
12457
12510
12435
12371
12675
12763
12854
12447
12422
12465
12404
12462
12385
12703
12731
12715
12750
12608
12148
12231
12139
12094
12586
13181
12162
12311
12416
12555
12484
12495
12440
12632
12432
12649
12447
12456
12431
12509
12390
12430
12732
12780
12747
12701
12708
12702
12695
12692
12547
12709
12803
12750
12712
12490
12803
14885
13039
12784
12716
12663
12677
12671
12665
12658
12737
12618
12441
12447
12525
12424
12385
12352
12355
12419
12342
12448
12671
12712
12622
12402
12422
12465
12398
12366
12510
12635
12470
12420
12421
12413
12419
12392
12408
12487
12484
12491
12451
12435
12405
12605
12397
12466
12667
12785
12684
12759
12739
12663
12612
12672
12696
12744
12737
12718
12597
12432
12412
12649
12650
12739
12709
12715
12621
12364
12345
12450
12369
12323
12598
12550
12400
12412
12415
12430
13223
12898
12778
12751
12662
12569
12596
12422
12441
12492
12546
12358
12548
12367
12558
12580
12696
12615
12876
12547
12399
12409
12647
12501
12377
12486
12647
12666
12644
12666
12729
12626
12406
12406
12445
12573
12402
12346
12580
12500
12547
12648
12457
12428
12474
12341
12416
12461
12512
12425
12438
12408
12436
12465
12368
12354
12524
12446
12595
12670
12638
12597
12457
12362
12353
12437
12564
12505
12433
12372
12422
12421
12361
12308
12735
12733
12720
12607
12594
12406
13668
12630
12769
12616
12721
12656
12642
12667
12554
12732
12447
12551
12691
12546
12110
12125
12113
12049
12099
12050
12145
12453
12573
12530
12485
12408
12459
12681
12635
12628
12934
13062
12676
12604
12712
12666
12626
12641
12671
12715
12702
12716
12614
12648
12686
12363
12311
12382
12540
12537
12336
12553
12688
12456
12363
12328
12550
12617
12383
12397
12408
12445
12333
12391
12382
12523
12418
12532
12432
12423
12335
12405
12388
12356
12488
12508
12508
12407
12433
12403
15184
13003
12667
12642
12556
12526
12639
12633
12624
12568
12344
12441
12520
12729
12369
12609
12399
12372
12587
12653
12649
12424
12237
12271
12129
12277
12065
12491
12426
12422
12438
12775
12693
12714
12628
12430
12424
12375
12386
12561
12519
12465
12353
12457
12471
12338
12345
12496
12762
12671
12614
12701
12548
12416
12381
12420
12565
12719
12645
12714
12582
12370
12364
12393
12416
12529
12390
12549
12425
12427
12351
12453
12362
12420
12451
12679
12757
12540
12445
12403
14193
13170
12585
12566
12530
12455
12480
12547
12416
12717
12607
12438
12489
12515
12441
12358
12358
12356
12892
12729
12724
12462
12811
12644
12634
12714
12619
12357
12466
12501
12729
12362
12435
12433
12400
12332
12338
12489
12531
12367
12457
12432
12497
12314
12429
12358
12652
12342
13258
12494
12391
12439
12437
12363
12644
12530
12414
12421
12162
12454
12615
12484
12542
12407
12503
12494
12573
13229
12585
12444
12509
12581
12486
12601
12603
12361
12698
12617
12440
12347
13905
13167
12618
13085
12496
12538
12652
12731
12832
12803
12795
12756
12639
12721
12666
12755
12442
12384
12387
12564
12584
12594
12607
12553
12437
12363
12412
12396
12475
12488
12763
12284
12145
12106
12102
12102
12095
12307
12482
12185
12158
12235
12176
12482
12478
12450
12405
12466
12490
12599
12469
12407
12153
12100
12082
12238
12480
12511
12486
12416
12109
12073
12425
12416
12448
12524
12820
12175
12445
12433
12112
12045
12080
12259
12453
12487
12340
12140
12148
12065
12090
14969
13174
12543
12736
12794
12750
12734
12722
12611
12531
12417
12505
12560
12537
12394
12479
13110
12387
12305
12683
12722
12731
12370
12389
12352
12713
12645
12469
12747
12738
12743
12692
12648
12658
12452
12383
12426
12611
12400
12825
12671
12386
13006
13055
13044
13103
13107
12986
13069
12880
13538
12713
12452
12444
12481
12465
12446
12483
12287
12087
12125
12428
12440
12469
12442
12564
12400
12461
12380
12515
12479
12388
12666
12750
12691
12672
12610
12454
12993
15833
13509
13040
12759
12440
12368
12279
12288
12426
12482
12362
12400
12430
12358
12486
12523
12424
12425
12317
12417
12538
12472
12666
12608
12662
12671
12541
12391
12498
12677
12372
12435
12652
12708
12686
12667
12617
12535
12675
12707
12666
12618
12369
12503
12368
12370
12450
12783
12578
12544
12403
12499
12413
12352
12373
12471
12547
12513
12366
12455
12428
12392
12321
12425
12472
12493
12507
12548
12403
12451
12357
12392
12453
12740
12441
12604
12448
12448
12328
13281
13521
12752
12477
12639
12483
12426
12329
12401
12501
12558
12341
12433
12558
12479
12399
12421
12592
12495
12381
12438
12563
12576
12589
12594
12516
12738
12729
12439
12430
12776
12389
12589
12411
12389
12346
12492
12419
12730
12379
12773
12638
12509
12456
12420
12422
12360
12377
12600
12529
12389
12467
12502
12376
12385
12337
12371
12618
12539
12334
12415
12472
12372
12340
12377
12413
12527
12378
12551
12413
12423
12341
12429
12451
12367
12408
12499
12564
12375
12357
12538
15360
12798
12675
12550
12449
12450
12459
12385
12478
12340
12580
12497
12486
12481
12438
12441
12388
12400
12349
12395
12529
12715
12373
12924
12567
12649
12649
12642
12661
12994
13018
12813
12910
12515
12437
12350
12365
12359
12547
12365
12756
12616
12545
12396
12409
12457
12436
12392
13285
12715
12734
12700
12676
12582
12384
12356
13528
12715
12615
12520
12558
12718
12771
12759
12814
12557
12545
12518
12454
12422
12402
13183
13732
12783
12729
12672
12407
12193
12086
12914
14110
12621
12564
12486
12292
11991
12021
12056
12028
12029
12713
12540
12371
12317
12082
12113
12107
12048
12013
12184
12167
12351
12072
12279
12409
12403
12360
12292
12540
12689
12432
12266
12212
12136
12111
12021
12076
12229
12193
12124
12174
12089
12244
12140
12023
12172
12129
12544
12339
12271
12145
12236
12056
12059
12088
12149
12260
12140
12184
12121
12059
12095
12105
12074
12023
12203
12182
12201
12089
12066
12134
12104
12054
12049
12551
12458
12467
12378
12483
12429
13730
13058
12483
12492
12333
12218
12031
12009
12021
12121
12308
11987
12710
12393
12334
11986
12059
12052
12645
11963
11995
12068
12064
12092
12071
12229
12102
12094
12049
12038
12272
12369
12153
12104
12106
12070
12048
12047
12102
12124
12145
12070
12192
12120
12199
12008
12097
12047
12106
12109
12191
12151
12207
12158
12274
12107
12069
12084
12227
12100
12167
12070
12093
12108
12040
12014
12053
12139
12194
12198
12034
12113
12139
12108
12022
12063
12200
12152
12121
12191
12088
12050
12081
13948
12520
12082
12276
12091
12078
12019
12031
12017
12072
12054
12238
12201
12113
12203
12215
12105
12098
12055
12072
12049
12137
12162
12214
12040
12397
12122
12086
12023
12087
12695
12479
12308
12317
12437
12219
12045
12019
12085
12288
12508
12426
12339
12339
12045
12111
12014
12049
12141
12223
12089
12233
12153
12139
12031
12076
12097
12190
12363
12616
12477
12425
12083
12051
12104
12082
12133
12322
12317
12134
12190
12088
12080
12038
12254
12333
12469
12312
12365
12110
12069
12082
13927
13062
12825
12061
12293
12147
12058
12032
12097
12105
12179
12137
12485
12153
12083
12107
12041
12274
12126
12290
12160
12120
12170
12148
12096
12306
12092
12055
12054
12213
12445
12193
12082
12129
12432
12315
12388
12359
12238
12214
12070
12138
12121
12187
12048
12022
12039
12177
12133
12262
12124
12164
12144
12106
12020
12106
12137
12222
12080
12265
12307
12164
12072
12136
12156
12188
12103
12198
12144
12150
12279
13197
12239
12168
12406
12459
12394
12089
12120
12084
12052
12136
14040
13082
12546
12432
12504
12207
12091
12058
12269
12101
12128
12065
12479
12248
12166
12058
12052
12173
12037
12091
12189
12272
12272
12454
12443
12396
12101
12100
12053
12473
12150
12256
12160
12030
12098
12155
12084
12022
12136
12192
12257
12071
12152
12171
12315
12123
12032
12209
12080
13448
12104
12162
12120
12382
12634
12409
12389
12588
12484
12061
12070
12143
12085
12014
12052
12358
12520
12082
12372
12158
12154
12087
12044
12055
12220
12112
12186
12130
12052
12093
12118
12007
14038
12745
12213
12128
12054
12040
12031
11989
12059
11997
12174
12337
12081
12183
12101
12094
12087
12094
12015
12112
12177
12183
12095
12179
12264
12446
12322
12110
12199
12954
12187
12399
12141
12092
12079
12072
12074
12086
12109
12194
12203
12104
12057
12225
12073
12086
12018
12268
12197
12191
12062
12200
12146
12103
12014
12169
12129
12300
12169
12067
12123
12113
12125
12022
12053
12100
12210
12069
12214
12121
12188
12056
12198
12159
12095
12184
12174
12085
12085
12107
12083
12066
13899
12813
12902
12405
12142
12167
12119
12066
12096
12079
12119
12043
12400
12319
12165
12007
12092
12129
12387
12008
12297
12137
12130
12063
12105
12474
12367
12181
12101
12697
12127
12236
12090
12444
12022
12173
12075
12111
12168
12194
12216
12041
12096
12226
12111
12012
12046
12150
12187
12074
12191
12205
12114
12103
12077
12076
12191
12192
12117
12091
12065
12073
12076
12039
12044
12100
12260
12109
12157
12111
12090
12046
12077
12098
12012
12184
12204
12164
12047
12084
12168
12232
12476
13972
12263
12555
12101
12034
12051
12015
12057
12029
11967
12107
12298
12098
12015
12010
12057
12036
12013
12067
12104
12189
12040
12189
12384
12344
12239
12451
12352
12709
12111
12143
12133
12110
12100
12087
12075
12135
12465
12475
12451
12229
12148
12271
12054
12024
12073
12120
12057
12255
12265
12163
12136
12067
12069
12134
12088
12212
12340
12054
12171
12079
12087
12156
12054
12019
12517
12373
12468
12403
12376
12084
12037
12103
12020
12136
12258
12233
12046
12123
12218
12166
12441
14191
12786
12361
12136
12253
12162
12079
12113
12081
12053
12176
12335
12228
12142
12099
12111
12070
12024
12140
12192
12174
12045
12201
12373
12108
12037
12231
12067
12569
12405
12482
12143
12169
12071
12054
12053
12114
12150
12129
12169
12140
12161
12246
12125
12107
12122
12163
12104
12184
12485
12435
12302
12305
12327
12117
12110
12203
12218
12103
12091
12083
12104
12028
12087
12041
12262
12110
12176
12119
12087
12047
12147
12109
12058
12213
12115
12188
12048
12108
12119
12104
12027
14243
12710
12456
12121
12196
12142
12070
12117
12048
12036
12199
12366
12121
12133
12074
12119
12076
12022
12072
12155
12143
12049
12173
12422
12072
12010
12229
12115
12335
12096
12145
12243
12121
12076
12086
12068
12075
12048
12273
12166
12130
12114
12169
12077
12050
12108
12134
12189
13409
12256
12113
12075
12129
12108
12032
12056
12200
12178
12065
12173
12148
12089
12044
12047
12072
12229
12043
12147
12119
12123
12079
12049
12044
12072
12142
12220
12134
12076
12135
12090
12021
14122
12501
12389
12540
12304
12483
12456
12536
12660
12464
12313
12422
12515
12137
12043
12019
12061
11993
12006
11984
12010
12211
12129
12173
12283
12308
12295
12486
12342
12353
12132
12134
12258
12084
12031
12155
12136
12082
12023
12121
12190
12077
12174
12165
12080
12090
12067
12225
12175
12145
12182
12240
12169
12181
12207
12104
12124
12190
12170
12142
12221
12125
12107
12028
12110
12102
12144
12043
12157
12226
12127
12036
12075
12072
12102
12105
12209
12162
12133
12113
12054
12082
13909
12667
12395
12610
12398
12355
12098
12053
12104
12112
12113
12026
12128
12424
12262
12050
12211
12117
12682
12118
12047
12224
12207
12137
12091
12471
12361
12587
12386
12463
12123
12205
12226
12062
12055
12155
12145
12051
12052
12105
12296
12077
12178
12175
12101
12051
12133
12051
12085
12080
12199
12259
12149
12063
12111
12130
12102
12135
12313
12210
12365
12396
12386
12421
12223
12082
12008
12253
12134
12350
12400
12321
12420
12468
12360
12024
12163
12299
12220
12047
12106
12138
13163
13081
12149
12576
12479
12297
12291
12383
12331
12259
12317
11960
12056
12332
12148
12066
12034
12076
12277
12230
12084
12234
12271
12123
12326
12045
12080
11976
12210
12179
12063
11997
12097
12125
12066
12069
12095
12097
12035
12079
12266
12192
12075
12183
12074
12129
12012
12079
12050
12169
12292
12241
12068
12089
12105
12040
12019
12105
12165
12182
12093
12548
12607
12480
12314
12385
12071
12248
12069
12293
12380
12410
12396
12436
12305
12104
12148
12159
12137
12073
12119
13662
13305
12258
12338
12596
12313
12091
12125
12202
12050
12058
12081
12104
12338
12463
12566
12341
12294
12047
12049
12117
12119
12209
12157
12518
12344
12230
12132
12052
12431
12194
12100
12133
12146
12284
12100
12032
12106
12108
12066
12021
12808
12516
12557
12393
12362
12281
12128
12062
12025
12196
12205
12243
12077
12124
12012
12141
12073
12078
12359
12163
12216
12061
12093
12083
12096
12044
12100
12254
12359
12319
12213
12090
12270
12409
12453
12366
12383
12318
12233
12142
12067
12385
13315
12428
12311
12470
12249
12082
12011
12080
12087
12089
12044
12080
12082
12118
13298
12201
12088
12067
12082
12358
12352
12298
12450
12402
12172
12224
12405
12478
12715
12356
12171
12181
12115
12149
12121
12090
12086
12065
12051
12021
12256
12190
12271
12156
12066
12150
12047
12085
12012
13114
12300
12132
12208
12182
12097
12056
12129
12019
12165
12205
12247
12095
12087
12109
12076
12025
12057
12152
12239
12021
12222
12161
12233
12111
12107
12082
12219
12087
12153
12115
12060
12453
13512
12518
12340
12345
12117
12098
12024
12089
12085
12052
12086
12089
12120
12194
12226
12178
12099
12065
12105
12102
12048
12019
12187
12190
12346
12319
12463
12408
12794
12297
12387
12556
12480
12161
12214
12131
12081
12078
12106
12050
12228
12151
12250
12065
12151
12082
12083
12009
12087
12330
12190
12042
12228
12125
12123
12031
12130
12074
12140
12171
12180
12095
12083
12077
12040
12075
12051
12070
12189
12086
12159
12119
12091
12122
12078
12124
12118
12346
12517
12462
12317
14243
12495
12144
12081
11982
12228
12178
12015
12088
12048
12079
12024
12154
12061
12257
12267
12196
12100
12099
12634
12109
12024
12049
12160
12216
12136
12369
12124
12094
12362
12157
12073
12146
12113
12114
12161
12232
12075
12233
12218
12178
12121
12148
12363
12070
12142
12089
12102
12053
12111
12066
12372
12141
12194
12121
12075
12080
12101
12176
12246
12176
12132
12164
12077
12091
12119
12046
12051
12065
12231
12082
12147
12109
12114
12106
12051
12077
12038
12140
12202
12140
12076
13607
13224
12532
12334
12484
12233
12103
11998
12198
12129
12114
12029
12101
12089
12251
12105
12388
12128
12027
12038
12025
12055
11989
11972
12254
12180
12530
12473
12359
12566
12481
12085
12057
12123
12165
12230
12099
12088
12080
12107
12051
12122
12134
12241
12086
12188
12114
12057
12058
12036
12139
12373
12144
12150
12144
12100
12108
12132
12012
12100
12194
12188
12082
12169
12121
12100
12025
12110
12113
12098
12073
12155
12194
12155
12083
12099
12075
12075
12054
12299
12210
12070
12094
14045
12490
12319
12429
12305
12601
12301
12402
12341
12175
12050
12144
12079
12019
12117
12369
12193
12074
12093
12103
12075
12053
12141
12115
12204
12066
12613
12318
12535
12464
12112
12073
12163
12198
12232
12164
12086
12082
12097
12052
12124
12151
12283
12038
12279
12127
12141
12329
12530
12565
12540
12373
12169
12123
12089
12055
12072
12134
12079
12116
12141
12230
12089
12093
12052
12110
12081
12057
12019
12178
12160
12225
12217
12045
12087
12069
12102
12049
12112
12154
12124
12163
14696
12600
12402
12514
12404
12215
12118
12360
12154
12218
12119
12178
12061
12074
12117
12431
12275
12114
12062
12115
12133
12016
12086
12287
12179
12078
12410
12339
12483
12239
12425
12085
12165
12153
12190
12145
12066
12080
12083
12075
12060
12084
12284
12326
12328
12343
12301
12247
12129
13235
12099
12105
12257
12245
12181
12081
12517
12391
12362
12348
12258
12243
12106
12079
12090
12108
12050
12040
12019
12538
12392
12549
12372
12249
12104
12044
12135
12427
12406
12527
13317
13171
12039
12289
12199
12119
12017
12108
12179
12041
12069
12018
12046
12019
12108
12412
12483
12355
12352
12154
12049
12031
11995
11960
12074
12179
12248
12125
12650
12473
12563
12432
12188
12120
12164
12107
12087
12147
12136
12049
12037
12104
12177
12117
12227
12071
12084
12086
12078
12022
12079
12377
12214
12191
12101
12085
12109
12070
12131
12120
12256
12106
12238
12234
12133
12099
12084
12103
12037
12087
12189
12300
12072
12117
12076
12111
12076
12014
12078
12189
12102
12226
12551
14103
12154
12508
12492
12528
12098
12149
12175
12094
12085
12084
12072
12070
12108
12177
12243
12335
12074
12145
12741
12092
12169
12103
12137
12214
12151
12368
12063
12156
12386
12097
12024
12727
12547
12377
12277
12300
12088
12086
12037
12072
12302
12080
12282
12129
12088
12208
12076
12113
12012
12297
12162
12327
12329
12340
12317
12381
12186
12055
12248
12421
12106
12149
12177
12168
12080
12042
12081
12201
12248
12420
12296
12307
12441
12360
12020
12114
12188
12188
12033
12219
12185
13618
12713
12366
12386
12208
12014
12066
12028
12052
12025
11991
11955
12123
12083
12148
12070
12025
12294
12102
12022
12083
12394
12494
12498
12397
12426
12405
12096
12233
12156
12222
12111
12156
12273
12053
12086
12136
12021
12065
12143
12213
12189
12148
12078
12132
12068
12054
12277
12174
12172
12189
12211
12169
12073
12102
12097
12079
12038
12163
12227
12220
12074
12088
12111
12070
12101
12022
12519
12310
12470
12346
12467
12211
12094
12052
12011
12513
12523
12491
12386
12267
12125
13309
13510
12435
12406
12248
12259
12083
12389
12352
12318
12259
12235
12211
12048
12248
12098
12119
12234
12079
12051
12077
12118
12178
12152
12126
12157
12159
12349
12667
12533
12548
12671
12098
12534
12207
12184
11986
12094
12081
12202
12089
12198
12197
12086
12083
12048
12072
12082
12066
12225
12224
12383
12165
12075
12068
12115
12109
12050
12132
12148
12222
12095
12057
12053
12091
12055
12049
12114
12222
12029
13334
12284
12200
12212
12098
12101
12153
12094
12178
12135
12062
12113
12045
13979
12165
12274
12265
12199
12146
12122
12091
12041
12045
12093
12087
12070
12143
12225
12097
12026
12299
12140
12037
12021
12217
12203
12159
12086
12558
12370
12591
12342
12167
12211
12139
12351
12403
12211
12063
12131
12060
12103
12184
12134
12283
12050
12119
12096
12068
12055
12074
12268
13082
12171
12535
12409
12343
12394
12074
12078
12150
12166
12226
12157
12059
12068
12074
12096
12178
12172
12121
12158
12191
12129
12054
12175
12122
12140
12134
12143
12344
12360
12157
12047
12120
13962
12658
12082
12195
12221
12369
12232
12019
12044
12069
12025
11974
12192
12026
12196
12000
12011
12269
12142
12048
12026
12128
12242
12251
12040
12421
12453
12674
12304
12342
12371
12110
12148
12247
12109
12093
12157
12127
12178
12127
12243
12233
12102
12097
12107
12080
12049
12076
12092
12297
12134
12199
12122
12056
12138
12112
12050
12020
12163
12248
12149
12044
12086
12145
12135
12045
12015
12343
12131
12196
12044
12083
12138
12137
12021
12069
12232
12226
12186
12068
12121
12157
12148
14407
12760
12604
12495
12272
12438
12308
12279
12270
12129
12048
12270
12118
12158
12103
12144
12400
12316
12294
12289
12327
12211
12180
12065
12315
12282
12179
12065
12055
12135
12446
12278
12678
12426
12457
12306
12138
12099
12130
12157
12390
12201
12097
12097
12110
12083
12106
12233
12233
12156
12186
12093
12089
12048
12098
12053
12047
12169
12155
12191
12069
12087
12099
12072
12020
12087
12142
12169
12044
12173
12156
12081
12057
12070
12047
12220
12195
12148
12122
12120
12139
12053
13961
12288
12440
12418
12315
12104
12043
12071
11965
12062
12011
12026
12076
12125
12288
12353
12242
12565
12304
12210
11959
12195
12142
12148
12283
12371
12482
12275
12264
11959
12140
12027
12221
12493
12396
12268
12323
12279
12039
12068
12145
12085
12107
12111
12051
12131
12083
12281
12173
12145
12130
12248
12155
12088
12078
12106
12064
12135
12141
12236
12070
12164
12113
12044
12016
12077
12059
12179
12111
12221
12168
12084
12103
12052
12078
12048
12404
12454
12501
12369
12186
12076
13545
13298
12568
12564
12429
12298
12108
12107
12162
12136
12151
12139
12059
12197
12145
12057
12049
12306
12073
12046
12141
12216
12153
12171
12451
12451
12607
12293
12063
12592
12550
12125
12128
12178
12015
12020
12019
11985
12206
12067
12222
12072
12060
12058
12001
11977
12061
12233
12190
12074
12191
12344
12349
12048
12279
12301
12407
12067
12208
12216
12065
12092
12021
12071
11979
12062
12140
12215
12063
12090
12018
12094
12128
12023
12048
12162
12180
12276
12138
12064
12087
12035
12845
13750
12528
12582
12390
12044
12048
12088
12090
12084
12269
12436
12406
12464
12433
12241
12041
12289
12081
12045
12145
12229
12227
12109
12110
12244
12581
12492
12295
12231
12278
12094
12330
12805
12319
12273
12307
12140
12229
12090
12319
12070
12122
12067
12102
12053
12081
12222
13465
12187
12058
12100
12091
12101
12061
12106
12309
12546
12306
12451
12350
12154
12050
12093
12070
12103
12167
12254
12145
12026
12233
13301
12389
12239
12569
12232
12284
13005
12595
12577
12055
12041
13771
12827
12546
12300
12395
12167
12015
11967
12054
12027
12109
12110
12151
12069
12104
12100
12110
12391
12113
12193
12168
12189
12136
12283
12116
12439
12126
12093
12129
12087
12116
12195
12145
12121
12063
12020
12022
12011
12267
12359
12169
12152
12149
12170
12026
12140
12086
12923
12752
12418
12449
12378
12051
12119
12015
12105
12161
12244
12281
12043
12256
12238
12149
12041
12113
12184
12084
12116
12288
12184
12151
12055
12145
12190
12227
12543
12625
12522
12491
12657
12618
12306
14123
12776
12261
12114
12085
12309
12102
12051
12035
12086
12100
12028
12168
12209
12107
11994
12615
12260
12034
12161
12178
12219
12108
12122
12148
12310
12112
12041
12026
12291
12046
12259
12196
12585
12334
12458
12415
12304
12130
12449
12306
12346
12349
12390
12463
12420
12034
12217
12379
12097
12107
12138
12112
12135
12066
12047
12141
12249
12252
12108
12055
12114
12072
12050
12103
12294
12460
12278
12350
12541
12119
12115
12041
12073
12443
12382
12140
12215
12163
12077
12087
12118
15405
12373
12309
12178
12150
12106
12099
12056
12080
12149
12261
12175
12106
12057
12088
12084
12064
12237
12175
12166
12127
12205
12241
12088
12337
12403
12207
12150
12188
12205
12111
12093
12044
12245
12140
12024
12026
12245
12147
12275
12120
12057
12094
12129
12085
12017
12247
12251
12223
12052
12125
12091
12112
12067
12050
12116
12137
12182
12178
12063
12098
12079
12070
12047
12089
12222
12168
12112
12146
12170
12548
12400
12434
12478
12463
12085
12228
12159
12061
12112
12094
12070
12198
15379
12585
12747
12706
12309
12100
12086
12054
12070
12244
12397
12248
12098
12158
12070
12080
12499
12446
12482
12389
12457
12657
12451
12567
12424
12277
12272
12062
12187
12263
12170
12032
12242
12081
12131
12138
12165
12333
12108
12142
12055
12078
12041
12132
12046
12374
12134
12212
12099
12065
12086
12105
12041
12065
12441
12441
12485
12266
12287
12079
12081
12020
12044
12203
12083
12211
12132
12121
12071
12049
12126
12078
12332
12218
12187
12080
12179
12123
12048
12071
12115
14638
13282
12313
12462
12253
12143
12042
12084
12136
12221
12123
12216
12167
12059
12107
12047
12048
12251
12391
12514
12501
12276
12178
12152
12394
12093
12109
12117
12062
12224
12251
12125
12032
12254
12140
12175
12037
12405
12357
12254
12055
12095
12074
12136
12110
12036
12767
12103
12321
12085
12112
12039
12101
11988
11986
12123
12223
12216
12079
12105
12120
12059
12083
12073
12102
12084
12187
12261
12091
12103
12048
12132
12091
12153
12164
12229
12102
12157
12142
12214
12123
12191
13794
13987
12388
12498
12456
12225
11973
12061
12007
12028
12113
12178
12182
12080
12033
12113
12094
12302
12028
12199
12285
12228
12583
12072
12398
12120
12057
12022
12266
12101
12220
12068
12098
12280
12080
12016
12087
12382
12536
12174
12031
12138
12045
11996
12039
12107
12080
12149
12178
12168
12070
12088
12104
12108
12016
12085
12146
12238
12110
12114
12055
12119
12074
12046
12022
12192
12180
12221
12093
12079
12113
12105
12101
12016
12368
12565
12444
12441
12212
12195
12121
12092
14305
12746
12183
12403
12078
12058
12010
12065
11970
11999
12180
12226
12261
12108
12066
12666
12095
12015
12285
12137
12216
12044
12416
12122
12467
12066
12083
12068
12127
12155
12241
12206
12097
12111
12536
12340
12316
12374
12198
12174
12079
12074
12043
12062
12104
12251
12198
12102
12258
12235
12088
12073
12158
12085
12039
12020
12180
12230
12106
12173
12111
12157
12069
12046
12076
12199
12147
12173
12089
12122
12108
12102
12024
12088
12213
12181
12119
12144
12105
12144
12074
12106
14207
12855
12166
12153
12126
12155
12049
12120
12083
12045
12164
12170
12198
12090
12063
12136
12065
12057
12331
12137
12260
12076
12302
12169
12463
12088
12147
12117
11965
12144
12214
12121
12000
12062
12215
12073
12049
11987
12259
12084
12161
12075
12174
12028
12089
11989
12097
12117
12377
12285
12097
12228
12177
12166
12021
12103
12115
12187
12074
12208
12149
12096
12077
12082
12104
12079
12198
12282
12131
12112
12056
12134
12098
12042
12018
12631
12246
12238
12142
12053
12109
12166
12167
14645
12299
12432
12249
12144
12076
12158
12070
12074
12023
12558
12420
12268
12352
12149
12141
12044
12302
12042
12286
12086
12382
12059
12381
12120
12052
12021
12137
12183
12169
12206
12047
12090
12265
12103
12050
12015
12238
12104
12153
12203
12117
12115
12053
12153
12058
12216
12175
12141
12028
12092
12080
12132
12092
12134
12228
12245
12081
12164
12109
12061
12141
12046
12087
12012
12176
12210
12185
12103
12061
12228
12078
12045
12051
12453
12327
12449
12349
12340
12119
12081
12005
15297
12333
12614
12429
12276
12084
12051
12087
12018
12187
12250
12193
12046
12677
12411
12436
12272
12209
12525
12679
12479
12170
12215
12308
12059
12044
12075
12296
12069
12142
12130
12094
12075
12045
12224
12087
12155
12186
12170
12078
12153
12080
12026
12098
12128
12987
12207
12193
12196
12090
12010
12107
12070
11972
11960
12300
12350
12091
12280
12393
12315
12294
12355
12221
12242
12064
12208
12133
12169
12044
12089
12021
12111
12365
12458
12530
12373
12427
12251
12111
12031
12073
15391
12291
12068
12180
12042
12063
12029
11992
12011
12178
12126
12235
12131
12065
12086
12066
12055
12044
12542
12561
12892
12390
12793
12096
12131
12067
12079
12139
12089
12176
12222
12102
12046
12058
12363
12191
12091
12281
12199
12141
12055
12029
12008
12041
12191
12243
12228
12082
12306
12111
12097
12100
12110
12074
12020
12171
12184
12285
12119
12094
12081
12072
12099
12162
12390
12126
12234
12069
12126
12039
12041
12041
11980
12160
12227
12252
12060
12596
12400
12410
12348
12422
15978
12297
12302
12018
12136
12072
12015
12033
12022
12213
12129
12238
12065
12117
13276
12116
12091
12062
12470
12569
12411
12433
12423
12243
12242
12016
12202
12183
12262
12045
12251
12085
12149
12054
12234
12069
12157
12150
12234
12128
12096
12104
12132
12051
12122
12169
12202
12143
12129
12119
12090
12106
12067
12054
12021
12119
12219
12164
12082
12107
12102
12073
12021
12069
12174
12228
12066
12323
12283
12175
12128
12053
12076
12163
12193
12210
12160
12035
12095
12078
12083
12086
15106
12669
12336
12011
12192
12082
12042
11979
12016
12111
12074
12118
12171
12110
12055
12080
12108
12050
12351
12605
12641
12330
12615
12095
12053
12091
12078
12161
12459
12278
12465
12423
12405
12102
12224
12096
12108
12189
12261
12192
12093
12133
12108
12127
12057
12047
12317
12174
12105
12072
12129
12130
12082
12019
12059
12168
12170
12164
12313
12255
12091
12048
12049
12132
12133
12163
12089
12197
12119
12083
12021
12098
12200
12153
12504
12385
12403
12305
12266
12112
12049
12971
13759
12460
12586
12373
12315
12062
12088
12043
12108
12053
12245
12078
12699
13019
13208
12912
12477
12263
12218
12323
12423
12414
12571
12263
12034
12038
12091
11978
12183
12205
12036
12085
12085
12404
12470
12491
12369
12561
12149
12217
12080
12083
12119
12193
12026
12075
12109
12189
12229
12043
12116
12097
12144
12024
12077
12144
12094
12150
12211
12151
12114
12118
12080
12055
12260
12897
12333
12416
12088
12215
12120
12078
12128
12289
12437
12411
12449
12477
12474
12081
12139
13393
12997
12271
12341
12276
12220
12100
12057
12071
12079
12114
12201
12972
12393
12443
12432
12363
12105
12080
12375
12546
12496
12820
12331
12206
11985
12051
11987
11985
12142
12185
12259
12106
12128
12113
12251
12074
12155
12603
12640
12355
12408
12392
12379
12362
12973
12588
12624
12382
12636
12494
12089
12072
12107
12105
12021
12134
12147
12212
12007
12098
12028
12071
11974
12010
12100
12087
12134
12155
12063
12060
12019
12009
11992
12054
12279
12200
12034
12104
12004
12085
12097
13665
13146
12578
12088
12409
12167
12096
12002
12040
12041
12066
12045
12268
12198
12168
12088
12094
12155
12125
12009
12512
12330
12489
12169
12109
12149
12130
12025
11986
12121
12181
12158
12101
11997
12077
12236
12090
11997
12136
12157
12069
12138
12135
12261
12115
12294
12093
12197
12071
12179
12093
12105
12045
12075
12051
12115
12131
12191
12119
12200
12084
12073
12024
12102
12078
12115
12045
12202
12208
12120
12022
12100
12082
12086
12047
12394
12154
12103
12114
12055
12599
12507
15858
13468
12500
12179
12179
12188
12191
12072
12100
12092
12166
12070
12190
12058
12649
12058
12108
12088
12111
12196
12479
12159
12350
12052
12087
12113
12083
12035
12588
13339
13556
13018
13342
13160
13273
13100
13082
12599
12180
12114
13187
12800
20582
13423
12393
12149
12456
12459
12430
12406
12101
12035
12027
12242
12513
12440
12446
12445
12397
12384
12412
12374
12615
12730
12709
12718
12824
12669
12632
12630
12420
12517
12594
12389
12511
12463
12457
12496
12450
12487
14874
12988
12656
12592
12464
12466
12455
12463
12475
12587
12390
12563
12417
12396
12399
12462
12359
12416
12441
12799
12595
12727
12352
12465
12395
12352
12384
12560
12547
12400
12412
12448
12401
12406
12519
12575
12713
12387
12438
12300
12438
12377
12474
12452
12450
12648
12696
12751
12629
12580
12354
12524
12510
12471
12527
12511
12470
12432
12387
12116
12101
12046
12238
12485
12575
12439
12449
12403
12363
12352
12336
12629
12569
12774
12791
12554
12199
12044
12166
12155
14247
13255
12800
12842
12617
12574
12458
12461
12468
12665
12467
12711
12513
12561
12466
12674
12735
12507
12477
12699
12720
12559
12378
12274
12124
12069
12030
12409
12509
12483
12490
12456
12407
12466
12345
12723
12699
12817
12818
12789
12603
12463
12537
12472
12255
12587
12491
12482
12453
12445
12346
12461
12360
12352
12409
12620
12561
12426
12401
12328
12117
12065
12106
12471
12412
12220
12450
12458
12417
12365
12364
12366
12741
12471
12540
12477
12349
12342
12385
12400
12346
15416
12585
12664
12623
12461
12372
12416
12428
12449
12133
12356
12179
12123
12164
12122
12124
12150
12275
12542
12591
12629
12449
12418
12425
12341
12390
12378
12562
12441
12420
12513
12440
12480
12407
12556
12458
12420
12480
12593
12410
12378
12442
12404
12531
12396
12545
12551
12448
12376
12427
12401
12404
12303
12382
12563
12416
12484
12426
12427
12392
12349
12486
12624
12570
12500
12479
12436
12352
12369
12418
12379
12428
12505
12538
12354
12393
12472
12371
12355
13307
13587
12623
12619
12477
12382
12416
12429
12357
12345
12423
12538
12440
12490
12391
12448
12413
12371
12361
12637
12713
12648
12527
12486
12456
12510
12419
12442
12511
12406
12521
12427
12473
12400
12403
12468
12585
12513
12496
12574
12374
12443
12483
12489
12336
12367
12427
12566
12383
12579
12404
12409
12460
12375
12384
12613
12545
12478
12390
12207
12101
12118
12046
12100
12333
12509
12520
12151
12164
12177
12106
12015
12388
12390
12233
12034
12456
12440
12462
12385
12400
15579
13162
12545
12449
12193
12192
12137
12105
12095
12140
12226
12254
12341
12150
12591
12510
12452
12143
12427
12722
12760
12817
12597
12398
12434
12447
12360
12449
12822
12818
12765
12825
12543
12506
12382
12525
12411
12520
12433
12534
12554
12730
12760
12663
12650
12494
12716
12648
12745
12697
12514
12346
12451
12372
12442
12386
12529
12508
12440
12384
12409
12439
12372
12445
12496
12599
12421
12406
12454
12927
12848
13379
12930
12935
12790
12772
12734
12672
12694
12359
16044
12829
12843
12769
12644
12645
12550
12400
12419
12393
12481
12587
12514
12634
12612
12362
12422
12164
12278
12610
12582
12537
12425
12424
12344
12370
12386
12438
12441
12525
12498
12528
12486
12499
12499
12508
12473
12606
12526
12445
12370
12611
12718
12641
12609
12578
12430
12502
12460
12445
12505
12450
12396
12102
12212
12245
12099
12238
12179
12142
12077
12098
12125
12370
12619
12694
12590
12536
12298
12214
12160
12399
12321
12447
12479
12478
12320
12163
12194
12062
15270
12575
12495
12429
12276
12357
12357
12281
12263
12580
12557
12370
12393
12156
12131
12099
12098
12090
12494
12256
12554
12456
12452
12400
12320
12385
12336
12418
12555
12524
12382
12393
12469
12409
12452
12334
12620
12541
12745
12738
12375
12552
12543
12510
12549
12577
12555
12412
12432
12425
12420
12374
12366
12382
12525
12463
12513
12401
12373
12326
12382
12382
12115
12500
12556
12452
12129
12113
12411
12427
12407
12390
12546
12525
12405
12446
12562
12418
12497
12371
14100
14139
12595
12133
12559
12461
12420
12374
12392
12657
12566
12402
12573
12412
12417
12384
12384
12437
12749
12610
12901
12685
12635
12392
12395
12490
12388
12802
12802
12730
12792
12545
12429
12714
12633
12323
12553
12535
12540
12478
12364
12346
12301
12144
12102
12360
12326
12135
12156
12137
12139
12088
12125
12049
12386
12577
12538
12424
12389
12432
12464
12367
12297
12489
12561
12565
12344
12476
12434
12421
12346
12350
12685
12602
12373
12439
12433
12414
12480
12692
12658
14534
12879
12659
12812
12865
12799
12820
12797
12831
12966
12802
12803
12799
12783
12766
12545
12744
12712
12528
12801
12821
12784
12790
12787
12728
12554
12732
12533
12825
12916
13121
12709
12700
12864
12917
12894
12910
12924
12893
12858
12811
12805
12498
12497
12191
12574
12560
12472
12425
12399
12391
12359
12428
12509
12563
12428
12371
12399
12422
12354
12340
12455
12512
12556
12370
12462
12402
12384
12354
12370
12500
12452
12357
12539
12470
12370
12305
12443
12391
15060
13065
12603
12504
12499
12428
12410
12390
12559
12593
12265
12280
12100
12622
12136
12117
12094
12044
12454
12627
12775
12415
12493
12448
12424
12308
12415
12547
12524
12636
12727
12555
12653
12624
12695
12540
12816
12665
12914
12816
12645
12485
12738
12688
12648
12593
12425
12488
12500
12413
12399
12466
12554
12419
12422
12505
12554
12514
12372
12426
12415
12131
12065
12401
12392
12155
12203
12112
12170
12104
12127
12081
12568
12407
12537
12447
12433
12299
12359
12413
12374
15151
12750
12667
12511
12402
12422
12425
12389
12307
12486
12493
12496
12454
12469
12454
12438
12335
12117
12649
12594
12488
12451
12389
12588
12626
12616
12634
12652
12387
12572
12423
12479
12316
12571
12483
12700
12683
12780
12629
12558
12431
12555
12385
12363
12457
12522
12608
12478
12402
12479
12412
12369
12347
12491
12541
12559
12421
12526
12443
12416
12317
12481
12413
12591
12330
12601
12400
12419
12339
12405
12414
12513
12376
12504
12473
12384
12345
12456
12357
12435
14728
12967
12853
12487
12455
12414
12409
12418
12346
12482
12530
12525
12393
12501
12428
12459
12466
12536
12631
12569
12533
12441
12236
12103
12076
12103
12106
12445
12426
12542
12435
12469
12346
12479
12387
12389
12702
12842
12881
12794
12736
12667
12696
12485
12350
12479
12505
12571
12377
12434
12399
12415
12370
12367
12625
12529
12408
12412
12430
12497
12407
12551
12400
12584
12505
12565
12530
12386
12073
12274
12219
12424
12452
12547
12503
12416
12336
12409
12453
12413
12306
15713
12554
12461
12408
12445
12386
12386
12348
12428
12519
12500
12455
12484
12403
12404
12368
12431
12586
13080
12944
13558
12806
12851
12922
12939
12939
12905
12944
12875
12828
12829
12806
12813
12817
12826
13079
12980
13041
12801
12820
12896
13014
12831
12538
12510
12457
12392
12404
12318
12139
12020
12102
12286
12435
12497
12500
12475
12338
12368
12443
12391
12439
12539
12469
12513
12384
12406
12409
12104
12381
12463
12537
12484
12416
12484
12510
12439
12427
12377
15138
12782
12518
12543
12504
12469
12375
12362
12400
12662
12382
12487
12416
12428
12395
12487
12444
12390
12642
12557
12545
12451
12415
12405
12450
12395
12339
12771
12687
12490
12420
12154
12221
12166
12070
12054
12552
12599
12454
12439
12257
12348
12406
13158
13327
12555
12419
12524
12430
12405
12391
12429
12397
12423
12408
12524
12655
12474
12586
12416
12405
12490
12680
12514
12510
12459
12392
12402
12490
12532
12266
12289
12226
12522
12484
12521
12281
12585
12453
14874
13310
12899
12487
12442
12418
12172
12164
12037
12506
12558
12431
12475
12627
12401
12347
12552
12367
12733
12633
12488
12552
12454
12372
12391
12371
12359
12558
12846
12791
12693
12721
12636
12853
12762
12599
12668
12538
12655
12766
12715
12452
12501
12389
12479
12488
12588
12404
12448
12365
12369
12389
12362
12433
12484
12521
12412
12461
12372
12374
12397
12402
12411
12547
12365
12588
12413
12436
12346
12457
12344
12561
12475
12542
12501
12476
12548
12463
12370
12482
14885
12882
12597
12431
12328
12129
12136
12104
12065
12216
12230
12218
12083
12167
12101
12093
12075
12373
12530
12321
12248
12148
12356
12043
12083
12064
12130
12210
12564
12484
12439
12459
12460
12450
12369
12394
12403
12539
12821
12533
12517
12302
12083
12826
12790
12782
12844
12333
12591
12466
12420
12358
12181
12093
12305
12604
12695
12527
12229
12193
12120
12062
12095
12452
12636
12610
12412
12621
12452
12450
12401
12456
12574
12573
12405
12505
12437
12568
12364
12562
12585
15023
12998
12571
12522
12425
12437
12403
12231
12064
12705
12764
12689
12483
12324
12747
12166
12228
12741
12655
12473
12470
12535
12348
12374
12363
12394
12311
12541
12465
12522
12622
12676
12680
12593
12329
12335
12627
12792
12669
12664
12446
12482
12485
12459
12443
12556
12418
12311
12163
12059
12129
12094
12067
12041
12483
12534
12496
12428
12407
12428
12562
12672
12405
12664
12531
12406
12530
12374
12430
12372
12364
12355
12732
12478
12448
12403
12209
12053
12163
12155
12024
14829
12864
12585
12484
12401
12410
12391
12434
12364
12573
12465
12397
12407
12434
12447
12438
12399
12735
12717
12759
12654
12633
12285
12082
12066
12127
12138
12497
12432
12563
12548
12734
12316
12449
12429
12645
12679
12520
12492
12178
12107
12251
12167
13042
12267
12775
12486
12410
12375
12132
12105
12043
12068
12199
12505
12451
12528
12448
12443
12317
12367
12369
12449
12403
12429
12668
12653
12637
12648
12447
12457
12412
12645
12518
12463
12350
12409
12363
12444
12387
14600
13005
12879
12562
12405
12508
12312
12419
12411
12678
12672
13036
12665
12455
12349
12321
12362
12681
12613
12560
12443
12409
12582
12364
12393
12355
12323
12538
12365
12593
12435
12427
12394
12478
12360
12320
12442
12736
12735
12787
12400
12436
12372
12382
12333
12557
12576
12455
12422
12715
12749
12655
12739
12613
12540
12560
12408
12425
12377
12394
12392
12391
12471
12855
12622
12935
12682
12654
12619
12575
12417
12643
12790
12489
12408
12148
12226
12441
12451
12417
14607
13145
12657
12529
12483
12377
12425
12398
12370
12456
12543
13065
12455
12487
12463
12509
12507
12605
12750
12777
12522
12344
12564
12497
12367
12365
12336
12603
12427
12490
12468
12592
12400
12333
12389
12372
12508
12625
12551
12476
12462
12298
12316
12454
12400
12486
12485
12624
12370
12408
12395
12456
12343
12336
12613
12582
12397
12413
12405
12404
12394
12336
12353
12595
12403
12521
12414
12436
12391
12424
12410
12490
12694
12530
12396
12437
12444
12457
12451
12463
13973
13468
12475
12448
12153
12169
12115
12171
12124
12162
12541
12495
12451
12425
12431
12609
12405
12817
12631
12858
12385
12557
12598
12434
12343
12387
12355
12433
12420
12486
12533
12594
12376
12351
12394
12420
12405
12511
12848
12418
12433
12533
12370
12500
12516
12442
12537
12568
12391
12399
12397
12415
12334
12355
12448
12487
12421
12536
12400
12479
12408
12522
12410
12512
12380
12564
12362
12425
12343
12418
12340
12322
12460
12607
12537
12398
12423
12396
12415
12339
13712
13473
12631
12585
12443
12419
12438
12426
12364
12353
12474
12610
12450
12544
12501
12543
12427
12608
12451
12582
12447
12492
12480
12562
12413
12370
12370
12420
12445
12524
12558
12500
12353
12378
12383
12360
12065
12217
12485
12109
12240
12169
12288
12402
12420
12457
12649
12382
12596
12424
12420
12342
12454
12369
12371
12427
12500
12624
12390
12374
12397
12487
12376
12376
12762
13026
12875
12375
12179
12164
12224
12306
12396
12450
12337
12082
12087
12169
12128
12116
12044
13720
12656
12490
12506
12426
12467
12351
12395
12392
12376
12447
12448
12565
12429
12432
12449
12497
12570
12381
12324
12297
12129
12263
12324
12319
12452
12522
12762
12652
12409
12488
12331
12139
12100
12155
12049
12071
12352
12716
12469
12453
12393
12447
13249
12407
12302
12576
12540
12479
12422
12221
12186
12053
12155
12067
12478
12387
12509
12453
12385
12361
12399
12399
12372
12459
12487
12506
12438
12596
12534
12554
12655
12344
12437
12481
12532
12402
12442
12481
12475
12527
13800
12301
12345
12136
12127
12084
12160
12105
12070
12046
12465
12514
12472
12506
12509
12433
12616
12446
12426
12528
12528
12465
12488
12419
12428
12399
12475
12344
12577
12593
12465
12704
12384
12438
12527
12398
12776
12570
12660
12522
12370
12416
12393
12508
12420
12469
12532
12367
12508
12382
12380
12370
12416
12348
12393
12539
12510
12371
12406
12398
12392
12400
12333
12475
12522
12580
12330
12501
12389
12390
12373
12434
12487
12540
12431
12614
12662
12522
12369
12393
15216
12794
12743
12445
12409
12460
12432
12361
12331
12829
12911
13087
12626
12683
12666
12603
12652
12403
12556
12369
12558
12441
12614
12323
12413
12404
12491
12331
12526
12575
12587
12356
12382
12436
12550
12397
12519
12552
12582
12414
12475
12442
12449
12399
12468
12595
12475
12390
12583
12480
12408
12352
12377
12469
12595
12331
12549
12430
12458
12310
12421
12449
12464
12359
12465
12608
12482
12392
12376
12467
12448
12508
12714
12573
12472
12482
12664
12684
12735
12537
14932
12879
12534
12450
12486
12487
12429
12434
12351
12528
12527
12404
12530
12411
12565
12415
12523
12410
12605
12380
12510
12418
12428
12530
12388
12377
12321
12445
12512
12587
12451
12369
12422
12438
12372
12300
12563
12753
12775
12363
12534
12480
12381
12336
12421
12635
12480
12371
12450
12398
12350
12336
12363
12412
12511
12377
12528
12474
12336
12338
12414
12437
12468
12669
12803
12890
12753
12484
12669
12654
12598
12648
12510
12590
12431
12349
12432
12476
12361
12360
14872
13207
12598
12527
12426
12426
12409
12385
12342
12414
12532
12513
12406
12402
12428
12421
12565
12469
12292
12382
12125
12219
12156
12368
12416
12429
12421
12624
12806
13026
12890
12728
12373
12453
12405
12428
12427
12619
13090
12537
12377
12440
12413
12532
12650
12778
12512
12539
12364
12409
12397
12479
12395
12381
12577
12590
12412
12431
12390
12223
12316
12411
12440
12889
12692
12773
12439
12422
12367
12401
12353
12407
12412
12517
12494
12475
12363
12710
12616
12599
14934
13636
12680
12495
12463
12375
12623
12749
12694
12484
12624
12489
12432
12371
12613
12647
12448
12335
12481
12534
12499
12341
12464
12543
12382
12340
12421
12497
12468
12514
12571
12386
12422
12346
12396
12395
12436
12529
12766
12425
12386
12364
13344
12313
12398
12468
12562
12508
12480
12436
12532
12473
12308
12135
12532
12525
12431
12442
12442
12424
12330
12411
12418
12558
12387
12523
12471
12440
12336
12401
12403
12408
12384
12502
12517
12478
12408
12140
12130
12149
13611
13853
12869
12507
12479
12370
12462
12393
12379
12414
12566
12502
12500
12530
12535
12580
12491
12351
12501
12553
12392
12503
12501
12528
12029
12138
12158
12261
12442
12526
12570
12483
12354
12399
12409
12442
12482
12556
12510
12667
12414
12437
12431
12453
12373
12466
12584
12532
12399
12406
12459
12385
12361
12397
12645
12520
12350
12523
12411
12501
12319
12468
12354
12652
12375
12534
12415
12461
12336
12376
12388
12409
12444
12515
12498
12460
12405
12466
12365
12418
13774
13056
12583
12529
12420
