12564
12835
12729
12585
12549
12457
12728
12628
12425
12284
12473
12430
12436
12409
12367
12532
12415
12575
12362
12446
12365
12433
12353
12318
12532
12621
12514
12442
12130
12153
12145
12114
12023
12622
12502
12470
12424
12462
12374
12327
12380
12369
12670
12379
12526
12439
12425
12336
12388
12414
12358
12585
12498
12615
12465
12343
12390
12451
12387
12299
12518
12521
12589
12363
12390
14365
12734
12497
12624
12653
12534
12505
12582
12485
12378
12130
12099
12193
12523
12414
12720
12600
13623
13092
12430
12554
12641
12634
12405
12637
12436
12427
12369
12406
12357
12559
12402
12557
12540
12453
12379
12536
12340
12362
12458
12521
12457
12393
12408
12425
12382
12358
12336
12536
12470
12396
12527
12451
12417
12399
12420
12133
12528
12462
16203
12754
12685
28204
12785
12780
12776
12773
12737
12565
12595
12758
12655
12682
12766
12816
12799
12620
13349
13045
12664
12792
12803
12542
12598
12754
12373
12509
12468
12384
12494
12566
12458
12383
12397
12353
12682
12696
12649
12713
12741
12653
12741
12704
12668
12363
12377
12655
12665
12553
12259
12472
12424
12469
12370
12369
12241
12318
12472
12547
12658
12421
12270
12354
12388
12395
12633
12706
12494
12137
12424
12447
12366
12300
12412
12732
12661
12812
12838
12586
12243
12070
12216
12613
12533
12422
12525
12519
12559
12373
12433
12429
12525
12393
12736
12445
12409
12302
13722
12952
12650
12561
12469
12469
12410
12455
12763
12500
12524
12647
12595
12519
12417
12419
12376
12422
12701
12802
12761
12550
12755
12700
12723
12710
12542
12361
12261
12403
12537
12594
12077
12424
12372
12486
12368
12359
12506
12503
12387
12375
12247
12085
12070
12054
12088
12145
12262
12233
12148
12269
12421
12434
12397
12357
12438
12513
12550
12358
12395
12430
12397
12358
12323
12466
12589
12442
12485
12429
12173
12095
12093
12119
12290
12504
12467
12530
12458
12451
12361
16190
12868
12744
12729
12525
12451
12315
12448
12533
12521
12392
12550
12649
12500
12143
12138
12149
12145
12131
12052
12617
12722
12457
12555
12758
12878
12601
12624
12612
12593
12386
12544
12470
12358
12493
12433
13973
13587
12735
12344
12496
12406
12420
12342
12412
12353
12392
12564
12511
12451
12429
12121
12062
12094
12037
12147
12584
12504
12426
12471
12403
12408
12323
12410
12410
12540
12442
12515
12473
12388
12069
12093
12196
12448
12124
12183
12402
12171
12234
12316
13514
12842
12763
12654
12556
12638
12601
12643
12617
12696
12452
12515
12587
12407
12398
12385
12479
12324
12384
12448
12531
12422
12486
12548
12472
12385
12305
12357
12597
12368
12542
12412
12428
12401
12528
12667
12404
12568
12802
12906
12627
12521
12527
12496
12497
12441
12496
12506
12600
12444
12154
12154
12146
12095
12056
12517
12525
12433
12418
12402
12668
12611
12423
12380
12872
12529
12498
12408
12398
12386
12356
12349
12378
12405
12629
12520
12472
12409
12412
14788
13007
12761
12844
13023
12778
12676
12610
12647
12506
12545
12527
12682
12438
12275
12051
12171
12427
12411
12403
12486
12482
12545
12379
12627
12413
12388
12328
12416
12407
12465
12375
12526
12445
12398
12365
12390
12394
12563
12341
12533
12432
12408
12334
12360
12411
12359
12643
12858
12527
12514
12443
12276
12100
12175
12095
12215
12600
12451
12516
12441
12453
12334
12332
12370
12567
12674
12876
13007
12722
12349
12441
12415
12505
12511
12494
12456
12418
12594
12378
12571
14576
12563
12464
12566
12512
12386
12351
12464
12467
12545
12524
12673
12528
12252
12035
12135
12164
12067
12108
12107
12341
12136
12345
12086
12425
12503
12491
12444
12452
12546
12517
12617
12482
12462
12454
12447
12418
12426
12531
12567
12537
12435
12439
12419
12452
12335
12362
12527
12653
12424
12560
12634
12464
12389
12425
12356
12740
12801
13170
12785
12696
12449
12420
12263
12082
12467
12700
12672
12547
12443
12447
12413
12437
12406
12610
12582
12654
12546
12720
12745
14757
12869
12791
12776
12698
12651
12605
12637
12619
12515
12682
12596
12558
12475
12442
12441
12419
12332
12452
12462
12494
12508
12375
12552
12440
12417
12348
12418
12429
12522
12391
12569
12410
12389
12448
12398
12376
12589
12538
12458
12374
12258
12063
12115
12059
12069
12317
12548
12502
12096
12638
12819
13002
12868
12843
12669
12683
12522
12345
12476
12510
12444
12385
12370
12575
12644
12808
12844
12860
12890
12939
13001
13119
12868
13025
12746
12717
12762
12726
13728
12995
13014
12878
12764
12732
12441
12411
12455
12389
12457
12889
12847
12590
12426
12180
12166
12177
12284
12241
12594
12513
12526
12467
12422
12538
13054
12800
12876
12839
12737
12902
12782
12501
12477
12397
12396
12669
12748
12738
12635
12494
12519
12469
12402
12318
12347
12607
12524
12494
12449
12370
12392
12526
12617
12658
12674
12557
12510
12474
12502
12340
12619
12485
12479
12435
12513
12489
12458
12356
12346
12387
12411
12401
12536
12530
12466
12450
12665
12359
16424
12606
12536
12578
12333
12128
12129
12224
12144
12055
12186
12529
12803
12436
12114
12136
12103
12074
12117
12090
12309
12439
12297
12530
12585
12351
12374
12510
12393
12356
12548
12512
12449
12349
12637
12389
12428
12322
12411
12505
12563
12385
12375
12418
12365
12354
12360
12501
12843
12394
12587
12440
12441
12392
12356
12406
12727
12761
12926
12821
12789
12424
12436
12400
12481
12642
12952
12835
12785
12593
12182
12144
12125
12022
12433
12619
12675
12439
12113
12466
13457
13016
12607
12785
12520
12325
12433
12402
12398
12365
12398
12402
12828
12429
12521
12465
12405
12341
12401
12414
12398
12415
12517
12643
12521
12370
12390
12491
12557
12410
12519
12614
12465
12348
12419
12354
12407
12324
12410
12500
12530
12381
12623
13167
13055
13104
13055
13265
13127
12911
12501
12406
12371
12402
12363
12379
12698
12807
12805
12764
12569
12475
12793
12896
12752
13022
12791
13058
12676
12682
12404
12493
12461
12524
12517
12696
12472
12644
12558
14018
14149
12364
12588
12492
12275
12093
12098
12121
12111
12155
12091
12523
12804
12526
12438
12349
12431
12453
12392
12425
12526
12610
12659
12470
12466
12461
12361
12333
12379
12698
12823
12473
12523
12501
12482
12397
12436
12387
12550
12396
12519
12452
12383
12335
12470
12379
12358
12413
12488
12543
12484
12316
12488
12455
12289
12328
12914
12547
12861
12417
12181
12126
12069
12060
12033
12543
12467
12483
12445
12411
12395
12324
12353
12383
12395
12501
12511
12409
12376
12527
15170
12970
12651
12786
12657
12279
12153
12150
12123
12247
12066
12236
12907
12545
12421
12437
12421
12398
12409
12328
12408
12582
12451
12539
12411
12390
12371
12234
12094
12146
12454
12491
12535
12458
12418
12334
12448
12548
12454
12646
12606
12431
12388
12392
12390
12344
12390
12386
12476
12459
12506
12390
12388
12409
12366
12353
12578
12768
12668
12905
12790
12393
12103
12081
12111
12310
12562
12479
12438
12368
12373
12448
12325
12311
12414
12523
12463
12368
12507
12629
12793
13424
12561
12647
12625
12230
12206
12220
12147
12098
12196
12108
12480
12397
12433
12405
12290
12057
12144
12088
12119
12242
12584
12498
12743
12537
12960
12408
12380
12319
12408
12527
12415
12500
12368
12499
12400
12323
12352
12609
12391
12544
12465
12526
12456
12440
12382
12154
12415
12509
12498
12460
12385
12411
12391
12381
12397
12498
12578
12501
12343
12267
12112
12126
12026
12083
12398
13612
12778
12846
12808
12677
12440
12422
12199
13020
12455
12512
12441
12119
12404
15510
12657
12680
12951
12428
12491
12490
12445
12331
12401
12406
12694
12640
12493
12548
12425
12349
12409
12451
12352
12415
12588
12560
12468
12377
12416
12438
12331
12337
12484
12540
12500
12403
12477
12480
12412
12308
12330
12516
12452
12370
12512
12503
12401
12303
12511
12607
12489
12478
12501
12528
12355
12565
12684
12395
12371
12421
12523
12525
12621
12820
12817
12796
12706
12567
12410
12412
12505
12351
12442
12464
12392
12309
12412
12599
12817
12744
13065
12759
13114
15326
13257
12712
12538
12430
12378
12401
12475
12484
12653
12528
12681
12559
12405
12436
12177
12294
12443
12466
12559
12464
12201
12244
12267
12254
12068
12092
12118
12393
12561
12529
12418
12403
12502
12389
12346
12364
12455
12531
12546
12371
12402
12420
12359
12306
12461
12682
12856
12713
12970
12788
12595
12460
12444
12195
12570
12468
12671
12493
12479
12440
12426
12397
12368
12718
12941
12960
12849
12720
12423
12442
12447
12512
12429
12558
12734
12492
12468
12427
12798
12678
15469
12712
12439
12215
12125
12232
12118
12156
12036
12196
12264
12224
12388
12460
12479
12457
12356
12412
12749
12572
12511
12391
12393
12426
12731
12881
12696
12332
12137
12302
12208
12142
12113
12129
12193
12432
12478
12512
12456
12422
12364
12415
12401
12365
12386
12708
12717
12656
12632
12482
12422
12620
12627
12677
12571
12648
12707
12979
12668
12572
12347
12304
12420
12479
12416
12613
12671
12402
12332
12391
12399
12565
12370
12429
12401
12378
12350
12181
12598
12518
15130
13397
12683
12429
12388
12227
12217
12451
12398
12477
12564
12571
12506
12424
12420
12489
12671
12631
12546
12473
12207
12275
12237
12377
12466
12454
12415
12606
12425
12558
12425
12382
12399
12377
12417
12328
12428
12435
12577
12417
12318
12349
12414
12356
12320
12418
12560
12427
12551
12428
12484
12501
12425
12388
12891
12912
12731
12805
12602
12759
12658
12665
12666
12485
12423
12738
12471
12430
12335
12383
12407
12429
12662
12613
12514
12442
12241
12122
12681
12490
14737
12961
12481
12486
12565
12188
12191
12188
12054
12522
12576
12472
12579
12420
12446
12392
12408
12398
12468
12538
12309
12701
12499
12374
12587
12477
12401
12564
12386
12551
12466
12408
12346
12607
12424
12353
12468
12602
12549
12463
12409
12173
12174
12120
12030
12251
12295
12179
12253
12134
12159
12092
12082
12137
12553
12780
12886
12713
12823
12795
12792
12707
12424
12582
12513
12570
12420
12425
12405
12399
12409
12270
12695
12918
12893
12805
12560
12482
12660
12559
14027
13858
12955
12642
12403
12415
12368
12952
12724
12635
12505
12505
12649
12432
12556
12710
12575
12321
12533
12556
12579
12473
12482
12357
12429
12044
12246
12618
12579
12139
12282
12168
12158
12167
12095
12114
12389
12550
12666
12506
12378
12421
12452
12328
12296
12472
12501
12506
12408
12458
12384
12415
12296
12379
12564
12584
12411
12490
12513
12380
12564
12427
12424
12542
12434
12514
12438
12467
12374
12532
12464
12338
12402
12557
12511
12435
12407
12436
12651
12487
12411
15130
12662
12597
12418
12447
12378
12502
12369
12430
12674
12572
12590
12431
12401
12377
12401
12399
12403
12507
12503
12529
12407
12403
12314
12572
12485
12506
12361
12557
12808
12583
12609
12428
12444
12422
12487
12535
12553
12441
12439
12446
12453
12370
12428
12556
12875
12963
12754
12713
12556
12583
12501
12522
12643
12681
12484
12731
12534
12538
12687
12786
12779
12756
12865
12457
12661
12707
12710
12676
12674
12571
12655
12697
12625
12507
12507
12766
12807
12811
14858
13437
12502
12337
12243
12159
12073
12155
12118
12368
12452
12477
12399
12104
12098
12094
12136
12035
12225
12535
12556
12451
12479
12399
12374
12438
12420
12486
12497
12416
12296
12160
12164
12000
12211
12277
12179
12095
12201
12254
12115
12098
12125
12108
12034
12053
12507
12277
12199
12133
12104
12059
12124
12084
12432
12525
12516
12544
12685
12952
12612
12648
12394
12322
12483
12472
12500
12354
12395
12358
12476
12292
12309
12563
12570
12349
12398
12475
12880
12387
12614
12406
15552
12547
12422
12431
12359
12080
12128
12154
12137
12416
12478
12623
12164
12086
12062
12170
12120
12117
12542
12549
12457
12414
12532
12419
12341
12352
12400
12583
12628
12391
12364
12464
12366
12381
12311
12367
12509
12403
12548
12461
12398
12507
12427
12353
12394
12769
12532
12496
12415
12158
12096
12149
12232
12442
12309
12264
12103
12294
12516
12416
12373
12450
12360
12795
12350
12725
12404
12380
12337
12340
12446
12354
12393
12478
12634
12398
12463
12540
12486
14659
13421
12739
12512
12491
12430
12408
12436
12397
12147
12287
12494
12393
12342
12102
12099
12101
12010
12109
12349
12525
12419
12502
12500
12630
12433
12440
12487
12557
12428
12475
12489
12445
12385
12350
12380
12403
12402
12603
12523
12518
12424
12248
12104
12152
12258
12380
12293
12485
12502
12442
12462
12330
12382
12347
12408
12427
12450
12501
12397
12366
12416
12394
12363
12443
12569
12463
12427
12371
12417
12382
12347
12370
12458
12586
12438
12526
12595
12641
12112
12169
14285
12751
12647
12123
12280
12439
12548
12473
12424
12407
12702
12665
12987
12832
12416
12448
12355
12324
12404
12477
12538
12471
12455
12351
12479
12514
12621
12597
12374
12343
12440
12373
12389
12366
12191
12024
12407
12525
12469
12496
12406
12413
12376
12387
12389
12316
12435
12583
12583
12464
12471
12556
12494
12472
12024
12477
12524
12469
12394
12429
12418
12388
12337
12507
12551
12495
12413
12413
12211
12109
12080
12103
12070
12556
12428
12502
12444
12633
12373
12376
14120
14466
12755
12217
12332
12200
12049
12243
12647
12128
12179
12553
12490
12589
12464
12451
12444
12410
12289
12443
12625
12557
12395
12551
12459
12394
12331
12351
12415
12518
12375
12603
12429
12370
12328
12369
12087
12152
12431
12448
12529
12469
12425
12354
12348
12375
12370
12450
12827
12667
12604
12454
12394
12522
12341
12556
12514
12500
12394
12469
12684
12463
12356
12353
12508
12495
12458
12531
12916
13009
13110
12982
12628
13023
12762
12777
12550
12757
12719
12698
14218
13167
12895
13125
12777
12758
12795
12823
12835
12901
12624
12551
12518
12536
12439
12406
12446
12521
12410
12576
12765
12804
12635
12750
12645
12632
12628
12454
12714
12691
12721
12676
12469
12390
12402
12338
12408
12648
12435
12477
12377
12114
12101
12156
12149
12295
12780
12762
12745
12703
12567
12349
12760
12651
12670
12694
12684
12804
13084
12637
12543
12427
12331
12643
12217
12354
12126
12160
12386
12490
12476
12436
12680
12680
12742
12672
12852
12420
12296
14311
13781
12398
13021
12961
12771
12597
12887
12681
12416
12565
12518
12489
12416
12435
12504
12469
12385
12612
12694
12512
12460
12497
12533
12578
12769
12663
12778
12686
12491
12218
12142
12166
12248
12192
12132
12399
12292
12153
12213
12132
12146
12236
12511
12713
12951
12872
12973
12944
12911
12942
12909
13065
12898
12538
12445
12561
12447
12465
12386
12430
12379
12596
12508
12408
12716
12422
12354
12357
12374
12380
12282
12587
13262
12917
12865
12871
12593
12089
12084
15359
12952
12427
12432
12338
12365
12618
12358
12238
12583
12748
12447
12275
12421
12044
12334
12397
12381
12635
12385
12630
12391
12402
12353
12603
12684
12477
12415
12432
12467
12312
12339
12349
12366
12430
12307
12445
12568
12504
12419
12457
12467
12459
12425
12045
12514
12515
12457
12435
12464
12458
12348
12377
12627
12756
12643
12691
12493
12643
12624
12652
12610
12387
12488
12547
12520
12499
12410
12531
12513
12490
12312
12675
12571
12449
12387
12146
12686
12437
12418
14059
13748
12756
12510
12467
12475
12471
12695
12635
12586
12550
12506
12535
12456
12422
12534
12484
12427
12488
12560
12455
12492
12420
12405
12703
12351
12382
12589
12463
12527
12495
12588
12467
12390
12390
12395
12539
12549
12501
12433
12368
12212
12193
12101
12110
12404
12568
12476
12687
12536
12406
12357
12418
12632
12708
12687
12763
12245
12165
12084
12184
12086
12136
12415
12603
12996
12464
12393
12438
12467
12379
12397
12509
12666
12663
12745
12602
12570
12275
12460
12396
14969
12549
12247
12522
12457
12516
12441
12446
12384
12568
12484
12539
12513
12405
12452
12541
12414
12326
12895
12678
12838
12437
12148
12150
12360
12323
12367
12411
12531
12477
12468
12356
12387
12497
12346
12617
12546
12527
12345
12463
12402
12416
12296
12417
12423
12523
12439
12563
12486
12397
12332
12419
12435
13408
12793
12878
12940
12678
12787
12763
12739
12672
12717
12536
12530
12435
12469
12415
13325
12922
12382
12397
12262
12151
12043
12344
12480
12362
12404
12280
15724
12705
12221
12028
12183
12190
12018
11970
12042
12088
12218
12004
12079
12086
12113
12189
12128
12060
12225
12235
12195
12131
12052
12314
12068
12098
12067
12107
12213
12073
12304
12113
12096
12014
12163
12046
12124
12052
12251
12220
12041
12085
12080
12086
12070
12132
12164
12226
12244
12128
12054
12046
12124
12100
12016
12198
12217
12237
12051
12891
12071
12068
11987
11988
12143
12233
12041
12344
12123
12064
12069
12072
12176
12148
12295
12286
12154
12233
12096
12070
12003
12015
15264
12754
12253
12011
12201
12155
12025
11969
12045
12072
12102
12144
12232
12093
12098
12073
12324
12067
12273
12117
12270
12191
12066
12295
12141
12099
12005
12498
13260
12362
12632
12569
12444
12360
12341
12284
12338
12142
12148
12186
12154
12055
12092
12159
12067
12216
12290
12285
12036
12088
12112
12095
12049
12067
12042
12160
12198
12255
12089
12037
12102
12147
12319
12380
12358
12563
12425
12329
12390
12381
12351
12015
12132
12193
12092
12116
12220
12483
12096
12047
12104
13893
12897
12474
12202
12084
12047
12200
12108
12112
12069
12111
12128
12132
12270
12180
12160
12019
12465
12462
12492
12353
12555
12210
12218
12427
12120
12110
12074
12123
12151
12246
12092
12124
12047
12100
12044
12105
12035
12220
12100
12191
12147
12037
12065
12063
12072
12038
12184
12198
12222
12078
12214
12094
12072
12045
12112
12559
12386
12658
12124
12301
12317
12352
12294
12270
12103
12230
12166
12074
12097
12072
12032
12036
12072
12145
12123
12118
12162
12495
12065
12040
12096
13414
12984
12093
12387
12158
12031
12066
12029
12045
12035
12174
12565
12645
12437
12504
12510
12114
12436
12395
12352
12436
12395
12342
12131
12031
12329
12483
12331
12296
12218
12200
12262
12100
12076
12073
12122
12050
12015
12264
12095
12199
12075
12106
12016
12093
12044
12058
12124
12188
12163
12098
12077
12068
12068
12092
12160
12232
12219
12353
12759
12471
12423
12332
12463
12234
12216
12409
12327
12295
12316
12128
12074
12140
12048
12158
12157
12201
12403
12312
12098
12124
12102
13141
13262
12141
12312
12158
12193
12010
11997
12037
12011
12157
12165
12266
12141
12090
12157
12203
12309
12159
12122
12262
12140
12157
12161
12081
12091
12101
12045
12009
12126
12246
12246
12041
12111
12135
12056
12007
12074
12221
12108
12161
12089
12109
12044
12082
12032
12075
12104
12219
12184
12078
12080
12106
12067
12106
12029
12086
12122
12158
12205
12142
12028
12220
12158
12108
12015
12173
12207
12140
12059
12129
12068
12090
12365
12024
12264
12052
12239
12235
12464
12327
12470
12382
14439
12342
12483
12213
12041
12077
12352
12309
13330
12252
12408
12226
12140
11985
12091
12086
12256
12337
12344
12323
12051
12233
13170
12103
12241
12361
12282
12271
12365
12290
12175
12004
12040
12255
12086
12020
12049
12156
12116
12036
12225
12141
12104
12014
12097
12073
12203
12166
12267
12112
12083
12135
12044
12071
12032
12092
12178
12095
13442
12131
12085
12075
12117
12164
12227
12105
12197
12237
12153
12056
12069
12101
12076
12044
12235
12164
12389
12211
12171
12232
12061
12209
13716
12231
12119
12139
12093
12011
12071
12049
11964
12110
12143
12166
12133
12049
12173
12127
12147
12170
12717
12315
12083
12181
12125
12208
12270
12614
12345
12440
12354
12169
12198
12111
12053
12080
12012
11984
12080
12104
12107
12078
12221
12066
11996
12020
12045
11985
11968
12153
12170
12234
12012
12081
12098
11998
12036
11977
12181
12061
12201
12075
12067
12038
12022
11999
12030
12077
12126
12132
12056
12184
12176
12036
12048
12103
12088
12030
12143
12772
12158
12062
12064
12099
13496
12601
12356
12191
12058
12094
12050
11983
12019
11987
12079
12266
12095
12161
12197
12080
12107
12239
12055
12026
12396
12393
12397
12360
12557
12153
12109
12072
12041
12592
12870
12398
12478
12630
12321
12302
12280
12055
12214
12090
12251
12128
12083
12070
12097
11998
12041
12178
12187
12093
12128
12203
12077
12047
12036
12030
12246
12078
12204
12132
12039
12039
12004
12031
11979
12080
12242
12247
12050
12114
12077
12051
12116
12217
12238
12158
12355
12605
12192
12087
12138
12064
12107
11986
15728
12361
12165
12059
11999
12031
12054
11993
11957
12207
12128
12233
12203
12084
12069
12277
12137
12050
12219
12151
12191
12074
12108
12375
12067
12016
12081
12176
12165
12084
12185
12235
12055
12231
12062
12119
12124
12162
12120
12125
12106
12110
12040
12072
12034
12142
12177
12028
12139
12139
12133
12014
12067
12042
12064
12114
12172
12128
12100
12071
12116
12053
12042
12014
12339
12074
12185
12052
12144
12076
12086
12027
12036
12143
12248
12672
12075
12229
12254
12113
12029
12080
15322
12748
12153
12167
12130
12092
11993
11999
12037
12182
12050
12137
12025
12040
12027
12158
12064
12059
12164
12195
12139
12073
12218
12113
12041
12049
12045
12147
12089
12184
12201
12144
12070
12049
12096
12049
12139
12546
12506
12347
12442
12421
12127
12013
12047
12068
12292
12094
12277
12132
12079
12082
12032
12043
12034
12192
12160
12225
12038
12404
12357
12426
12226
12325
12348
12043
12165
12145
12117
12051
12050
12012
12049
12287
12184
12441
12218
12092
12109
12054
12084
15303
12762
12642
12415
12505
12156
12076
12019
12020
12101
12157
11967
12207
12082
12060
12000
11977
12309
12290
12181
12259
12236
12079
12153
12327
12259
12260
12334
12169
12244
12041
12163
12071
12049
12067
12107
12082
12078
12140
12207
12119
12052
12142
12111
12108
12197
12248
12491
12336
12522
12398
12187
12055
12064
12033
12447
12393
13234
12407
12287
12261
12254
12300
12245
12224
12211
12223
12069
12240
12080
12075
12030
12074
12269
12199
12340
12382
12348
12319
12238
12040
12052
15596
12477
12827
12646
12242
12104
12238
12161
12053
12097
12217
12291
12121
12060
12150
12228
12118
12211
12458
12360
12294
12384
12105
12368
12036
12433
12039
12396
12299
12408
12308
12304
12086
12070
11999
12104
12147
12228
12342
12266
12327
12474
12378
12017
12029
12200
12103
12120
12203
12101
12093
12082
12076
12013
12081
12201
12223
12083
12116
12083
12130
12043
12063
12002
12241
12085
12165
12130
12024
12158
12088
12068
12287
12154
12257
12427
12044
12151
12138
12111
12047
12061
15589
12491
12278
12185
12052
12437
12294
12431
12216
12410
12350
12255
12108
12050
12081
12110
12085
12112
12098
12170
12100
12086
12679
12171
12015
12021
12046
12163
12005
12157
12060
12059
11984
12047
12021
12081
12139
12178
12129
12091
12126
12101
12038
12207
12020
12270
12073
12233
12135
12090
12053
12111
12159
12091
12171
12206
12169
12044
12074
12077
12138
12071
12067
11999
12224
12148
12189
12057
12081
12103
12122
12015
12051
12147
12168
12384
12132
12129
12170
12095
12035
12075
15188
12890
12529
12517
12324
12045
12029
12000
12019
12077
12168
12138
12075
12038
12120
12109
12111
12283
12162
12233
12028
12215
12168
12304
12025
12095
12131
12119
12108
12260
12160
12114
12070
12064
12042
12121
12272
12252
12176
12110
12053
12083
12037
12072
12159
12356
12100
12326
12203
12132
12101
12154
12111
12010
12228
12390
12495
12394
12458
12289
12084
12060
12059
12283
12232
12066
12058
12103
12109
12058
12013
12038
12110
12247
12182
12425
12070
12140
12160
12012
12062
12109
12284
13808
12227
12524
12220
12053
12041
12020
12407
12073
12174
12120
12096
12087
12070
12070
12148
12352
12436
12520
12387
12530
12330
12039
12132
12083
12190
12118
12044
12184
12146
11979
12054
12218
12061
11997
12173
12250
12082
12179
12106
12100
12047
12077
12004
12306
12132
12238
12080
12034
12105
12120
12022
11986
12163
12255
12174
12018
12106
12060
12008
12018
12110
12140
12024
12293
12232
12151
12005
12078
12037
12036
11974
12216
12248
12274
12187
12032
12212
12073
12051
12030
16074
12144
12569
12522
12095
12029
12129
12099
12090
12137
12161
12181
12121
12058
12131
12133
12052
12039
12573
12465
12298
12291
12334
12168
12299
12235
12122
12173
12156
12208
12120
12436
12345
12387
12372
12334
12326
12173
12154
12073
12112
12083
12087
12019
12128
12542
12407
12614
12475
12485
12230
12107
12085
12129
12124
12292
12380
13464
12065
12132
12086
12192
12070
12270
12410
12334
12537
12400
12398
12048
12166
12143
12162
12049
12324
12457
12086
12031
12146
12128
12102
12179
16098
12602
12442
12527
12103
12003
12046
11996
12023
12190
12193
12197
12128
12083
12098
12149
12063
12020
12567
12555
12587
12135
12070
12058
12251
12122
12050
12159
12230
12082
12101
12065
12010
12048
11979
12276
12112
12239
12067
12102
12049
12091
12062
12057
12112
12245
12274
12071
12110
12102
12092
12052
12058
12139
12219
12065
12281
12120
12088
12033
12130
12089
12088
12144
12242
12154
12108
12112
12043
12092
12075
12102
12189
12057
12378
12363
12101
12051
12119
12054
12075
12170
13732
12945
12549
12375
12595
12216
12025
11971
12145
12245
12080
12113
12080
12103
12096
12151
12027
12295
12261
12217
12126
12064
12587
12139
12048
12112
12135
12190
12241
12050
12156
12107
12078
12138
12262
12165
12085
12176
12248
12082
12058
12096
12091
12045
12088
12176
12219
12100
12085
12057
12098
12100
12040
12015
12132
12213
12190
12089
12009
12122
12128
12141
12016
12196
12262
12077
12396
12186
12090
12044
12108
12168
12245
12191
12501
12601
12489
12398
12313
12155
12172
15331
12697
12189
12158
12024
12230
12059
11990
12019
12081
12183
12039
12194
12111
12121
12046
12183
12429
12176
12073
12326
12191
12118
12090
12067
12078
12254
12071
12185
12220
12059
12138
12044
12101
12093
12058
12039
12199
12254
12335
12228
12052
12146
12128
12075
12010
12192
12272
12096
12167
12147
12185
12086
12076
12065
12201
12075
12194
12105
12002
12063
12038
12010
11986
12076
12249
12057
12214
12135
12089
12047
12058
12064
12108
12068
12370
12710
12149
12069
12056
12076
12079
14054
14199
12362
12175
12142
12268
12002
12041
11992
12075
12088
12048
12158
12094
11999
12014
12095
12037
12025
12160
12431
12253
12128
12118
12071
12159
12104
12020
12345
12182
12129
12164
12057
12068
12132
12061
12012
12109
12222
12212
12057
12091
12112
12138
12016
12127
12236
12250
12073
12324
12078
12134
12049
12071
12030
12096
12168
12260
12090
12068
12080
12069
12099
12132
12064
12158
12100
12268
12118
12057
12074
12093
12071
12017
12121
12282
12570
12079
12218
12225
12084
11969
11980
15398
12384
12035
12183
12179
12420
12022
12004
12021
12152
12147
12166
12113
12027
12129
12147
12029
12082
12237
12377
12199
12096
12148
12023
11987
12235
12032
12121
12056
12235
12282
12143
12085
12071
12104
12042
12077
12228
12266
12100
12104
12051
12099
12104
12010
12027
12126
12280
12348
12281
12041
12189
12077
11999
11961
12180
12188
12764
12163
12115
12138
12042
12059
12093
12167
12102
12219
12148
12082
12054
12073
12062
12067
12102
12222
12516
12087
12108
12142
12076
12110
15030
12684
12206
12070
12233
12079
12326
12005
12050
12492
12548
12394
12598
12323
12333
12292
12325
12273
12218
12188
12213
12376
12065
12178
12113
12080
12266
12153
12176
12134
12196
12142
12072
12050
12438
12044
12077
12096
12239
12164
12107
12031
12072
12121
12070
12004
12220
12268
12043
12061
12092
12131
12042
12016
12179
12177
12356
12203
12055
12048
12155
12037
11973
12167
12100
12164
12011
12153
12118
12078
11986
12033
12030
12022
12076
12135
12448
12129
12075
12084
12135
12044
12035
15315
12552
12127
12330
12146
12074
12262
12075
12078
12217
12113
12218
12113
12061
12137
12259
12200
12077
12379
12199
12328
12030
12144
12659
12070
12205
12009
12206
12107
12192
12080
12090
12106
12098
12013
12055
12139
12182
12162
12094
12131
12109
12112
12013
12042
12155
12201
12148
12165
12159
12111
12079
12066
12045
12070
12187
12308
12171
12098
12169
12120
12117
12089
12037
12278
12094
12220
12062
12105
12077
12100
12013
12069
12108
12396
12594
12062
12128
12132
12132
12018
12043
15212
12624
12048
12198
12106
12068
12222
11980
12005
12123
12184
12160
12136
12065
12144
12048
12134
12078
12210
12417
12307
12620
12347
12137
12024
12247
12066
12107
12106
12220
12250
12125
12059
12100
12278
12086
12061
12269
12284
12098
12102
12078
12130
12050
12045
12029
12172
12267
12263
12075
12077
12145
12031
12014
12072
12186
12190
12033
12200
12107
12143
12040
12204
12541
12392
12126
12199
12157
12111
12083
12077
12038
12041
12101
12223
12584
12104
12107
12130
12069
12069
15031
12776
12427
12282
12452
12233
12053
11961
12321
12119
12233
12023
12242
12066
12108
12069
12146
12013
12177
12212
12132
12127
12219
12088
12070
12103
12455
12710
12314
12106
12265
12176
12017
12019
12029
12051
11980
12145
12121
12167
12037
12106
12129
12099
12059
12013
12299
12159
12170
12063
12060
12130
12068
12014
12042
12101
12173
12144
12068
12049
12124
12069
12044
12041
12128
12215
12140
12198
12142
12033
12157
12300
12125
12031
12191
12213
12612
12091
12068
12191
12176
12060
12020
15192
12821
12341
12982
12689
12412
12505
12578
12202
12200
12100
12229
12173
12047
12079
12124
12095
12051
12149
12185
12466
13146
12315
12094
12108
12369
12186
12230
12193
12146
12270
12101
12080
12059
12072
12266
12063
12228
12142
12083
12097
12069
12070
12018
12164
12235
12248
12031
12118
12104
12098
12012
12041
12162
12135
12134
12227
12106
13372
12071
12048
12066
12145
12244
12186
12147
12130
12149
12043
12041
12042
12244
12256
12058
12505
12306
12141
11999
12071
12035
12132
12098
14388
12559
12282
12119
12194
12145
12077
12182
12204
12336
12044
12163
12095
12055
11996
12122
12035
12289
12153
12366
12173
12105
12469
12384
12384
12325
12355
12233
12242
12076
12201
12097
12179
12056
12294
12236
12072
12201
12216
12129
12068
12092
12083
12093
12142
12220
12193
12116
12173
12099
12041
12106
12062
12099
12186
12094
12304
12215
12051
12097
12067
12093
12027
12156
12261
12229
12089
12160
12034
11985
12072
11990
12251
12086
12401
12189
12167
12076
12179
12145
12138
14933
12490
12283
12168
12108
12152
12052
11994
12018
12485
12486
12349
12546
12452
12267
12157
12072
12048
12216
12297
12410
12296
12327
12358
12156
12633
12065
12413
12379
12357
12338
12323
12294
12073
12039
12083
12100
12153
12066
12206
12126
12076
12198
12139
12045
12092
12126
12222
12168
12089
12054
12125
12086
12014
12066
12134
12103
12185
12080
12051
12042
12099
12054
12006
12115
12340
12159
12061
12121
12049
12127
12043
12079
12263
12422
12246
12587
12640
12103
12109
12077
12149
14931
12523
12276
12233
12074
12005
12050
11988
11989
12223
12198
12167
12070
12106
12135
12074
12147
12076
12101
12085
12217
12468
12226
12047
12334
12112
12056
12147
12155
12222
12057
12097
12050
12094
12101
12037
12010
12165
12160
12173
12063
12067
12136
12123
12099
12039
12250
12220
12166
12079
12094
12096
12047
12081
12041
12093
12052
12173
12176
12084
12072
12072
12156
12051
12066
12143
12190
12126
12116
12050
12065
12061
12102
12013
12126
12177
12262
12440
12079
12109
12126
12081
12046
15263
12448
12287
12205
12215
12231
12123
12066
12044
12414
12127
12321
12097
12087
12102
12201
12102
12025
12116
12183
12180
12054
12087
12249
12100
11997
12069
12283
12307
12184
12409
12165
12142
11971
12095
12068
12084
12112
12254
12155
12053
12099
12074
12073
12045
12104
12181
12117
12262
12214
12226
12143
12162
12071
12046
12178
12217
12240
12038
12430
12158
12141
12008
12072
12120
12224
12122
12197
12784
12795
12121
12117
12332
12247
12237
12153
12352
12462
13010
13056
12112
12094
15748
12918
12631
12429
12269
12079
12029
12028
11959
12422
12215
12247
12392
12236
12295
12030
12145
12180
12284
12030
12295
12188
12141
12225
12100
12043
12077
12282
12121
12174
12178
12073
12152
12053
12101
12188
12130
12051
12216
12191
12201
12036
12093
12071
12075
12072
12224
12192
12127
12118
12053
12101
12084
12230
12167
12257
12055
12169
12096
13265
12086
12097
12068
12037
12117
12164
12226
12067
12120
12119
12102
12051
12077
12159
12109
12462
12202
12140
12032
12053
12093
12100
14836
12561
12446
12316
12087
12143
12078
12076
12062
12229
12161
12156
12181
12098
12233
12030
12319
12160
12119
12043
12167
12257
12090
12027
12236
12134
12074
12017
12674
12518
12277
12090
12050
12078
12076
12026
12015
12562
12454
12561
12346
12389
12176
12132
12099
12013
12270
12386
12421
12257
12196
12099
12065
12003
12056
12130
12119
12174
12216
12108
12091
12097
12078
12042
12110
12168
12221
12083
12086
12075
12069
12110
12034
12076
12136
12272
12211
12106
12027
12132
12262
14322
13659
12155
12613
12361
12124
12001
12022
12002
12034
12108
12370
12073
12050
12017
11987
12099
12010
12065
12165
12151
12275
12196
12066
12049
12814
12139
12019
12173
12221
12407
12101
12089
12043
12098
12185
12031
12244
12214
12099
12073
12078
12049
12096
12034
12034
12162
12224
12164
12116
12068
12109
12064
12039
12071
12094
12198
12031
12217
12154
12068
12012
12144
12231
12103
12210
12154
12207
12105
12058
12077
12101
12076
12042
12231
12092
12413
12116
12092
12070
12100
12093
12080
15251
12358
12271
12166
12002
12056
12035
12032
11971
12136
12475
12313
12419
12312
12351
12059
12082
12109
12368
12118
12185
12114
12124
12106
12144
12549
12271
12252
12450
12192
12178
12079
12097
12078
12098
12046
12103
12140
12141
12178
12086
12023
12131
12129
12045
12038
12195
12175
12139
12135
12058
12076
12063
12114
12014
12195
12078
12259
12044
12107
12051
12125
12045
12064
12103
12169
12165
12130
12134
12195
12077
12119
12111
12123
12044
12424
12208
12102
12039
12084
12102
12100
13648
14274
12698
12378
12250
12125
12000
12014
12051
12057
12110
12354
12118
12105
11992
12079
12039
12031
12016
12122
12220
12306
12341
12254
12267
12445
12050
12090
12569
12503
12072
12096
12052
12139
12100
12040
12010
12118
12252
12201
12050
12049
12132
12071
12017
12061
12247
12462
12292
12432
12290
12115
12041
12042
12066
12197
12063
12172
12113
12048
12068
12085
12110
12029
12081
12157
12216
12069
12081
12049
12064
12059
12063
12098
12100
12497
12211
12054
12140
12145
12200
12082
15384
12248
12562
12448
12313
12307
12324
12324
12272
12168
12187
12238
12054
11988
12039
12068
12060
12015
12184
12110
12303
12149
12048
12036
12098
12081
12147
12093
12228
12281
12264
12326
12280
12420
12184
12205
12279
12411
12249
12357
12346
12308
12070
12043
12099
12284
12239
12171
12088
12075
12144
12067
12016
12040
12109
12175
12059
12162
12091
13186
12183
12096
12037
12171
12073
12127
12190
12074
12026
12076
12125
12030
12072
12195
12230
12346
12113
12144
12170
12235
12061
12036
15355
12107
12259
12163
12024
12042
12043
12018
11962
12142
12220
12339
12067
12136
12194
12174
12098
12029
12285
12111
12191
12050
12081
12141
12106
12015
12191
12166
12269
12296
12046
12082
12099
12110
12024
12159
12195
12289
12217
12220
12102
12114
12067
12097
12011
12318
12533
12511
12371
12338
12375
12068
12039
12000
12076
12179
12128
12184
12096
12069
12074
12088
12061
12010
12199
12178
12175
12033
12082
12116
12120
12044
12011
12210
12218
12321
12071
12293
12133
12143
12017
12073
14921
12524
12294
12109
12044
12068
12031
12003
11993
12079
12218
12130
12253
12113
12210
12025
12088
12077
12138
12061
12177
12182
12085
12117
12060
12659
12198
12103
12253
12274
12092
12076
12077
12137
12038
12034
12012
12209
12190
12221
12044
12042
12232
12116
12109
12098
12236
12203
12118
12117
12113
12101
12079
12041
12067
12201
12129
12140
12120
12082
12102
12086
12478
12048
12114
12160
12179
12098
12084
12071
12096
12054
12034
12095
12116
12469
12173
12093
12053
12132
12105
12074
12008
15926
12938
12384
12097
12134
12134
12025
12037
12084
12100
12040
12270
12053
11998
12075
12072
12010
12038
12153
12148
12182
12044
12091
12098
12093
12086
12472
12396
12326
12096
12163
12148
12099
12044
12034
12071
12150
12183
12142
12087
12087
12152
12066
12057
12048
12128
12184
12046
12432
12529
12375
12366
12406
12191
12146
12104
12116
12187
12090
12074
12105
12300
12261
12328
12443
12332
12110
12094
12079
12151
12075
12047
12073
12104
12367
12169
12099
12083
12132
12076
12031
12016
15776
12551
12397
12298
12296
12081
12032
12014
11989
12502
12436
12541
12341
12284
12186
12071
11996
12025
12129
12092
12253
12125
12084
12068
12111
12043
12253
12372
12441
12596
12169
12113
12234
12278
12303
12324
12374
12054
12206
12128
12118
12087
12063
12068
12067
12108
12191
12211
12090
12222
12050
12045
12087
12234
12344
12196
12083
12226
12145
12049
12068
12065
12098
12098
12213
12252
12134
12085
12043
12103
12014
12074
12045
12244
12223
12233
12155
12084
12148
12066
12019
12071
15226
12328
12289
12154
12045
12095
12022
12031
11976
12295
12425
12396
12331
12297
12158
12077
11998
12085
12128
12183
12195
12110
12056
12076
12085
12034
12218
12225
12221
12027
12226
12307
12479
12368
12366
12446
12354
12151
12261
12358
12257
12052
12113
12173
12091
12094
12081
12178
12124
12095
12050
12064
12067
12101
12028
12140
12084
12221
12894
12609
12178
12148
12100
12024
12386
12593
12488
12350
12336
12170
12097
12069
12013
12213
12378
12189
12118
12111
12038
12098
12044
12073
15347
12769
12430
12290
12079
12155
12072
12056
12041
12154
12459
12418
12031
12132
12131
12092
12021
12074
12316
12135
12200
12179
12091
12120
12074
12084
12180
12132
12203
12217
12295
12419
12448
12071
12060
12212
12115
12201
12056
12188
12118
12053
12124
12079
12102
12007
12147
12204
12214
12040
12147
12127
12119
12048
12049
12228
12143
12141
12084
12082
12124
12138
12102
12144
12227
12269
12128
12103
12141
12137
12059
12009
12042
12164
12232
12186
12172
12090
12052
12081
12101
12017
14397
13586
12198
12167
12068
12044
11992
12064
11988
12123
12249
12096
12467
12385
12431
12316
12390
12305
12325
12071
12175
12188
12231
12779
12361
12342
12459
12433
12385
12166
12116
12295
12093
12035
12048
12104
12147
12313
12107
12330
12272
12177
12032
12143
12085
12114
12119
12099
12175
12090
12125
12072
12077
12096
12034
12278
12160
12147
12116
12066
12134
12068
12042
12023
12140
12209
12246
12133
12089
12438
12349
12334
12402
12551
12206
12061
12201
12109
12119
12075
12036
12764
16720
13627
13016
12461
12294
12074
12023
12000
11959
12150
12102
12335
11987
12151
12051
12039
11960
12038
12078
12245
12100
12116
12075
12103
12046
12071
12209
12294
12288
12446
12311
12387
12077
12059
12067
12071
12142
12152
12197
12129
12084
12050
12063
12072
12067
12079
12073
12186
12279
12137
12021
12038
12119
12033
12001
12392
12514
12324
12466
12439
12159
12081
12066
12043
12221
12120
12167
12061
12122
12051
12106
12472
12388
12654
12573
12442
12057
12132
12183
12108
12020
14271
12901
12533
12205
12131
12114
12105
12073
12041
12040
12306
12117
12169
12375
12140
12110
12083
12011
12037
12146
12251
12147
12057
12164
12129
12068
12044
12216
12151
12072
12470
12494
12649
12102
12208
12125
12105
12100
12152
12223
12156
12052
12068
12088
12084
12064
12013
12227
12123
12220
12085
12067
12100
12092
11998
12036
12147
12310
12487
12314
12439
12480
12473
13371
13113
12495
12445
12262
12113
12090
12028
11983
11990
12137
12283
12237
12193
12281
12217
12234
12105
12111
14106
12936
12479
12399
12335
12241
12074
12115
12047
12105
12139
12201
12052
12630
12396
12333
12236
12316
12045
12416
13073
12216
12131
12089
12084
12074
12068
12228
12274
12504
12526
12426
12518
12136
12061
12039
12171
12183
12045
12222
12292
12101
12101
12105
12113
12157
12110
12148
12123
12086
12070
12045
12041
12107
12093
12176
12197
12103
13301
12056
12135
12046
12070
12041
12133
12187
12474
12233
12047
12198
12056
12054
12029
12350
12227
12077
12172
12193
12073
12059
12082
12173
15783
12535
12475
12529
12302
12090
12136
12062
12015
12094
12185
12214
12102
12564
12434
12382
12341
12289
12237
12245
12065
12168
12074
12132
12045
12043
12070
12504
12336
12425
12375
12301
12099
12133
12151
12017
12147
12092
12154
12084
12105
12048
12218
12084
12196
12175
12089
12240
12190
12109
12027
12071
12108
12045
12003
12344
12552
12342
12395
12351
12120
12080
12067
12044
12341
12056
12264
12143
12182
12055
12101
12004
12029
12422
12148
12187
12085
12128
12115
12062
12058
13633
12874
12612
12361
12564
12369
12125
12102
12048
12073
12203
12258
12169
12191
12351
12133
12050
12033
12012
12132
12194
12084
12133
12118
12668
12019
12072
12060
12171
12418
12441
12493
12489
12334
12281
12077
12067
12108
12210
12239
12096
12148
12087
12063
12099
12053
12043
12222
12100
12885
12577
12543
12507
12550
12567
12343
12462
12483
12444
12353
12068
12100
12101
12043
12079
12135
12153
12060
12262
12199
12074
12031
12066
12089
12586
12539
12429
13172
13842
12971
14107
13287
14628
13321
13055
12830
12378
12561
13192
12904
14340
13794
12897
12427
12480
12586
12384
12351
12352
12345
12707
12312
12512
12336
12389
12330
12413
12374
12453
12756
12790
12742
12496
12644
12683
12621
12647
12548
12303
12433
12682
12531
12696
12685
12590
12442
12368
12440
12795
12646
12649
12706
12623
12760
12509
12446
12471
12753
12647
12731
12652
12517
12342
12440
12352
12401
12384
12500
12509
12407
12397
12396
12433
12582
12456
12503
12516
12519
12418
12401
12356
15278
12865
12446
12530
12427
12361
12399
12350
12426
12348
12393
12561
12747
12531
12741
12702
12482
12292
12039
12617
12672
12407
12528
12349
12370
12422
12402
12352
12707
12577
12447
12548
12383
12698
12652
12599
12639
12357
12654
12732
12714
12647
12541
12318
12432
12410
12295
12711
12720
12577
12440
12228
12216
12120
12163
12167
12482
12460
12552
12443
12397
12342
12438
12337
12367
12414
12570
12469
12377
12401
12395
12487
12572
12399
12554
12524
12604
12660
12651
12629
15230
13132
12484
12541
12404
12479
12347
12436
12362
12338
12419
12440
12685
12477
12664
12681
12633
12732
12455
12559
12630
12473
12393
12406
12404
12418
12385
12385
12590
12515
12342
12607
12425
12562
12312
12546
12409
12310
12442
12496
12596
12353
12409
12390
12486
12335
12300
12654
12739
12651
12659
12398
12491
12376
12358
12326
12597
13331
12417
12471
12458
12487
12385
12438
12394
12571
12366
12556
12441
12364
12362
12757
12641
12654
12603
12574
12619
12238
12054
13858
12500
12239
12451
12472
12558
12463
12422
12378
12452
12354
12407
12394
12580
12580
12486
12440
12456
12368
12344
12422
12396
12523
12362
12566
12517
12674
12735
12494
12627
12429
12369
12537
12575
12432
12381
12403
12401
12380
12433
12740
12680
12657
12650
12447
12421
12350
12537
12666
12760
12689
12439
12455
12423
12370
12319
12383
12463
12465
12395
12489
12466
12366
12304
13825
13505
13568
13279
12702
12680
12688
12649
12535
12377
12363
12623
12382
12507
12415
12402
13233
12803
12875
12697
12586
12660
12699
12637
12640
12399
12476
12403
12699
12710
12585
12686
12367
12414
12410
12410
12339
12414
12569
12463
13104
12640
12682
12701
12752
12790
12966
12698
12708
12656
12671
12646
12640
12593
12723
12590
12527
12366
12421
12367
12440
12323
12325
12714
12686
12624
12666
12465
12395
12367
12338
12351
12554
12381
12560
12400
12364
12360
12384
12497
12637
12465
12670
12684
12660
12633
12786
12805
12568
12344
12573
12511
12709
12648
12623
12647
13739
12843
12686
12699
12561
12416
12302
12550
12634
12646
12679
12601
12563
12375
12445
12636
12394
12332
12304
12555
12554
12502
12333
12457
12398
12356
12380
12360
12573
12684
12637
12684
12727
12672
12687
12674
12512
12776
13026
13149
12940
12782
12751
12738
12501
12566
12759
12736
12573
12438
12425
12342
12362
12377
12550
12635
12701
12643
12624
12300
12412
12349
12367
12375
12501
12532
12391
12358
12388
12424
12362
12625
12447
12528
12699
12707
12749
12691
13056
13055
12605
12714
12506
12390
12379
12462
12913
12356
12403
12380
12633
12482
12554
12495
12378
12564
12403
12414
12325
12439
12462
12537
12434
12310
12393
12429
12388
12329
12408
12578
12515
12651
12661
12540
12511
12666
12650
12836
12752
12674
12671
12393
12463
12342
12503
12696
12914
12790
12926
12559
12446
12037
12178
12150
12194
12445
12482
12575
12474
12317
12443
12393
12347
12391
12769
12663
12674
12608
12457
12397
12394
12701
12597
12643
12787
12438
12500
12469
12399
14590
12521
12633
12560
12540
12588
12420
12398
12432
12362
12426
12413
12675
12369
12558
12385
12604
12375
12388
12330
12530
12455
12503
12382
12431
12400
12419
12352
12373
12470
12609
12840
12611
12455
12482
12425
12394
12444
12573
12732
12631
12687
12565
12532
12428
12354
12565
12539
12460
12443
12388
12385
12417
12363
12345
12347
12434
12702
13379
12516
12390
12384
12388
12359
12361
12400
12507
12447
12426
12386
12390
12412
12642
12457
12587
12506
12398
12448
12403
12392
14432
12843
12806
12775
12655
12662
12832
12930
12667
12631
12652
12561
12603
12388
12505
12405
12604
12331
12365
12388
12524
12346
12506
12451
12392
12322
12436
12363
12439
12387
12749
12505
12437
12351
12674
12651
12615
12614
12715
12709
12701
12647
12533
12418
12355
12397
12638
12628
12490
12402
12410
12380
12413
12295
12413
12341
12574
12340
12577
12485
12369
12355
12383
12353
12375
12411
12464
12530
12433
12309
12404
12627
12400
12381
12271
12358
12504
12410
12439
15610
13087
12508
12482
12795
12706
12678
12605
12563
12302
12521
12413
12615
12603
12618
12444
12375
12568
12396
12335
12370
12396
12521
12353
12515
12639
12611
12541
12446
12369
12497
12442
12613
12437
12451
12403
12406
12417
12384
12494
12479
12418
12130
12166
12103
12041
12025
12250
12454
12455
12415
12540
12535
12540
12608
12528
12442
12413
12357
12495
12589
12405
12363
12358
12476
12347
12386
12530
12529
12443
12328
12408
12589
12421
12325
12477
12512
12753
12711
12641
15059
13028
12827
12686
12870
12591
12574
12669
12617
12646
12639
12673
12714
12825
12689
12643
12704
12641
12706
12655
12609
12477
12753
12668
12675
12652
12394
12433
12322
12392
12442
12439
12516
12545
12485
12492
12343
12627
12694
12518
12404
12410
12457
12438
12354
12334
12382
12560
12535
12837
12553
12521
12264
12213
12126
12093
12420
12433
12296
12461
12502
12471
12431
12322
12387
12401
12529
12318
12522
12398
12453
12328
12634
12372
12582
12404
12517
12378
12361
12426
14442
13873
12492
12734
12441
12523
12450
12642
12610
12650
12626
12671
12685
12707
12705
12524
12395
12425
12474
12480
12417
12866
12747
12633
12631
12406
12373
12361
12364
12452
12471
12510
12775
12643
12658
12624
12564
12560
12564
12656
12368
12562
12401
12500
12375
12377
12358
12701
12633
12708
12668
12559
12393
12387
12321
12411
12446
12526
12500
12464
12382
12421
12488
12504
12377
12441
12479
12530
12407
12370
12384
12398
12594
12311
12516
12576
12433
12351
12493
12391
14617
13148
12779
12727
12747
12634
12538
12661
12608
12623
12719
12745
12728
12653
12660
12383
12393
12331
12525
12638
12760
12602
12699
12739
12596
12427
12428
12382
12509
12435
12481
12378
12529
12589
12612
12647
12439
12748
12705
12669
12708
12464
12385
12381
12373
12360
12867
12897
12954
12863
12449
12424
12392
12432
12377
12499
12557
12440
13227
12495
12422
12368
12335
12417
12460
12505
12534
12703
12706
12643
12622
12651
12536
12500
12396
12505
12453
12450
12395
12356
15479
12824
12524
12431
12408
12395
12384
12388
12390
12341
12522
12690
12543
12397
12396
12379
12436
12482
12348
12532
12562
12652
12473
12163
12187
12186
12197
12383
12706
12572
12449
12479
12861
12657
12626
12619
12570
12695
12359
12503
12496
12367
12421
12427
12413
12314
12657
12704
12731
12717
12509
12394
12433
12371
12298
12468
12546
12476
12425
12395
12441
12352
12332
12389
12690
12708
12665
12669
12483
12322
12383
12751
12581
12611
12699
12686
12700
12494
12428
12365
14660
13153
12651
12673
12548
12438
12486
12313
12412
12361
12697
12477
12738
12679
12625
12630
12376
12383
12514
12419
12493
12521
12395
12346
12924
12440
12377
12331
12404
12473
12557
12333
12828
12727
12741
12700
12636
12693
12733
12756
12684
12692
12415
12361
12357
12351
12466
12422
12407
12411
12631
12415
12367
12419
12360
12451
12430
12533
12500
12635
12600
12644
12550
12343
12431
12543
12525
12443
12610
12640
12730
12711
12408
12648
12509
12582
12782
12732
12693
12681
15056
12886
12792
12702
12694
12609
12649
12643
12529
12639
12541
13127
12821
12645
12694
12696
12704
12727
12720
12727
12678
12680
12605
12647
12458
12449
12382
12471
12489
12408
12386
12423
12584
12377
12364
12536
12741
12446
12683
12627
12437
12489
12618
12626
12664
12483
12408
12439
12416
12445
12388
12405
12366
12557
12711
12681
12675
12696
12337
12503
12331
12332
12467
12501
12493
12389
12401
12464
12650
12617
12755
12645
12606
12765
12757
12731
12731
12725
13979
14039
12841
12739
12529
12407
12403
12723
12654
12610
12674
12581
12590
12368
12466
12401
12357
12369
12385
12484
12457
12445
12464
12421
12366
12349
12490
12361
12412
12366
12531
12481
12439
12393
12498
12601
12690
12768
12523
12537
12441
12409
12473
12476
12490
12412
12512
12785
12666
12649
12640
12621
12484
12334
12383
12401
12494
12354
12597
12540
12661
12589
12651
12481
12519
12405
12569
12374
12416
12385
12442
12526
12390
12442
12606
12475
12435
12382
12437
12426
12374
15473
12635
12565
12487
12066
12461
12515
12460
12398
12442
12460
12612
12489
12754
12495
12413
12406
12360
12330
12999
12495
12549
12429
12412
12398
12439
12354
12408
12440
12451
12475
12443
12352
12746
12612
12669
12649
12676
12740
12691
12669
12501
12355
12446
12345
12387
12631
12714
12650
12574
12551
12384
12151
12276
12427
12507
12371
12811
13006
12734
12681
12321
12648
12465
12445
12399
12469
12438
12363
12327
12635
12364
12556
12726
12674
12661
12528
12320
12417
12456
14907
12642
12812
12690
12467
12377
12430
12400
12392
12392
12730
12764
12519
12423
12408
12414
12379
12362
12397
12751
12690
12646
12605
12501
12395
12442
12395
12404
12504
12415
12532
12426
12364
12616
12385
12360
12458
12662
12499
12560
12398
12387
12355
12381
12326
12424
12718
12675
12668
12645
12598
12459
12496
12420
12488
12768
12750
12759
12650
12213
12038
12316
12408
12406
12464
12369
12584
12347
12426
12334
12719
12368
12412
12416
12509
12492
12373
12449
12659
15452
12797
12737
12782
12749
12586
12433
12327
12383
12363
12414
12405
12616
12562
12681
12346
12490
12424
12449
12307
12457
12516
12500
12341
12396
12998
12654
12483
12343
12505
12564
12370
12397
12375
12632
12473
12411
12348
12752
12627
12766
12679
12627
12340
12389
12406
12314
12480
12536
12592
12375
12310
12413
12423
12377
12291
12731
12706
12561
12366
12393
12393
12440
12327
12312
12548
12508
12377
12397
12399
12404
12522
12387
12359
12544
12419
12504
12416
12357
12372
15047
12936
12812
12381
12749
12676
12575
12360
12415
12417
12393
12399
12700
12736
12644
12622
12661
12355
12351
12353
12596
12673
12706
12619
12617
12352
12452
12288
12363
12484
12493
12368
12464
12458
12663
12363
12328
12814
12766
12627
12702
12503
12411
12336
12428
12316
12525
12406
12577
12450
12398
12104
12120
12091
12020
12424
12486
12539
12481
12352
12443
12577
12737
12634
12929
12599
12516
12375
12422
12585
12535
12666
12536
12420
12506
12429
12452
12422
12434
12332
14968
13108
12696
12703
12584
12409
12429
12388
12398
12365
12537
12567
12392
12522
12588
12642
12629
12649
12623
12658
12707
12685
12658
12729
12316
12594
12387
12429
12379
12477
12533
12420
12362
12354
12533
12476
12362
12651
12717
12690
12641
12487
12441
12387
12297
12368
12630
12747
12722
12705
12610
12455
12308
12387
12373
12606
12351
12545
12461
12369
12355
12405
12387
12352
12402
12727
12695
12467
12339
12419
12809
12557
12450
12450
12491
12500
12354
12377
12508
13751
12932
12695
12534
12566
12424
12425
12386
12375
12328
12394
12491
12505
12370
12479
12501
12391
12303
12345
12376
12388
12376
12756
12683
12666
12621
12413
12449
12359
12437
12476
12709
12658
12627
12623
12434
12898
12620
12767
12764
12945
12574
12479
12418
12380
12319
12357
12511
12751
12697
12388
12410
12379
12383
12357
12393
12349
12393
12531
12531
13196
12402
12349
12365
12372
12445
12443
12520
12403
12356
12426
12810
12471
12366
12687
12705
12709
12669
12619
12545
14510
13215
12662
12831
12754
12683
12664
12641
12699
12461
12514
12714
12537
12585
12434
12349
12388
12390
12366
12358
12331
12564
12595
12449
12553
12660
12660
12604
12517
12377
12437
12376
12469
12437
12426
12349
12860
12664
12613
12410
12512
12456
12430
12349
12407
12418
12347
12404
12514
12574
12387
12345
12423
12356
12357
12314
12460
12473
12314
12789
12670
12593
12619
12453
12387
12427
12380
12444
12555
12445
12371
12573
12426
12381
12542
12755
12632
12547
12389
12378
14228
13832
12751
12562
12929
12480
12419
12344
12433
12408
12378
12347
12711
12797
12694
12623
12573
12388
12381
12396
12386
12528
12662
12632
12663
12645
12738
12391
12360
12365
12536
12446
12518
12424
12358
12365
12659
12755
12759
12886
12780
12687
12695
12637
12332
12392
12382
12396
12381
12511
12564
12460
12402
12442
12487
12637
12643
12740
12677
12414
12540
12658
12613
12670
12675
12593
12519
12471
12715
12649
12774
12431
12302
12349
12614
12520
12349
12465
12601
15435
12945
12483
12491
12660
12562
12410
12466
12383
12370
12459
12408
12424
12752
12679
12710
12498
12374
12335
12389
12345
12742
12822
12827
12691
12709
12370
12356
12411
12397
12427
12528
12500
12392
12400
12397
12357
12689
12380
12534
12607
12569
12435
12667
12734
12784
12409
12644
12896
12993
12633
12368
12439
12505
12289
12326
12384
12516
12426
12485
12456
12399
12588
12503
12524
12478
12442
12470
12531
12437
12342
12636
12421
12389
12374
12649
12746
12504
12367
12396
14936
12968
12728
12631
12722
12757
12709
12653
12638
12523
12428
12330
12461
12514
12491
12375
12444
12360
12382
12353
12393
12494
12758
12392
12502
12401
12440
12345
12402
12346
12593
12433
12668
12491
12592
12376
12473
12495
12378
12473
12284
12501
12489
12353
12414
12375
12314
12589
12709
12758
12647
12455
12464
12348
12416
12338
12352
12546
12450
12491
12412
12423
12457
12636
12446
12406
12452
12486
12554
12411
12403
12679
12424
12448
12373
12397
12588
12549
12328
12504
15098
12514
12557
12449
12481
12476
12548
12450
12379
12423
12638
12703
12715
12504
12573
12405
12406
12363
12436
12363
12321
12377
12524
12590
12490
12438
12442
12402
12617
12653
12667
12624
12716
12688
12640
12355
12323
12667
12614
12761
12740
12607
12471
12380
12361
12388
12376
12356
12467
12757
12687
12615
12665
12574
12524
12389
12369
12425
12571
13110
12529
12358
12482
12332
12355
12372
12667
12499
12743
12525
12838
12175
12189
12156
12456
12464
12454
12612
12453
12345
14871
12799
12731
12707
12660
12524
12537
12441
12356
12402
12478
12439
12458
12792
12572
12701
12680
12442
12379
12392
12328
12487
12437
12715
12347
12593
12686
12613
12616
12609
12402
12503
12375
12762
12644
12641
12591
12698
12355
12581
12697
12921
12980
12900
12877
12715
12546
12479
12584
12441
12526
12447
12475
12333
12651
12866
12860
13055
12737
12734
12843
12525
12488
12424
12360
12309
12499
12481
12737
12565
13314
13118
13065
13258
13005
13600
13359
13038
13088
16666
13239
13112
13020
13049
13008
12998
13150
12903
12720
12654
12704
12782
12708
12655
12670
12665
12650
12622
12718
12671
12552
12518
12415
12387
12770
12596
12648
12620
12521
12416
12509
12448
12428
12072
12066
12251
12490
12538
12584
12682
12750
12608
12396
12559
12461
12358
12484
12569
12588
12603
12643
12611
12587
12328
12432
12498
12593
12361
12419
12434
12448
12317
12509
12501
12683
12324
12621
12432
12522
12409
12385
12511
12691
12385
12806
13330
13239
13099
16141
14459
13164
13014
12729
12713
12685
12652
12483
12423
12455
12558
13106
12798
12639
12638
12658
12644
12615
12615
12698
12798
12713
12700
12668
12530
12320
12382
12434
12679
12428
12691
12470
12548
12204
12165
12223
12504
12508
12460
12569
12537
12449
12649
12645
12626
12622
12462
12398
12497
12381
12373
12457
12431
12330
12350
12528
12613
12378
12428
12358
12434
12352
12356
12359
12584
12371
12651
12696
12529
12696
12658
12597
12717
12656
12729
12707
12676
12475
12450
14114
12725
12695
12459
12526
12391
12423
12407
12428
12379
12441
12429
12570
12508
12410
12386
12446
12343
12343
12368
12453
12499
12348
12697
12439
12412
12347
12396
12507
12599
12681
12675
12434
12417
12342
12383
12356
12604
12419
12812
12737
12433
12424
12379
12411
12370
12323
12615
12735
12688
12652
12584
12455
12376
12348
12327
12438
12553
12336
12499
12673
12643
12621
12596
12395
12457
12110
12470
12223
12603
12460
12470
12538
12459
12404
12522
12529
12482
12315
12430
15301
12909
12787
12309
12414
12574
12652
12633
12643
12639
12547
12435
12663
12821
12481
12435
12418
12391
12363
12369
12384
12508
12514
12590
12369
12451
12417
12328
12385
12447
12472
12391
12547
12430
12521
12385
12430
12511
12523
12670
12714
12510
12455
12338
12358
12374
12351
12407
12527
12463
12432
12376
12373
12285
12343
12414
12409
12501
12453
13289
12416
12332
12408
12324
12350
12431
12491
12411
12498
12650
12692
12615
12646
12638
12670
12481
12677
12478
12431
14655
13039
12775
12662
12724
12668
12739
12642
12532
12385
12473
12417
12340
12538
12451
12399
12399
12340
12387
12396
12350
12334
12547
12520
12573
12359
12450
12387
12358
12360
12366
12578
12364
12667
12647
12646
12635
12628
13113
12723
12487
12492
12581
12566
12530
12657
12626
12641
12761
12557
12702
12668
12534
12373
12430
12315
12344
12597
12658
12611
12483
12379
12254
12207
12108
12057
12504
12469
12509
12402
12547
12192
12197
12026
12321
12407
12435
12528
12438
12572
15147
12674
12584
12477
12582
12666
12708
12668
12473
12411
12485
12375
12330
12713
12734
12692
12654
12422
12596
12648
12643
12611
12447
12475
12621
12891
12378
12352
12453
12363
12392
12493
12562
12389
12436
12410
12361
12429
12458
12411
12471
12465
12611
12491
12519
12455
12403
12410
12500
12359
12535
12532
12636
12621
12643
12454
12586
12447
12525
12367
12395
12424
12382
12348
12353
12492
12543
12473
12405
12418
12611
12404
12342
12408
12480
12496
12507
12384
12430
12508
12684
13805
12649
12616
12484
12135
12507
12505
12497
12469
12487
12389
12736
12658
12691
12664
12596
12371
12390
12378
12367
12462
12500
12519
12413
12609
12399
12416
12389
12339
12650
12752
12662
12639
12506
12389
12428
12385
12301
12769
12730
12651
12652
12644
12734
12651
12624
12634
12750
12729
12739
12717
12717
12578
12392
12402
12410
12553
12377
12537
12463
12405
12318
12386
12390
12451
12334
12518
12520
12493
12688
12642
12636
12635
12512
12467
12530
12652
12607
12648
12610
14457
12846
12476
12522
12424
12414
12371
12399
12555
12456
12822
12785
12600
12462
12413
12356
12352
12411
12339
12517
12522
12421
12393
12349
12596
12334
12409
12370
12540
12353
12756
12634
12653
12616
12420
12323
12469
12688
12598
12606
12677
12443
12336
12381
12370
12532
12713
12673
12662
12624
12408
12594
12466
12408
12510
12589
12571
12416
12397
12378
12396
12327
12381
12434
12463
12372
12480
12417
12500
12391
12413
12352
12663
12659
12686
12670
12508
12595
12711
14274
13988
12786
12716
12727
12602
12367
12363
12404
12464
12367
12474
12492
12563
12412
12429
12518
12537
12581
12674
12626
12768
12580
12509
12499
12461
12385
12373
12518
12750
12698
12668
12608
12388
12293
12346
12389
12423
12483
12740
12749
12732
12707
12459
12431
12650
12710
12763
12616
12688
12674
12462
12391
12361
12355
12590
12441
12670
12518
13201
12620
12566
12355
12415
12447
12492
12529
12413
12386
12701
12633
12623
12638
12297
12164
12283
12108
12079
12103
12170
13508
14264
12575
12587
12422
12411
12363
12570
12391
12459
12372
12610
12377
12509
12399
12398
12357
12377
12440
12646
12384
12694
12674
12434
12621
12339
12407
12381
12446
12630
12741
12629
12433
12407
12352
12374
12385
12437
12552
13031
12662
12684
12651
12483
12642
12644
12594
12712
12657
12668
12605
12539
12388
12338
12351
12568
12457
12482
12435
12431
12533
12503
12730
12565
12627
12388
12506
12436
12466
12506
12400
12403
12366
12415
12524
12531
12383
12361
12500
12427
14086
13796
12574
12529
12421
12378
12405
12415
12384
12482
12441
12447
12528
12436
12462
12412
12038
12397
12421
12613
12456
12405
12560
12384
12684
12483
12713
12520
12570
12360
12533
12484
12531
12368
12415
12327
12316
12502
12709
12547
12640
12596
12423
12366
12092
12342
12416
12508
12409
12391
12496
12361
12372
12326
12377
12403
12389
12423
12489
12445
12332
12334
12406
12382
12486
12978
12938
12678
12680
12754
12643
12652
12679
12472
12521
12472
12452
12340
12485
12418
12330
13859
12746
12695
12697
12435
12398
12380
12464
12336
12759
12768
12692
12603
12642
12615
12648
12616
12534
12481
12656
12652
12628
12485
12462
12552
12327
12446
12755
12363
12536
12407
12425
12343
12391
12580
12685
12364
12502
12630
12536
12355
12362
12630
12528
12390
12511
12353
12351
12429
12428
12397
12387
12369
12401
12452
12612
12408
12403
12375
12359
12385
12358
12407
12479
12367
12563
12351
12554
12388
12514
12491
12600
12690
12683
12668
12626
12388
12475
12355
13795
12838
12507
12508
12433
12386
12415
12382
12424
12363
12632
12736
12705
12645
12477
12405
12390
12381
12327
12392
12504
12373
12490
12387
12457
12590
12395
12332
12769
12625
12703
12657
12564
12396
12469
12641
12675
12421
12413
12596
12526
12380
12393
12581
12821
12644
12692
12700
12432
12386
12296
12382
12431
12368
12479
12485
12514
12357
12354
12375
12382
12354
12452
12458
12545
12385
12415
12380
12542
12418
12359
12441
12519
12407
12500
12394
12482
12639
12641
12364
15749
12728
12450
12529
12587
12447
12406
12414
12463
12652
12692
12688
12668
12499
12347
12415
12328
12377
12391
12467
12559
12387
12365
12397
12491
12321
12511
12487
12503
12493
12647
12629
12457
12359
12350
12365
12732
12750
12473
12686
12887
12547
12445
12612
12589
12614
12452
12549
12406
12354
12347
12464
12330
12364
12389
12547
12520
12428
12308
13242
12419
12310
12349
12557
12514
12376
12342
12411
12535
12376
12357
12399
12583
12477
12365
12440
12460
12359
12372
12510
14244
13534
12675
12599
12464
12429
12343
12426
12444
12473
12409
12506
12498
12361
12399
12395
12410
12325
12428
12531
12479
12436
12384
12405
12406
12353
12547
12447
12527
12457
12393
12411
12383
12361
12318
12456
12379
12470
12388
12493
12687
12508
12318
12613
12453
12683
12453
12463
12425
12401
12400
12436
12359
12351
12598
12778
12696
12684
12644
12413
12414
12329
12291
12521
12462
12428
12436
12494
12558
12431
12296
12353
12486
12434
12390
12503
12424
12440
12692
12622
15213
12833
12472
12514
12523
12542
12451
12372
12481
