12789
12886
13043
12772
12763
12727
12716
12786
12823
12787
12618
12717
12754
12722
12718
12665
12879
12852
12828
12806
12758
12594
12603
12725
12426
12566
12494
12646
12715
12803
12773
12643
12537
12784
12777
12751
12742
12744
12644
12732
12719
12674
12702
12771
12752
12824
12802
12476
12466
12734
12745
12758
12921
12942
12842
12730
12829
12738
12449
12740
12803
12757
12733
12752
12643
12450
12702
12835
12788
12759
12782
12761
12741
12727
12726
12719
12709
12730
12764
13203
14285
12957
13037
12761
12758
12741
12773
12762
12759
12757
12729
12735
12730
12719
12720
12762
12652
12528
12453
12762
12574
12807
12774
12720
12621
12746
12735
12730
12718
12719
12722
12752
12767
12778
12733
12772
12746
12817
12784
13139
13990
13813
12867
13566
28643
13043
13585
14399
14208
14497
14292
14736
15012
14712
14444
13003
12857
12795
12765
12732
12737
12729
14509
12864
12783
12789
12750
12770
12748
12737
12764
12749
12738
12745
12795
12781
12827
12796
12764
12765
12745
12980
12815
12789
12843
13050
12788
12945
12939
12923
12863
12892
12922
12943
12811
12748
12761
12732
12851
12761
12746
12759
12751
12755
12746
12758
12760
12785
12813
12780
12802
12793
12774
12722
12771
12769
12797
12838
12813
12814
12750
12731
12722
12757
12782
12980
12762
12886
12960
12863
12811
12932
12996
13086
12958
12810
12831
12812
12832
12748
15721
13896
12959
13131
12890
12833
12845
12817
12750
12953
12933
12812
12794
12948
13042
12885
12908
13303
12596
12902
13017
12927
12851
13072
12823
12842
13084
12839
12924
12868
13054
12843
12851
12848
12830
12819
12676
12517
12480
12099
12255
12150
12242
12473
12247
12550
12656
12451
12450
12545
12499
12512
12532
12587
12829
13117
13136
13188
14117
14107
13537
13162
13042
12996
14103
12963
13240
13455
15542
13824
13302
12987
13232
13327
13045
13257
14624
12860
12781
13979
14384
15978
14362
13176
15529
14753
13379
13099
13079
12877
13692
13103
12949
12898
12935
13039
13393
13307
12788
12755
12779
12780
12742
12723
12686
12806
12586
12545
12426
12525
13909
12630
12526
12491
12500
12430
12496
19966
14528
12889
12754
12755
12808
12776
13886
12974
12803
12985
12860
12758
12736
12726
12357
12400
12991
12509
12507
12251
12153
12052
12124
12420
12402
12525
12628
12576
12404
12381
12384
12476
12342
12343
12435
12521
12370
12488
14162
12797
12676
12417
12658
12676
12528
12393
12461
12921
12795
12543
12539
12085
12533
12362
12590
12451
12379
12349
12409
12409
12325
12441
12549
12483
12498
12442
12417
12446
12448
12338
12565
12642
12413
12346
12419
12386
12349
12343
12341
12572
12451
12427
12416
12393
12594
12293
12414
12380
12401
12850
12978
12853
12748
12388
12515
12627
12839
12526
12581
12351
12170
12098
12113
12105
13845
13406
12961
12691
12785
13007
12700
13878
18993
14218
13479
12800
12826
16564
13277
13372
12895
12927
12809
12691
12690
12545
12765
12556
13267
12807
12654
12532
12474
12520
12519
12676
12489
12439
12430
12531
12527
12467
12250
12192
12114
12088
12026
12393
12528
12561
12432
12427
12387
12517
12369
12526
12544
12509
12484
12467
12270
12123
12136
12286
12024
12374
12495
12478
12230
12383
12433
12582
12548
12364
12561
12542
12485
12359
12430
12457
12404
12321
12378
12797
12743
12668
12749
12456
12371
12276
12418
12294
12670
12649
12741
12633
12611
15128
12636
12632
12595
12512
12433
12426
12420
12412
12436
12397
12600
12547
12640
12768
12472
12367
12077
12061
12424
12568
12482
12440
12282
12449
12443
12440
12362
12167
12266
12572
12199
12177
12155
12155
12065
12026
12083
12215
12447
12410
12631
12618
12463
12346
12405
12560
12459
12416
12482
12611
12399
12344
12348
12420
12411
12371
12557
12538
12476
12337
12404
12400
12389
12342
12544
12874
12823
12555
12397
12160
12043
12122
12125
12194
12445
12440
12558
12439
12370
12333
14852
12719
12708
12779
12782
12712
12647
12636
12512
12425
12633
12597
12817
12890
12389
12388
12177
12167
12113
12024
12505
12623
12451
12439
12513
12500
12424
12381
12050
12551
12538
12490
12424
12476
12360
12284
12372
12349
12520
12381
12620
12405
12334
12402
12382
12408
12563
12771
12666
12512
12440
12403
12172
12144
12059
12029
12414
12523
12435
12417
12681
13096
13049
13251
13039
12991
12686
12820
12834
13173
12916
12890
13119
13435
12966
12941
12780
12793
13411
15272
13675
12982
12782
12834
12906
12787
12759
12677
13082
13176
12474
12538
12406
12344
12281
12313
12288
12366
12553
12695
12809
12365
12339
12498
12489
12317
12325
12510
12425
12669
12342
12529
12344
12373
12317
12354
12476
13202
12404
12799
12826
12514
12637
12469
12573
12761
12621
12666
12580
12411
12590
12611
12407
12360
12419
12517
12455
12427
12342
12442
12342
12382
12399
12411
12471
12433
12220
12412
12392
12334
12328
12413
12655
12500
12413
12449
12710
12639
12600
15860
12823
12753
12586
12576
12603
12730
12525
12427
12673
12907
12680
12626
12494
12666
12640
12688
12699
12690
12453
12430
12380
12409
12421
12415
12479
12405
12707
12622
12582
12450
12367
12340
12452
12396
12321
12402
12518
12548
12386
12402
12630
12621
12596
12451
12418
12707
12725
12622
12647
12460
12408
12319
12423
12559
12677
12402
12450
12385
12246
12031
12141
12127
12238
12109
12260
12196
12421
12402
12407
12437
12392
12447
12492
12444
12365
12205
12092
12122
14053
13491
12556
12551
12309
12150
12115
12185
12169
12402
12804
12568
12163
12211
12124
12076
12060
12109
12209
12477
12203
12511
12465
12383
12366
12437
12438
12421
12381
12740
12637
12243
12122
12458
12417
12346
12316
12353
12533
12458
12454
12450
12408
12379
12283
12410
12353
12407
12628
12514
12462
12308
12409
12410
12398
12357
12682
12646
12716
12530
12382
12470
12539
12339
12423
12508
12500
12356
12427
12420
12416
12391
12380
12174
12576
12404
12553
12427
12445
12365
12404
13839
13100
12486
12233
12242
12182
12086
12067
12086
12328
12474
13264
12284
12190
12078
12133
12064
12116
12093
12122
12535
12414
12280
12345
12508
12397
12515
12451
12434
12673
12202
12241
12259
12330
12452
12403
12309
12353
12549
12542
12401
12413
12375
12389
12373
12395
12468
12543
12632
12414
12443
12404
12353
12351
12334
12482
12454
12425
12664
12490
12393
12303
12442
12375
12524
12391
12538
12533
12496
12424
12404
12132
12086
12238
12539
12497
12442
12401
12388
12410
12326
15212
12746
12734
12441
12208
12134
12156
12327
12105
12377
12674
12484
12447
12398
12422
12406
12329
12323
12589
12389
12615
12356
12449
12373
12462
12464
12347
12457
12649
12724
12689
12691
12667
12639
12653
12633
12679
12693
12687
12700
12658
12624
12558
12354
12414
12468
12583
12525
12403
12445
12419
12398
12381
12469
12505
12539
12405
12531
12429
12373
12319
12348
12471
12449
12684
12851
12782
12465
12402
12754
12730
12664
12279
12516
12417
12384
12328
12427
12377
12349
15628
12789
12654
12576
12433
12426
12370
12466
12534
12416
12653
12417
12110
12094
12112
12100
12038
12057
12541
12479
12426
12441
12417
12402
12341
12509
12357
12613
12372
12574
12579
12431
12364
12683
12541
12483
12414
12518
12517
12803
12251
12342
12284
12415
12370
12563
12413
12141
12275
12109
12089
12082
12055
12139
12552
12407
12518
12443
12404
12327
12395
12352
12422
12419
12475
12462
12397
12392
12716
12701
12668
12669
12725
12667
12718
12781
12807
12776
12644
12099
14841
13237
12679
12506
12419
12378
12369
12418
12402
12503
12675
12300
12062
12443
12451
12396
12411
12367
12625
12472
12362
12427
12402
12401
12371
12449
12372
12485
12410
12522
12420
12460
12324
12494
12408
12320
12481
12706
12854
12770
12483
12436
12455
12387
12302
12470
12513
12448
12557
12561
12479
12459
12384
12093
12680
12417
12729
12517
12446
12382
12410
12251
12069
12244
12254
12309
12158
12076
12173
12145
12099
12048
12640
12604
12438
12490
12397
12394
12356
12391
12483
15147
12990
12513
12554
12249
12177
12115
12304
12444
12623
12741
12282
12187
12133
12129
12109
12107
12108
12504
12548
12556
12412
12392
12406
12542
12336
12376
12531
12547
12312
12526
12394
12768
12580
12389
12380
12482
12345
12543
12401
12423
12317
12462
12585
12441
12367
12520
12550
12475
12418
12427
12441
12414
12432
12531
12517
12472
12412
12420
12382
12376
12329
12463
12519
12519
12355
12360
12469
12395
12397
12393
12443
12358
12392
12443
12465
12425
12301
12321
12414
14617
12998
12837
12580
12687
12451
12495
12454
12472
12692
12770
12957
12830
12485
12399
12379
12343
12372
12492
12514
12498
12384
12408
12387
12535
12318
12410
12437
12507
12511
12518
12536
12461
12672
12370
12350
12540
12406
12639
12446
12408
12501
12494
12437
12402
12721
12711
12902
12838
12599
12365
12430
12379
12452
12692
12692
12727
12636
12346
12379
12436
12382
12375
12528
12505
12456
12383
12377
12607
12438
12344
12360
12524
12461
12513
12391
12349
12384
12404
12345
14223
13783
12297
12489
12436
12381
11982
12636
12475
12664
12778
12674
12784
12644
12632
12642
12604
12564
12375
12547
12504
12466
12334
12519
12539
12377
12328
12458
12635
12664
12670
12659
12319
12284
12002
12113
12311
12507
12381
12510
12461
12439
12353
12361
12342
12633
12368
12512
12405
12608
12421
12490
12578
12493
12511
12527
12549
12400
12361
12402
12425
12417
12303
12602
12620
12429
12347
12463
12323
12329
12031
12085
12470
12389
12511
12373
12414
12370
12381
12339
12334
15215
12609
12620
12536
12461
12358
12513
12932
15612
12776
13160
13114
13017
12597
12419
12435
12239
12300
12461
12496
12459
12469
12398
12440
12376
12370
12450
12793
12449
12511
12412
12380
12351
12563
12360
12442
12519
12908
13484
12771
12727
12742
12713
12814
12669
12533
12504
12475
12497
12390
12367
12308
12148
12453
12437
12673
12466
12864
13051
13347
13217
13203
13007
12943
12881
12603
12393
12414
12228
12093
12179
12459
12514
12452
12426
12347
12407
12387
12348
13987
14086
12676
12559
12507
12492
12584
12866
13053
12661
12731
12677
12887
12978
12985
12758
12428
12683
12546
12508
12424
12795
13134
12950
13224
13395
12991
12862
12571
12442
12241
12153
12125
12354
12289
12552
12468
12500
12495
12696
12446
12554
12344
12478
12500
12527
12363
12404
14306
12909
12522
12443
12490
12750
13167
13256
12655
31995
12834
15061
14184
13422
13240
13118
12890
13263
13109
13628
13147
12786
12757
12510
12593
12379
12351
12394
15164
13025
13017
12752
13197
12955
12652
12754
12774
12959
13127
12732
12504
12678
12429
12548
13264
13150
14107
12860
12372
12410
12836
13015
13171
13244
12484
12392
12489
12334
12455
12406
12455
12303
12695
13130
12731
12351
12436
12776
12792
12376
12236
12787
13183
13071
12848
12943
12898
13302
12882
13555
14181
13116
12533
12404
12405
12394
12295
12461
12479
12463
12483
12373
12396
12361
12373
12319
12377
12414
12485
12364
12431
12345
12372
12343
12348
12354
12626
15286
13593
12812
12791
12746
12771
12712
12423
12514
12421
12474
12488
12753
12653
12449
12527
13257
12568
12564
12752
12541
12518
12900
12680
12546
12687
12889
12810
12677
12737
12657
12674
12674
12721
12537
12459
12580
12408
12613
12798
12702
12732
12688
12666
12760
12780
12605
12361
12361
12701
12660
12454
12736
12665
12550
12627
12624
12701
12707
12856
12524
12519
12738
12596
12707
12719
12600
12621
12659
12674
12589
12358
12412
12350
12373
12450
13158
13019
12780
14810
13840
12661
12706
12527
12422
12460
12584
12803
12425
12390
12369
12381
12346
12397
12409
12632
12446
12539
12513
12226
12104
12188
12164
12031
12473
12467
12543
12434
12348
12442
12424
12374
12370
12567
12703
12371
12388
12418
12451
12374
12027
12031
12555
12439
12465
12439
12385
12363
12375
12355
12565
12396
12815
12690
12686
12245
12088
12249
12110
12042
12479
12450
12517
12413
12083
12097
12246
12400
12390
12468
12472
12504
12439
12383
12411
12408
12185
12028
13245
13859
12918
12537
12507
12520
12522
12531
12582
12608
12604
12459
12618
12433
12387
12536
12437
12575
12701
12447
12441
12399
12394
12370
12377
12467
12430
12504
12523
12384
12500
12398
12407
12390
12813
12513
12580
12478
12538
12344
13331
12391
12383
12320
12549
12414
12496
12464
12528
12447
12434
12385
12440
12259
12282
12234
12195
12135
12144
12087
12096
12322
12592
12542
12384
12912
13156
13280
12950
12749
12847
13446
12943
13786
12716
12575
12515
12427
12368
12355
12426
15394
12596
12542
12548
12447
12453
12516
12438
12713
12384
12447
12384
12180
12132
12110
12072
12205
12426
12471
12521
12442
12354
12405
12552
12341
12414
12542
12487
12429
12453
12447
12415
12349
12323
12465
12587
12748
12687
12543
12550
12540
12774
12646
12726
12605
12623
12585
12417
12394
12135
12496
12641
12456
12432
12498
12460
12541
12461
12549
12687
12581
12581
12646
12602
12623
12387
12280
12214
12199
12594
12555
12503
12433
12354
12390
12383
12333
12343
12557
12517
15421
12960
12575
12557
12236
12187
12286
12232
12658
12885
12927
12684
12623
12496
12461
12436
12556
12471
12349
12657
12686
12369
12059
12396
12418
12151
12165
12100
12103
12187
12157
12315
12455
12462
12484
12377
13778
13304
12697
12838
12583
12530
12659
12692
12838
12488
12359
12427
12521
12391
12659
13424
12867
13335
13052
12968
12721
12753
12718
12795
12822
12758
13104
13401
15236
13061
13898
12975
16454
13084
12880
19681
13472
22054
18768
13745
24622
14610
14046
17054
28052
14853
13622
13147
13471
13829
13194
13992
13554
12935
13189
12864
13292
13111
12860
12818
13563
13107
12896
12813
12821
13002
13472
14340
15848
13098
12583
12562
12783
13105
12926
13430
13136
18766
14499
14134
13703
13200
12767
12802
12846
12832
12937
14812
13514
13133
12824
12925
12936
14556
12799
12899
12940
12790
12623
12609
12435
12540
12602
12731
12623
12621
12502
13022
12804
12520
12521
12518
12287
15522
12994
12709
12498
12056
12196
12728
13143
13256
13077
12882
12738
12544
12488
12569
12735
12549
12439
12419
12371
12660
12613
12705
12642
12646
12628
12826
12864
12857
14933
12912
12959
12998
12822
12801
12779
13580
13282
12990
13094
12914
12923
12801
12681
12638
12766
12435
12459
12384
12418
12246
12514
12551
12512
12467
12808
12491
12493
12498
12363
12499
12432
12370
12340
12408
12471
12583
12381
12566
12430
12466
12329
12382
12430
12353
12436
12494
12619
12752
14139
12676
12783
12533
12412
12491
12474
12508
12580
12444
12387
12469
12362
12326
12864
12650
12442
12435
12383
12331
12333
12363
12386
12569
12423
12506
12444
12258
12061
12228
12118
12042
12427
12496
12529
12448
12354
12557
12504
13225
12383
12457
12531
12540
12352
12407
12397
12381
12308
12365
12588
12492
12606
12631
12635
12633
12404
12499
12846
13175
12599
12816
12794
12496
12429
12663
13050
13114
12756
12785
12790
12679
12876
12815
12827
12831
13152
13249
12989
14521
14890
12892
12800
12884
12836
12941
12872
12957
12887
12809
12756
12915
13199
13142
12570
12526
12674
12424
12513
12523
12561
12618
12686
12531
12531
13287
12828
12419
12760
12548
13114
13014
12970
12938
12791
12776
12777
12694
12128
12307
12510
12081
12663
12534
12569
12374
12389
12550
12688
12285
13016
12605
12761
13088
13225
12998
13099
13066
12848
12977
12818
12769
12788
12809
13110
12990
12904
12861
12746
12568
12614
12411
12400
12051
12354
12093
12405
12820
15028
12973
13017
12987
12931
12970
12974
13162
13006
12763
13059
12605
12347
12620
12979
13003
12967
13051
12775
12553
12319
12509
12727
12652
12820
12778
13202
12999
12938
12923
13095
13453
13127
12829
12642
12465
12377
12577
12473
12521
12449
12488
13061
12882
12987
12809
12964
13035
12818
12728
12840
12794
12647
12642
12653
12516
12750
12525
12399
12814
12764
12316
12157
12111
12374
24133
15069
20530
16962
15326
13513
14027
14825
13925
13001
15815
14101
13452
13581
13604
12865
12927
12797
12854
12789
12791
12816
12864
12789
12760
12505
12424
12510
12621
12402
12393
12545
12536
12897
12850
13056
12985
12557
12477
12461
12639
12407
12545
12603
12713
12822
12806
12723
12850
12803
12779
12666
12473
12456
12488
12508
12460
12531
12667
12832
13231
12784
13119
13402
12975
12547
12828
12840
12623
12567
12447
12474
12688
12872
12575
12786
12595
12570
12427
12277
12260
12681
12439
12463
13276
12326
12165
12796
12399
15483
12683
12237
12456
12645
12498
12768
14875
12885
12660
12771
12479
12474
12675
12561
12049
12442
12445
12537
12842
12864
12981
13035
12774
12985
12838
12748
12776
12810
12850
12917
13430
16055
13939
15110
14195
13212
18234
13743
13637
38165
19502
15771
14627
15416
14357
21908
13173
20091
13224
14068
13939
12953
13276
13201
16337
13227
13154
19781
18375
14582
13001
14305
13737
14056
13897
14965
13101
12804
12985
16782
17203
13160
13032
12930
13307
12804
12858
13045
12902
13185
13227
13341
13070
13038
13040
12916
13146
12805
13032
12941
13555
14221
12515
13033
12629
12781
12511
12499
12364
12433
12383
12523
12527
12614
12580
12462
13514
13370
12908
12834
12838
12857
12582
12814
12960
13147
13097
12882
12759
12796
12898
12793
12333
12525
12830
12893
12696
12721
12919
13122
13176
12820
13006
12795
12606
12797
12715
12590
12599
12691
12690
12756
12575
12551
12689
14977
14017
12695
12498
12465
12751
12801
12575
12648
12821
12521
12259
12265
12417
12425
12681
12570
12508
12444
12542
12443
12513
23068
15686
22730
19261
13621
12964
13431
13539
12788
12987
12911
12891
13294
13149
12933
13122
14133
13319
13735
13138
12812
13259
13314
13112
12794
12805
12831
12698
12499
12385
12802
12502
12432
12346
12702
12798
12767
12767
12937
12539
12436
12414
12447
12400
12416
12345
12459
12494
12533
12397
12461
13132
12529
12279
14015
13752
12851
12521
12496
12588
12647
12642
16560
12374
12649
12468
12509
12350
12596
12436
12399
12343
12445
12672
12795
12362
12401
12444
12840
12842
13015
12938
12795
12633
12502
12402
12485
12276
12305
12391
12710
12637
12718
12740
12491
12346
12537
12440
12512
12380
12515
12530
12392
12309
12380
12425
12319
12361
12411
12577
13056
12441
12638
12602
12540
12468
12690
12740
12856
12859
12784
12872
12547
12513
12572
12505
12509
12534
12405
12364
12417
12390
12814
12506
14935
12958
12435
12501
12716
12678
12700
12516
12811
12751
12733
12439
12473
12452
12441
12436
12453
12404
12646
12259
12312
12210
12102
19122
12799
12709
12672
12557
12412
12766
12604
12419
12405
12403
12354
12668
12826
13170
13431
12745
12965
12892
12783
12759
12845
12699
12764
12883
13453
12884
13028
14358
14039
21305
14193
12905
23806
26176
15503
13004
16991
13059
15679
13633
16331
13556
13142
13520
13946
25019
14676
14503
13183
17520
17167
12813
13026
12809
12858
13106
12511
14161
14484
13674
13158
12805
13545
13347
14502
13927
14186
12802
12775
13550
13577
12829
14131
13264
13613
12949
12808
13067
12865
12884
13241
13065
13014
12985
13006
12944
12926
12909
13491
13108
12835
12985
13301
13391
12914
13009
13064
13069
13128
12917
13139
12914
13085
12797
13209
13015
13301
13139
13178
12814
12794
12776
12778
12757
12913
12764
12637
12448
12532
12426
12677
12694
12501
12697
12705
18215
13653
12594
12939
12871
12768
12905
12879
12664
12546
12758
12781
13020
12678
12684
12386
12263
12332
12375
23688
13793
22433
18337
13611
13125
12930
13121
13302
12957
12900
12921
12781
12916
13359
13538
13009
13210
12909
13132
12797
12726
12993
12966
13128
12986
13398
12997
12812
12978
12870
12914
12913
12822
12826
12956
12973
12727
12864
12573
12484
12668
12634
12564
12914
12721
12680
12559
12469
12371
12443
12338
12349
12335
12628
12409
12432
13543
12676
12446
12525
12431
12456
12625
12688
12827
12898
12849
13007
13036
13159
12778
12784
12773
12569
12630
12508
12754
12850
12680
12494
12609
12846
12650
12514
12549
12623
12461
12468
12494
12452
12462
12382
12376
12431
12362
12419
12468
12564
12500
12425
12399
12291
12406
12327
12403
12340
12528
12417
12494
12408
12558
12221
12480
12674
12969
12632
12676
12384
12417
12374
12408
12395
12347
12675
12792
12958
12380
12396
21363
12747
12718
16069
12720
12706
14543
13160
12511
12542
12640
12661
13716
12790
12860
13025
12915
12886
12822
12805
12755
12767
12755
12907
12909
14082
15576
13895
13782
13944
13591
13220
13013
35811
14889
38216
19986
18327
14353
13080
14629
13267
12888
12785
12807
13004
13104
12873
12751
13035
12960
13068
13020
13778
12931
12788
13223
13509
17382
18440
15309
13670
13647
16767
12946
12816
13121
14920
15391
15861
13929
14238
16262
14946
16611
15738
13378
12862
12848
12856
12799
13076
12794
12902
12826
13030
13263
13273
12791
12768
12861
12971
13744
13103
14027
13464
12858
13175
12887
13177
12929
13107
13146
13391
12860
12826
12822
12672
12508
12240
12721
12582
12847
12231
12613
12528
12710
12220
12095
12221
12501
12470
12617
12597
12508
12453
12753
12538
12449
12298
12662
12468
12617
12669
12635
12763
12746
12685
12621
12737
12676
12404
12394
12492
12392
12354
12340
12490
12563
12465
12395
12422
12444
12358
14731
12844
13261
12992
13166
13542
13123
13025
12579
12242
12216
12465
12592
12177
12478
12514
12511
12334
12568
12515
12915
12585
12583
12477
12380
12342
12491
12375
12384
12478
12620
12904
12932
12888
13234
12580
12707
12750
12771
12771
12514
12314
12427
12503
12569
12439
12468
12664
12496
12467
12628
12827
12433
12384
12370
12594
12815
12897
12635
12753
13055
12710
12656
12484
12495
12531
12314
23876
14039
20954
13818
19493
13174
13128
13250
13313
12950
14637
13075
12934
12736
12564
12772
12568
12570
12435
12889
13206
13258
13414
13552
13335
13374
13158
13382
13060
12940
12878
13075
13184
13334
13396
13007
12962
13376
13268
13179
13124
13227
13213
13085
13322
13109
13560
13230
13341
12924
12867
12802
12767
12860
13031
12865
12964
13046
12777
12876
13073
12921
13278
13115
12992
12613
12768
12731
12835
13084
13624
12823
12537
12526
12554
12749
12383
12358
12426
12610
13037
12855
13172
12951
12730
12816
12701
14864
13010
12784
12846
12757
12786
12653
12425
12395
12364
12345
12413
12545
12475
12350
12462
12593
12536
12402
12627
13131
13362
13178
12887
13081
13006
12993
12891
13037
12918
12864
12700
12430
12443
12477
12513
12482
12646
12792
12543
12435
12797
12500
12384
12413
12409
12538
12557
12347
12534
12431
12454
12323
12772
13155
13280
13015
13132
12904
13270
13222
12812
12941
12959
13483
13309
12979
13099
12856
12724
12886
13465
12971
12824
12932
12887
13048
12821
15436
13458
12538
12689
12436
12722
12460
12472
12501
12697
12859
12989
12893
12961
12900
13031
12880
12804
12520
12834
12835
12850
12835
12817
12793
12746
12725
12722
12757
13602
12507
12388
12141
12415
12390
12429
12409
12440
12540
12421
12372
12447
12442
12385
12386
12456
12496
12409
12459
12346
12479
12740
12306
12349
12457
12356
12715
13001
12868
12920
12965
13251
13246
13142
12850
12739
12478
12528
12429
12326
12449
12663
12666
12496
12652
12521
12671
12610
12620
15012
13229
12384
12593
12563
12751
12366
12414
12385
12374
12447
12701
12542
12435
12382
12142
12086
12116
12039
12160
12662
12293
12112
12120
12080
12115
12162
12090
12036
12223
12464
12681
12437
12394
12376
12498
12410
12292
12479
12486
12693
12373
12446
12735
12699
12534
12404
12298
12305
12752
13227
13220
13208
12904
12734
12658
12862
13097
12651
12751
12510
12409
12292
12623
12675
12669
12627
12454
12536
12353
12351
12347
12344
12713
12757
12986
12382
12295
12041
12119
12050
15338
12812
12636
12568
12558
12415
12460
12368
12379
12523
12369
12590
12384
12373
12337
12672
13000
12817
12837
12813
12553
12497
12407
12355
12370
12238
12239
12478
12504
12451
12463
12373
12820
12961
12886
13191
12952
12843
12673
12668
12460
12569
12475
12548
12516
12625
12805
12850
12872
12990
12749
12529
12635
12737
12840
12794
12574
12479
12455
12473
12877
12718
12824
12421
12447
12360
12455
12444
12441
12379
12416
12384
12484
12519
12459
12463
12648
12738
12350
14647
13199
12610
12744
12895
12262
12283
12502
12449
12466
12491
12618
12502
12399
12513
12564
12394
12411
12433
12840
12467
12391
12385
12472
12448
12362
12317
12878
13240
13081
12949
12557
12492
12410
12450
12505
12628
12865
12580
12612
12629
12639
12640
12529
12408
12486
12407
12458
12437
12490
12412
12467
12433
12491
12501
12508
12497
12105
12196
12103
12112
12054
12209
12623
12311
12115
12266
12647
12414
12371
12605
12826
12489
12365
12306
12472
12381
12294
12347
12578
12818
12524
14335
12708
12825
14097
14041
13094
13264
13033
13171
12863
13047
12846
12476
12432
12613
12744
12728
12672
12600
12524
12653
12604
12561
12515
12667
12352
12517
13571
12721
12781
12360
12761
12735
12758
12629
12674
12380
12409
12361
12779
12591
12639
12373
12524
12436
12357
12855
13374
13475
12522
12445
12487
12259
12342
12011
12124
12107
12161
12415
12445
12339
12109
12049
12070
12369
12437
12495
12768
12917
12643
12726
12854
12710
12794
12661
12864
12930
12804
12784
14794
13284
12790
13139
12744
12971
12754
12809
12754
12769
12875
12872
12889
13032
13072
12624
12533
12464
12400
12389
14051
14109
13418
13104
13210
12909
12934
12660
14596
13099
12876
12889
12668
12751
12784
12715
12713
13176
13132
13100
12915
13067
13167
13061
13018
12743
13217
13549
12956
13100
12750
13106
12842
12999
12775
12745
12792
12819
12842
12799
12856
12610
12431
12334
12456
12477
12493
12718
12713
13059
13047
12925
13095
13335
13308
13458
12948
13746
13798
12948
12762
12801
12767
12752
12837
12555
12734
12693
12738
12745
12759
12690
12733
12720
12665
12654
12645
12609
12657
12723
12628
12696
12818
12955
12912
12852
12660
12947
12815
12599
12469
12469
12355
12107
12116
12075
12316
12586
12499
12642
12497
12206
12074
12116
12114
12245
12458
12511
12457
12440
12414
12352
12593
12344
12429
12522
12461
12426
12373
12435
12293
12390
17038
13239
13126
12615
12694
12643
12768
12803
12638
12364
12469
12493
12747
14558
14533
12822
12912
12835
13217
12998
13027
17628
13125
16329
17291
15931
13337
21508
12797
12781
12777
12776
12813
12784
12386
12684
12683
12627
12357
12391
12839
12940
12991
13065
13224
12636
12619
12466
12517
12481
12655
12600
12705
12454
12592
12496
12546
12694
12388
14059
12854
12612
12792
12479
12640
12717
12736
12764
12720
12619
12769
12754
12461
12437
12305
12751
12407
12560
12597
12158
12446
12476
12414
12453
12396
12475
12495
12426
12458
12400
14006
13635
13171
13195
13171
12731
12733
12784
12486
12583
12717
12725
12791
12491
12399
12358
12297
12382
12360
12236
12302
12374
12421
12346
12589
12431
12381
12394
12702
12944
12658
12616
12620
12416
12376
12372
13229
12378
12351
12451
12484
12472
12495
12444
12454
12443
12431
12442
12323
12457
12455
12432
12414
12381
12414
12333
12513
12760
12633
18315
12936
12781
12701
12676
12610
13013
12817
12763
12678
12550
12418
12353
12694
12931
12779
12819
12915
13245
15613
12962
12941
19625
22286
16443
17016
15150
17625
12922
12803
12802
12888
12731
12550
12526
12414
12351
12433
12380
12193
12803
13212
12893
12935
12630
12767
13047
12864
12943
12953
12943
12815
12752
12807
13009
13060
12754
12391
12483
12493
12167
12050
12180
12168
13134
12056
12308
12359
12420
12389
12416
12866
12754
12573
12936
12421
12389
12349
12437
12412
12429
12420
12619
12502
12431
12558
12712
12679
12378
12169
12385
12533
12509
12356
12375
12482
13970
13649
12670
12679
12517
12656
12617
12434
12432
12557
12445
12402
12881
12723
12738
12418
12350
12451
12528
12375
12320
12412
12544
12541
12459
12350
12442
12377
12370
12355
12455
12471
12435
12352
12159
12380
12408
12384
12406
12561
12529
12380
12430
12382
12543
12346
12383
12364
12582
12453
12523
12398
12258
12094
12171
12108
12015
12686
12621
12287
12063
12166
12150
12130
12049
12119
12232
12269
12157
12507
12436
12400
12409
12378
12365
12428
12478
12520
12386
12403
12365
14798
15210
12878
12508
12395
12459
12397
12336
12337
12373
12577
12802
12628
12841
12524
12413
12333
12586
12486
12733
12600
12507
12400
12339
12111
12185
12990
12883
12736
13010
13793
12883
14374
12877
14486
13747
13067
13001
12777
13024
13044
12830
12999
13118
12785
13067
13207
12890
13391
13074
12976
12792
12763
13159
13598
13065
13056
13349
13115
13652
13523
13038
13632
13082
13706
13131
12764
12783
12773
12766
12901
12798
12956
12888
12733
12536
12427
12411
20129
13102
12651
12501
12509
12454
12470
12414
12439
12721
12712
12620
12620
12603
12985
12904
13302
12739
12901
12685
12495
12451
12510
12311
12078
12107
12057
12411
12482
12301
12115
12107
12901
12595
12538
12795
15825
13662
13689
13055
13051
12905
12765
12772
13062
12823
12831
13171
13457
13178
12832
12825
12806
13042
13384
12992
12767
12749
12757
12851
13325
13378
13041
13286
12918
12760
12903
12881
12808
12712
12942
12998
12657
12936
12668
12536
12736
15625
13267
12893
12957
13020
12849
12782
12756
14254
12983
13180
18281
15203
24707
22299
16120
21228
13107
13151
13080
13252
13144
12835
13436
13305
12877
12880
13206
12806
12747
12685
12995
13231
13102
12855
12944
12864
12942
13075
12777
12926
12846
12798
12732
12795
12822
12967
12734
12856
12392
13177
12742
12452
12754
12483
12450
12380
12469
12418
12390
12703
13059
12896
12499
12642
12730
12678
12730
12620
12657
12502
12378
12341
12344
12632
12511
15050
12880
12511
12558
12468
12781
12569
12631
12682
13693
12684
12575
12391
12355
12349
13006
12700
12555
12473
12781
12465
12486
12433
12671
12554
12577
12500
12448
12465
12458
12232
12205
12148
12375
12538
12787
12457
12635
13159
12938
12771
12718
12766
12725
12629
12599
12541
12388
12381
12372
12503
12631
12459
12149
12103
12240
12430
12487
12389
12474
12552
12910
12637
12718
12331
12694
13031
13093
12676
12606
12535
12371
12439
12431
12348
12323
12610
12612
12645
14684
13790
12547
12565
12397
12677
13187
12730
12771
12623
13387
12568
12496
12893
12568
12771
12605
13142
12648
12506
12495
12398
12577
12673
12736
12713
12660
13123
12687
12699
12839
13031
12950
13340
12704
12776
12731
12700
12723
12723
13578
12931
12599
12443
12396
12700
12406
12338
12261
12573
12483
12409
12843
13073
12986
12845
13364
13194
13094
12734
12465
12387
12567
12351
12741
13236
13032
12786
12542
12436
12504
14837
12796
12421
12114
12585
12452
12476
12583
13022
17787
14495
14125
13658
12911
12769
12763
12672
12333
12447
12389
12362
25061
13511
14078
13097
12940
12916
13357
13406
12811
13295
12819
16189
23441
20326
13454
13790
12932
12787
12897
12906
12795
12746
13076
12809
12911
12771
12779
12792
12633
12687
12343
12230
12476
12357
12402
12447
12517
12453
12864
12500
12466
12643
12513
19869
12828
12266
12540
12494
12628
13061
12796
12772
12746
12743
12875
12807
12974
12776
13944
15810
17542
19249
29440
13301
13293
13141
12806
12911
12892
13026
13087
12793
12764
12777
12772
12768
12768
12769
12685
12767
12743
12766
12845
12707
12407
12362
12441
12388
13104
12645
12449
12421
12511
12561
12500
12486
12331
12422
12231
12037
12275
12626
12888
12737
13799
14877
13554
13042
12591
12761
12730
13047
12963
13012
13202
14169
13512
14489
12921
12763
12782
12854
12848
12900
13275
12873
14583
13497
13235
19594
12953
13035
13144
14895
12848
13412
12870
13836
12856
12783
12591
12432
13580
12598
12837
12922
13415
12858
12814
12785
12830
12875
12931
13608
13092
13294
12873
12802
12783
12762
12756
12749
12775
12816
12833
12801
12650
12423
12511
13080
13754
13167
13114
13342
13200
12788
12757
22210
29276
36597
13109
31164
28542
38984
15638
16918
16778
15406
21645
13375
12966
12911
12819
12814
13583
15008
13046
13140
13325
12947
13071
13998
13136
12803
21110
16784
17172
12865
13222
13290
13274
14511
16576
12841
13075
13016
12938
13000
12816
14807
12966
13058
12958
12981
13212
13235
13494
13113
12924
13153
13145
12841
12803
12455
12427
12542
12496
13195
13250
13170
12898
12787
12920
12813
12796
12706
13221
12863
12738
12672
12419
12854
13014
12610
12690
16335
13384
13940
13061
12878
12804
12907
12793
12810
12988
12765
12960
12734
12394
12566
12539
12545
12553
12788
12515
12443
12403
12834
12672
13693
13052
12781
13215
12560
12558
18850
12916
13790
14384
12759
12568
12759
12763
12671
12652
12690
12612
12795
12692
12665
12441
12605
12407
12463
12645
12682
12741
12694
12672
13178
12881
13810
16559
14452
13139
15482
13771
13283
12846
12937
13015
12886
12875
12786
12768
12768
12607
12533
12806
12795
13239
12555
12529
13948
12436
12540
12674
12970
12871
12940
12874
12724
12625
12709
12556
12418
12397
12554
12457
12442
12369
12464
12702
12435
12809
12721
14151
12828
12417
12656
12596
12499
12594
12685
12781
12969
12268
12078
12637
12681
12670
12637
12731
12764
12512
12591
12883
12831
12722
12629
12470
12589
12533
12359
12129
12222
12326
12345
12384
12364
12572
12510
12486
12387
12393
12413
12544
12515
12716
12491
12609
12516
12634
12329
12573
12546
12400
12345
12436
12647
12776
13071
12786
12720
12455
12742
12831
12749
12689
12723
12923
12647
12746
12404
12647
12884
13981
13025
12549
13003
12909
12894
12745
12952
12649
13547
13165
12784
12767
13171
12812
12731
12545
12693
13150
12981
12869
12913
20093
13293
12831
12793
12848
12686
12697
12833
13000
12761
12691
12546
12591
12727
12669
12968
12761
12687
13534
12819
12957
12790
12652
12729
12636
12422
12430
12481
12455
12734
12687
12773
12668
12673
12372
12621
12689
12735
12644
13668
12942
13024
12743
12918
13080
14044
14307
12943
12800
12762
12749
12720
12551
12542
12410
12422
12362
12806
13133
12963
13030
13080
13251
13251
16449
13098
12943
13139
13150
12853
12756
12764
12708
12890
13202
12664
12601
13055
12599
13603
13693
13220
12788
12872
12704
12485
12848
12825
12771
12538
12401
12333
11966
12323
12385
12438
13125
12725
12443
12451
12424
12412
12411
12531
12633
12731
12756
12591
12474
12440
12274
12474
12607
12760
12753
12693
12463
12458
12494
12424
12906
12873
12935
13102
12785
13085
14341
13376
14838
13168
12802
12787
12817
13140
13209
12876
13136
13032
13223
13053
13201
15172
15718
13755
12949
14073
13216
13353
13163
13655
13074
12868
13274
13756
13566
13319
12959
12852
13103
13098
13073
12850
13026
13145
12947
12835
12916
12939
13124
13252
13896
12850
12907
12815
12782
12926
12753
12654
12425
12495
12513
12460
12438
12399
12427
12560
12694
12700
12670
12613
12417
12387
12384
12411
12351
12365
12393
12606
12471
12630
12835
12609
12382
12821
12669
12898
12965
12773
16077
13782
13293
12829
12844
13098
13238
12831
13174
13294
14512
14378
12951
13281
12789
12756
12770
12753
12744
12741
12806
12750
12832
13055
13498
13210
12795
12773
12767
12739
12729
13358
13001
13006
12893
12805
12543
12480
12445
12712
12779
12605
12583
12429
12431
12812
12839
12718
12710
12855
13004
13965
13064
13129
18570
17475
19223
40709
25284
13395
13382
13148
13095
13235
12771
13470
13143
13098
12969
12815
12790
12746
12773
12773
12680
12660
12763
12761
12990
12828
12484
12689
12690
12539
15325
12645
12402
12203
12332
12238
12347
12250
12111
12140
12088
12067
12047
12579
12228
12515
12506
12400
12345
12519
12435
12326
12458
12523
12564
12407
12315
12415
12416
12341
12391
12420
12566
12460
12080
12057
12355
12432
12384
12390
12595
12553
12731
12477
12223
12215
12641
12491
12523
12566
12424
12683
12569
12381
12387
12399
12485
12490
12693
12673
12711
12803
12494
12356
12389
12405
12386
12427
12695
12821
12381
12413
12387
12406
12320
12419
12552
12529
12836
15000
12887
12826
12387
12481
12455
12404
12399
12334
12374
12388
12332
12343
12492
12657
12690
12632
12352
12383
12408
12427
12513
12911
12367
12673
12795
12704
12525
12375
12366
12392
12549
12663
12711
12601
12595
12614
12720
12719
12624
12668
12621
13455
12870
12589
12554
12707
12438
12240
12670
12554
12384
12293
12395
12410
12357
12483
12571
12655
12405
12366
12533
12754
12620
13072
13137
12783
12772
12720
12571
12688
12487
12371
12787
13508
12558
12521
12474
12826
12428
13953
12792
12546
12673
12702
12527
12647
12631
12640
12586
12526
13640
12688
12762
12779
12307
12292
12448
12426
12338
12462
12610
12377
12603
12371
12552
12670
13169
12537
12625
12671
12730
12648
12641
12707
13131
12769
12728
13504
12368
12469
12427
12336
11979
12375
12384
12574
12445
13600
12866
12557
12383
12213
12431
12493
12460
12502
12400
12398
12346
12342
12427
12482
12432
12477
12521
12453
12605
12646
12523
12410
12291
12450
12452
12499
12408
12409
12441
12636
14134
13387
12713
12585
12154
12491
12443
12379
12363
12221
12234
12265
12459
12322
12857
15599
13212
13628
13388
13374
12972
12922
12838
12924
13084
12832
29615
23089
12812
12778
12807
14061
12787
13192
13721
14726
13240
13209
12950
13056
13316
12800
12784
13363
13022
13132
13434
13100
12891
13354
13004
13167
12897
12819
12865
12894
12848
12863
13244
12982
12875
13116
12795
12582
12705
12991
12734
12680
12685
12858
12796
12802
12465
12547
12981
18509
15909
12805
13285
13127
12579
12916
13196
13081
13112
12702
12619
13073
12912
13338
12500
12781
13033
12828
12872
12780
12573
12424
12531
12547
13422
12637
12782
12850
12614
12588
12142
12359
12862
12463
12518
12398
12512
12465
12569
12825
12641
12973
12524
12229
12115
12584
12549
12580
12953
12641
12572
12552
13114
12792
12725
12403
12409
12943
18999
12913
12811
12609
12636
13049
12995
12757
12947
12963
13180
12975
12845
12835
12765
12742
12799
28094
20182
39255
28788
13368
12834
12805
13076
12906
12926
12989
12948
13179
12771
13029
12780
13080
12525
12286
12561
12438
12375
12275
12315
12409
12364
12419
12945
14636
13973
13700
12593
12568
12428
12384
12337
12342
12278
12749
12541
12307
12747
13148
12322
14136
13725
13706
13717
13065
13261
12819
12814
12802
12781
12826
12915
18245
14718
12759
12848
13271
12925
12962
12976
12900
13003
13328
12990
12862
12966
12962
12912
21924
14811
13650
13989
13356
13256
21653
15994
19870
12911
13041
13065
12859
12765
12758
12763
13326
12872
12795
12798
12768
12752
12653
12415
12542
12541
12421
12415
12685
13593
13153
12695
12614
12637
12517
12255
12446
12605
12950
12901
13206
12960
13073
12938
12918
12940
13072
12931
12638
12739
12507
12958
12780
12798
12922
12538
12885
12870
12810
13232
12814
12787
12785
12905
12785
12777
12900
13041
12840
12749
13020
12952
13300
12987
13086
13181
13066
16226
13410
12800
12770
12742
13353
12958
12843
12949
13061
12802
12743
12830
13026
13090
12857
12846
12755
12869
12878
12781
12903
12909
13137
13214
12886
12866
12558
12503
12693
12687
12398
12500
12484
12982
12817
12729
12651
12603
12728
12844
12855
12644
12653
12521
12453
12426
12179
12565
12497
12435
12438
12423
12413
13034
13007
13104
13113
13039
12886
12832
12513
12429
12762
12573
12534
12851
13529
13150
13324
12960
12770
12741
13029
12661
12652
12780
12682
14425
12773
12650
12797
12728
12712
12838
12865
12531
12506
12493
12456
12446
12508
12528
13073
12859
12721
12693
12562
13037
12881
12975
12771
12794
12736
12679
12770
12469
12579
13059
13187
12455
12646
12570
13127
12560
12434
12474
12579
12160
12369
12361
12211
12088
12199
12095
12039
12089
12271
12127
11981
12061
12040
12047
11989
11982
12248
12086
12197
12049
12087
12118
12104
12868
12672
12545
12496
12520
12341
12381
12877
12521
12497
12542
12584
12778
12387
12453
12091
14256
12360
12381
12452
12350
12176
12058
12636
12112
12024
12034
12202
12122
12288
12192
12179
12113
12123
12084
12305
12169
12248
12360
12314
12240
12132
12078
12237
12184
12111
12182
12150
12511
12610
12664
12292
12280
12174
12127
12227
12096
12457
12772
12661
12374
12350
12469
12395
12406
12126
12153
12414
12181
12272
12126
12044
12033
12073
12386
12042
12200
12025
12152
12100
12220
12093
12076
12523
12415
12450
12279
12241
12149
12124
24433
13468
15392
13500
13390
12504
15371
13003
12580
12406
12631
12493
12232
12018
12179
12011
12082
12194
12415
12597
12359
12315
12151
12116
12021
12141
12086
12076
12065
12150
12209
12114
12067
12067
12036
12046
12064
12174
12312
12183
12371
12064
12225
12445
12759
12565
12643
12139
12268
12043
12020
12204
12391
12277
12331
12433
12234
12348
11976
12119
12706
12765
12130
12140
12167
12131
12016
12387
12451
12412
12369
12220
12219
12430
12061
12121
12118
12076
12106
12095
12042
12100
12062
12144
12026
12563
12162
12917
13421
12181
12454
12362
12064
12125
12024
12054
12012
12019
12079
12206
12046
12178
12354
12324
12250
12378
12248
12151
12113
12342
12694
12569
12345
12333
12158
12231
12200
12116
12363
12023
12675
12623
12649
12622
12786
14199
14401
13875
14223
14180
12582
12533
12942
13037
14515
13599
12978
12510
12696
12772
12756
12789
12585
12690
12601
12748
12540
12727
12857
12785
12702
13530
12936
12988
12854
12553
13263
12703
13168
12861
12760
12750
12712
12991
12833
12671
12820
14137
12095
12430
12401
12166
11986
12118
12196
12630
12805
12646
12639
12752
12961
12449
12403
13761
13977
14579
18812
12866
13219
12821
12818
12142
12639
12306
12157
12259
12327
12315
12449
12300
12438
13208
12391
12044
12441
12287
12232
13195
13410
13000
12855
12508
12355
12438
12422
12063
12205
12371
12842
12784
13133
12724
12896
12804
12614
12740
12768
12930
12655
12758
12529
12642
12700
12555
12691
12695
12502
12792
13011
14060
12962
12602
13026
12763
12652
15000
13255
12974
12746
12711
12514
12627
12726
12656
12525
12404
12343
12141
12214
12342
12342
12224
12186
12043
12296
12249
12055
12059
12043
12110
12110
12002
12036
12141
12244
12200
12088
12058
12489
12129
12059
12065
12101
12197
12054
12170
12064
12072
12047
12092
12214
12657
12147
12282
12175
11996
12006
12211
12057
12046
12113
12138
12134
12043
12042
12001
12027
12046
12044
12128
12044
12204
12135
12096
12003
12059
12038
11985
12214
12226
12142
12058
12087
12217
12275
12073
12065
15475
12298
12322
20739
12688
13606
12919
12929
12878
12807
13108
13121
12448
12273
12389
12319
12059
12246
12297
12401
12283
12263
12300
12163
12003
11951
12167
12211
12048
12033
12020
12017
12069
12045
12320
12463
12524
12459
12385
12152
12107
12067
12011
12070
12212
12227
12052
12330
12270
12175
12073
12326
12044
12092
12021
12132
12174
12037
12051
12010
12051
12015
12011
12243
12303
12081
12111
12209
12098
12065
12072
12045
12128
12249
12314
12104
12071
12708
12455
12032
15099
12520
12269
12116
12000
12089
12203
12018
11956
12308
12245
12091
12122
12190
12058
12013
12044
11977
12432
12161
12232
12097
12064
12129
12088
12094
12012
12116
12253
12221
12047
12100
12180
12107
12078
12088
12432
12138
12149
12056
12079
12047
12013
12026
11988
12089
12148
12369
12091
12100
12104
12071
12100
12366
12511
12484
12418
12401
12148
12058
12038
12087
12073
12099
12180
12290
12153
12046
12044
12571
12375
12323
12283
12640
12223
12140
12105
12075
12088
12403
12060
12015
15510
12397
12568
12448
12315
12033
12026
12014
11949
12197
12178
12184
12102
12747
12448
12317
12125
12121
12311
12071
12300
12146
12073
12037
12204
12070
12044
12162
12105
12231
12124
12050
12078
12091
12006
12069
12238
12326
12326
12550
12416
12232
12047
12030
12068
12129
12208
12162
12058
12110
12100
12026
12030
12255
12139
12156
12051
12163
12185
12201
12166
12048
12128
12088
12170
12167
12167
12095
12074
12229
12073
12031
12039
12435
12443
12308
12286
12289
12087
12382
12022
12049
15409
12494
12492
12237
12332
12039
12120
12060
11977
12121
12149
12212
11986
12180
12064
12037
11986
12034
12345
12143
12138
12128
12055
12044
12096
12374
12287
12721
12316
12313
12347
12041
12139
12149
12313
12326
13069
12662
12738
12242
12266
12153
12128
12077
12043
12269
12110
12250
12165
12233
12069
12079
12055
12114
12100
12154
12205
12125
12081
12043
12094
12104
12108
12110
12106
12321
12239
12120
12034
12279
12083
12101
11983
12291
12190
12095
12096
12093
12105
12299
12017
11988
15385
12447
12183
12235
12223
12135
12069
12052
12150
12197
12222
12284
12088
12160
12127
12281
12008
12097
12212
12257
12065
12216
12037
12221
12086
12221
12134
12117
12127
12219
12114
12015
12093
12071
12101
12023
12068
12180
12113
12184
12078
12045
12095
12122
12063
12007
12242
12132
12199
12076
12048
12067
12127
12257
12009
12196
12211
12128
12045
12072
12066
12129
12057
12024
12105
12180
12164
12209
12047
12335
12061
12144
12072
12239
12525
12113
12301
12159
12144
12190
12017
12011
13890
13650
12162
12156
12177
12043
12001
12569
12030
12010
12123
12152
12041
12117
11985
12048
12018
12007
12012
12295
12149
12208
12054
12049
12083
12121
12006
12067
12205
12195
12194
12115
12087
12110
12070
12057
12070
12188
12075
12214
12074
12106
12064
12060
12073
12056
12239
12258
12271
12137
12120
12085
12028
12198
12263
12063
12050
12186
12183
12065
11998
12039
12068
12019
11962
12232
12267
12167
12192
12125
12202
12024
12095
12194
12279
12178
12189
12012
11999
12351
12021
11956
12032
15002
12534
12420
12313
12405
12130
12021
12015
11982
12176
12245
12114
12132
12115
12075
12129
12031
12147
12158
12234
12164
12103
12059
12073
12083
12044
12024
12122
12209
12082
12213
12111
12262
12073
12338
12158
12275
12093
12174
12105
12029
12042
12083
12060
12053
12033
12357
12150
12230
12082
12051
12031
12112
12293
12014
12116
12147
12212
12122
12053
12046
12091
12050
12065
12115
12275
12077
12240
12115
12343
12011
12115
12101
12160
12525
12199
12253
12079
12606
12100
12089
12117
14558
13786
12546
12305
12499
12133
11999
12027
12041
12041
12190
12066
12261
12112
12074
12082
12099
12133
12094
12088
12201
12166
12068
12049
12087
12077
12064
12007
12164
12146
12116
12047
12111
12100
12093
12004
12047
12285
12506
12196
12018
12121
12092
12180
11989
12072
12120
12044
12045
12193
12054
12028
11990
12037
12205
12154
12150
12294
12090
12182
12040
12118
12095
12010
12064
12156
12093
12256
12107
12018
12218
12082
12071
12007
12223
12155
12303
12018
12534
12088
12066
12099
12183
16072
12895
12370
12653
12306
12147
12086
12107
12012
12287
12077
12209
12049
12123
12148
12114
12017
12092
12195
12286
12176
12017
12075
12157
12042
12031
12034
12219
12119
12196
12132
12087
12071
12064
13178
12119
12134
12184
12232
12084
12110
12170
12242
12132
12370
12221
12233
12088
12262
12147
11982
12048
12109
12171
12008
12155
12215
12307
12049
12131
12129
12109
12037
12037
12265
12096
12170
12054
12097
12181
12149
12007
12067
12236
12229
12164
12092
12429
12117
12083
12052
14168
13029
12568
12287
12419
12553
12418
12308
12126
12104
12258
12157
12291
12149
12143
12074
12033
12147
12079
12126
12154
12149
12069
12129
12072
12064
12029
12064
12033
12194
12147
12226
12140
12054
12071
12047
12071
12032
12207
12117
12079
12184
12131
12155
12105
12112
12314
12193
12183
12214
12086
12083
12122
12061
12012
12284
12178
12220
12061
12084
12105
12102
12030
12054
12120
12212
12055
12216
12071
12145
12042
12274
12015
12069
12161
12226
12126
12054
12271
12023
11979
12030
13728
13825
12162
12070
12198
12073
12007
12522
12379
12423
12342
12333
12355
12060
11964
12104
12042
12058
12109
12447
12532
12345
12266
12102
12124
11997
12033
12038
12244
12453
12210
12104
12118
12144
12182
12082
12177
12178
12185
12202
12015
12142
12095
12096
12005
12060
12321
12444
12260
12481
12229
12086
12013
12499
12241
12383
12208
12132
12059
12089
12101
12040
12055
12036
12066
12177
12094
12120
12086
12083
12092
12214
12029
12034
12179
12152
12215
12093
12450
12145
12076
12065
12009
15595
12531
12343
12314
12301
12034
12002
12043
11953
12246
12061
12223
12071
12425
12336
12418
12358
12224
12156
12392
12234
12085
12117
12098
12068
12043
12069
12244
12169
12163
12105
12127
12049
12136
12018
12105
12181
12187
12179
12204
12104
12070
12036
12060
12093
12206
12463
12346
12547
12383
12350
12017
12096
12071
12276
12389
12447
12548
12398
12358
12107
12209
12072
12012
12241
12184
12094
12199
12040
12069
12188
12093
12047
12123
12208
12260
12139
12268
12081
12065
12042
13702
12774
12658
12478
12278
12114
12011
12045
11958
14060
12308
12217
12236
12046
12436
12266
12355
12423
12051
12081
12268
12200
12036
11994
12043
12033
12025
11954
12116
12154
12996
12804
12742
13245
12175
12097
11989
12191
12010
12124
11989
12049
12016
12031
11953
12001
12151
12125
12068
12031
12042
12106
12063
12031
12059
12972
12423
12333
12487
12282
12037
12009
12107
12256
12351
12089
12117
12060
12036
11986
12012
12125
12048
12012
12201
12151
12157
12255
12112
12049
12096
12367
13955
12343
12385
12385
12313
11971
12038
12044
11986
12008
12261
12197
12160
12056
12103
12182
12173
12018
12045
12143
12177
12118
12079
12095
12172
12226
12046
12047
12084
12200
12059
12144
12079
12073
12040
13339
12041
12091
12069
12146
12170
12085
12037
12099
12162
12029
12079
12467
12557
12349
12405
12363
12119
12029
12038
12007
12528
12510
12475
12387
12358
12157
12068
12066
12005
12402
12427
12400
12388
12191
12091
12308
12046
12037
12339
12096
12364
12274
12105
12077
12065
12018
14252
12863
12443
12362
12310
12260
12156
12037
11952
12011
12146
12230
12142
12162
12130
12100
12119
12040
12118
12269
12064
12137
12083
12110
12185
12069
12045
12105
12270
12124
12185
12073
12110
12129
12010
12064
12056
12101
12093
12141
12155
12104
12054
12097
12090
12061
12027
12502
12515
12356
12423
12413
12160
12037
12006
12062
12449
12279
12409
12304
12266
12070
12063
11988
12067
12129
12178
12218
12020
12176
12094
12169
12244
12464
12334
12164
12087
12435
12223
12030
12044
12104
14018
12846
12446
12453
12339
12207
12631
12065
12038
12070
12076
12178
12124
12194
12105
12095
12042
12238
12130
12092
12036
12147
12176
12135
12056
12045
12063
12093
12150
12150
12153
12121
12103
12110
12089
12142
12170
12079
12101
12114
12177
12107
12054
12104
12057
12048
12035
12330
12432
12286
12522
12262
12108
12108
12070
12070
12354
12081
12189
12148
12114
12110
12066
12009
12078
12125
12111
12194
12085
12172
12064
11994
12270
12166
12268
12123
13542
13766
12362
12102
12041
12127
15294
12916
12350
12484
12264
12076
12038
11999
12042
12116
12184
12240
12113
12086
12106
12099
12039
12155
12115
12184
12063
12246
12084
12092
12014
12062
12064
12180
12387
12436
12517
12361
12339
12039
12068
12097
12073
12159
12204
12107
12189
12052
12106
12256
12114
12041
12169
12139
12194
12082
12017
12101
12103
12040
12043
12115
12336
12111
12156
12077
12062
12065
12065
12065
12167
12058
12131
12076
12105
12032
12033
12069
12213
12094
12161
12152
12085
12399
12121
12021
12034
12143
13998
13689
12399
12546
12474
12312
11959
12203
12022
12049
12133
12295
12227
12078
12040
12091
12139
12072
12025
12214
12078
12685
12161
12067
12071
12119
12099
12028
12172
12146
12230
12028
12127
12039
12127
12039
12078
12071
12210
12060
12220
12113
12068
12106
13376
12312
12131
12250
12561
12410
12339
12383
12380
12047
12027
12100
12291
12252
12069
12100
12075
12065
12101
12023
12080
12086
12146
12186
12114
12010
12035
12096
12126
12073
12240
12221
12109
12328
12115
12174
12085
12107
12114
15242
12306
12727
12389
12154
12064
12114
12116
12047
12094
12395
12388
11996
12184
12105
12166
11989
12103
12126
12145
12019
12168
12103
12114
12105
12028
12074
12188
12188
12222
12108
12027
12137
12074
13130
12290
12425
12490
12177
12159
12075
12122
12037
12179
12070
12439
12082
12348
12301
12134
12108
12062
12065
12037
12088
12213
12378
12057
12142
12074
12119
12044
12054
12004
12138
12213
12242
12078
12050
12102
12115
12003
12261
12198
12308
12039
12834
12156
12125
12075
12032
12044
15313
12624
12410
12463
12202
12038
12025
11992
12126
12137
12408
12145
12156
12113
12105
12040
12139
12127
12124
12177
12033
12151
12132
12099
12015
12068
12071
12148
12068
12159
12170
12090
12084
12103
12176
12063
12107
12206
12092
12142
12045
12123
12093
12087
12000
12062
12130
12286
12141
12064
12120
12280
12380
12052
12178
12329
12655
12342
12442
12464
12279
12061
12033
12068
12201
12130
12131
12129
12077
12061
12038
12063
12200
12233
12412
12459
12610
12431
12425
12037
12053
12064
14794
13309
12383
12481
12675
12133
12074
12069
12071
12159
12239
12169
12566
12348
12560
12410
12383
12189
12122
12133
12254
12085
12073
12065
12068
12102
12035
12092
12049
12153
12299
12111
12019
12118
12127
12067
12011
12114
12213
12042
12162
12109
12086
12129
12058
12036
12368
12297
12391
12307
12167
12086
12173
12039
12061
12242
12454
12169
12143
12054
12093
12056
12048
12071
12122
12050
12266
12214
12060
12026
12094
12126
12229
12099
12199
12432
12412
12128
12057
12099
12075
12056
12007
15631
12216
12225
12152
12009
12009
12029
12013
11962
12186
12399
12229
12101
12264
12493
12435
12355
12483
12331
12262
12076
12115
12051
12066
12346
12067
12031
12178
12481
12441
12305
12232
12100
12034
11982
11953
12055
12237
12045
12104
12109
12137
12080
12036
12038
12307
12105
12215
12090
12100
12073
12089
12025
12063
12447
12725
12512
12347
12447
12362
12128
12073
12367
12302
12551
12325
12520
12402
12343
12034
12092
12331
12212
12296
12767
12361
12156
12101
12046
12037
12032
14129
13769
12582
12165
12209
12141
12053
12038
12127
12126
12224
12061
12259
12181
12051
12125
12092
12107
12093
12082
12171
12219
12101
12163
12078
12100
12166
12062
12781
12319
12554
12881
12436
12342
12416
12382
12320
12175
12173
12298
12129
12082
12072
12084
12039
12062
12095
12323
12077
12208
12146
12036
12041
12068
12067
12332
12320
12335
12367
12438
12344
12343
12069
12089
12211
12343
12400
12278
12322
12189
12024
12320
12464
12362
12191
12396
12199
12157
12081
12055
12103
13944
13221
12410
12578
12771
12372
12386
12385
12201
12036
12204
12185
12117
12093
12192
12082
12076
12093
12040
12082
12138
12162
12193
12072
12057
12073
12099
12234
12008
12530
12534
12499
12383
12174
13321
12043
12045
12035
12235
12084
12196
12055
12102
12098
12021
12010
12070
12185
12144
12111
12081
12069
12103
12069
12009
12026
12171
12395
12034
12192
12122
12049
12073
12086
12005
12059
12182
12221
12057
12049
12064
12132
12203
12566
12070
12217
12517
12250
12155
12078
12111
12063
12326
14393
12320
12538
12454
12084
12068
12058
12058
12065
12101
12230
12124
12082
12160
12243
12124
12071
12030
12032
12245
12192
12326
12188
12090
12161
12031
12089
12474
13161
12196
12250
12137
12576
12188
12647
12723
12750
12503
12419
12342
12200
12124
12097
12017
12061
12102
12073
12133
12236
12151
12048
12051
12073
12029
12065
12065
12185
12233
12206
12085
12047
12064
12062
12026
12039
12108
12148
12160
12055
12137
12065
12095
12003
12226
12565
12421
12391
12387
12213
11989
12017
11983
15337
12825
12140
12700
12344
12115
11987
12034
11957
12153
12093
12129
12002
12026
12090
12072
11961
12138
12174
12198
12034
12259
12105
12082
12070
12016
12088
12189
12143
12413
12395
12347
12298
12146
12045
12098
12200
12329
12254
12077
12233
12269
12083
12030
12084
12190
12326
12480
12500
12487
12328
12049
12085
12090
12102
12144
12228
12360
12104
12036
12061
12055
12082
12036
12205
12076
12214
12079
12121
12070
12057
12035
12053
12466
12665
12681
12377
12404
12234
12190
12049
12284
15416
12630
12477
12448
12429
12198
12078
12095
12083
12281
12133
12267
12177
12231
12081
12253
12366
12082
12098
12154
12213
12066
12112
12127
12057
12064
12033
12094
12112
12153
12179
12145
12074
12072
12102
12152
12066
12226
12260
12123
12062
12102
12272
12101
12150
12096
12293
12092
12413
12112
12075
12060
12123
12004
12065
12116
12198
12417
12065
12096
12310
12256
12222
12294
12127
12168
12117
12199
12079
12087
12065
12037
12030
12310
12521
12691
12347
12267
12136
12065
12071
12074
14985
12876
12225
12059
12175
12070
12033
11954
12089
12346
12065
12184
12159
12117
12031
11998
12040
11982
12050
12097
12128
12014
12017
11990
12034
12021
12100
12001
12112
12201
12150
12061
12082
12081
12097
12008
12036
12127
12190
12078
12180
12071
12123
12115
12150
12499
12709
12382
12459
12273
12074
12076
12064
12060
11993
12095
12156
12270
12340
12089
12103
12069
12059
12003
12048
12143
12199
12137
12114
12022
12084
12090
12034
12004
12460
12711
12325
12234
12305
12338
12293
12371
12000
15476
12719
12233
12395
12151
12116
12024
12240
12031
12083
12126
12145
12002
12079
12076
12011
12015
11985
12148
12174
12042
12130
12080
12138
12057
12024
12004
12208
12133
12138
12112
12102
13308
12041
12075
12051
12176
12178
12129
12067
12107
12112
12014
12060
12244
12403
12373
12465
12550
12405
12118
12194
12137
12108
12102
12129
12223
12277
12133
12073
12093
12038
12042
12029
12444
12343
12483
12447
12340
12044
12063
12081
12045
12660
12774
12465
12066
12171
12105
12059
12037
12100
15148
12511
12307
12426
12180
12023
12029
12029
12004
12358
12091
12409
12235
12165
12080
12109
12072
12033
12068
12145
12178
12090
12112
12106
12059
12066
12060
12183
12065
12096
12277
12172
12057
12042
12099
12080
12090
12170
12228
12120
12137
12066
12066
12068
12179
12190
12040
12414
12218
12159
12022
12101
12076
12339
12075
12243
12179
12344
12056
12079
12091
12028
12036
12228
12189
12065
12062
12078
12114
12041
12041
11999
12303
12609
12600
12321
12278
12090
12094
12017
12097
12805
12358
13485
13499
12737
12527
12503
12306
12322
12291
12172
12077
12130
12002
12034
12072
12096
12095
12275
12446
12488
12294
12231
12052
12002
11980
12012
12092
12129
11955
12122
12086
12046
11983
11982
11977
12301
12369
12393
12387
12289
12073
12041
12038
12093
12085
12265
12344
12204
12201
12041
12037
12069
12081
12034
12090
12138
12206
12204
12058
12287
12460
12391
12387
12514
12303
12128
12203
12111
12077
12033
12064
12054
12234
12303
12340
12129
12093
12014
12095
12035
12080
12122
12200
12168
12091
13572
12640
12565
12279
12558
12264
12140
11989
12154
12228
12140
12080
12077
12204
12047
12258
12115
12195
12012
12244
12103
12136
12169
12163
12208
12090
12174
12123
12035
12030
12064
12120
12181
12033
12172
12189
12088
12048
12089
12034
12083
12197
12200
12157
12096
12072
12060
12042
12067
12046
12215
12070
12247
12116
12091
12252
12078
12065
12035
12148
12206
12277
12031
12265
12150
12097
12016
12061
12194
12120
12251
12737
12375
12259
12312
12091
12052
12128
12154
12141
12120
12098
13197
13905
12583
12372
12562
12311
12002
12006
12051
12087
12043
11954
12143
12844
12008
12080
12053
12014
12051
12040
12063
12433
12467
12483
12419
12368
12329
12086
12010
12055
12124
12215
12152
12094
12135
12123
12014
12066
12080
12101
12094
12170
12214
12208
12265
12275
12275
12293
12071
12206
12227
12066
12140
12061
12236
12247
12062
12038
12240
12055
12290
12083
12083
12092
12083
12008
12095
12289
12518
12361
12229
12713
12112
12118
12011
12027
12262
12078
12150
12078
12156
12067
12037
14415
12865
12398
12509
12351
12111
12101
12120
12062
12049
12128
12107
12187
12051
12378
12254
12122
12019
12103
12086
12138
12018
12130
12173
12091
12071
12293
12349
12995
12313
12241
12351
12006
12171
12053
12103
12069
12040
12026
12137
12172
12129
12142
12131
12077
12067
12065
12043
12108
12143
12059
12135
12140
12055
12268
12037
12056
12221
12065
12146
12107
12080
12031
12043
12061
12065
12136
12113
12189
12115
12831
12545
12376
12330
12304
12121
12100
12168
12270
12138
12027
12100
14043
12842
12376
12651
12540
12526
12061
12074
12190
12188
12041
12073
12154
12221
12112
12105
12037
12031
12102
12030
12029
12113
12197
12203
12117
12081
12073
12054
12057
12049
12277
12373
12267
12417
12209
12110
12042
12061
12283
12126
12193
12205
12203
12202
12394
12353
12401
12307
12376
12118
12176
12113
12049
12068
12048
12247
12067
12072
12070
12177
12239
12082
12026
12041
12124
12028
12006
12106
12173
12133
12444
12507
12334
12419
12448
12491
12264
12096
12165
12048
12066
13640
12800
12330
12185
12139
12127
12064
11968
12020
12123
12066
12278
12314
12408
12429
12242
12131
12047
12031
12021
12027
12170
12031
12067
12057
12024
12083
12035
12062
12091
12118
12129
12241
12104
12077
12102
12042
12146
12178
12197
12089
12156
12193
12148
12011
12107
12082
12063
12033
12107
12171
12082
12159
12107
12090
12042
12062
12252
12240
12058
12188
12078
12082
12030
12161
12024
12048
12093
12180
12115
12109
12368
12229
12070
12039
12089
12209
12106
12109
12181
12328
12121
12321
13778
12479
12093
12394
12212
12082
12034
12127
11976
12020
12159
12302
12432
12286
12384
12279
11991
12124
12067
11976
11978
12079
12117
12121
11965
12020
12105
12108
12040
12086
12176
12145
12229
12092
12106
12064
12066
12042
12092
12085
12150
12188
12125
12266
12116
12041
12053
12128
12096
12155
12089
12195
12171
12040
12068
12061
12268
12042
12152
12178
12221
12087
12077
12079
12064
12063
12028
12237
12073
12162
12365
12105
12391
12395
12323
12405
12236
12199
12156
12084
12162
12100
12139
13547
12511
12700
12480
12050
12139
12073
12069
12053
11985
12402
12349
12394
12299
12198
11985
11993
11981
11989
12080
12097
12097
12091
11986
12051
12162
11957
12035
12090
12210
11999
12331
12120
12137
12032
12949
12231
12127
12125
12236
12097
12085
12091
12046
12221
12068
12196
12168
12078
12136
12123
12075
12104
12105
12073
12014
12354
12147
12188
12039
12072
12105
12028
12010
12045
12143
12172
12035
12177
12453
12110
12149
12308
12174
12085
12190
12056
12115
12035
12091
12045
14096
12906
12459
12384
12489
12102
12131
12117
12068
12128
12364
12287
12118
12463
12441
12288
12079
12040
12036
12252
12121
12130
12086
12077
12082
12060
12079
12034
12100
12140
13405
12096
12115
12094
12070
12070
12032
12129
12080
12622
12542
12370
12349
12407
12199
12095
12202
12283
12214
12078
12101
12131
12233
12084
12094
12101
12155
12340
12416
12335
12285
12212
12039
12061
12064
12122
12158
12213
12022
12135
12322
12108
12086
12135
12226
12185
12102
12046
12119
12093
12273
12033
14382
12716
12179
12646
12341
12126
12117
12166
12020
12066
12152
12179
12321
12083
12299
12185
12170
12023
12195
12223
12084
12189
12118
12168
12004
12095
12008
12151
12123
12303
12298
12068
12180
12092
12035
12068
12029
12085
12125
12084
12145
12117
12049
12095
12686
12174
12380
12780
12743
12391
12254
12124
12068
12034
12098
12165
12123
12320
12166
12152
12090
12036
12031
12109
12039
12157
12331
12381
12298
12279
12364
12070
12078
12161
12149
12175
12073
12154
13365
13944
13393
13480
14229
13364
13309
13162
12853
12440
12370
12985
12870
15719
13547
13000
12741
12629
12644
12655
12737
12726
12727
12967
12723
12736
12726
12662
12541
12444
12416
12827
12757
12765
12742
12679
