12927
12865
12848
14293
12996
12876
12966
12767
12808
12809
12759
12759
12754
12846
12819
12814
12781
12767
12762
12796
12831
12824
12789
12791
12780
12780
12769
12754
12824
12838
12660
12619
12548
12782
12894
12910
12900
13144
12879
12856
12845
12821
12471
12516
12629
12773
12545
12497
12687
12774
12464
12456
12727
12766
12786
12874
12962
12918
12899
12906
12895
12884
12871
12916
12900
12892
12881
12882
12862
12856
12855
12678
12912
12917
12755
12558
12528
12800
12955
13094
13241
14469
13124
13139
12821
12843
12813
12800
12819
12679
12565
12716
12737
12896
12916
12715
12798
12962
12923
12928
12970
12945
12924
12990
12802
12803
12896
12896
12902
12890
12840
12726
12796
12836
12767
12815
12784
12578
12569
12606
12753
13304
13860
12972
13532
28827
12902
12861
12834
12842
12842
12894
12874
12947
12848
12793
12777
12768
12783
12797
12718
12850
12837
12616
12785
12770
12766
12758
12734
12842
12826
12507
12735
12820
12809
12780
12565
12755
14366
12989
12885
12830
12792
12764
12810
12861
12871
12852
12760
12587
12777
12770
12473
12690
12839
12825
12818
12828
12561
12678
12796
12780
12863
12806
12789
12759
12745
12776
12721
12749
12758
12518
12840
12841
12685
12700
12773
12786
12786
12824
12775
12802
12778
12764
12767
12751
12733
12761
12876
12854
12918
12953
12776
12719
12753
12728
12724
12835
12838
12827
12476
12554
12805
12811
12712
12489
12604
12824
12643
12740
12560
12739
12591
12597
12643
14279
13095
12899
12893
12865
12828
12840
12778
12757
12754
12778
12816
12722
12472
12585
12745
12777
12753
12757
12726
12516
12727
12732
12731
12751
12772
12752
12764
12752
12777
12750
12761
12738
12858
12768
12745
12765
12781
12734
12733
12728
12782
12779
12602
12765
12440
12440
12413
12406
12462
12806
12919
12820
12922
12806
12600
12487
12403
12444
12669
12536
12419
12703
12706
12678
12474
12417
12465
12624
12682
12922
12975
12833
12734
12767
12523
12876
12906
12782
12818
12903
13044
12843
12801
12762
12787
12745
12552
12661
12742
12434
12420
12446
12616
12742
12880
12937
12838
12800
12400
12547
12738
12722
12637
12735
12542
12501
12741
12587
12504
12746
12420
12612
12845
12811
12767
12730
12755
12728
12732
12669
12799
12697
12522
12758
12490
12461
12433
12416
12460
12797
12943
12635
12779
12805
12754
12733
12489
12557
12773
12766
12504
12632
12440
12484
12736
12736
12893
12853
12593
12683
12737
12900
12761
12834
12773
12949
12822
12784
14223
12942
12865
12880
12854
12876
12855
12819
12836
12842
12783
12780
12764
12552
12730
12816
12814
12770
12740
12495
12475
12468
12774
12851
12839
12877
12749
12696
12450
12502
12438
12437
12807
12834
12637
12549
12490
12753
12820
12808
12896
12472
12468
12622
12758
12727
12527
12407
12476
12474
12787
12802
12763
12807
12750
12727
12741
12721
12741
12813
12724
12768
12695
12505
12433
12407
12433
12674
12776
12750
12444
12671
12693
12737
12734
12451
12855
12870
12758
14322
13403
12885
12870
12863
12844
12844
12829
12821
12811
12803
12788
12779
12765
12823
12847
12829
12922
12918
12843
12639
12872
12913
12863
12986
12842
12813
12779
12806
12791
12802
12817
12797
12777
12776
12782
12529
12507
12438
12754
12872
13243
12791
12799
12837
12776
12790
12783
12490
12856
12892
13160
12845
12775
12744
12737
12731
12737
12896
12778
12763
12736
12736
12664
12729
12754
12785
12915
12980
12788
12888
12798
12752
12502
12411
12763
12797
12797
12773
14990
12900
12866
12876
12929
12858
12792
12788
12806
12823
12792
12786
12631
12643
12859
12803
12820
12889
12673
12748
12432
12535
12735
12699
12566
12881
12888
12797
12821
12782
12494
12797
12842
12523
12753
12466
12500
12470
12555
12789
12952
12763
12518
12482
12511
12753
12540
12670
12774
12760
12774
12824
12787
12758
12750
12738
12720
12775
12773
12780
12752
12625
12483
12468
12411
12442
12711
12884
12727
12658
12763
12772
12782
12782
12782
12800
12841
14778
13065
12966
12784
12960
12915
12835
12878
12821
12862
12941
12901
12778
12742
12778
12818
12797
12798
12767
12829
12740
12741
12738
12729
12796
12803
12764
12764
12784
12765
12739
12686
12514
12772
12463
12614
12529
12741
12762
12984
12800
12858
12823
12805
12786
12756
12761
12796
12785
12854
12636
12993
13036
12857
12799
12694
12744
12797
12765
12768
12645
12666
12743
12683
12559
12780
12781
12790
12766
12753
12758
12764
12759
12790
12924
12997
14660
12860
12850
12821
12797
12780
12855
12860
12828
12507
12560
12569
12628
12744
12851
12770
12613
12484
12785
12763
12751
12762
12762
12880
12809
13002
12851
12660
12761
12735
12734
12738
12689
12773
12740
12759
12769
12608
12758
12454
12520
12741
12848
12567
12531
12498
12489
12480
12519
12777
12867
12844
12828
12683
12848
12810
12862
12816
12794
12757
12158
12324
12217
12318
12058
12176
12164
12151
12563
12552
12516
12611
12466
12547
12486
12504
12192
12280
12282
15072
12919
12593
12523
12434
12087
12226
12277
12117
13192
12987
13228
13322
13300
12990
14230
13292
13330
13057
13078
13576
13097
13145
13421
12914
13056
12843
13063
13043
13049
13012
13220
13184
12919
13036
13211
13986
13853
12883
13055
12896
13019
13117
13417
12897
12764
12349
12808
12544
14737
12863
12644
12482
12443
12510
12361
12287
12541
12282
12567
12528
12318
12244
12020
12132
12099
12226
12406
12552
12707
12525
12587
12441
12482
12407
12143
12319
12302
14948
12891
12303
12236
12137
12151
12357
12557
12477
12529
12553
12391
12126
12036
12085
12372
12773
12903
12515
12398
12262
12194
12520
12573
12751
12290
12307
12200
12103
12139
12133
12383
13663
13050
12623
12640
12410
12271
12140
12189
12078
12121
12334
12402
12290
12345
12208
12117
12096
12053
12030
12243
12108
12630
12240
12128
12344
12146
12017
12016
12084
12212
12129
12046
12154
12140
12003
12191
12119
12102
12062
12207
12163
12106
12006
12127
12135
12065
11997
12306
12155
12998
13633
12339
12364
12129
12248
12099
12555
12322
12515
12140
12116
12301
12384
12366
12327
12390
12252
12209
12119
12102
12148
12042
12015
12058
12227
12236
12055
12255
12188
12118
12061
12050
12081
13118
13817
12246
12213
12161
12031
12092
12024
12079
12300
12723
12591
12377
12505
12362
12098
12105
12103
12267
12508
12412
12297
12173
12201
12186
12096
12115
12157
12215
12242
12123
12120
12025
12069
12047
12129
12106
12370
12200
12312
12144
12076
12146
12103
12056
11995
12121
12149
14631
12652
12084
12289
12208
12088
11973
12521
12429
12405
12409
12897
12457
12331
12265
12324
12401
12429
12357
12334
12208
11996
12028
12020
11963
12123
12243
12293
12132
12109
12112
12204
12038
12180
12414
12230
12140
12237
12108
12086
12170
12397
12370
12522
12238
12218
12148
12064
12144
12081
13288
12125
12191
12656
12413
12145
12119
12162
12084
12052
12027
12072
12063
12181
12204
12169
12014
12033
12018
12055
12004
12251
12179
12117
12121
12187
12240
12147
12092
12032
12375
12145
12449
13638
12293
12136
12188
12089
12005
12220
12289
12176
12049
12117
12107
12072
11967
12014
12104
12089
12149
12167
12131
12045
12010
12131
12053
12103
12167
12244
12164
12114
12039
12019
12043
12037
12012
12318
12118
12257
12156
12075
12119
12097
12017
11995
12298
12216
12154
12078
12069
12091
12044
12020
12054
12250
12370
12223
12138
12078
12189
12025
12047
12046
12124
12205
12162
12143
12095
12032
12014
12013
12060
12097
12080
12153
12207
12211
12035
12136
12079
12154
12102
12252
12232
13530
12633
12285
12340
12195
12229
12441
12336
12315
12336
12168
11995
12029
12001
12023
12160
12043
12212
12631
12100
12085
12110
12080
12022
12223
12164
12294
12116
12111
12061
12138
12080
12027
12219
12089
12231
12143
12100
12024
12090
12055
12174
12298
12734
12218
12103
12277
12072
12083
12062
11994
12201
12261
12593
12264
12169
12084
12006
12223
12023
12041
12185
12231
12188
12121
12033
12022
12025
12041
11993
12227
12103
12230
12101
12074
12138
12148
12008
12045
12145
12146
12198
12069
12150
13867
12815
12142
12263
12344
12337
12100
12102
12210
12300
12397
12413
12354
12446
12149
12258
12153
12177
12107
12072
12056
12057
12122
12250
12212
12127
12180
12096
12090
12080
12086
12156
12112
12191
12262
12140
12107
12090
12133
12068
12094
12219
12488
12195
12199
12199
12192
12143
12183
12105
12447
12455
12368
12240
12131
12088
12198
12019
11988
12143
12184
12196
12122
12110
12040
12026
11998
12045
12227
12245
12273
12136
12151
12063
12042
12091
11996
12083
12216
12139
12104
12044
12360
14103
12203
12270
12433
12256
12053
12180
12107
12090
12288
12330
12309
12253
12031
12412
12418
12340
12314
12319
12325
12150
12036
12111
12152
12069
12134
12107
12087
12081
12057
12034
12201
12215
12207
12118
12048
12118
12140
12049
12016
12176
12517
12090
12203
12099
12141
12115
12134
12408
12532
12475
12235
12120
12110
12094
12153
12261
12059
12431
12424
12319
12189
12163
12108
12118
12017
12088
12183
12306
12060
12237
12240
12196
12093
12124
12078
12111
12187
12282
12156
12138
12078
14048
13427
12515
12462
12308
12013
12034
12092
12094
12379
12309
12410
12428
12287
12139
12044
12045
12031
12090
12039
12207
12089
12190
12223
12147
12073
12118
12078
12073
12087
12212
12227
12100
12094
12058
12120
12297
12398
12370
12417
12577
12527
12188
12057
12110
12107
13305
12064
12270
12373
12287
12147
12228
12316
12154
12150
12402
12236
12090
12257
12113
12224
12091
12050
12074
12044
12177
12190
12299
12098
12121
12206
12208
12041
12059
12156
12203
12044
12248
12172
12085
12028
13819
12651
12449
12385
12201
12049
12034
12052
12007
12058
12018
12063
12106
12210
12055
12161
12032
12073
12048
12203
12057
12196
12171
12226
12118
12062
12095
12091
12100
12052
12149
12140
12088
12151
12138
12146
12080
12051
12029
12189
12242
12216
12302
12098
12135
12065
12022
12055
12256
12620
12506
12513
12302
12121
12022
12075
12302
12421
12380
12472
12416
12629
12268
12040
12080
12097
12114
12154
12174
12092
12236
12098
12079
12108
12085
12103
12187
12078
12166
12131
12056
12085
13686
12743
12361
12175
12750
12263
12139
12042
12116
12184
12142
12058
12197
12166
12126
12551
12073
12083
12113
12171
12178
12200
12169
12265
12101
12095
12091
12117
12053
12071
12109
12142
12035
12258
12173
12087
12027
12103
12075
12279
12108
12199
12413
12100
12108
12038
12020
12083
12207
12328
12243
12177
12190
12060
12061
12065
12296
12099
12118
12178
12240
12227
12080
12324
12434
12413
12257
12346
12213
12132
12251
12266
12144
12100
12110
12060
12282
12121
12180
12114
12121
12067
12663
13470
12342
12567
12480
12361
12101
12009
12063
12172
12008
12378
12454
12372
12032
12043
12055
12080
12187
12074
12474
12411
12553
12326
12493
12080
12193
12074
12124
12086
12088
12145
12067
12033
12036
12027
11968
12093
12065
12200
11985
12240
12402
12124
12035
12108
12077
12112
12187
12416
12183
12133
12113
12049
12047
12090
12117
12324
12683
12663
12411
12570
12168
12118
12106
12134
12320
12412
12374
12374
12180
12216
12135
12117
12114
12878
12216
12199
12139
12075
12096
13549
12635
12401
12534
12380
12178
12112
12023
12033
12081
11998
11964
12090
12208
12110
12024
12126
12059
12247
12329
12333
12494
12590
12319
12092
12124
12049
12089
12054
12234
12121
12465
12285
12089
12098
12099
12108
12052
12066
12152
12268
12101
12246
12345
12082
12065
12083
12061
12264
12116
12521
12175
12136
12087
12040
12118
12085
12379
12483
12580
12408
12428
12121
12086
12087
12041
12112
12158
12106
12374
12163
12029
12369
12534
12257
12096
12201
12214
12211
12122
12053
12081
13942
12389
12304
12237
12179
12059
12039
12024
12020
12093
11988
11967
12094
12159
12152
12010
12041
12056
12136
12051
12025
12218
12334
12152
12418
12221
12077
12045
12081
12150
12100
12226
12183
12207
12068
12271
12121
12300
12376
12483
12564
12506
12086
12313
12087
12090
12112
13257
12117
12093
12580
12292
12182
12082
12085
12109
12197
12153
12690
12409
12337
12408
12082
12090
12045
12121
12159
12243
12112
12102
12079
12084
12205
12118
12108
12092
12172
12240
12216
12050
12239
12140
13174
13457
12555
12437
12390
12093
12107
12144
12086
12088
12017
12296
12224
12116
12102
12053
12083
12104
12051
12022
12269
12242
12212
12105
12099
12140
12100
12054
12041
12216
12216
12083
12155
12131
12118
12086
12040
12087
12267
12202
12250
12147
12096
12299
12079
12122
12054
12150
12189
12158
12503
12213
12109
12065
12132
12054
12143
12121
12358
12202
12124
12085
12134
12124
12051
12020
12418
12250
12139
12072
12122
12197
12668
13331
12075
12212
12063
12174
12016
12019
12114
12074
12155
14067
12786
12495
12445
12287
12073
12051
12042
11967
12340
12200
12234
12054
12126
12150
12607
12100
12031
12213
12185
12248
12127
12111
12099
12136
12027
12056
12140
12214
12215
12088
12152
12113
12112
12043
12049
12471
12550
12270
12434
12199
12218
12096
12463
12134
12104
12203
12213
12240
12253
12080
12078
12088
12065
12102
12231
12161
12391
12228
12077
12138
12098
12082
12030
12269
12406
12380
12278
12072
12171
12213
12079
12088
12169
12241
12070
12181
12170
12157
12094
12064
14234
13412
12306
12451
12095
12155
12103
12071
12055
12034
12379
12449
12434
12265
12364
12172
12156
12052
11959
12160
12204
12055
12006
12036
12018
12079
12028
12053
12200
12227
12231
12125
12092
12143
12094
12030
12055
12163
12208
12053
12207
12142
12155
12089
12042
12276
12165
12240
12220
12447
12297
12142
12083
12106
12016
12100
12265
12076
12206
12285
12125
12101
12097
12058
12089
12109
12223
12176
12109
12033
12171
12207
12093
12058
12321
12267
12080
12122
12063
12164
12087
12066
12018
15254
12291
12789
12591
12420
12057
12077
12215
12474
12432
12612
12532
12472
12050
12116
12082
12079
12058
12250
12235
12105
12127
12113
12103
12094
12029
12043
12473
12528
12521
12427
12406
12220
12079
12054
12082
12218
12155
12177
12109
12148
12059
12044
12052
12259
12232
12108
12167
12352
12208
12160
12201
12715
12530
12468
12499
12266
12240
12211
12097
12109
12078
12079
12152
12434
12302
12465
12411
12403
12036
12165
12180
12100
12103
12137
12197
12106
12070
12130
12119
12274
13888
16374
13845
13407
13963
13371
13407
13843
13540
13449
12921
12823
12912
12790
12840
13133
13837
13444
13330
13434
13354
12799
13260
12911
12770
12770
13652
12857
12784
12763
13030
12976
12722
12823
13522
12795
13154
12799
13369
12714
12341
12191
13152
12199
12680
13048
12107
12176
12063
12835
12409
12617
12602
12521
12246
12700
12635
12179
12432
12701
12624
12743
13102
13017
12497
12150
12653
12159
13059
12561
12187
12148
12385
12476
12522
13607
12774
12362
13747
14422
13064
12859
12487
12406
12352
12687
12420
12621
13148
12466
12649
12765
12389
12217
12204
13188
13167
12576
12284
13159
12338
12718
12763
12208
12114
12808
12508
12430
12855
13833
12317
12261
12441
12394
12958
12806
12411
12344
12365
12393
12332
12280
12619
12734
13251
13012
13122
13289
13156
12790
12161
12424
12502
12731
12740
13220
12644
12447
12443
12738
12567
12568
12437
12430
12499
12907
13226
13431
13421
13162
13411
12719
12721
12560
13256
13085
13018
15073
12972
13027
12822
12710
13076
13206
12778
12733
12822
12798
12995
12801
13315
13093
12336
12308
12171
12196
12121
12048
12376
12276
12442
12088
12158
12149
12078
12020
12121
12090
12042
12015
12022
12016
12065
12101
12145
12035
12035
12024
12106
12077
12043
12026
12704
12443
12650
12429
12352
12118
12103
12079
12036
12539
12511
12514
12317
12362
12315
12099
12004
12050
12219
12280
12094
12171
12148
12268
12042
12088
12117
12919
12190
12215
12086
12093
12136
12105
12036
12015
15268
12811
12691
12331
12433
12157
12063
11976
12053
12281
12302
12045
12269
12201
12061
12064
11995
12004
12215
12473
12509
12413
12274
12263
12023
11994
12033
12066
12153
11990
12155
12083
12023
11962
12089
12190
12129
12105
12162
12223
12126
12074
12086
12073
12118
12058
12398
12182
12380
12146
12072
12093
12087
12088
12064
12191
12171
12233
12118
12142
12242
12090
12052
12057
13503
12705
12150
12248
12133
12153
12121
12200
12211
12522
12589
12578
12431
12574
13035
12211
12059
12086
14953
12520
12456
12384
12072
12262
12101
12097
11993
12236
12285
12197
12049
12083
12273
12076
12139
12131
12231
12145
12155
12173
12073
12082
12079
12050
12204
12370
12428
12493
12405
12161
12185
12239
12142
12704
12387
12536
12352
12528
12293
12116
12030
12493
12404
12625
12118
12412
12158
12135
12123
12406
12371
12342
12451
12342
12192
12071
12227
12106
12189
12054
12102
12088
12185
12324
12338
12198
12059
12172
12132
12112
12057
12161
12233
12320
12307
12243
12157
12093
12217
12070
15345
12848
12178
12148
12082
12071
12228
12296
11949
12394
12425
12486
12372
12260
12051
12021
11996
12016
12165
12353
12272
12304
12272
12114
11993
12053
12125
12190
12117
12181
12162
12087
12064
12075
12106
12057
12210
12193
12264
12129
12103
12120
12053
12083
13291
12309
12231
12294
12234
12142
12033
12141
12103
12114
12025
12132
12231
12236
12181
12074
12230
12101
12116
12023
12228
12149
12246
12076
12211
12069
12193
12365
12339
12402
12581
12493
12336
12257
12362
12363
12270
12063
15634
12604
12256
12156
12223
12137
12087
12045
12083
12329
12149
12231
12126
12145
12088
12080
12025
12161
12464
12530
12582
12450
12425
12119
12087
12024
12093
12166
12189
12050
12277
12185
12053
12085
12039
12051
12332
12295
12345
12295
12161
12262
12161
12173
12066
12242
12430
12308
12107
12177
12087
12058
12022
12117
12105
12100
12171
12271
12197
12070
12235
12053
12085
12086
12225
12166
12098
12232
12228
12163
12141
12127
12129
12270
12229
12317
12137
12099
12117
12121
12370
12298
15819
12639
12570
12374
12141
12207
12076
12096
11988
12278
12104
12039
12037
12109
12638
12275
12295
12296
12484
12171
12181
12027
12025
11994
12054
12022
12050
12124
12211
12221
12163
12097
12085
12013
12074
12080
12111
12122
12118
12210
12079
12094
12056
12064
12084
12202
12306
12389
12358
12347
12172
12084
12085
12110
12023
12232
12101
12266
12215
12027
12202
12132
12095
12033
12202
12225
12237
12114
12212
12172
12076
12113
12061
12226
12141
12194
12174
12100
12091
12073
12445
12169
14951
12800
12289
12176
12164
12150
12191
12130
12065
12519
12476
12375
12380
12240
12150
12525
12533
12411
12632
12403
12274
12076
12122
12088
12166
12297
12294
12330
12408
12276
12148
12110
12395
12067
12095
12216
12205
12261
12029
12609
12230
12141
12028
12069
12020
12363
12353
12219
12232
12276
12477
12521
12495
12477
12397
12375
12370
12395
12117
12121
12159
12039
12154
12222
12107
12184
12130
12171
12080
12129
12083
12115
12096
12192
12213
12115
12059
12119
12115
12083
12023
12613
13822
12592
12205
12409
12191
12077
12068
12060
12260
12084
12422
12521
12478
12435
12361
12337
12221
12132
12173
12219
12153
12089
12113
12089
12075
12054
12272
12184
12140
12102
12116
12055
12102
12028
12085
12383
12608
12523
12410
12399
12476
12423
12394
12370
12450
12609
12238
12130
12127
12107
12088
12052
12108
12218
12123
12223
12291
12228
12103
12045
12263
12102
12120
12197
12593
12132
12247
12098
12048
12134
12072
12143
12180
12078
12215
12132
12060
12052
12069
12661
13144
12165
14477
12636
12198
12346
12213
12044
12244
12346
12407
12784
12625
12131
12082
12064
12057
12053
12085
12203
12091
12199
12047
11969
12027
12018
12021
12025
12143
12234
12215
12080
12095
12271
12354
12328
12271
12365
12079
12131
12023
12072
12034
12109
12056
13329
12106
12720
12243
12104
12078
12158
12078
12021
12107
12110
12152
12082
12268
12119
12147
12071
12459
12124
12112
12188
12489
12360
12375
12364
12458
12155
12013
12088
12205
12242
12103
12089
12057
12092
12105
12080
12017
15647
12457
12556
12548
12157
12103
12048
12109
12049
12159
12209
12195
12119
12123
12089
12051
12077
12047
12567
12367
12603
12378
12399
12120
12124
12063
12083
12202
12183
12206
12128
12105
12079
12094
12020
12045
12245
12272
12045
12193
12132
12145
12029
12071
12084
12220
12443
12410
12153
12110
12146
12055
12054
12098
12133
12182
12137
12278
12126
12080
12055
12290
12113
12074
12304
12376
12246
12250
12081
12161
12091
12055
12055
12259
12229
12108
12057
12128
12123
12573
12059
12754
15075
12409
12559
12585
12176
12342
12487
12419
12076
12184
12109
12128
12070
12007
12584
12051
12011
12069
12135
12230
12148
12230
12103
12097
12105
12077
12197
12113
12358
12331
12195
12134
12122
12054
12120
12159
12241
12162
12192
12085
12111
12114
12019
12083
12256
12634
12535
12837
12422
12331
12034
12109
12108
12245
12073
12228
12193
12179
12087
12045
12052
12240
12107
12219
12207
12160
12269
12086
12084
12158
12224
12261
12138
12237
12300
12129
12071
12231
12132
12090
12074
12227
14072
12975
12401
12355
12169
12069
12014
12001
12189
12059
12162
12013
12065
12000
12022
11959
12025
12081
12257
12197
12344
12122
12164
12065
12122
12620
13584
12735
12108
13108
12763
13423
12228
12025
12049
12133
12135
12162
12098
12061
12029
12003
12086
12046
12133
12478
12264
12397
12166
12122
12079
12090
12084
12117
12161
12115
12267
12212
12088
12072
12081
12371
12334
12547
12593
12321
12159
12106
12164
12070
12055
12016
12546
12326
12417
12415
12429
12181
12057
12108
12013
15840
12690
12596
12530
12326
12007
12007
12013
11973
12257
12405
12406
12329
12303
12095
12020
12013
11990
12505
12445
12361
12351
12317
12060
12031
12050
11973
12095
12138
12225
12075
12002
12049
12010
12051
12091
12571
12500
12402
12449
12424
12235
12057
12078
12072
12358
12396
12251
12388
12118
12097
12116
12053
12126
12175
12208
12243
12207
12115
12109
12037
12112
12239
12125
12092
12184
12330
12239
12109
12093
12105
12112
12094
12176
12228
12131
12118
12049
12112
12171
12211
12204
15549
12657
12378
12547
12403
12317
12291
12347
12345
12339
12348
12177
12077
11988
12025
12020
12328
12290
12513
12486
12231
12022
11996
12020
12011
12057
11967
12186
12058
12125
12021
12025
12013
12104
12053
12027
12179
12204
12239
12066
12163
12214
12135
12143
13343
12664
12397
12455
12195
12230
12168
12141
12040
12079
12142
12194
12211
12223
12078
12107
12072
12091
12427
12468
12551
12344
12623
12332
12171
12065
12075
12107
12112
12164
12299
12191
12141
12070
12142
12089
12051
12040
15372
12716
12432
12289
12147
12080
12076
12035
12135
12261
12196
12485
12167
12076
11992
12125
12157
12035
12201
12239
12140
12080
12185
12082
12103
12055
12080
12226
12257
12097
12194
12119
12082
12158
12326
12458
12432
12519
12325
12181
12112
12082
12049
12073
12159
12447
12380
12148
12541
12170
12131
12029
12158
12120
12095
12091
12186
12331
12181
12028
12079
12109
12291
12149
12386
12434
12221
12350
12097
12096
12047
12091
12017
12134
12174
12284
12172
12091
12089
12074
12045
12114
15276
12761
12505
12470
12834
12991
12455
12343
12424
12591
12395
12340
12367
12107
12671
12056
12056
12045
12219
12152
12216
12081
12121
12120
12085
12062
12026
12154
12219
12202
12075
12123
12141
12042
12026
12079
12332
12124
12169
12142
12090
12087
12078
12041
12127
12297
12196
12211
12271
12124
12218
12408
12407
12667
12505
12244
12329
12464
12427
12439
12229
12190
12412
12263
12119
12228
12212
12183
12810
12238
12230
12233
12143
12178
12208
12076
12133
12085
12085
12016
12074
13671
13837
12144
12789
12443
12488
12275
12261
12291
12406
12394
12174
12250
12112
12077
12065
12110
12087
12108
12600
12565
12431
12463
12454
12082
12092
12043
12082
12185
12096
12256
12134
12046
12092
12184
12090
12515
12152
12218
12150
12059
12129
12068
12119
12056
12330
12282
12132
12451
12087
12078
12081
12099
12055
12664
12388
12637
12473
12415
12133
12116
12088
12052
12415
12599
12530
12415
12543
12306
12159
12084
12022
12120
12208
12116
12176
12096
12109
12106
12078
12056
12173
12178
12169
13981
12347
12263
12283
12126
12089
12196
12254
12180
12137
12176
12093
12081
12089
12218
12304
12176
12194
12217
12138
12086
12085
12133
12055
12088
12188
12223
12136
12093
12064
12140
12105
12059
12020
12222
12142
12203
12078
12095
12086
12141
12110
12021
12614
12390
12162
12083
12347
12106
12122
12109
12086
12312
12125
12262
12179
12112
12070
12154
12277
12145
12570
12479
12411
12489
12330
12182
12096
12071
12080
12188
12507
12431
12532
12368
12379
12059
12081
12052
12121
12148
12193
14380
12740
12201
12329
12298
12159
12232
12227
12212
12078
12170
12116
12056
12086
12050
12090
12251
12167
12243
12225
12058
12355
12136
12091
12058
12246
12177
12223
12089
12147
12133
12118
12053
12048
12301
12084
12267
12117
12155
12088
13329
12023
12278
12281
12192
12256
12120
12346
12125
12166
12164
12173
12235
12400
12382
12279
12193
12088
12078
12045
12053
12565
12284
12419
12393
12305
12116
12061
12049
12083
12170
12155
12207
12092
12176
12090
12056
12087
12068
12056
12161
13923
12637
12277
12023
12228
12110
12066
11976
12490
12463
12431
12313
12310
12104
12042
12001
11965
12608
12328
12475
12339
12332
12105
12026
12050
12085
12116
12358
12321
12105
12160
12083
12084
12055
12137
12244
12377
12144
12362
12220
12095
12073
12089
12349
12288
12484
12521
12376
12400
12110
12074
12111
12076
12136
12218
12306
12183
12129
12123
12040
12112
12091
12419
12063
12184
12372
12176
12130
12407
12449
12391
12339
12255
12182
12109
12079
12062
12286
12116
12071
12029
12231
13722
12665
12503
12395
12329
12119
12017
11993
12410
12256
12410
12218
12010
12471
12051
12023
11971
12510
12456
12337
12283
12135
12045
12000
11991
11963
12187
12209
12268
12179
12108
12282
12141
12054
12111
12117
12207
12070
12255
12145
12116
12072
12053
12404
12255
12415
12570
12424
12513
12287
12172
12307
12284
12325
12451
12414
12117
12055
12151
12051
12092
12053
12350
12607
12394
12578
12511
12129
12019
12069
12053
12258
12117
12354
12239
12150
12142
12201
12159
12094
12171
12308
13757
12345
12178
12080
12113
12033
12026
11995
12405
12457
12516
12371
12275
12056
12037
12029
11983
12442
12479
12399
12355
12391
12141
12042
11997
12026
12218
12098
12185
12096
12153
12091
12116
12028
12250
12178
12252
12176
12157
12157
12079
12106
12062
12394
12262
12170
12033
12253
12366
12128
12119
12051
12045
12197
12262
12194
12071
12094
12110
12045
12056
12079
12322
12618
12435
12528
12534
12408
12035
12083
12123
12084
12099
12206
12227
12316
12062
12317
12251
12163
12125
12226
13697
12561
12468
12368
12240
12122
12114
12042
12569
12447
12581
12461
12352
12090
12099
12082
12021
12488
12562
12512
12401
12366
12142
12115
12018
12026
12213
12203
12102
12068
12128
12084
12084
12085
12080
12149
12200
12206
12158
12108
12196
12131
12294
12133
12133
12217
12103
12229
12342
12131
12075
12109
12054
12184
12131
12154
12257
12111
12038
12112
12145
12017
12105
12401
12340
12170
12154
12068
12086
12094
12084
12016
12132
12209
12211
12099
12095
12085
12145
12053
12086
15340
12734
12593
12331
12470
12194
12056
11994
11992
12256
12289
12112
12104
12052
12116
12081
12025
12063
12193
12336
12275
12213
12092
12192
12066
12082
12057
12116
12161
12103
12266
12170
12137
12061
12125
12020
12097
12123
12190
12216
12100
12092
13383
12255
12151
12122
12358
12312
12070
12312
12083
12411
12317
12365
12365
12716
12171
12350
12148
12110
12120
12107
12124
11992
12450
12205
12133
12086
12171
12140
12065
12049
12068
12231
12145
12200
12190
12108
12088
12048
12073
12046
14984
12996
12476
12366
12394
12247
12142
12074
12081
12182
12193
11989
12128
12052
12062
11999
11996
12111
12260
12113
12162
12637
12417
12353
12363
12390
12204
12113
12147
12205
12153
12162
12101
12046
12095
12084
12247
12124
12207
12192
12142
12041
12113
12335
12118
12058
12153
12201
12100
12272
12476
12158
12096
12082
12106
12306
12101
12208
12110
12141
12074
12085
12049
12107
12453
12482
12430
12918
13873
12659
12523
12488
13849
12279
12205
12202
12072
12095
12098
12114
12074
12026
15657
12534
12082
12222
12025
12052
11991
12006
11961
12186
12194
12185
12091
12656
12120
12055
12033
12113
12187
12205
12072
12176
12162
12121
12059
12053
12083
12210
12165
12149
12138
12078
12124
12108
12075
12056
12143
12189
12173
12132
12087
12087
12262
12294
12069
12084
12160
12186
12206
12254
12093
12132
12116
12113
12211
12558
12429
12095
12200
12073
12121
12054
12072
12023
12789
12368
12797
12388
12329
12950
12135
12085
12057
12188
12197
12197
12057
12146
12114
12083
12020
12043
15375
12741
12453
12455
12243
12125
12058
12196
12211
12215
12098
12130
12078
12109
12075
12186
12172
12411
12402
12385
12351
12232
12078
12080
12083
12051
12260
12182
12070
12161
12161
12125
12058
12066
12084
12241
12066
12205
12133
12077
12082
12055
12264
12071
12145
12220
12141
12044
12122
12334
12073
12087
12068
12117
12486
12489
12467
12383
12220
12153
12168
12111
12075
12543
12673
12410
12332
12436
12104
12243
12276
12251
12479
12330
12289
12157
12066
12045
12102
12051
12049
15402
12626
12396
12393
12047
12220
12060
12016
11953
12342
12430
12434
12315
12296
12118
12025
12021
12047
12202
12307
12521
12411
12347
12316
12101
12052
12076
12138
12174
12188
12097
12125
12088
12124
12069
12055
12137
12186
12089
12218
12095
12066
12087
12336
12116
12111
12224
12191
12154
12067
12384
12090
12089
12051
12116
12268
12107
12234
12139
12059
12059
12114
12108
12025
12235
12412
12243
12156
12068
12116
12139
12112
12041
12238
12237
12202
12055
12091
12919
12556
12108
12336
15305
12326
12407
12477
12363
12405
12506
12352
12154
12365
12174
12152
12044
11974
12047
12018
12078
12045
12256
12231
12111
12072
12149
12082
12135
12121
12194
12219
12202
12203
12090
12066
12184
12108
12052
12059
12190
12242
12034
12182
13385
12165
12106
12264
12055
12230
12173
12232
12133
12074
12379
12063
12064
12141
12270
12209
12214
12117
12111
12096
12141
12084
12081
12053
12376
12316
12253
12148
12083
12254
12217
12186
12062
12527
12521
12435
12391
12149
12275
12146
12064
12052
15296
12763
12377
12470
12160
12367
12275
12319
12272
12472
12307
12492
12338
12319
12023
12018
12083
12064
12146
12261
12215
12129
12144
12076
12120
12079
12027
12241
12117
12397
12236
12156
12228
12208
12082
12089
12136
12340
12409
12239
12070
12180
12332
12059
12097
12165
12161
12055
12232
12131
12332
12131
12083
12077
12174
12178
12218
12151
12164
12112
12043
12118
12077
12238
12170
12263
12278
12112
12090
12030
12141
12072
12182
12400
12350
12238
12138
12039
12112
12134
12057
12017
16040
12565
12457
12313
12136
12002
12041
12070
12495
12831
12700
12423
13115
12649
12697
12605
12959
13526
13217
12993
12470
12729
12679
13102
13178
12959
12876
12677
12573
12510
12655
12599
12777
12811
12869
12771
12929
12525
12565
12450
12509
12386
12623
12214
12205
13644
14547
13396
13506
13197
13207
12840
12918
12840
12342
13188
14099
19600
14530
13751
13202
13216
12914
14480
12804
12805
12795
12527
12827
13495
13818
12580
18948
12910
14804
24352
22544
12866
12875
12914
12855
13059
12852
12915
12954
13232
13379
13357
13020
13336
13207
13166
13225
12892
12939
13142
13219
12878
12796
12786
12753
12699
12408
12559
13798
13405
12598
12807
12621
12468
12340
12338
12332
12417
12384
12605
12601
12687
12352
12689
12716
12659
12751
12450
12795
12640
12553
12537
13112
13330
12888
12846
14327
13063
13013
12891
12835
12958
12766
12508
12707
12599
12602
12596
12662
12527
12228
12211
12387
12292
12491
13837
13442
12735
12616
12576
12452
12588
12490
12648
12436
12371
12440
12650
12536
12409
12426
12559
12772
12455
12581
12656
12438
12335
12435
12693
12756
12323
12697
12702
12611
12373
12344
12724
12727
12426
12494
12479
12400
12343
12378
12365
12426
12463
12576
12525
12452
12362
12428
12456
12405
12460
12425
12542
12771
12793
12798
12731
12675
12961
13244
12848
12651
12439
12499
12369
12741
12682
12669
12752
12707
12677
12641
12631
12629
12431
12376
12364
12533
12479
12438
15321
12903
12863
12719
12412
12373
12408
12322
12441
12380
12326
12111
12211
12152
12550
12437
12543
12461
12434
12372
12355
12422
12362
12422
12480
12493
12475
12319
12413
12367
12925
12881
12833
12968
13049
12920
12720
12821
12916
12890
13516
12794
12938
12638
12400
12405
12369
12395
12394
12520
12760
12704
12650
12675
12163
12227
12500
12512
17133
12582
12622
12489
12442
12620
12830
12671
12652
12515
12544
12897
12619
12722
12736
12590
12417
13295
13129
13084
13133
15525
13053
12686
12704
12666
12685
12764
12694
12788
12794
12778
12715
12787
12829
13024
13004
12802
12844
12654
12734
12914
13064
12943
13167
13084
12962
12683
12554
12431
12426
12413
12651
12767
12699
12686
12397
12558
21454
13042
12894
12937
12675
12703
12674
12623
12472
12518
12534
12860
13111
13736
12904
13119
12775
12880
12738
12857
12810
12773
13025
12853
12827
12956
12812
12926
13182
12875
12854
14245
14838
13533
20271
15576
16456
13083
13747
18491
15076
18478
14921
31077
25454
17757
14941
15291
15266
14077
14078
26556
16210
13825
13116
12842
13002
13764
12930
13966
14007
13121
12871
13191
13582
18379
17277
14920
12954
12972
13000
13087
13152
15294
13648
13036
13684
15997
15434
14771
13573
12786
12978
12835
13326
14592
14973
13461
13021
13451
12902
13418
13025
13489
15753
13007
12932
12954
12866
13293
13206
13551
13288
13369
12911
13093
12934
15291
14567
13606
12868
12803
12823
12918
13345
13125
12901
12953
12861
13061
12794
12453
12492
12619
12908
12453
12581
12619
12452
12399
12537
12885
12835
12742
12680
12786
12761
12756
12683
12670
12513
12892
12885
13071
13120
13127
12769
12829
12833
12660
12797
12814
12417
12771
12977
12727
12699
12754
12773
13160
13022
12917
12814
12591
12302
24814
14838
15963
13615
15325
13091
12774
13152
13038
13452
13497
12833
13559
13259
13433
13024
12823
14534
15887
14225
12973
13697
13111
13154
12894
12816
12801
12765
12801
12676
12598
12333
12752
12463
12619
12459
12459
12670
12612
12564
12492
12396
12458
12786
12999
12859
12874
13327
12995
13035
12833
12902
12840
12739
12788
12768
12787
12778
12682
12479
12459
12884
12595
12752
12680
12661
12651
12386
12572
12370
12483
12441
12443
12535
12433
12419
12378
12532
12406
12351
12682
12866
12812
12651
12458
13056
12970
12850
13023
12633
12565
12402
12464
12497
12663
12636
14194
12994
12584
12555
12367
12251
12247
12503
12410
12388
12571
12991
19103
12881
12525
12772
12676
12704
12432
12645
12709
12465
12329
12669
13213
12713
12753
13586
12703
13023
12857
12842
12791
12691
12737
12782
13575
14716
12858
13304
12886
13723
13101
13655
15514
31295
29532
13526
15722
13269
13006
13060
14487
22150
15210
15871
12874
12938
13465
13901
13526
13556
12884
12808
15818
13026
12857
12840
13073
13584
12832
13387
21490
15869
13219
13908
13135
13617
12942
13476
13731
13509
14214
12959
12843
14570
13035
15836
12827
13381
12905
13009
12945
13611
13122
12864
13848
13596
13984
12962
12786
13105
12955
15087
13436
12926
12838
12802
13070
13038
13256
13080
12992
12901
12805
12958
12811
12886
12810
13127
13245
13149
13040
12876
12735
12713
12719
12751
12456
13076
13355
13193
13045
13152
13062
13654
13041
12766
12578
12658
12794
12683
12836
12912
12726
12612
12648
14436
13847
12777
12701
12705
12702
12710
12677
12907
12784
12732
12690
12756
12887
12771
12967
12781
12548
12519
12637
12353
12450
12413
12388
12525
12729
12683
12403
12366
12438
12403
12351
12372
12614
12759
12721
12671
12605
12463
12434
12370
12412
12846
12740
12676
12682
12609
12438
12503
12510
12427
12493
12484
12603
12742
12572
12375
12324
12190
12421
12550
12681
12710
12507
12431
12446
12459
12591
12694
12673
12790
12556
12466
12418
12345
12415
12362
12501
12461
12520
13757
12952
13132
13240
13504
13249
13247
13336
13088
13201
13170
13116
13285
13442
13247
13541
13115
12947
12790
12801
12686
12915
13243
12880
13011
13141
13296
13085
12817
12585
12975
13128
12877
12604
12715
12778
13320
13399
12855
12912
13494
13348
13200
12707
13269
13406
13316
13539
12447
12752
12755
13089
13108
13000
12748
12501
12704
12752
12696
12796
12813
12548
12989
12815
12923
12652
12567
12447
12435
12330
12687
12412
12367
12363
12472
12735
15931
13298
13006
12736
12727
12569
12541
12977
13024
12689
12403
12587
12629
12802
13231
12934
13128
13134
13356
13165
12941
13156
13065
12769
12468
12615
12600
12600
12660
13002
12686
12618
12433
12539
12521
13041
13035
13090
12856
12852
13110
13019
13126
13164
13022
13212
13116
13036
13144
13137
13281
13171
13190
13464
13043
13250
13125
13136
13335
13389
12843
12906
12998
12879
12901
12638
13010
12874
12428
12385
12431
12423
12384
12582
12638
12553
12451
12365
15375
13298
13181
13025
12805
13070
13022
12973
12924
13151
12996
12874
12911
12882
13012
12818
12725
12497
12443
12955
12318
12273
12726
12760
12638
22841
13935
17313
17478
16358
13652
13363
13251
13757
12815
12851
13445
13019
13355
12913
13034
13015
12903
13056
13451
13263
12852
13267
13183
13872
13696
13247
12779
13130
12818
13346
12678
12589
12459
12471
12380
12427
12449
12463
12619
12731
12427
12408
12408
12368
12436
12531
12419
12486
12687
15552
14361
12807
12849
12914
12813
12814
12761
12899
13638
12751
12621
12623
12595
12753
12659
12614
12512
12606
12381
12621
12740
20149
13240
12761
12713
12644
12660
12649
12880
12706
12749
12665
12702
12923
13252
12861
12740
12842
12791
13016
12922
12816
12768
12782
12751
12736
12850
13337
13689
15854
13972
15804
13372
13510
13183
12998
23599
28651
18056
14214
17044
15216
19815
14467
16476
14513
18323
13361
12997
13029
14244
14343
17127
18151
14831
13139
14119
12983
12780
12878
13081
12984
13386
12896
12988
12889
13143
12852
12975
13425
16804
15105
13228
13486
13038
12819
13395
14408
13557
12805
12792
12807
12761
12816
13105
12795
12889
13610
13082
13104
12927
12961
13017
12758
14026
12900
12799
13179
13242
13088
12880
12886
13242
13117
12989
12914
12939
12810
13384
13504
13088
13010
12952
13082
13304
12895
12827
12825
12749
12861
12833
12770
12885
12610
12772
12697
14363
13737
13585
13077
12796
12795
13027
12895
12838
12952
12833
12911
12841
12750
12765
12807
12985
13073
13697
13360
12817
12791
12614
12698
12542
12809
12781
12713
13308
12957
12577
12360
12478
12499
12639
12551
12453
12623
12744
12635
12478
12795
13177
13064
12720
12799
12610
12780
12563
12640
12660
12820
12890
12791
13042
12859
12738
12745
12848
12441
12670
12574
13183
12766
12809
12725
12434
12450
12491
12785
13482
13651
13435
13486
13141
13054
13249
13203
15086
18216
14034
13444
13487
13288
12813
13188
13458
13386
13110
13243
13431
13542
12838
13038
13480
13027
13508
13290
13186
12808
13552
12980
13142
13278
13139
13142
12967
12982
12810
13021
13200
13010
13494
13042
13040
13252
12888
13187
12809
13007
13025
13502
12999
12978
13082
13307
13095
13040
13587
13043
13110
13029
13061
13316
13133
13142
12809
13537
12931
13063
12806
12826
12799
12773
13603
14005
12548
12587
12480
12341
12698
12862
12362
12438
13454
13279
12850
12824
12451
12410
12333
12445
12506
12813
12768
12764
12647
12675
12721
12627
12645
12647
12390
12815
12759
12465
12491
12438
12414
12398
12412
12424
12826
12717
13051
13273
13098
13168
13303
13239
13112
12896
13210
13268
13069
13486
14256
12948
13353
13255
13207
13369
13241
13296
13118
13059
13699
13104
12890
13036
12881
13166
13054
13007
13252
13362
12780
13114
12955
13391
13129
12963
12794
12812
12783
12581
12743
12677
12683
12656
12410
14052
14636
12785
12550
13185
13051
13073
12998
13106
13409
13118
13239
13406
12817
13115
12785
12855
12846
12851
12963
12876
12755
12509
12702
12588
12580
12426
12656
12895
12762
12685
12720
12556
12752
12625
12739
12704
12520
12405
12814
12613
12591
12402
12499
12554
12527
12785
12764
12692
12605
12369
12426
12416
26726
14500
19944
12985
13122
13001
12822
12821
13026
12953
12946
13367
12910
13277
13071
13557
14828
13131
13165
13514
14065
14044
17299
14688
13816
13329
13423
13355
13529
14309
13582
12847
12791
12799
12845
12419
12510
12590
12980
12387
21542
32543
12881
12953
13020
13168
13831
13145
13587
12807
12767
12864
12883
12754
12652
12724
12873
12776
12662
12669
12485
12822
12782
12701
12382
12453
12746
12471
12403
12559
12418
12632
12724
12784
12708
12779
12430
12622
12940
12690
12486
12439
12775
12676
12692
12674
12789
12734
13040
12775
12841
12755
12499
12395
12525
12513
12589
14323
13834
12650
12673
13030
12797
12687
12674
12674
12805
12755
12718
12655
12552
12634
12820
12675
12667
12601
12651
12745
12517
12380
12441
12448
12486
12342
12812
12643
12689
12662
12451
12654
12707
12642
12363
12592
12532
12402
12508
12417
12409
12642
12417
12398
12804
12623
12694
12694
12621
12496
12439
12384
12427
12702
12746
12668
12675
12510
12425
12396
12329
12427
12639
12502
12427
12427
12491
12560
12453
12360
12596
12692
12693
12681
12643
12490
12396
12393
12362
14661
13054
12526
12683
12686
12647
12655
12628
12614
12683
12601
12363
12447
12434
12413
12380
12406
12366
12642
12438
12442
12414
12381
12338
12425
12418
12371
12413
12470
12588
12400
12335
12504
12592
12452
12364
12521
12558
12414
12385
12408
12390
12620
12346
12399
12574
12558
12360
12396
12435
12473
12374
12353
12450
12638
12389
12490
12462
12451
12345
12342
12397
12394
12386
12546
12607
12487
12469
12377
12430
12387
12379
12489
12921
12491
12719
12676
12431
12433
12368
14586
13418
12792
12416
12559
12450
12409
12333
12424
12473
12542
12324
12580
12420
12579
12646
12632
12638
12626
12405
12588
12415
12413
12386
12437
12399
12340
12614
12700
12718
12671
12414
12498
12368
12423
12324
12649
12764
12694
12681
12616
12433
12610
12421
12379
12657
12515
12441
12428
12402
12429
12317
12453
12414
12638
12340
12613
12356
12367
12372
12494
12337
12417
12690
12637
12602
12555
12647
12658
12660
12582
12263
12573
12893
12534
12391
12481
12324
12369
12442
14238
13469
12723
12691
12573
12415
12428
12463
12395
12417
12462
12239
12114
12343
12441
12457
12391
12386
12401
12556
12325
12714
12681
12683
12639
12423
12327
12713
12380
12500
12481
12448
12307
12415
12394
12427
12397
12530
12477
12698
12637
12562
12611
12283
12088
12320
12529
12410
12478
12379
12469
12395
12340
12368
12697
12508
12392
12726
12902
12788
12621
12663
12467
12677
12668
12679
12661
12636
12343
12552
12660
12626
12692
12729
12549
12457
12402
12352
12470
14221
13898
12746
12584
12548
12525
12446
12382
12432
12403
12491
12710
12722
12540
12421
12577
12630
12556
12977
12537
12769
12695
12643
12677
12666
12656
12620
12495
12604
12740
12681
12473
12416
12442
12391
12368
12373
12658
12394
12569
12362
12515
12567
12505
12421
12442
12579
12451
12713
12696
12676
12617
12498
12417
12707
12479
12422
12532
12419
12389
12521
12461
12404
12340
12646
12633
12508
12354
12401
12453
12351
12369
12382
12581
12640
12693
12665
12600
12556
12339
14934
12849
12731
12669
12671
12525
12430
12338
12648
12653
12665
12742
12679
12503
12613
12679
12617
12648
12654
12647
12652
12678
12622
12604
12342
12410
12393
12363
12663
12772
12704
12657
12639
12724
12660
12643
12419
12466
12503
12485
12373
12482
12579
12429
12343
12389
12607
12658
12636
12666
12649
12542
12354
12584
12678
12499
12385
12505
12453
12460
12426
12567
12614
12545
12422
12498
12585
12449
12365
12405
12450
12359
12511
12764
12808
12653
12606
12531
12395
12363
13424
13002
12663
12699
12651
12653
12654
12681
12629
12340
12466
12473
12539
12435
12443
12421
12212
12450
12554
12522
12462
12379
12356
12419
12554
12625
12655
12783
12756
12397
12397
12409
12392
12403
12323
12395
12497
12383
12515
12435
12337
12712
12687
12653
12665
12386
12504
12478
12456
12433
12363
12404
12374
12469
12483
12536
12421
12414
12390
12370
12750
12634
12730
12809
12565
12460
12409
12475
12427
12346
12330
12449
12450
12446
12963
12885
12822
12778
12479
13429
12756
12771
12736
12673
12543
12557
12721
12401
12422
12634
12754
12703
12667
12521
12305
12586
12667
12652
12499
12514
12498
12391
12404
12440
12382
12362
12306
12441
12614
12663
12685
12597
12431
12450
12409
12359
12589
12409
12507
12460
12364
12698
12412
12469
12339
12765
12639
12672
12651
12562
12383
12444
12371
12423
12441
12499
12523
12400
12365
12429
12559
12346
12472
12775
12732
12701
12617
12454
12337
12361
12385
12446
12499
12342
12843
12677
12601
12655
12392
13851
13179
12609
12675
12651
12683
12665
12604
12539
12366
12508
12463
12537
12419
12370
12102
12227
12391
12448
12470
12444
12467
12426
12362
12394
12424
12303
12478
12553
12588
12497
12438
12398
12370
12419
12336
12397
12646
12716
12651
12655
12514
12682
12394
12393
12326
12563
12458
12512
12447
12411
12422
12401
12385
12416
12458
12546
12641
12682
12647
12637
12680
12552
12394
12526
12509
12531
12389
12385
12349
12351
12409
12356
12544
12495
12553
12449
12437
12669
12671
14645
13016
12588
12778
12532
12477
12472
12374
12304
12424
12447
12405
12466
12546
12438
12353
12430
12406
12811
12752
12744
12724
12887
12704
12630
12573
12426
12328
12404
12498
12537
12411
12359
12416
12478
12379
12306
12439
12558
12387
12452
12611
12637
12414
12366
12353
12587
12551
12731
12655
12499
12658
12651
12630
12705
12790
12632
12696
12666
12657
12732
12703
12704
12683
12665
12767
12678
12826
12773
12356
12369
12358
12618
12437
12491
12788
12649
12641
12628
12645
15173
12703
12741
12587
12330
12329
12396
12463
12417
12431
12476
12477
12429
12412
12432
12460
12638
12701
12559
12571
12431
12380
12437
12427
12326
12344
12478
12503
12492
12372
12509
12591
12440
12750
12682
12673
12633
12461
12497
12425
12424
12621
12449
12395
12555
12326
12531
12438
12372
12387
12436
12352
12331
12488
12561
12544
12454
12315
12511
12443
12365
12454
12849
12695
12650
12666
12425
12454
12365
12298
12414
12568
12762
12370
12428
12561
12527
12364
12399
14547
13006
12807
12729
12578
12421
12469
12360
12400
12449
12565
12449
12427
12436
12453
12418
12411
12356
12546
12466
12534
12381
12402
12399
12414
12356
12307
12493
12508
12517
12339
12499
12405
12404
12390
12522
12665
12746
12647
12495
12377
12454
12629
12434
12332
12595
12372
12630
12361
12417
12382
12486
12336
12328
12695
12789
12685
12664
12143
12510
12362
12376
12296
12928
12793
12665
12696
12395
12434
12401
12412
12384
12568
12557
12419
12427
12412
12630
12474
12515
14150
13039
12339
12473
12534
12453
12463
12399
12427
12514
12779
12660
12690
12652
12431
12360
12361
12310
12811
12373
12495
12496
12444
12351
12427
12348
12456
12462
12669
12781
12425
12354
12428
12401
12479
12357
12443
12502
12591
12345
12428
12414
12705
12321
12380
12573
13317
12478
12375
12455
12438
12339
12377
12332
12711
12354
12525
12370
12620
12439
12530
12515
12435
12547
12565
12500
12506
12345
12420
12396
12393
12369
12433
12511
12522
12470
12392
12661
12440
14087
13900
12590
12580
12369
12399
12464
12361
12359
12341
12413
12544
13165
12677
12670
12652
12438
12364
12414
12570
12747
12702
12704
12568
12434
12389
12398
12392
12538
12450
12531
12454
12376
12402
12396
12385
12396
12575
12744
12711
12704
12594
12496
12723
12392
12353
12529
12508
12496
12414
12472
12404
12407
12343
12369
12486
12107
12270
12132
12357
12393
12432
12433
12636
12263
12591
12479
12422
12401
12408
12389
12369
12424
12484
12532
12474
12331
12431
12660
12404
12337
15539
12589
12549
12434
12392
12648
12637
12659
12645
12762
12751
12734
12726
12464
12369
12404
12633
12706
12745
12690
12579
12384
12490
12406
12353
12373
12421
12509
12363
12518
12363
12434
12346
12393
12403
12475
12470
12684
12670
12622
12347
12468
12466
12368
12464
12609
12695
12651
12622
12631
12546
12382
13130
12870
12748
12708
13030
12708
12663
12679
12650
12643
12820
12803
12604
12416
12453
13110
12423
12568
12754
12551
12462
12639
12649
12656
12631
12697
12654
15830
12573
12520
12359
12523
12435
12396
12353
12417
12450
12545
12389
12376
12455
12419
12401
12402
12426
12600
12655
12501
12493
12369
12370
12390
12383
12386
12416
12529
12551
12442
12310
12411
12434
12420
12325
12807
12727
12679
12658
12447
12596
12600
12379
12357
12584
12531
12394
12387
12398
12510
12343
12385
12399
12825
12648
12675
12668
12562
12360
12497
13163
12457
12447
12582
12581
12480
12362
12378
12651
12626
12660
12447
12575
12448
12379
12364
12420
12618
12426
14641
13051
12605
12710
12645
12679
12641
12380
12379
12594
12759
12689
12643
12514
12398
12491
12310
12362
12751
12695
12474
12500
12446
12472
12391
12351
12354
12637
12435
12690
12376
12393
12402
12327
12435
12369
12456
12462
12497
12436
12345
12454
12611
12401
12344
12429
12527
12438
12524
12375
12513
12432
12395
12330
12617
12402
12535
12395
12366
12359
12492
12609
12612
12773
12718
12500
12455
12402
12363
12465
12363
12343
12411
12488
12477
12420
12408
12951
12750
13602
13267
12437
12714
12689
12515
12439
12404
12414
12338
12436
12544
12502
12402
12373
12454
12401
12348
12360
12808
12436
12324
12517
12418
12434
12310
12410
12331
12554
12432
12471
12395
12416
12359
12356
12404
12389
12399
12694
12481
12473
12387
12446
12554
12421
12368
12448
13001
12413
12537
12402
12466
12574
12495
12521
12859
12815
12187
12368
12421
12351
12099
12107
12184
12486
12635
12525
12453
12379
12426
12367
12325
12335
12492
12451
12538
12345
12450
12358
12589
12420
13951
12766
12568
12433
12550
12456
12421
12439
12435
12643
12619
12497
12566
12418
12357
12383
12436
12392
12343
12682
12642
12856
12731
12438
12400
12398
12374
12380
12447
12487
13045
12659
12454
12440
12430
12450
12429
12639
12666
12528
12390
12535
12506
12263
12325
12443
12480
12414
12538
12398
12473
12341
12444
12364
12449
12417
12430
12512
12414
12409
12377
12386
12384
12518
12597
12729
12674
12636
12636
12474
12359
12381
12413
12521
12498
12413
12439
12418
12358
12742
14372
12954
12812
12739
12636
12681
12670
12622
12615
12386
12618
12544
12382
12359
12455
12397
12302
12366
12383
12988
12650
12680
12647
12582
12345
12421
12388
12331
12441
12505
12579
12412
12334
12369
12520
12357
12298
12445
12700
12692
12651
12714
12601
12435
12304
12417
12598
12523
12366
12420
12472
12376
12351
12412
12475
12574
12363
12480
12442
12474
12610
12652
12660
12679
12668
12796
12749
12667
12469
12410
12428
12373
12519
12751
12733
12666
12429
12646
12625
12762
13115
12748
12710
12478
12481
12393
12391
12361
12333
12533
12541
12503
12366
12762
12655
12612
12651
12361
12592
12529
12478
12401
12396
12403
12445
12369
12658
12764
12673
12642
12407
12390
12407
12362
12403
12321
12841
12650
12674
12675
12452
12565
12535
12361
12361
12454
12523
12511
12420
12404
12419
12419
12369
12438
12789
12708
12654
12576
12414
12367
12343
12385
12512
12760
12710
12680
12678
12498
12411
12337
12383
12429
12524
12354
12557
12372
12453
12372
12360
14620
12970
12406
12591
12436
12468
12349
12389
12374
12377
12492
12455
12574
12424
12389
12343
12536
12647
12635
12798
12645
12527
12338
12426
12399
12443
12337
12332
12582
12537
12358
12373
12458
12429
12335
12410
12328
12633
12363
12533
12391
12458
12650
12433
12350
12367
12531
12508
12494
12455
12384
12459
12392
12393
12457
12560
12685
12679
12647
12630
12460
12388
12355
12505
12803
12736
12664
12664
12485
12401
12380
12384
12454
12528
12332
12539
12439
12404
12324
12390
15434
12865
12697
12699
12602
12374
12381
12387
12361
12426
12691
12677
12693
12628
12625
12374
12421
12366
12393
12459
12682
12723
12657
12653
12530
12386
12363
12333
12480
12471
12515
12366
12418
12386
12388
12372
12357
12663
12723
12763
13882
14007
13920
12719
12696
12632
13048
13730
15269
14513
15315
14784
14908
13247
12880
12948
12801
12821
12835
12785
12795
12773
13046
13260
13114
12857
13134
12937
13218
12880
12880
12933
12787
12806
12774
12779
12796
12865
16816
12877
12878
12895
13105
12932
12917
12849
13082
13138
12749
12971
12869
12979
12768
13223
13081
13463
12870
12872
12856
12855
12707
12473
12714
15182
12764
12504
12589
12819
12793
17141
13586
13958
13881
13056
12905
12967
13103
13150
12933
12915
12842
12714
12745
12764
12673
12664
12482
12735
12846
12844
12357
12633
12705
12671
12454
12564
12361
12375
12718
12452
12548
12555
12652
12723
12689
12637
12446
12760
12721
12651
12597
13258
14418
12612
12574
19027
13244
13574
13036
13015
12464
12755
12691
12613
12863
13000
13149
13101
12917
12723
12658
12847
12766
12945
12702
12733
12746
12651
12650
12680
12731
12729
12717
12626
12448
12398
12298
12510
12512
12442
12379
12769
12740
12407
12139
12553
12176
12384
12447
12470
12765
12634
12472
12415
12367
12422
12448
12618
12720
12654
12651
12625
12485
12382
12450
12671
12787
12718
12394
12361
12579
12457
12661
12560
12527
12751
12569
12676
12453
12466
12383
12344
12359
16148
13232
12621
12441
12517
12387
12449
12378
12448
12536
12527
12406
12397
12417
12389
12389
12359
12499
12781
12463
12577
12455
12464
12413
12400
12401
12499
12490
12743
12576
12491
12566
12712
12712
12662
12568
12490
12526
12390
12649
12636
12652
12785
12325
12554
12640
12718
12659
12448
12471
12489
12367
12341
12554
12680
12401
12376
12368
12482
12337
12461
12758
12701
12684
12643
12504
12417
12547
12313
12561
12665
12382
12644
12502
12215
12044
12151
12135
12250
12437
15034
12744
12501
12439
12526
12440
12712
12518
12770
12701
12590
12425
12345
12479
12337
12341
12563
12596
12674
12387
12573
12477
12422
12398
12334
12494
12558
12357
12505
12412
12461
12309
12411
12350
13059
12684
12716
12675
12582
12394
12335
12451
12616
12454
12456
12693
12664
12628
12637
12696
12492
12590
12684
12718
12743
12673
12386
12417
12360
12359
12434
12810
12694
12705
12685
12610
12631
12699
12572
12541
12757
12687
12660
12664
12495
12418
12348
12357
12425
13053
13401
12677
12713
12668
12697
12642
12627
12760
12716
12651
12743
12709
12674
12625
12473
12393
12957
12718
12712
12673
12544
12350
12451
12300
12440
12672
12737
12720
12674
12628
12617
12522
12517
12796
12594
12724
12505
12487
12309
12355
12372
12710
12518
12551
12487
12418
13175
12402
12362
12425
12393
12524
12609
12526
12474
12397
12383
12448
12339
12368
12444
12527
12463
12517
12400
12463
12592
12452
12360
12445
12551
12498
12446
12388
12420
12438
12347
12373
12458
12895
13516
12681
12702
12703
12648
12651
12620
12702
12772
12718
12658
12650
12474
12399
12355
12494
12786
12813
12613
12570
12538
12506
12446
12484
12131
12544
12434
12527
12498
12379
12355
12392
12443
12378
12524
12644
12850
12700
12524
12449
12474
12689
13220
13680
13419
13786
13376
13008
12795
12728
12705
12898
12727
12756
12774
12747
12717
12856
12791
12709
12669
12850
12623
12464
12440
12419
12584
12635
12547
12759
12813
12830
12760
12797
12815
12811
12797
16775
14377
12826
12894
12835
13156
12898
13583
13143
13012
13012
12939
13169
13020
13154
12806
12847
12795
12809
12963
12802
12820
12793
12792
12776
12793
13047
13128
12887
12804
12537
12492
12462
12464
12544
12759
12780
12796
12801
12806
12826
12872
12815
12845
13065
12806
12810
12804
12812
12812
12765
12789
12750
12832
12645
12771
12643
12449
12652
12705
12920
12762
12755
12738
12422
12445
12666
12485
12496
12748
12582
12445
12647
12838
12805
12621
12652
12642
15242
13307
12537
12821
12629
12663
12631
12624
12500
12497
12460
12533
12415
12367
12415
12394
12343
12351
12420
12583
12484
12383
12414
12440
12372
12549
12386
12655
12655
12519
12683
12641
12654
12641
12560
12469
12527
12682
12667
12601
12491
12400
12665
12416
12515
12458
12426
12522
12403
12365
12340
12505
12326
12495
12729
12722
12697
12694
12343
12371
12411
12328
12509
12602
12513
12395
12510
12434
12456
12656
12464
12507
12767
12630
12468
12559
12479
12448
12421
12387
15148
13135
12782
12504
12529
12462
12368
12345
12405
12657
12480
12412
12412
12424
12416
12371
12374
12381
12572
12651
12601
12454
12423
12320
12460
12374
12371
12417
12560
12578
12767
12674
12695
12712
12709
12322
12471
12528
12502
12395
12431
12444
12786
12649
12639
12831
12688
12407
12402
12426
12494
12356
12423
12410
12644
12355
12552
12407
12384
12350
12451
12356
12356
12758
12797
12676
12471
12334
12402
12654
12432
12400
12551
12711
12700
12622
12667
12351
12396
13522
13288
12581
12634
12695
12517
12402
12433
12383
12403
12427
12548
12412
12737
12654
12655
12650
12509
12384
12624
12778
12667
12697
12670
12450
12298
12370
12420
12555
12382
12528
12411
12433
12336
12605
12619
12452
12677
12617
12566
12430
12382
12702
12450
12414
12336
12642
12635
13001
12440
12256
12361
12256
12157
12395
12576
12561
12438
12409
12371
12498
12337
12382
12329
12777
12756
12708
12720
12635
12350
12596
12417
12357
12453
12509
12570
12432
12648
12775
12716
13837
13779
12565
12673
12816
12278
12193
12175
12197
12301
12469
12342
12478
12133
12281
12233
12165
12372
12408
12453
12506
12685
12711
12643
12685
12584
12524
12579
12510
12410
12438
12611
12442
12381
12357
12597
12376
12518
12746
12724
12670
12368
12772
12696
12659
12634
12576
12564
12505
12377
12467
12525
12414
12345
12400
12581
12529
12358
12552
12459
12390
12348
12417
12497
12589
12674
12679
12675
12565
12341
12668
12359
12354
12424
12524
12509
12392
12369
12425
12404
12334
16260
12557
12879
12723
12444
12257
12344
12350
12335
12284
12507
12465
12371
12288
12301
12347
12317
12378
12487
12465
13084
12582
12668
12471
12430
12380
12326
12381
12545
12645
12706
12624
12658
12562
12434
12312
12449
12386
12498
12468
12431
12617
12414
12496
12524
12442
12552
12484
12409
12393
12451
12372
12363
12451
12458
12779
12704
12631
12673
12512
12368
12342
12468
12444
12478
12653
12750
12686
12624
12523
12381
12373
12521
12407
12513
12445
12401
12344
13772
13784
12515
12612
12728
12748
12486
12458
12369
12614
12425
12373
12410
12540
12548
12345
12403
12433
12415
12337
12356
12553
12555
12369
12456
12427
12440
12323
12380
12363
12584
12341
12517
12419
12419
12328
12459
12420
12367
12455
12490
12569
12426
12613
12413
12457
12384
12310
12439
12483
12537
12658
12707
12670
12659
12374
12377
12574
12570
12330
12412
12405
12399
12337
12444
12371
12488
12384
12592
12385
12452
12342
12595
12372
12413
12692
12700
12678
12649
12568
12371
14633
12825
12672
12754
12534
12575
12252
12117
12162
12165
12139
12433
12617
12699
12464
12446
12456
12431
12367
12401
12490
12488
12651
12709
12598
12451
12606
12638
12642
12590
12477
13192
12848
12727
12702
12645
12422
12382
12513
12447
12562
12422
12661
12390
12571
12359
12387
12481
12541
12577
12654
12632
12654
12547
12561
12348
12737
12632
12513
12433
12410
12428
12453
12382
12400
12680
12747
12665
12549
12519
12279
12377
12426
12382
12530
12480
12512
12384
12851
12455
13710
13109
12725
12706
12730
12709
12564
12543
12405
12558
12504
12213
12458
12522
12485
12403
12479
12748
12545
12563
12702
12587
12475
12409
12357
12449
12362
12337
12440
12517
12563
12331
12628
12728
12900
12804
12743
12658
12493
12516
12404
12618
12515
12401
12336
12384
12588
12545
13242
12416
12482
12392
12352
12378
12488
12512
12316
12615
12535
12469
12416
12610
12705
12675
12701
12751
12666
12424
12324
12472
12398
12529
12379
12614
12499
12442
12418
12476
12402
14965
12254
12417
12619
12514
12373
12729
12645
12618
12652
12529
12383
12526
12434
12431
12413
12405
12389
12367
12401
12752
12578
12572
12518
12395
12449
12379
12402
12345
12486
12538
12479
12461
12361
12513
12444
12385
12343
12722
12735
12685
12656
12677
12412
12387
12429
12329
12583
12488
12453
12398
12444
12370
12364
12420
12412
12791
12663
12688
12676
12436
12409
12394
12431
12582
12672
12587
12636
12682
12347
12390
12397
12552
12395
12793
12582
12430
12471
12347
12380
13882
12753
12552
12757
12509
12506
12639
12685
12646
12612
12448
12492
12541
12495
12367
12458
12465
12355
12320
12734
12860
12805
12561
12941
12780
12615
12241
12520
12431
12578
12449
12594
12378
12394
12359
12469
12418
12327
12424
12489
12537
12403
12581
12443
12427
12391
12302
12637
12636
12544
12338
12705
12664
12623
12666
12643
12549
12542
12452
12627
12501
12586
12448
12553
12122
12605
12427
12924
12662
13352
12581
12407
12562
12448
12818
12644
12687
12675
12409
12367
13883
12680
12853
12679
12526
12685
12818
12645
12608
12653
12546
12592
12606
12703
12672
12636
12366
12442
12424
12671
12534
12615
12718
12539
12145
12139
12068
12078
12020
12390
12441
12161
12572
12467
12442
12422
12364
12360
12661
12359
12541
12431
12633
12349
12424
12389
12457
12656
12734
12677
12642
12524
12398
12446
12488
12329
12412
12563
12542
12385
12369
12421
12559
12359
12349
12777
12711
12689
12661
12414
12403
12361
12490
12739
12515
12649
12695
12446
12440
12315
15010
12879
12921
12833
12393
12699
12903
12884
12782
12632
12461
12707
12680
12695
12642
12605
12393
12362
12463
12461
12667
12732
12731
12659
12555
12359
12432
12366
12352
12475
12518
12517
12541
12332
12603
12559
12419
12395
12493
12518
12436
12647
12680
12630
12619
12630
12492
12562
12479
12409
12481
12415
12369
12448
12376
12432
12449
12378
12576
12470
12456
12480
12687
12651
12631
12392
12458
12394
12256
12080
12066
12052
12537
12555
12369
12428
12297
12592
12539
14469
13272
12424
12712
12766
12793
12726
12357
12455
12599
12657
12662
12470
12547
12384
12408
12411
12368
12301
12481
12389
12420
12376
12598
12464
12669
12598
12629
12653
12511
12052
12448
12478
12401
12352
12388
12453
12358
12422
12493
12682
12690
12653
12493
12371
12416
12339
12430
12560
12466
13003
12455
12380
12387
12203
12098
12259
12482
12397
12546
12469
12416
12315
12520
12407
12484
12459
12551
12455
12409
12365
12396
12372
12342
12436
12555
12483
12401
12403
12516
12647
15290
12753
12812
12525
12416
12370
12450
12481
12411
12409
12498
12419
12525
12739
12452
12423
12435
12356
12512
12813
12685
12653
12662
12497
12367
12639
12656
12631
12766
12631
12511
12430
12375
12398
12458
12385
12466
12374
12512
12498
12427
12560
12435
12400
12496
12424
12938
12684
12664
12632
12442
12367
12358
12474
12397
12542
12470
12459
12389
12408
12406
12344
12480
12627
12786
12651
12799
12658
12660
12629
12496
12359
12683
12741
12698
12651
12682
12611
13129
13367
12558
12601
12710
12679
12657
12654
12638
12752
12547
12493
12417
12633
12530
12444
12319
12502
12480
12329
12549
12387
12871
12815
13331
13153
12920
12691
12637
12886
12771
12721
12976
12961
12604
12480
12368
12964
12293
