1906
1825
1744
1704
1729
1728
1705
1728
1757
1840
1833
1735
1734
1734
1734
1732
1734
1770
1733
1865
1729
1753
1728
1704
1729
1730
1705
1752
1824
1838
1728
1704
1728
1727
1717
1728
1756
1728
1732
1728
1727
1728
1704
1731
1743
1816
1757
1791
1816
1803
1778
1764
1779
1779
1779
1755
1803
1850
1780
1781
1755
1778
1779
1874
1817
1739
1782
1729
1731
1705
1764
1795
1729
1704
1727
1762
1826
1705
1728
1728
1756
1739
1763
1729
1728
1765
1728
1763
1763
1704
1759
1728
1747
1720
1770
1761
1728
1704
1772
1762
1736
1733
1737
1735
1783
1757
1739
1878
1823
1830
1973
1789
1946
2036
1841
1814
2023
1732
1707
1764
2010
1897
2137
2157
1954
1809
1906
1846
1809
1824
1734
1768
1759
1923
1938
1849
1779
1778
1779
1779
1756
1782
1779
1782
1804
1755
1778
1779
1779
1755
1809
1794
1790
1796
1733
1735
1856
1930
1885
1792
1755
1737
1735
1735
1734
1735
1735
1784
1794
1773
1736
1735
1734
1735
1735
1918
1777
1776
1797
1683
1683
1682
1682
1682
1681
1745
1682
1717
1808
1683
1682
1681
1683
1682
1688
1735
1682
1732
1683
1682
1684
1681
1683
1689
1734
1683
1682
1707
1682
1682
1681
1682
1688
1741
1681
1829
1683
1708
1683
1682
1690
1681
1737
1784
1761
1728
1728
1931
1728
1707
1729
1767
1686
1683
1709
1685
1781
1751
1687
1684
1682
1742
1683
1682
1684
1683
1733
1686
1684
1682
1838
1730
1729
1706
1729
1786
1781
1704
1728
1739
1682
1681
1682
1682
1689
1736
1682
1682
1738
1682
1683
1681
1683
1688
1681
1707
1682
1682
1735
1683
1683
1682
1689
1682
1681
1707
1683
1767
1759
1735
1744
1734
1757
1734
1734
1889
1755
1734
1734
1735
1734
1734
1734
1732
2078
1756
1733
1736
1733
1734
1734
1734
1732
1833
1756
1734
1735
1724
1728
1728
1705
1729
1728
1788
1734
1739
1736
1736
1733
1735
1736
1736
1737
1765
1735
1734
1734
1735
1735
1733
1736
1740
1737
1733
1735
1735
1735
1733
1736
1758
1812
1791
1838
1735
1734
1756
1756
1733
1734
1759
1733
1785
1804
1734
1734
1734
1757
1757
1735
1734
1758
1762
1755
1758
1734
1735
1733
1761
1758
1770
1758
1728
1728
1717
1751
1765
1756
1716
1716
1764
1823
1727
1705
1728
1730
1799
1749
1731
1728
1728
1728
1763
1766
1704
1759
1728
1762
1704
1764
1752
1728
1706
1762
1772
1738
1758
1736
1736
1772
1848
1739
1735
1765
1733
1758
1759
1735
1733
1798
1827
1760
1766
1801
1792
1766
1790
1791
1764
1736
1735
1764
1750
1737
1735
1735
1736
1732
1764
1682
1684
1743
1684
1706
1709
1686
1682
1684
1740
1709
3563
2076
2496
1992
1989
2384
1835
1882
1844
1882
1820
1834
1943
2013
2039
1929
1778
1776
1771
1782
1768
1770
1828
2052
1811
1951
1773
1769
1769
1780
1778
1756
1984
1798
1773
1790
1791
1768
1769
1768
1766
1880
1796
1786
1783
1781
1807
1807
1783
1782
1768
1827
1807
1807
1783
1782
1783
1807
1759
1783
1870
1749
1784
1807
1758
1735
1735
1738
1733
1839
1791
1735
1784
1733
1757
1757
1744
1733
1841
1799
1757
1756
1734
1734
1744
1732
1758
1739
1768
1745
1734
1756
1757
1735
1734
1735
1757
1755
1826
1735
1734
1733
1736
1756
1758
1771
1735
1787
1790
1788
1790
1789
1788
1788
1817
1787
1862
1914
1743
2036
1801
1790
1985
1804
1830
1953
1829
1789
1787
1789
1788
1842
1790
1788
1789
1809
1788
1788
1787
1789
1795
1792
1792
1793
1806
1790
1788
1789
1787
1788
1788
1799
1788
1787
1788
1789
1788
1789
1787
1781
1736
1734
1733
1762
1757
1757
1734
1757
1736
1757
1733
1763
1757
1743
1704
1763
1795
1730
1705
1728
1728
1739
1819
1728
1728
1752
1715
1762
1763
1704
1727
1756
1763
1704
1790
1728
1727
1705
1764
1762
1727
1729
1728
1801
1790
1758
1734
1734
1734
1733
1787
1795
1758
1732
1733
1734
1734
1733
1734
1734
1814
1732
1844
1728
1728
1704
1728
1763
1765
1743
1740
1756
1751
1733
1839
1789
1813
1807
1802
1874
1788
1801
1799
1801
1797
1801
1798
1856
1897
1827
1839
1787
1786
1788
1792
1733
1793
1903
1804
1809
1771
1814
1811
1788
1787
1704
2332
1797
1747
1832
1738
1780
1756
1780
1813
1816
1796
1794
1787
1806
1805
1805
1780
1980
1807
1901
1815
1804
1767
1794
1830
1779
1840
1781
1837
1814
1805
1804
1790
1769
1831
1781
1831
1826
1767
1784
1779
1783
1768
1771
1791
1795
1807
1756
1810
1810
1783
1779
1755
1781
1818
1809
1803
1756
1807
1779
1808
1756
1794
1803
1779
1809
1791
1790
1789
1789
1828
1757
1780
1807
1802
1852
1756
1779
1779
1788
1778
1755
1778
1778
1801
1757
1779
1781
1794
1779
1755
1779
1803
1826
1767
1796
1790
1799
1789
1788
1790
1790
1792
1793
1788
1791
1795
1789
1790
1787
1790
1783
1738
1733
1735
1761
1736
1734
1811
1781
1915
1803
1755
1747
2192
1811
1736
1763
1755
1772
1836
1824
1800
1748
1762
1735
2300
1915
2966
1795
1865
1807
1844
1789
1861
1790
1939
2002
1861
1799
1854
1841
1792
1825
1795
1789
1848
2012
1920
1864
2185
15652
2809
2333
1997
1793
1795
1789
1800
1788
1788
1788
1787
1788
1788
2070
1854
1790
1788
1788
1788
1788
1788
1819
2068
1790
1895
1790
1805
1800
1799
1797
1865
1984
1796
1792
1790
1789
1790
1790
1791
1968
2080
1847
1806
1829
1779
1827
1803
1791
1829
1857
1793
1791
1791
1788
1793
1796
1798
1789
1788
1843
1781
1828
1827
1756
1782
1849
1794
1789
1789
1791
1791
1790
1793
1787
1834
1792
1789
1800
1787
1788
1800
1788
1788
1786
1790
1788
1790
1788
1791
1798
1797
1835
1800
1787
1788
1789
1788
1795
1787
1788
1787
1788
1787
1788
1753
1797
1705
1727
1728
1762
1733
1763
1728
1728
1765
1763
1761
1728
1704
1785
1932
2008
2167
1932
1894
1793
1794
1810
1773
1781
1784
1962
1860
1790
1729
1728
1761
1738
1763
1730
1728
1754
1916
1777
1871
1754
1704
1731
1762
1763
1704
1779
1728
1727
1736
1762
1730
1728
1704
1728
1763
1821
1704
1742
1730
1763
1704
1762
1728
1728
1759
1763
1757
1729
1704
1729
1728
1739
1763
1728
1753
1704
1761
1762
1762
1705
1728
1728
1762
1704
1793
1796
1780
1756
1779
1779
1778
1778
1756
1846
1781
1793
1705
1728
1727
1761
1704
1765
1798
1803
1778
1755
1779
1779
1778
1756
1789
1784
1807
1791
1788
1789
1791
1789
1794
1787
1848
1792
1792
1791
1788
1790
1792
1791
1790
1795
1790
1789
1789
1790
1788
1791
1789
1789
1859
1756
1808
1779
1779
1763
1774
1762
1728
1732
1729
1775
1762
1739
1735
1728
1727
1704
1794
1759
1724
1816
1691
1707
1707
1681
1683
1735
1705
1764
1783
1803
1681
1682
1683
1705
1707
1735
1683
1682
1741
1706
1706
1683
1683
1682
1719
1761
1769
1704
1782
1728
1762
1704
1761
1761
1728
1711
1761
1819
1728
1704
1728
1728
1874
1768
1705
1728
1728
1728
1762
1763
1728
1705
1780
1783
1759
1733
1788
1791
1735
1759
1758
1879
1779
1779
1779
1755
1997
1779
1779
1781
1755
1780
1778
1778
1766
1849
1779
1781
1802
1831
1706
1762
1763
1717
1772
1727
1738
1752
1869
1728
1727
1728
1704
1763
1827
1728
1704
1756
1762
1763
1704
1728
1728
1810
1740
1764
1778
1948
1728
1704
1762
1770
1704
1752
1728
1786
1812
1756
1780
1779
1788
1755
1931
1780
1780
1779
1755
1778
1781
1778
1778
1832
1889
1800
1736
1735
1733
1738
1736
1736
1733
1763
1761
1745
1682
1711
1684
1682
1685
1709
1682
1901
1685
1684
1685
1709
1709
1682
1683
1683
1805
1707
1709
1686
1682
1684
1684
1709
1707
1753
1761
1734
1791
1757
1758
1734
1732
1734
1763
1758
1780
1743
1734
1734
1757
1757
1733
1751
1747
1888
1757
1758
1732
1734
1734
1757
1732
1775
1735
1889
1728
1738
1763
1728
1704
1728
1758
1763
1813
1705
1728
1728
1704
1763
1762
1758
1704
1776
1790
1760
1704
1728
1727
1729
1748
1764
1728
1784
1705
1728
1762
1760
1706
1829
1729
1762
1705
1786
1728
1728
1704
1769
1824
1809
1805
1756
1933
1781
1864
1781
1755
1787
1764
1763
1704
1740
1807
1745
1756
1756
1758
1729
1704
1728
1763
1900
1768
1704
1728
1766
1763
1704
1728
1728
1707
1834
1763
1728
1730
1731
1729
1763
1752
1722
1782
1728
1704
1762
1759
1728
1704
1728
1769
1762
1759
1728
1728
1756
1738
1764
1734
1729
1704
1757
1763
1764
1745
1768
1729
1769
1705
1763
1728
1858
1705
1772
1781
1787
1779
1755
1780
1780
1849
1757
1781
1780
1785
1779
1755
1779
1779
1826
1768
1771
1733
1728
1704
1728
1762
1762
1704
1782
1755
1764
1704
1766
1728
1728
1704
1763
1763
1823
1770
1767
1779
1778
1784
1756
1781
1779
1867
1763
1704
1728
1728
1704
1762
1761
1735
1729
1779
1764
1763
1752
1716
1728
1727
1707
1763
1961
1728
1727
1704
1762
1763
1735
1705
1728
1901
1884
1807
1756
1819
1854
1807
1762
1738
1728
1781
1728
1739
1762
1730
1728
1705
1761
1761
1785
1734
1737
1736
1762
1733
1760
1764
1735
1734
1783
1758
1737
1733
1735
1735
1814
2098
2117
2108
2033
1799
1860
1776
1793
1889
1787
1780
1810
1789
1729
1728
1738
1766
1728
1729
1704
1864
1834
1710
1787
1682
1761
1764
1763
1704
1730
1840
1728
1738
1763
1782
1760
1706
1733
1762
1900
1779
1755
1780
1790
1858
1831
1777
1735
1747
1748
1734
1735
1775
1781
1765
1780
1779
1779
1906
1891
1830
1798
1799
1788
1787
1787
1871
1788
1798
1773
1760
1810
1764
1764
1705
1751
1866
1799
1772
1756
1780
1779
1779
1779
1755
1832
1826
1793
1744
1750
1729
1728
1704
1858
1758
1768
1779
1787
1780
1780
1780
1780
1756
1779
1805
1800
1706
1751
1728
1751
1739
1785
1731
1759
1727
1758
1786
1762
1735
1728
1751
1765
1727
2080
1738
1738
1736
1758
1759
1738
1735
1733
1851
1803
1779
1778
1755
1779
1782
1778
1779
1775
1842
1736
1738
1734
1738
1735
1735
1733
1766
1758
1735
1733
1734
1740
1696
1696
1686
1741
1682
1764
1709
1881
1798
1809
1929
1958
2003
2014
1889
1841
1995
1929
1758
1683
1682
1765
1681
1707
1696
1683
1681
1706
1707
1682
1736
1684
1704
1797
1706
1764
1682
1683
1683
1706
1758
1690
1694
1742
1683
1707
1711
1683
1683
1744
1693
1770
1760
1683
1682
1683
1712
1682
1741
1689
1681
1683
1740
1695
1698
1683
1683
1681
1774
1712
1682
1683
1707
1683
1710
1712
1688
1722
1682
1683
1711
1712
1682
1683
1681
1688
1762
1768
1683
1682
1682
1742
1712
1712
1686
1683
1807
1857
1704
1728
1728
1861
1704
1738
1728
1727
1704
1727
1728
1728
1704
1911
1728
1728
1732
1729
1728
1728
1704
1728
1811
1704
1728
1758
1727
1704
1728
1711
1688
1681
1709
1682
1710
1740
1683
1681
1683
1687
1712
1710
1708
1682
1738
1683
1712
1710
1690
1683
1683
1681
1711
1737
1681
1683
1682
1686
1712
1711
1682
1681
1682
1762
1706
1712
1688
1681
1683
1711
1711
1767
1711
1683
1682
1717
1711
1682
1682
1682
1683
1849
1776
1688
1682
1682
1684
1712
1711
1683
1713
1724
1686
1712
1712
1682
1683
1682
1682
1711
1762
1687
1681
1683
1712
1682
1712
1683
1682
1711
1765
1712
1681
1683
1683
1682
1712
1712
1682
1745
1683
1682
1711
1711
1683
1682
1683
1687
1743
1787
1801
1683
1682
1682
1712
1712
1687
1865
1684
1752
1797
1712
1683
1682
1682
1720
1681
1729
1683
1741
1682
1712
1711
1682
1689
1683
1736
1710
1712
1707
1681
1683
1688
1711
1712
1711
1683
1682
1683
1738
1710
1688
1682
1682
1683
1799
1729
1704
1811
1791
1736
1704
1727
1728
1758
1704
1727
1728
1850
1731
1728
1727
1727
1779
1745
1729
1729
1723
1803
1728
1728
1704
1761
1728
1704
1705
1689
1798
1682
1712
1711
1682
1738
1683
1688
1712
1711
1705
1682
1683
1682
1770
1712
1688
1683
1682
1706
1736
1711
1682
1734
1682
1687
1712
1712
1682
1707
1683
1681
1712
1784
1690
1682
1682
1712
1681
1712
1683
1681
1710
1718
1712
1681
1683
1682
1682
1712
1712
1682
1806
1794
1732
1766
1746
1848
2153
1876
1774
1728
1704
1728
1728
1727
1739
1762
1886
1754
1705
1729
1762
1763
1704
1727
1727
1830
1704
1845
1758
1728
1842
1804
1774
1738
1728
1760
1752
1712
1712
1681
1683
1683
1688
1712
1712
1765
1681
1688
1712
1681
1712
1688
1681
1683
1741
1889
1932
1947
2071
1817
1871
1764
3607
2157
2392
1927
1827
1802
1780
1771
1997
1999
1741
1736
1739
1735
1683
1683
2005
1683
1883
1720
1719
1705
1683
1683
1684
1739
1684
1683
1827
1690
1683
1683
1682
1683
1776
1712
1683
1684
1748
1682
1683
1683
1682
1683
1716
1682
1683
1713
1682
1683
1684
1682
1683
1736
1683
1682
1690
1707
1682
1683
1683
1682
1683
1760
1713
1684
1683
1767
1682
1683
1683
1682
1739
1688
1683
1682
1684
1811
1682
1683
1683
1682
1756
1683
1683
1682
1683
1743
1682
1684
1683
1738
1682
1683
1684
1682
1709
1683
1682
1683
1733
1682
1683
1684
1683
1683
1707
1687
1682
1690
1836
1682
1683
1683
1683
1682
1683
1687
1682
1685
1683
1682
1683
1683
1683
1685
1688
1682
1683
1741
1732
1683
1684
1683
1682
1689
1791
1682
1752
1684
1683
1682
1684
1684
1687
1684
1795
1708
1710
1685
1683
1682
1684
1689
1682
1745
1683
1687
1682
1684
1684
1682
1688
1684
1682
1707
1740
1683
1683
1683
1682
1691
1684
1684
1682
1769
1756
1683
1684
1684
1688
1682
1683
1685
1683
2182
1685
1684
1682
1691
1685
1683
1682
1684
1745
1723
1709
1692
1682
1684
1685
1685
1682
1684
1857
1715
1690
1684
1684
1682
1683
1683
1683
1747
1749
1718
1682
1682
1706
1705
1683
1682
1681
1734
1761
1706
1681
1683
1682
1681
1706
1707
1734
1688
1737
1706
1681
1708
1683
1682
1682
1741
1681
1734
1683
1683
1682
1711
1711
1681
1687
1714
1681
1735
1712
1682
1681
1683
1682
1717
1799
1815
1791
1834
1704
1728
1727
1704
1737
1759
1727
1704
1753
1864
1727
1704
1735
1728
1728
1704
1728
1728
1800
1704
1727
1734
1704
1728
1758
1727
1705
1728
1757
1736
1682
1712
1682
1708
1682
1712
1682
1735
1688
1682
1682
1712
1743
1684
1684
1683
1685
1739
1682
1684
1683
1682
1816
1714
1712
1682
1690
1705
1681
1712
1712
1746
1705
1683
1720
1682
1712
1765
1682
1681
1706
1712
1681
1688
1683
1682
1735
1782
1682
1733
1682
1683
1718
1712
1682
1683
1734
1683
1740
1711
1682
1688
1681
1682
1715
1711
1707
1683
1725
1681
1719
1711
1682
1682
1683
1744
1708
1771
1688
1681
1683
1711
1712
1681
1682
1683
1681
1748
1711
1681
1682
1682
1682
1711
1712
1682
1740
1751
1682
1711
1710
1682
1682
1682
1682
1850
1711
1681
1682
1682
1682
1711
1711
1681
1858
1804
1712
1681
1711
1682
1682
1681
1720
1738
1704
1682
1682
1681
1711
1711
1682
1687
1682
1721
1736
1710
1682
1681
1682
1683
1716
1710
1710
1682
1705
1683
1711
1711
1682
1687
1683
1681
1735
1711
1681
1682
1682
1681
1718
1711
1682
1734
1707
1712
1775
1712
1688
1682
1681
1712
1735
1681
1682
1705
1799
1719
1711
1682
1681
1682
1751
1711
1711
1787
1688
1681
1682
1712
1711
1741
1683
1682
1681
1859
1713
1683
1682
1682
2916
1772
1681
1689
1706
1681
1712
1712
1681
1712
1682
1718
1682
1712
1709
1683
1682
1711
1753
1697
1688
1682
1681
1712
1735
1681
1682
1743
1685
1743
1712
1682
1681
1735
1713
1712
1711
1723
1688
1681
1682
1712
1711
1797
1682
1683
1740
1721
1712
1681
1682
1682
1711
1704
1838
1771
1728
1735
1954
1768
1796
1682
1709
1683
1823
1730
1681
1682
1682
1681
1711
1711
1704
1690
1711
1682
1712
1712
1682
1682
1682
1719
1682
1775
1682
1682
1682
1712
1712
1681
1690
1682
1682
3733
2260
2062
1809
1921
1788
1761
1821
1716
1729
1740
1711
1683
1693
1682
1683
1869
1784
1766
1695
1682
1721
1682
1712
1683
1737
1776
1712
1712
1682
1691
1684
1682
1712
1717
1734
1682
1682
1683
1719
1711
1683
1683
1683
1738
1738
1711
1683
1688
1681
1683
1712
1712
1708
1682
1706
1682
1719
1712
1682
1683
1683
1681
1837
1788
1876
1729
1704
1727
1727
1727
1704
1757
1728
1786
1799
1727
1727
1728
1704
1728
1755
1716
1721
1783
1762
1704
1763
1728
1727
1707
1770
1763
1779
1704
1728
1728
1762
1739
1759
1688
1683
1681
1737
1711
1681
1683
1682
1681
1745
1712
1682
1682
1683
1712
1681
1713
1687
1851
1681
1712
1712
1682
1683
1683
1681
1720
1729
1683
1705
1683
1682
1786
1743
1683
1688
1681
1738
1712
1710
1682
1683
1774
1737
1721
1712
1709
1683
1682
1681
1712
1712
1729
1681
1682
1733
1682
1712
1683
1682
1682
1718
1735
1681
1684
1708
1682
1712
1712
1682
1687
1682
1710
1710
1708
1682
1682
1682
1682
1716
1712
1683
1682
1828
1683
1712
1710
1682
1691
1682
1682
1711
1776
1733
1685
1683
1716
1683
1684
1684
1682
1793
1788
1709
1682
1689
1683
1681
1710
1709
1682
1844
1686
1683
1720
1683
1682
1681
1682
1682
1790
1771
1735
1742
1732
1732
1757
1734
1733
1753
1707
1712
1682
1708
1683
1681
1682
1707
1722
1682
1713
1683
1682
1707
1707
1681
1683
1683
1734
1722
1771
1683
1682
1683
1683
1711
1711
1764
1897
1932
1728
1704
1728
1727
1704
1728
1842
1763
1704
1880
1728
1727
1762
1739
1728
1735
1716
1715
1813
1763
1728
1704
1728
1771
1704
1791
1728
1727
1758
1727
1712
1682
1687
1686
1826
1711
1711
1708
1682
1682
1682
1718
1710
1745
1683
1682
1681
1737
1711
1682
1688
1682
1682
1706
1712
1683
1681
1683
1718
1682
1711
1683
1734
1707
1712
1711
1682
1772
1683
1681
1711
1708
1681
1682
1682
1682
1717
1840
1682
1681
1682
1742
1712
1710
1683
1687
1740
1682
1712
1713
1709
1683
1682
1681
1718
1712
1708
1682
1683
1681
1707
1712
1687
1682
1682
1712
1731
1713
1682
1767
1759
1719
1712
1681
1683
1682
1683
1710
1739
1683
1689
1682
1683
1710
1712
1683
1682
1682
1743
1768
1712
1682
1682
1682
1682
1763
1742
1736
1688
1682
1681
1711
1712
1682
1681
1834
1715
1682
1711
1683
1682
1681
1712
1711
1682
1729
1853
1683
1711
1713
1682
1682
1682
1683
1718
1735
1683
1682
1682
1682
1712
1711
1683
1687
1758
1681
1712
1710
1682
1683
1683
1681
1718
1740
1682
1681
1683
1711
1682
1711
1687
1682
1683
1790
1783
1682
1682
1682
1681
1719
1712
1683
1736
1682
1766
1712
1783
1682
1688
1682
1684
1767
1712
1742
1775
1682
1681
1721
1712
1681
1682
1712
1695
1794
1711
1688
1681
1682
1712
1681
1764
1682
1683
1706
1719
1712
1681
1683
1682
1682
1776
1712
1682
1773
1683
1682
1712
1710
1683
1737
1785
1686
1755
1815
1682
1685
1684
1682
1901
1783
1753
1729
1790
1728
1728
1727
1704
1761
1729
1730
1704
1727
1864
1728
1703
1728
1752
1801
1705
1728
1685
1744
1710
1727
1682
1898
1856
1711
1682
1683
1710
1682
1684
1683
1741
1690
1684
1684
1682
1684
1706
1682
1683
1841
1696
1682
1683
1683
1682
1684
1684
1682
1683
1739
1683
1683
1684
1683
1682
1683
1683
1683
3418
2655
2032
1873
1864
1736
1825
1746
1745
1735
1706
1681
1682
1683
1683
1781
1839
1738
1781
1682
1706
1707
1681
1683
1691
1847
1748
1707
1682
1682
1682
1683
1719
1710
1683
1795
1681
1682
1712
1711
1681
1688
1682
1682
1711
1735
1682
1683
1683
1682
1716
1712
1682
1681
1769
1711
1682
1711
1683
1687
1682
1712
1712
1825
1730
1706
1683
1711
1718
1682
1681
1684
1705
1711
1798
1683
1691
1681
1683
1712
1710
1682
1735
1682
1839
1718
1712
1682
1682
1683
1712
1709
1712
1741
1687
1683
1712
1696
1697
1683
1711
1681
1712
1743
1681
1683
1683
1682
1712
1712
1738
1682
1689
1708
1711
1712
1683
1682
1681
1706
1716
1710
1683
1706
1682
1683
1712
1712
1923
1742
1697
1709
1736
1738
1683
1682
1683
1749
1716
1682
1684
1685
1790
1758
1709
1683
1682
1764
1683
1708
1709
1684
1734
1682
1683
1713
1723
1683
1684
1682
1683
1684
1711
1683
1689
1743
1682
1684
1684
1683
1683
1684
1710
1689
1684
1685
1683
1683
1684
1682
1684
1683
1686
1684
1730
1682
1684
1684
1683
1683
1684
1688
1682
1684
1732
1706
1685
1685
1682
1684
1688
1774
1683
1765
1684
1682
1683
1684
1683
1689
1684
1794
1682
1741
1707
1682
1683
1690
1682
1682
1707
1756
1722
1683
1682
1681
1712
1708
1683
1682
1683
1791
1696
1707
1683
1691
1681
1707
1706
1682
1770
1834
1684
1683
1690
1683
1682
1683
1683
1682
1852
1708
1688
1682
1683
1684
1682
1683
1683
1809
1987
1692
1683
1683
1682
1682
1712
1681
1742
1736
1755
1682
1712
1712
1682
1684
1683
1681
1800
1837
1706
1682
1683
1682
1712
1711
1683
1754
1682
1705
1712
1712
1682
1683
1683
1681
2299
1682
1709
1682
1681
1712
1712
1681
1682
1752
1682
1711
1739
1683
1682
1683
1683
1711
1729
1683
1683
1682
1683
1712
1710
1683
1687
1681
1735
1730
1711
1682
1766
1683
1681
1719
1712
1715
1682
1683
1712
1682
1811
1683
1689
1681
1707
1712
1682
1683
1683
1704
1712
1717
1683
1681
1983
1684
1760
1911
1682
1716
1683
1682
1712
1743
1682
1683
1683
1695
1705
1746
1683
1681
1710
1711
1682
1711
1682
1688
1682
1712
1712
1681
1712
1682
1682
1712
1717
1683
1682
1683
1683
1741
1731
1684
1681
1688
1683
1712
1801
1683
1730
1681
1684
1718
1712
1682
1684
1683
1796
1714
1741
1682
1687
1683
1712
1682
1712
1683
1704
1766
2429
1742
1728
1728
1728
1704
1762
1863
1868
1691
1683
1711
1712
1682
1682
1682
1704
1728
1717
1682
1682
1682
1681
1711
1712
1682
1681
1717
1683
1711
1711
1683
1681
1683
1682
1717
1749
1771
1685
1682
1683
1708
1683
1682
1693
1739
1816
1708
1709
1683
1683
1684
1709
1688
1766
1683
1833
1682
1708
1709
1682
1683
1688
1698
1720
1814
1684
1682
1684
1683
1684
1689
1767
1683
1682
1709
1684
1682
1683
1688
1683
1683
1758
1684
1682
1707
1683
1682
1688
1684
1682
1734
1684
1684
1682
1685
1683
1686
1684
1684
1682
1871
1708
1683
1681
1816
1717
1681
1682
1682
1735
1705
1707
1682
1729
1835
1683
1705
1706
1819
1682
1682
1681
1713
1814
1722
1737
1735
1906
1787
1685
1684
1691
1724
1770
1685
1683
1682
1753
1683
1682
1694
1684
1743
1682
1683
1684
1715
1683
1689
1682
1683
1684
1706
1683
1683
1682
1805
1690
1684
1682
1684
1684
1709
1684
1684
3662
2600
1953
1762
1914
1819
1683
1740
1694
1682
1683
1706
1682
1682
1708
1915
1682
1845
1683
1683
1682
1683
1682
1681
1794
1690
1733
1681
1683
1683
1681
1683
1683
1681
1717
1706
1682
1683
1682
1682
1685
1682
1682
1687
1706
1737
1681
1682
1705
1682
1683
1683
1687
1682
1730
1682
1682
1684
1683
1683
1683
1688
1682
1682
1767
1707
1710
1712
1683
1682
1691
1683
1710
1760
1713
1682
1681
1683
1717
1710
1683
1682
1682
1814
1712
1712
1681
1688
1682
1682
1712
1711
1711
1704
1683
1711
1687
1712
1683
1681
1682
1737
1711
1707
1683
1688
1681
1712
1712
1681
1682
1748
1742
1711
1716
1683
1681
1682
1682
1711
1738
1682
1687
1681
1683
1712
1710
1683
1682
1694
1732
1734
1818
1681
1682
1682
1711
1681
1712
1854
1688
1681
1806
1712
1681
1684
1682
1683
1739
1718
1682
1704
1682
1682
1711
1711
1683
1682
1718
1683
1711
1737
1683
1683
1683
1683
1719
1878
1761
2516
1975
2127
2679
2112
1935
2075
2011
2003
2017
2058
1843
1749
1734
1773
1735
1734
1738
1696
1695
1681
1689
1736
1736
1725
1682
1683
1683
1815
1691
1684
1731
1682
1683
1683
1683
1683
1683
1815
1682
1684
1743
1684
1682
1683
1683
1681
1692
1818
1681
1735
1683
1683
1682
1683
1689
1682
1768
1683
1693
1737
1683
1683
1681
1712
1683
1681
1770
1683
1750
1682
1683
1682
1688
1683
1682
1681
1799
1729
1686
1706
1684
1692
1682
1684
1684
1682
1761
1856
1810
1716
1728
1728
1727
1704
1727
1780
1824
1704
1735
1728
1727
1704
1728
1728
1727
1915
1729
1736
1728
1704
1728
1728
1728
1704
1839
1689
1682
1682
1683
1683
1681
1712
1684
1737
1710
1688
1682
1683
1683
1682
1683
1683
1695
1693
1713
1682
1682
1683
1683
1682
1684
1683
1734
1712
1765
1683
1682
1683
1683
1682
1683
1746
1682
1682
1775
1683
1682
1683
1683
1682
1691
1712
1683
1695
1694
1683
1682
1683
1683
1687
1747
1683
1682
1710
1683
1682
1683
1683
1690
1681
1740
1712
1682
1708
1683
1682
1712
1719
1739
1739
1683
1712
1681
1736
1683
1688
1682
1707
1712
1682
1683
1683
1683
1712
1719
1683
1682
1767
1730
1712
1712
1683
1699
1787
1683
1712
1707
1682
1683
1682
1683
1712
1764
1752
1683
1736
1682
1712
1712
1683
1682
1689
1736
1682
1712
1712
1683
1682
1712
1718
1682
1683
1710
1681
1739
1711
1682
1682
1688
1682
1711
1712
1710
1682
1739
1683
1712
1717
1683
1683
1682
1683
1712
1813
1681
1683
1688
1682
1712
1712
1682
1683
1748
1696
1718
1723
1682
1682
1682
1711
1681
1793
1724
1688
1681
1711
1711
1682
1683
1682
1681
1802
1718
1682
1681
1683
1683
1711
1712
1683
1694
1754
1683
1712
1710
1683
1683
1682
1682
1711
1769
1706
1682
1682
1683
1713
1711
1682
1683
1711
1739
1682
1711
1683
1681
1683
1712
1682
1718
1706
1682
1682
1712
1712
1682
1685
1688
1682
1739
1731
1767
1682
1682
1683
1711
1720
1682
1717
1713
1683
1783
1711
1682
1683
1689
1682
1712
1737
1681
1705
1682
1681
1711
1719
1683
1682
1739
1793
1681
1739
1773
1733
1706
1954
1820
1754
1730
1682
1683
1735
1722
1682
1683
1683
1682
1742
1711
1683
1683
1689
1682
1713
1712
1682
1742
1684
1741
1682
1721
1683
1682
1683
1711
1746
1774
1706
1691
1682
1823
1712
1683
1682
1683
1850
1712
1720
1682
1683
1804
1682
1712
1825
1904
2131
2350
1970
1938
1783
1781
1758
1783
1791
1779
1784
1705
1728
1806
1728
1704
1758
1735
1704
1728
1727
1728
1732
1851
1728
1762
1704
1729
1727
1728
1705
1727
1735
1682
1747
1683
1683
1682
1683
1683
1682
1683
1710
1690
1747
1684
1683
1682
1683
1683
1682
1736
1720
1738
1683
1683
1684
1682
1683
1683
1682
1751
1796
1682
1683
1711
1711
1682
1683
1689
1682
1733
1740
1681
1683
1683
1683
1711
1718
1683
1682
1738
1682
1711
1711
1683
1683
1686
1682
1712
1722
1710
1682
1682
1683
1712
1718
1681
1683
1741
1682
1712
1713
1682
1683
1688
1712
1682
1711
1734
1802
1697
1712
1720
1682
1684
1683
1681
1738
1712
1885
1682
1689
1683
1711
1712
1683
1748
1682
1684
1754
1718
1683
1683
1683
1682
1712
1766
1802
2080
1766
1712
1712
1681
1683
1682
1713
1711
1719
1709
1681
1683
1682
1711
1712
1747
1683
1687
1683
1712
1712
1682
1682
1682
1683
1707
1718
1682
1683
1682
1681
1713
1712
1681
1759
1730
1712
1682
1764
1714
1681
1683
1711
1774
1682
1685
1817
1732
1963
1922
2093
1683
1753
1712
1682
1712
1682
1742
1681
1713
1722
1746
1684
1683
1681
1711
1712
1708
1681
1689
1739
1711
1711
1683
1682
1682
1683
1735
1718
1682
1713
1682
1683
1711
1712
1681
1683
1687
1682
1768
1712
1682
1683
1684
1682
1711
1722
1707
1682
1806
1774
1685
1682
1683
1691
1682
1821
1709
1906
1814
1682
1683
1712
1689
1683
1683
1797
1712
1712
1711
1682
1682
1688
1681
1712
1733
1767
1681
1683
1711
1682
1718
1682
1682
1683
1736
1741
1682
1683
1688
1682
1712
1711
1682
1682
1887
1683
1711
1689
1683
1683
1681
1682
1711
1711
1799
1683
1688
1682
1712
1711
1682
1683
1735
1683
1821
1717
1683
1682
1682
1712
1681
1711
1712
1776
1712
1712
1712
1681
1683
1683
1681
1738
1719
1792
1682
1683
1683
1711
1712
1683
1747
1689
1683
1778
1712
1681
1683
1683
1682
1712
1729
1682
1683
1710
1682
1711
1713
1683
1682
1776
1712
1682
1735
1707
1683
1682
1711
1718
1736
1682
1683
1682
1719
1711
1683
1681
1689
1734
1708
1736
1683
1681
1765
1683
1712
1719
1683
1705
1681
1683
1711
1711
1835
1683
1689
1682
1767
1711
1683
1681
1682
1753
1682
1718
1682
1698
1692
1712
1711
1681
1683
1714
1681
1711
1711
1705
1681
1683
1682
1711
1717
1706
1681
1683
1737
1711
1710
1682
1683
1717
1786
1728
1728
1734
1727
1728
1738
1768
1728
1727
1728
1728
1888
1757
1749
1704
1736
1762
1704
1788
1767
1788
1728
1737
1769
1728
1715
1717
1727
1863
1753
1681
1684
1689
1681
1711
1711
1681
1683
1737
1738
1682
1719
1683
1681
1683
1711
1682
1735
1766
1687
1682
1712
1712
1681
1683
1682
1681
1739
1749
1683
1682
1683
1683
1710
1712
1682
1683
1717
1683
1711
1710
1682
1712
1681
1682
1712
1745
1715
1706
1683
1682
1712
1711
1682
1683
1689
1771
1765
1712
1683
1682
1683
1711
1721
1682
1707
1742
1752
1713
1711
1683
1682
1690
1683
1710
1844
1742
1688
1681
1683
1711
1717
1683
1683
1772
1706
1823
1760
1734
1792
1790
1775
1762
1735
1728
1756
1728
1738
1770
1727
1727
1705
1761
1763
1763
1728
1728
1733
1762
1704
1763
1750
1734
1752
1839
1801
1728
1704
1728
1728
1791
1711
1683
1683
1831
1682
1712
1712
1682
1831
1683
1712
1682
1720
1728
1683
1731
1712
1930
2138
2196
1892
1824
2047
1731
1705
1754
1728
1762
1708
1682
1683
1848
1729
1683
1795
1681
1683
1696
1682
1682
1682
1857
1682
1684
1738
1690
1682
1682
1682
1681
1682
1741
1682
1745
1684
1690
1682
1683
1682
1681
1735
1715
1681
1743
1689
1681
1682
1682
1682
1681
1835
1683
1744
1688
1683
1683
1681
1682
1682
1681
1742
1730
1736
1682
1682
1710
1681
1711
1682
1681
1714
1740
1681
1710
1683
1683
1681
1711
1711
1699
1743
1682
1681
1712
1711
1682
1682
1683
1687
1710
1742
1682
1681
1683
1682
1711
1710
1688
1683
1738
1707
1712
1712
1682
1683
1690
1682
1711
1736
1788
1682
1682
1711
1681
1718
1682
1681
1682
1766
1841
1682
1684
1682
1687
1712
1712
1681
1735
1741
1682
1711
1711
1688
1681
1683
1682
1738
1845
1708
1682
1681
1688
1712
1711
1681
1682
1738
1682
1738
1717
1682
1681
1683
1712
1681
1738
1682
1682
1688
1712
1681
1712
1682
1682
1681
1759
1735
1687
1740
1683
1682
1710
1712
1682
1737
1682
1688
1793
1781
1682
1683
1682
1682
1764
1717
1682
1683
1742
1682
1711
1712
1681
1682
1750
1712
1682
1712
1705
1681
1682
1712
1681
1743
1683
1683
1682
1712
1738
1681
1683
1683
1686
1770
1711
1683
1681
1682
1682
1711
1711
1687
1743
1681
1682
1712
1710
1683
1707
1681
1687
1767
1763
1705
1683
1682
1681
1796
1718
1683
1681
1879
1829
1684
1683
1683
1684
1986
1706
1709
1746
1683
1682
1684
1708
1707
1844
1683
1684
1724
1707
1709
1682
1684
1689
1695
1779
1709
1731
1682
1683
1708
1695
1700
1683
1683
1767
1707
1782
1684
1682
1684
1689
1683
1684
1746
1682
1854
1684
1684
1682
1689
1684
1682
1684
1747
1683
1754
1708
1691
1683
1685
1684
1682
1684
1835
1712
1683
1689
1684
1682
1683
1684
1682
1684
1998
1685
1691
1707
1683
1682
1681
1682
1682
1717
1820
1688
1682
1682
1682
1707
1706
1682
1682
1755
1809
1706
1708
1682
1682
1683
1681
1708
1796
1729
1682
1683
1712
1681
1712
1682
1682
1745
1712
1737
1681
1683
1682
1682
1712
1712
1744
1683
1683
1766
1712
1712
1682
1683
1681
1719
1711
1711
1705
1753
1682
1682
1712
1717
1682
1749
1682
1681
1734
1712
1682
1681
1688
1712
1713
1711
1682
1681
1708
1712
1711
1689
1683
1738
1681
1712
1711
1681
1710
1682
1687
1711
1738
1682
1681
1683
1683
1710
1711
1687
1682
1681
1744
1711
1682
1683
1683
1752
1682
1709
1709
1784
1766
1684
1708
1682
1716
1847
1682
1683
1811
1685
1682
1684
1684
1688
1684
1931
1684
1682
1746
1683
1686
1683
1690
1684
1790
1683
1685
1731
1683
1684
1689
1682
1685
1684
1743
1737
1752
1684
1682
1689
1684
1682
1683
1684
1743
1685
2466
1788
1759
1705
1707
1681
1682
1682
1681
1736
1712
1682
1682
1710
1682
1706
1708
1683
1738
1725
1707
1681
1707
1682
1682
1681
1707
1815
1687
1682
1683
1681
1712
1712
1682
1681
1682
1866
1711
1710
1682
1682
1681
1683
1712
1710
1857
1682
1683
1681
1713
1712
1681
1682
1688
1791
1743
1751
1708
1726
1860
1806
1763
1731
1705
1683
1706
1710
1712
1682
1683
1681
1691
1764
1710
1682
1682
1682
1685
1711
1717
1682
1682
1776
1734
1869
1763
1728
1729
1713
1763
1762
1756
1704
1728
1888
1762
1739
1734
1728
1728
1733
1762
1762
1789
1716
1734
1789
1763
1705
1940
1987
2383
1879
1794
1832
1735
1731
1740
1756
1728
1741
1961
1831
1729
1728
1728
1704
1729
1728
1717
1723
1818
1728
1717
1717
1728
1779
1767
1717
1736
1752
1740
1683
1683
1683
1757
1730
1738
1706
1728
1902
1753
1728
1705
1757
1728
1711
1727
1728
1728
1906
1705
1729
1756
1705
1736
1727
1728
1704
1783
1728
1728
1704
1694
1737
1735
1733
1735
1735
1758
1733
1758
1691
1683
1682
1683
1683
1682
1707
1683
1682
1746
1684
1684
1682
1683
1683
1682
1707
1690
1763
1743
1736
1734
1733
1734
1733
1733
1838
1737
1683
1682
1681
1682
1683
1681
1683
1688
2071
1682
1683
1683
1682
1683
1682
1689
1682
1813
1739
1682
1683
1683
1681
1711
1690
1682
1681
1785
1683
1681
1682
1683
1683
1688
1683
1683
1682
1772
1683
1681
1682
1683
1687
1683
1683
1681
1833
1729
1728
1704
1727
1736
1728
1704
1728
1757
1775
1758
1727
1734
1727
1704
1728
1727
1729
1728
1803
1728
1710
1728
1728
1727
1704
1761
1728
1738
1729
1688
1682
1683
1683
1712
1682
1735
1683
1716
1682
1682
1683
1681
1683
1683
1743
1729
1735
1815
1704
1728
1728
1728
1704
1758
1728
1733
1704
1788
1729
1704
1727
1729
1746
1894
1749
1729
1800
1728
1704
1728
1728
1774
1746
1728
1727
1705
1910
1683
1683
1681
1743
1689
1682
1682
1683
1782
1844
1682
1683
1766
1682
1712
1683
1681
1683
1793
1682
1681
1842
1833
1728
1704
1729
1727
1728
1727
1759
1734
1727
1704
1729
1727
1704
1728
1751
1732
1704
1728
1728
1718
1715
1728
1728
1704
1734
1786
1727
1704
1728
1728
1728
1704
1727
1872
1722
1706
1683
1682
1681
1683
1682
1682
1712
1734
1714
1681
1683
1682
1682
1712
1688
1792
1682
1751
1753
1682
1683
1683
1681
1688
1712
1682
1682
1705
1683
1681
1684
1683
1687
1683
1734
1681
1683
1708
1682
1681
1683
1688
1681
1740
1682
1682
1683
1710
1681
1683
1687
1682
1683
1712
1683
1681
1683
1711
1681
1688
1682
1681
1806
1684
2006
1684
1763
1691
1683
1681
1683
1724
1682
1682
1683
1682
1758
1707
1683
1711
1683
1740
1683
1681
1683
1689
1705
1683
1683
1681
1749
1682
1681
1683
1691
1683
1707
1683
1682
1681
1706
1683
1682
1687
1683
1681
1706
1682
1681
1740
1683
1688
1681
1682
1683
1682
1683
1682
1682
1742
1688
1683
1682
1683
1683
1681
1683
1737
1683
1712
1711
1681
1711
1683
1682
1792
1712
1771
1688
1682
1683
1683
1711
1712
1683
1797
1745
1688
1712
1711
1682
1683
1682
1683
1712
1754
1682
1682
1683
1682
1712
1712
1682
1683
1827
1712
1682
1711
1683
1681
1683
1712
1681
1717
1740
1706
1682
1712
1712
1682
1682
1683
1686
1739
1712
1683
1682
1685
1683
1711
1712
1690
1743
1706
1767
1713
1711
1683
1683
1683
1689
1768
1712
1705
1777
1683
1720
1682
1718
1683
1682
1747
1712
1719
1697
1683
1683
1688
1713
1711
1724
1682
1683
1709
1711
1712
1688
1682
1683
1785
1713
1711
1683
1761
1682
1688
1712
1710
1683
1741
1682
1681
1770
1768
1717
1779
1845
1755
1792
1682
1683
1683
1688
1712
1712
1683
1682
1739
1684
1734
1711
1689
1764
1681
1683
1711
1710
1733
1682
1681
1690
1711
1855
1682
1683
1683
1751
1697
1718
1683
1682
1707
1712
1682
1712
1735
1683
1689
1712
1712
1682
1709
1706
1682
1763
1770
1688
1682
1684
1683
1711
1737
1683
1683
4307
2257
2807
1943
1858
1909
1904
1810
1985
1900
1888
1883
2073
1952
1826
1897
1977
1735
1735
1734
1735
1734
1888
1707
1735
1683
1682
1706
1707
1682
1683
1690
1733
1775
1820
1683
1682
1682
1707
1681
1715
1737
1733
1681
1754
1985
1983
1837
1837
1884
1858
1881
1736
1736
1785
1831
1989
1789
1735
1798
1815
1735
1782
1986
3399
1711
1861
2049
1918
1736
1758
1971
2518
1861
1737
1733
1962
2001
1860
1866
1843
2312
1936
1781
1781
1814
1790
1930
1957
1793
2262
2057
1982
1852
2199
1851
1797
1863
1854
1803
1790
1792
1790
1806
1789
1789
1791
1791
1792
1792
1787
1789
1791
1788
1787
1787
1789
1788
2282
1790
1744
1759
1733
1734
1734
1733
1734
1757
1736
1705
1763
1753
1728
1705
1728
1825
2045
1894
1879
1782
1908
1783
1760
1736
1737
1809
1859
1939
1786
1814
1785
1737
1737
1760
3884
1799
1737
2202
1789
1737
1736
1995
2024
2134
1841
1763
1941
1737
1735
1780
1745
1734
1770
1908
2929
2716
3255
1911
2000
1759
1737
1871
4660
1896
1933
1907
1780
1795
1791
1736
1764
1735
1818
1798
1790
1790
1790
1791
1794
1922
1885
1792
1791
1793
1793
1791
1792
1795
2281
1792
1789
1788
1869
1815
1822
1749
1907
1994
1908
1734
1734
1735
1734
1744
1734
1734
1850
1810
1735
1734
1735
1744
1733
1735
1735
1748
1707
1683
1683
1682
1692
1683
1682
1685
1860
1923
1682
1683
1683
1688
1682
1684
1683
1682
1759
1725
1782
1682
1959
1683
1682
1682
1682
1735
1682
1715
1730
1681
1682
1683
1682
1681
1739
1682
1682
1717
1683
1682
1684
1683
1682
1682
1822
1683
1687
1708
1682
1681
1683
1684
1681
1721
1683
1717
1840
1845
1798
2001
2000
2062
1848
2035
2032
2047
1705
1955
2045
2133
1707
2076
2046
2032
1682
1682
1681
1682
1690
1710
1783
1707
1682
1681
1683
1682
1681
1690
1682
1741
1764
1714
1682
1681
1682
1682
1688
1682
1742
1728
1752
1682
1683
1682
1682
1758
1683
1681
1771
1829
1729
1704
1730
1737
1704
1727
1727
1753
1704
1782
1727
1727
1712
1729
1727
1727
1818
1729
1781
1753
1704
1733
1727
1727
1704
1752
1727
1704
1752
1930
1712
1683
1681
1682
1746
1683
1707
1683
1770
1682
1683
1682
1681
1682
1790
1682
1682
1773
1752
1681
1683
1770
1681
1706
1712
1688
1711
1741
1682
1681
1682
1682
2644
2113
1975
1794
1813
1934
1780
1916
1972
1860
2009
1991
2009
1761
1734
1734
1803
1745
2001
1728
2059
1733
1864
1882
1959
2106
2024
1824
1739
1764
1751
1748
1734
1735
1776
1798
2088
1989
1965
1968
2041
1772
1795
1751
1729
1704
1727
1887
1780
1875
1777
1766
1780
1778
1778
1755
1778
1779
1816
1780
1759
1760
1798
1753
1705
1827
1813
1774
1776
1843
1798
1831
1912
1792
1788
1797
1788
1789
3366
1919
1907
4714
2892
1969
1820
1792
1806
1801
1808
1821
1829
1815
1950
1842
1807
1822
1816
1815
1808
1821
1812
2035
1816
1806
1810
1816
1810
1792
1791
1794
1916
1792
1791
1804
1789
1790
1790
1795
1790
1797
1840
1839
1814
2027
1798
2394
3087
1845
1803
1821
1812
1843
1803
1819
1829
1823
1820
1831
1829
1833
1837
1841
1820
1823
1804
1810
1800
1792
1796
1796
1796
1800
1862
1796
1801
1798
1801
1813
1800
1812
1822
1807
1803
1802
2001
1811
1799
1796
1804
1850
1835
1847
1814
1810
1790
1787
1788
1796
1793
1816
1841
1809
1793
1813
1790
1787
1791
1793
1794
1792
1791
1792
1798
1798
1794
1792
1797
1843
2068
1797
1850
1789
1792
1802
1788
1788
1787
1786
1787
1787
1778
1755
1786
1780
1781
1778
1755
1779
1779
1780
1766
1778
1780
1779
1778
1755
1778
1778
1784
1850
1824
1728
1728
1716
1715
1727
1727
1711
1752
1753
1686
1683
1684
1683
1682
1683
1691
1682
1740
1740
1683
1682
1683
1684
1682
1689
1684
1682
1796
1683
1683
1682
1683
1688
1682
1683
1708
1682
1765
1683
1684
1682
1688
1683
1682
1684
1684
1791
1708
1684
1682
1690
1683
1684
1682
1683
1716
1763
1707
1683
1687
1683
1683
1683
1682
1737
1683
1815
1684
1689
1683
1682
1684
1683
1682
1733
1683
1722
1688
1683
1682
1684
1683
1684
1735
1684
1690
1709
1684
1683
1683
1683
1683
1682
1974
1753
1711
1684
1682
1683
1683
1682
1684
1735
1686
1684
1684
1683
1684
1684
1683
1682
1732
1712
1706
1683
1766
1683
1682
1684
1684
1682
1756
1683
1682
1684
1844
1683
1682
1684
1731
1682
1684
1683
1682
1683
1766
1684
1682
1688
1716
1682
1684
1684
1682
1710
1683
1682
1688
1839
1683
1682
1684
1683
1682
1710
1683
1687
1682
1686
1683
1683
1684
1684
1682
1685
1688
1683
1715
1683
1682
1683
1684
1684
1682
1688
1706
1682
1754
1732
1682
1683
1683
1692
1682
1767
1684
1686
1683
1684
1682
1684
1689
1682
1683
1813
1739
1684
1684
1683
1681
1716
1682
1682
1732
1683
1739
1705
1707
1682
1687
1682
1683
1707
1760
1741
1730
1681
1683
1712
1708
1682
1684
1683
1738
1739
1707
1688
1763
1683
1712
1682
1712
1682
1708
1682
1719
1712
1682
1683
1683
1682
1713
1833
1731
1714
1729
1728
1715
1716
1727
1727
1704
1929
1729
1728
1704
1728
1727
1729
1704
1761
1733
1975
1728
1704
1729
1727
1704
1728
1761
1739
1728
1727
1727
1728
1704
1727
1728
1704
1759
1727
1751
1704
1728
1727
1728
1704
1733
1758
1727
1728
1752
1728
1704
1728
1728
1732
1808
1727
1705
1711
1681
1683
1683
1681
1719
1763
1684
1705
1683
1830
1681
1711
1689
1711
1682
1857
1984
1868
1809
1900
1825
1900
2020
2090
1831
1684
1711
1734
2065
1706
1728
1757
1704
1727
1728
1727
1704
1852
1762
1727
1704
1752
1803
1729
1705
1730
1792
1727
1939
1824
1814
1728
1728
1705
1762
1752
1727
1704
1728
1758
1683
1682
1682
1689
1681
1708
1682
1682
1746
1687
1710
1682
1694
1684
1682
1786
1683
1682
1748
1684
1689
1682
1683
1683
1682
1845
1683
1744
1682
1690
1683
1682
1684
1683
1682
1734
1742
1684
1688
1683
1683
1682
1684
1683
1705
1706
1734
1741
1682
1683
1683
1682
1683
1683
1708
2034
2356
2074
1884
1932
1803
1773
1746
1938
1735
1733
1734
1750
1683
1682
1682
1682
1824
1890
2005
1709
1782
1822
1821
1757
1929
1713
1942
1685
1682
1682
1683
1682
1683
1748
1682
1733
1701
1682
1683
1683
1683
1682
1775
1682
1816
1783
1709
1706
1681
1682
1692
1682
1777
1683
1868
1759
1781
1779
1789
1756
1771
1728
1728
1704
1781
1755
1728
1710
1728
1753
1728
1704
1729
1753
1704
1728
1733
1728
1745
1767
1728
1728
1704
1842
1689
1683
1681
1735
1683
1681
1683
1683
1682
1842
1683
1683
1766
1706
1683
1681
1683
1682
1689
1744
1683
1763
1707
1728
1729
1729
1705
1737
1781
1728
1704
1756
1727
1715
1717
1734
1728
1705
1782
1728
1849
1792
1792
1794
1795
1792
1799
1792
1881
2056
1825
2062
1806
2035
1841
2240
1936
1819
1801
1798
1814
1793
1800
1794
1791
1797
1795
1797
1802
1800
1799
1812
1819
1793
1806
1802
1802
1812
1798
1798
1796
1793
1795
1866
1803
1797
1798
1802
1799
1798
1790
1795
1793
1799
1798
1798
1803
1801
1798
1799
1798
1799
1803
1812
1800
1803
1800
1799
1798
1814
1803
1787
1788
1788
1788
1787
1788
1789
1797
1790
1789
1789
1788
1788
1788
1786
1788
1790
1788
1787
1790
1790
1789
1788
1788
1795
1788
1788
1788
1770
1734
1734
1734
1733
1739
1757
1741
1704
1728
1782
1729
1704
1735
1728
1737
1682
1683
1683
1708
1682
1683
1686
1682
1738
1682
1682
1683
1682
1682
1683
1688
1681
1682
1807
1718
1838
1685
1683
1747
1691
1683
1682
1767
1696
1695
1681
1683
1690
1795
1682
1715
1732
1697
1683
1683
1682
1688
1741
1753
1682
1683
1738
1682
1683
1682
1687
1683
1764
1683
1682
1748
1683
1682
1683
1687
1682
1683
1709
1682
1739
1683
1683
1683
1688
1683
1682
1683
1709
1682
1843
1683
1688
1681
1683
1683
1682
1683
1683
1704
1683
1688
1682
1683
1683
1682
1682
1683
1757
1684
1741
1712
1682
1683
1683
1682
1710
1764
1771
1688
1683
1683
1712
1710
1683
1683
1682
1861
1720
1712
1682
1683
1683
1682
1711
1712
1682
1759
1682
1712
1681
1712
1683
1682
1683
1750
1697
1723
1683
1683
1682
1711
1711
1682
1687
1745
1710
1711
1711
1683
1682
1682
1683
1718
1711
1683
1683
1683
1683
1712
1710
1683
1687
1682
1734
1731
1799
1683
1683
1683
1682
1720
1712
1712
1682
1683
1848
1682
1712
1689
1683
1682
1706
1712
1681
1682
1724
1682
1718
1712
1683
1682
1742
1683
1711
1738
1683
1688
1683
1683
1712
1754
1685
1684
1682
1854
1716
1683
1682
1684
1776
1705
1763
1728
1735
1814
1717
1729
1728
1730
1728
1728
1727
1712
1778
1728
1728
1704
1842
1735
1747
1704
1736
1728
1845
1704
1728
1811
1711
1682
1689
1712
1681
1682
1776
1683
1681
1738
1682
1697
1683
1683
1685
1705
1683
1682
1740
1682
1689
1682
1682
1682
1681
1709
1683
1681
1710
1687
1681
1682
1711
1711
1682
1710
1682
1756
1770
1711
1682
1682
1683
1711
1681
1712
1770
1682
1681
1712
1711
1682
1683
1684
1682
1720
1762
1707
1681
1682
1682
1711
1712
1683
1740
1771
1682
1711
1710
1682
1682
1682
1682
1719
1836
1683
1682
1683
1682
1712
1712
1682
1688
1683
1805
1682
1711
1683
1681
1682
1719
1695
1697
1737
1732
1681
1759
1712
1682
1686
1682
1682
1912
2068
2237
1887
1792
1797
1800
1799
1796
1818
1948
1782
1758
1739
1704
1728
1729
1820
1706
1729
1813
1728
1752
1762
1728
1728
1738
1728
1762
1845
1682
1690
1682
1712
1682
1876
1683
1682
1683
1744
1712
1681
1684
1683
1681
1741
1712
1682
1689
1709
1683
1710
1712
1738
1682
1683
1682
1719
1738
1683
1682
1683
1683
1740
1711
1682
1687
1682
1681
1712
1712
1682
1737
1683
1682
1719
1712
1682
1682
1682
1711
1681
1779
1735
1686
1681
1711
1710
1765
1683
1682
1726
1718
1712
1682
1681
1683
1682
1798
1712
1739
1688
1681
1684
1711
1710
1682
1706
1705
1736
1720
1711
1682
1683
1682
1682
1712
1738
1727
1697
1682
1712
1682
1711
1683
1681
1683
1743
1741
1681
1683
1682
1681
1712
1711
1682
1688
1737
1682
1711
1712
1683
1683
1683
1683
1719
1712
1937
1753
1728
1704
1728
1728
1704
1737
1728
2732
1705
1727
1728
1728
1704
1732
1727
1704
1780
1754
1727
1704
1728
1734
1727
1705
1787
1729
1803
1704
1728
1728
1713
1711
1682
1777
1750
1706
1840
1712
1682
1689
1682
1681
1712
1708
1682
1704
1682
1719
1682
1712
1682
1681
1755
1712
1711
1708
1688
1682
1681
1712
1711
1681
1741
1683
1682
1802
1712
1683
1681
1682
1682
1708
1711
1682
1711
1774
1682
1711
1713
1681
1748
1682
1682
1719
1735
1682
1682
1682
1711
1681
1724
1690
1681
1683
1737
1681
1711
1682
1682
1741
1718
1712
1681
1682
1710
1682
1711
1711
1710
1686
1683
1683
1710
1711
1682
1681
1682
1682
1716
1711
1712
1683
1681
1682
1712
1710
1683
1827
1860
1826
1704
1727
1728
1837
1705
1731
1759
1729
1704
1728
1728
1704
1727
1885
1737
1728
1704
1729
1729
1704
1728
1727
1788
1728
1752
1728
1704
1728
1728
1682
1711
1689
1707
1681
1775
1712
1681
1682
1682
1681
1716
1741
1683
1737
1683
1682
1710
1711
1688
1682
1682
1682
1795
1811
1683
1682
1682
1689
1711
1711
1681
1682
1757
1705
1712
1711
1688
1681
1682
1711
1681
1831
1683
1682
1681
1717
1711
1682
1682
1682
1704
1839
1711
1688
1682
1682
1682
1711
1712
1682
1734
1681
1687
1712
1710
1682
1683
1681
1683
1706
1737
1682
1687
1682
1681
1711
1712
1681
1722
1682
1708
1718
1712
1683
1682
1683
1711
1681
1706
1687
1681
1682
1711
1712
1682
1682
1682
1735
1734
1766
1713
1682
1682
1683
1710
1712
1714
1687
1683
1763
1724
1711
1683
1682
1681
1682
1713
1712
1682
1706
1682
1681
1712
1712
1681
1728
1682
1681
1711
1739
1682
1681
1682
1718
1682
1730
1683
1681
1683
1738
1710
1682
1687
1737
1682
1712
1710
1683
1681
1705
1682
1717
1712
1738
1682
1683
1683
1712
1711
1682
1687
1682
2195
2040
1772
1762
1682
1733
1751
1712
1682
1829
1712
1683
1711
1710
1683
1831
1683
1681
1795
1765
1705
1729
1728
1771
1704
1814
1729
1728
1704
1763
1763
1728
1711
1728
1755
1762
1739
1758
1728
1728
1704
1769
1763
1728
1758
1728
1837
1762
1704
1736
1728
1728
1739
1818
1727
1758
1682
1683
1719
1711
1683
1683
1681
1683
1776
1709
1704
1688
1683
1682
1712
1711
1682
1767
1738
1719
1681
1711
1682
1682
1683
1712
1712
1827
1689
1683
1682
1711
1712
1683
1681
1683
1767
1750
1730
1729
1728
1704
1728
1763
1763
1704
1813
1775
1775
1827
1736
1729
1728
1704
1870
2013
2351
1984
1879
1842
1740
1735
1786
1780
1950
1783
1781
1780
1718
1728
1738
1779
1733
1747
1961
1728
1761
1739
1728
1736
1789
1704
1762
1895
1727
1704
1728
1773
1763
1704
1761
1728
1761
1738
1763
1728
1733
1704
1728
1848
1712
1681
1708
1682
1681
1720
1712
1682
1737
1682
1712
1682
1741
1689
1681
1683
1710
1741
1681
1683
1683
1681
1718
1711
1682
1682
1683
1741
1710
1710
1682
1686
1683
1683
1711
1712
1740
1729
1705
1683
1719
1823
1681
1682
1682
1681
1706
1712
1681
1688
1682
1823
1681
1711
1683
1768
1752
1720
1712
1682
1682
1765
1707
1710
1726
1683
1687
1683
1682
1712
1737
1683
1682
1681
1711
1719
1711
1683
1683
1682
1708
1711
1712
1710
1690
1682
1681
1712
1712
1682
1682
1683
1682
1740
1712
1682
1682
1682
1712
1681
1712
1687
1744
1706
1712
1712
1682
1682
1682
1681
1807
1738
1683
1682
1683
1683
1711
1712
1683
1769
1752
1738
1712
1711
1682
1682
1683
1681
1720
1770
1732
1682
1683
1682
1711
1712
1688
1682
1683
1764
1682
1712
1682
1683
1682
1718
1712
1682
1685
1843
1729
1739
1763
1813
1691
1681
1682
1713
1943
1698
1683
1683
1682
1722
1712
1682
1683
1739
1821
1709
1713
1691
1683
1682
1712
1712
1682
1864
1811
1803
1781
1756
1780
1779
1778
1755
1758
1841
1822
1751
1705
1762
1763
1728
1728
1710
1683
1742
1712
1683
1683
1682
1683
1712
1705
1682
1711
1682
1683
1712
1712
1681
1683
1739
1682
1720
1735
1681
1683
1683
1712
1681
1710
1728
1682
1683
1712
1682
1711
1683
1683
1682
1763
1928
1782
1705
1837
1728
1762
1740
1729
1764
1728
1704
1766
1889
1741
1728
1704
1771
1759
1716
1716
1728
1727
1779
1728
1728
1735
1705
1761
1728
1728
1704
1760
1728
1716
1699
1711
1739
1682
1683
1712
1681
1739
1690
1682
1682
1738
1712
1682
1683
1683
1681
1718
1712
1683
1681
1740
1683
1815
1729
1728
1763
1751
1727
1763
1902
1781
1705
1728
1771
1728
1840
1728
1728
1754
1739
1762
1728
1733
1704
1780
1833
1762
1761
1728
1728
1769
1704
1763
1728
1761
1681
1767
1711
1681
1688
1683
1683
1711
1712
1708
1710
1682
1683
1721
1713
1683
1682
1682
1682
1797
1711
1683
1688
1681
1683
1712
1712
1681
1683
1738
1681
1719
1712
1683
1682
1682
1713
1682
1773
1690
1705
1683
1712
1712
1681
1683
1683
1682
1815
1712
1683
1682
1683
1682
1710
1711
1682
1718
1812
1683
1712
1711
1683
1683
1682
1682
1735
1793
1682
1684
1683
1682
1713
1712
1682
1728
1683
1737
1681
1711
1683
1682
1683
1718
1682
1708
1683
1709
1705
1712
1712
1682
1687
1682
1732
1712
1711
1683
1681
1682
1683
1717
1711
1742
1684
1705
1684
1797
1710
1682
1688
1682
1713
1734
1712
1682
1742
1759
1682
1720
1712
1683
1839
1683
1712
1711
1741
1689
1682
1682
1712
1806
1737
1682
1683
1683
1745
1712
1683
1683
1844
1683
1712
1711
1683
1716
1686
1682
1712
1777
1706
1728
1729
1771
1705
1845
1728
1783
1704
1762
1763
1728
1710
1729
1728
1828
1740
1776
1720
1684
1682
1683
1683
1682
1782
1682
1770
1712
1681
1690
1683
1682
1712
1712
1812
1737
1683
1683
1721
1711
1683
1683
1682
1683
1831
1712
1681
1689
1683
1682
1712
1711
1682
1764
1706
1718
1762
1712
1683
1681
1683
1712
1717
2017
2359
2163
1911
1948
1773
1735
1769
1926
1920
1686
1708
1682
1684
1683
1682
1685
1743
1873
1803
1684
1683
1682
1684
1684
1682
1751
1684
1915
1684
1682
1683
1683
1682
1683
1753
1682
1683
1811
1684
1682
1683
1684
1682
1689
1711
1682
1746
1684
1683
1682
1683
1689
1682
1800
1684
1682
1706
1683
1683
1681
1691
1685
1681
1705
1682
1681
1705
1683
1681
1688
1682
1682
1705
1682
1682
1681
1684
1682
1687
1683
1683
1681
1834
1879
1768
1729
1834
1738
1728
1728
1704
1757
1728
1704
1728
1834
1766
1728
1704
1728
1754
1704
1728
1728
1733
1756
1751
1728
1728
1755
1781
1779
1788
1755
1800
1730
1728
1704
1757
1728
1728
1712
1729
1728
1781
1704
1727
1802
1727
1704
1734
1728
1704
1751
1728
1727
1704
1762
1734
1727
1704
1728
1728
1751
1704
1728
1764
1730
1684
1682
1683
1682
1683
1766
1681
1741
1688
1682
1683
1682
1682
1682
1683
1835
1682
1748
1683
1683
1681
1683
1682
1682
1741
1688
1959
2032
1694
1684
1683
1682
1683
1683
1741
1707
1683
1683
1682
1682
1711
1711
1683
1687
1708
1740
1712
1712
1681
1683
1682
1681
1718
1712
1852
1682
1685
1712
1682
1712
1688
1682
1681
1744
1759
1724
1728
1728
1728
1750
1763
1728
1727
1785
1752
1762
1762
1705
1733
1729
1762
1735
1807
1825
1728
1705
1762
1769
1728
1705
1842
1753
1791
1712
1682
1689
1683
1682
1712
1771
1682
1683
1837
1712
1688
1711
1683
1681
1741
1712
1712
1741
1683
1688
1681
1712
1712
1694
1729
1683
1683
1740
1718
1682
1682
1683
1682
2252
1764
1683
1688
1767
1712
1681
1712
1683
1896
1812
1711
1718
1812
1682
1683
1683
1710
1717
1683
1688
1682
1683
1794
1711
1683
1683
1711
1758
1721
1712
1681
1683
1710
1712
1682
1712
1739
1687
1683
1712
1682
1736
1683
1684
1682
1710
1717
1682
1683
1683
1682
1712
1712
1682
1683
1741
1706
1711
1712
1683
1682
1767
1706
1718
1721
1683
1683
1682
1683
1712
1712
1815
1689
1793
1712
1681
1711
1683
1682
1683
1771
1688
1711
1712
1683
1682
1712
1712
1682
1684
1713
1682
1707
1712
1683
1682
1683
1683
1711
1717
1710
1682
1739
1683
1712
1710
1683
1688
1682
1683
1712
1706
1683
1683
1683
1681
1717
1712
1682
1683
1734
1683
1729
1712
1683
1690
1683
1712
1682
1713
1782
1683
1682
1712
1717
1682
1683
1683
1682
1768
1782
1683
1682
1689
1683
1711
1712
1682
1682
1775
1683
1717
1711
1683
1683
1682
1684
1766
1713
1708
1687
1683
1682
1712
1712
1682
1683
1740
1712
1711
1712
1683
1682
1685
1713
1682
1739
1683
1687
1681
1735
1711
1682
1682
1683
1682
1791
1760
1767
1682
1683
1683
1712
1711
1683
1747
1682
1682
1840
1712
1682
1683
1713
1682
1767
1712
1683
1682
1720
1711
1682
1711
1684
1687
1735
1710
1711
1708
1684
1683
1682
1711
1720
1791
1681
1684
1683
1739
1712
1683
1681
1688
1785
1712
1710
1683
1683
1683
1683
1718
1712
1738
1683
1683
1682
1712
1712
1682
1687
1683
1682
1778
1730
1683
1683
1683
1712
1802
1682
1683
1715
1682
1714
1711
1682
1683
1746
1752
1711
1751
1683
1683
1683
1683
1718
1711
1741
1683
1682
1769
1712
1712
1682
1689
1682
1682
1795
1712
1738
1682
1684
1711
1686
1712
1683
1682
1794
1760
1760
1681
1683
1688
1682
1713
1711
1724
1682
2050
2289
1995
2058
1953
1859
1795
2049
1849
1729
1741
1705
1728
1728
1728
1704
1803
1834
1738
1705
1728
1728
1728
1704
1728
1728
1800
1711
1728
1728
1704
1728
1728
1728
1704
1785
1689
1682
1681
1682
1682
1682
1683
1683
1681
1734
1682
1682
1682
1683
1682
1683
1682
1694
1724
1707
1683
1682
1682
1683
1682
1683
1687
1853
1681
1712
1683
1681
1683
1683
1683
1687
1746
1685
1705
1767
1683
1682
1683
1682
1687
1682
1739
1683
1682
1775
1683
1682
1682
1689
1682
1742
1683
1683
1704
1683
1682
1681
1688
1683
1682
1739
1683
1681
1709
1706
1690
1681
1683
1682
1740
1683
1683
1681
1710
1688
1682
1682
1682
1711
1682
1683
1682
1682
1717
1712
1682
1682
1682
1738
1682
1713
1682
1686
1683
1712
1682
1712
1754
1729
1705
1712
1718
1692
1727
1682
1683
1710
1741
1682
1681
1688
1682
1734
1781
1683
1682
1732
1682
1718
1710
1682
1682
1706
1681
1712
1764
1682
1688
1683
1681
1712
1712
1705
1681
1683
1764
1687
1712
1683
1682
1683
1712
1736
1682
1727
1687
1681
1712
1711
1683
1682
1683
1707
1757
1728
1728
1704
1728
1728
1739
1762
1752
1774
1771
1766
1729
1728
1704
1727
1728
1774
1763
1842
1728
1728
1704
1728
1728
1727
1712
1851
1763
1712
1711
1683
1682
1682
1682
1719
1711
1755
1682
1683
1681
1711
1712
1682
1687
1683
1748
1682
1712
1683
1682
1683
1719
1682
1712
1683
1738
1682
1712
1710
1681
1687
1682
1682
1712
1771
1682
1682
1682
1683
1716
1711
1683
1682
1771
1707
1803
1710
1682
1688
1683
1682
1715
1752
1682
1682
1828
1720
1682
1713
1683
1683
1683
1903
1809
1718
1748
1682
1683
1711
1713
1683
1711
1683
1683
1771
1711
1683
1683
1682
1682
1782
1712
1683
1691
1771
1682
1710
1709
1682
1683
1746
1713
1682
1793
1684
1682
1683
1709
1709
1684
1689
1683
1682
1777
1709
1683
1682
1683
1737
1732
1710
1683
1682
1880
1787
1709
1709
1737
1689
1683
1682
1684
1684
1927
1682
1684
1746
1684
1686
1684
1682
1684
1794
1685
1682
1690
1846
