1000
1022
981
979
978
977
978
1085
979
978
989
977
978
978
1059
1080
979
978
978
978
976
978
1029
978
978
978
985
978
978
978
979
1036
1048
978
978
978
1002
978
1048
983
978
989
977
977
978
978
977
978
1028
977
977
978
977
978
1029
977
984
977
977
978
978
978
977
978
978
1031
977
978
1040
990
1162
1021
1055
994
978
978
978
978
978
978
979
1002
978
978
978
978
1046
1035
1041
978
978
978
978
977
977
978
977
977
1027
1040
977
986
1037
1006
1001
1000
1000
1000
1000
999
1000
1000
1001
1000
1000
1161
1010
1000
1026
1000
1000
1000
1000
1000
1000
1000
1000
1001
1000
1000
1000
1057
1000
1000
1026
999
1000
1000
1000
999
1000
1000
1000
1000
1000
1000
1006
1000
1062
1000
1029
1000
1000
1000
1000
999
1000
1000
1000
1000
1000
1005
1000
1000
1079
1029
977
977
977
977
976
977
977
977
977
977
983
977
978
977
977
977
1032
977
977
977
977
1006
977
977
978
983
977
977
977
977
977
977
1038
978
1001
978
977
977
978
978
984
977
978
977
978
977
977
977
1033
1060
978
977
978
977
977
983
977
977
977
977
977
977
977
977
1004
1009
1070
978
977
977
986
1000
977
977
976
977
977
977
977
978
977
1149
1015
1101
1001
1009
1001
1000
1000
1001
1000
1000
999
1000
1000
1000
1027
1000
999
1085
1007
1001
1000
1000
1000
1005
1000
1000
1000
1000
1000
1000
1085
1865
987
1002
977
977
977
977
1008
977
977
977
977
977
1016
988
977
983
977
977
977
1007
977
1006
977
977
977
977
977
977
977
1060
1037
1065
1012
1000
1089
1059
1000
1000
1001
1000
1000
1000
1001
1000
1028
1032
1000
1000
1000
1000
1000
1170
1013
1000
1000
1000
999
1000
1000
1000
1035
1000
1000
1000
1000
1055
1042
1048
1030
1031
1031
1058
1122
1084
999
1021
1043
1015
1011
1000
999
1000
1000
1001
977
977
977
977
977
977
984
977
1002
977
977
977
977
978
977
978
1001
977
978
977
977
983
1007
977
1020
977
977
979
977
978
977
978
977
977
978
977
985
977
977
977
1029
978
977
978
978
977
978
978
978
977
978
983
977
977
977
977
1028
978
978
1000
977
977
977
976
977
977
977
1034
1007
977
977
978
1048
1054
1014
1001
1000
1000
1000
1000
999
1008
1000
1000
1129
1012
1000
1000
1068
1162
1188
1008
1061
978
978
978
989
979
979
979
1033
978
978
978
1087
978
978
979
978
978
978
986
978
978
979
978
978
1002
978
978
1079
1159
1035
1000
1000
1000
1010
1000
1001
1000
1000
1000
1008
1032
978
977
1232
981
979
978
978
986
978
978
977
977
978
977
977
977
1043
977
1125
1082
1318
1359
1361
1151
1034
1010
1147
982
979
1017
1008
1299
1047
983
979
991
978
978
978
977
978
978
978
978
977
978
978
1055
1032
1004
987
978
978
977
977
977
977
978
977
977
977
978
978
1001
1018
1015
978
978
977
977
977
977
977
977
978
977
976
977
977
977
1033
1033
977
977
977
977
977
1000
978
977
977
978
977
977
978
977
1006
977
1032
978
977
978
977
978
977
978
977
978
977
978
977
983
1018
977
977
1031
977
977
977
978
978
977
977
978
977
977
983
978
1033
977
978
977
978
977
977
977
977
1000
977
977
977
976
977
983
977
1029
978
1001
977
1061
977
977
978
977
977
978
977
978
984
977
977
1056
1007
1002
1001
1001
1190
1013
1000
1000
1000
1001
1009
1000
1000
1000
989
1012
1000
1000
999
999
1050
1000
1000
1000
1000
1041
1000
1000
1000
1000
1032
1000
1000
1000
1000
1000
1000
1054
1000
1000
1006
1000
1000
1000
1000
1000
1030
1000
1000
1000
999
1000
1000
1060
1000
1008
1000
1000
1000
1000
1000
1000
1093
977
977
977
978
978
977
977
983
978
978
978
978
978
978
977
1036
977
977
977
978
977
977
982
977
977
977
976
977
977
977
977
977
1115
1010
1050
999
1000
1008
1000
1000
1000
1135
1000
1000
1000
1000
1000
1039
985
980
979
978
986
978
978
978
978
1032
1073
978
978
978
1004
1071
980
978
978
985
978
978
978
978
978
978
1032
977
977
976
978
978
1042
978
978
983
978
978
978
978
978
978
978
1033
978
979
978
978
1041
978
983
979
978
978
978
978
978
979
978
978
1005
978
978
978
1033
1006
978
978
978
978
978
978
978
978
978
978
978
978
979
978
1108
1071
978
978
978
978
978
978
979
978
978
979
979
978
978
983
1037
1026
1008
998
978
977
977
978
977
977
978
977
977
977
1013
1028
1017
989
977
1000
977
977
977
977
977
977
978
977
978
977
984
1021
1094
1032
977
977
977
977
977
977
978
977
977
978
978
984
977
977
1028
1033
977
978
978
977
977
978
977
977
977
977
983
978
977
977
977
1085
977
984
979
978
976
978
978
978
985
978
978
978
978
978
1145
1003
978
978
978
978
978
978
978
985
979
978
978
978
979
978
1039
1021
1077
1004
978
978
979
979
985
978
978
978
978
978
978
978
1033
979
1031
978
979
979
978
987
1003
978
978
978
978
977
978
978
1021
978
978
1061
978
978
984
978
978
978
978
978
978
978
978
1101
987
980
978
977
1125
1002
978
978
978
978
978
978
978
978
978
1031
978
977
977
979
1260
1008
1010
1219
1011
1059
1008
1007
1159
1037
993
1056
1078
1049
1116
978
1053
1036
977
978
977
977
978
977
978
977
1030
977
978
986
978
977
977
1056
1049
977
977
977
978
977
977
977
977
1094
1065
1053
1007
1007
1008
1032
1007
1007
1007
1007
1007
1029
1007
1007
1036
1045
1041
1022
1008
1007
1008
1007
1135
1008
1007
1007
1007
1007
1007
1007
1034
1007
1007
1008
1007
1008
993
1000
1085
1182
1000
1000
999
1000
1009
1029
1000
1000
1000
1001
1000
1000
1000
1000
1000
1079
977
978
978
984
978
1030
978
978
977
978
977
977
977
976
977
1040
976
977
977
984
977
977
1039
983
979
979
979
978
978
978
978
978
1002
979
986
978
978
978
1004
978
979
979
979
979
978
979
978
978
979
983
978
978
978
979
1036
980
978
979
978
978
978
978
978
978
983
978
978
978
978
978
1034
979
980
1001
978
978
977
978
977
1085
978
1048
978
1209
1048
979
1116
980
1056
978
1057
978
1057
978
1064
978
1057
978
1057
1063
1166
978
1128
978
1101
978
1053
978
1061
1016
1015
1030
1002
1042
989
1114
1031
1098
978
1053
978
1053
978
1059
978
1053
978
1052
978
1052
978
1138
979
1164
977
1052
978
1060
1002
1053
978
1053
990
1041
1016
1015
1030
1001
1235
980
1052
978
1061
980
1053
978
1052
978
1052
978
1051
978
1053
978
1477
1009
1060
1038
991
1052
978
1052
978
1051
978
1053
979
1053
978
1137
1120
1058
979
1057
979
1056
978
1058
978
1058
978
1059
976
1114
1089
1029
1305
979
1046
979
1039
978
978
977
977
978
977
977
978
1082
991
978
1139
1165
1025
978
1189
1068
1007
1011
1060
977
977
977
1010
977
977
977
1137
1169
978
978
977
977
977
977
977
977
977
988
1033
977
977
977
977
1107
978
977
977
977
1000
976
977
977
984
976
978
1030
976
977
977
977
1038
977
977
977
977
977
977
977
984
977
978
1054
1007
1025
1001
1000
1024
1023
1000
1000
1000
1000
1001
1010
1000
999
999
1000
999
1000
999
999
999
1057
1012
1000
1000
1000
1125
1000
1000
1000
1026
1000
1000
1000
1000
1000
1000
1023
1000
1000
1006
1000
999
999
1000
1000
1057
1020
1002
1001
1000
1000
1000
1000
1061
987
977
977
978
978
978
978
1040
979
978
977
977
978
977
1047
986
1046
1198
981
1024
1002
1053
979
1043
1050
978
1052
978
1052
978
986
1052
1063
1159
979
1052
978
1053
978
1368
1222
1496
1620
1443
1196
1260
1480
1300
1139
1104
1005
2139
2023
1291
1020
1101
1013
1157
1045
1348
1149
1003
1123
1013
1125
1001
1087
1026
1064
1178
1593
1229
1405
2429
1033
1105
1203
1050
1157
1066
1102
1043
1100
1014
1091
1011
1105
1220
1052
1045
1041
1041
1041
1052
1039
1040
1040
1040
1039
1041
1040
1041
1039
1057
1042
1041
1360
1054
1101
1045
1093
1041
1183
1049
1821
17402
1129
1055
1248
1149
1066
1041
1056
1052
1040
1051
1039
1051
1039
1051
1039
1052
1039
1141
1216
1048
1043
1042
1040
1039
1039
1039
1039
1039
1039
1038
1039
1050
1039
1040
1059
1044
1040
1040
1038
1039
1039
1039
1039
1038
1039
1050
1039
1042
1066
1158
1051
1074
1000
1074
1000
1074
1000
1000
1000
1000
1107
1075
1000
1000
1016
1162
1105
1032
1030
1001
1000
977
977
977
985
977
978
977
977
978
1038
977
1059
977
977
977
977
977
978
987
978
977
977
977
977
977
1032
977
1000
1084
977
977
977
977
985
977
977
977
977
976
977
977
977
1033
977
1000
977
977
978
977
985
977
977
977
977
977
977
977
1068
1015
1014
979
1057
1038
978
988
979
978
978
978
978
979
978
978
1057
979
978
978
978
1103
1010
979
979
978
978
978
979
978
978
978
1114
978
978
978
978
984
1033
979
979
978
978
1003
978
979
978
978
1041
978
978
979
984
978
1016
978
978
978
978
978
979
978
978
978
1035
979
978
984
979
978
979
1002
978
978
978
978
978
978
978
978
999
993
982
976
978
978
978
978
978
978
978
978
979
979
1002
978
978
1107
985
978
979
978
978
978
979
978
978
978
978
978
978
979
978
1057
984
1003
978
977
978
977
977
977
1123
1005
977
977
978
978
988
1001
977
977
977
978
978
978
978
977
977
1100
1079
978
979
985
1001
1029
981
978
976
977
977
977
977
978
977
1037
977
977
977
986
978
1031
977
1038
977
977
978
977
977
977
978
977
1000
977
985
978
977
1029
977
977
978
977
977
978
977
978
977
977
977
1007
977
978
977
1274
1082
977
977
978
977
977
977
977
977
977
983
977
978
977
977
1032
977
977
977
977
977
977
978
977
977
982
978
977
977
977
977
1016
1000
1000
1000
977
977
977
977
977
982
976
977
977
977
977
1061
977
1032
977
977
977
1005
977
977
977
983
978
978
977
978
977
1036
1106
978
977
977
978
978
977
977
984
977
977
977
977
977
978
977
1137
1012
977
977
978
978
977
1056
978
977
977
978
977
978
977
977
1129
1060
1033
1001
1001
1000
1059
1001
1000
1000
1059
1017
1000
1000
1001
1251
1014
1027
1024
1000
1011
1000
1000
1054
1000
1001
1000
1000
1000
1000
1059
1001
1000
1012
1037
1008
1000
1053
1000
1000
1000
1000
1056
1000
1000
1141
1056
1179
1016
1000
1173
978
978
977
977
1006
1047
977
977
1054
1040
981
979
1049
1064
978
1143
1077
977
977
1050
977
978
1056
977
978
1035
977
977
1058
977
977
977
1248
978
977
977
1052
977
977
1057
977
1017
1058
985
977
977
977
977
1180
1090
1001
978
978
1018
1016
1033
1001
1123
977
1056
977
977
977
1057
1085
1153
977
977
977
1056
977
978
1040
1085
1001
1080
1000
1081
1000
1000
1064
1138
1000
1000
1000
1060
1039
1029
1089
1017
1071
999
999
1000
1060
1000
1126
1105
1056
1000
1064
1010
1063
1044
1081
1024
1001
1000
1079
1026
1054
1077
1096
1126
1000
1088
1001
1079
1024
1079
1000
1000
1000
1081
1000
1081
1000
1081
1090
1177
1052
977
1056
1026
1055
1002
1054
1000
1000
1000
1054
1000
1054
1000
1101
1077
1055
1000
1054
1054
1054
1000
1053
1000
1054
1000
1000
1038
1014
1074
1052
1183
1000
1054
1086
1052
978
1050
977
1051
978
1052
978
1060
978
1051
1012
1077
1000
1078
1004
1079
1001
1043
1135
1011
1082
1008
1083
1000
1082
1001
1125
1085
1085
1122
1067
1056
1030
1053
1054
1063
1029
1053
1030
1053
1030
1053
1037
1040
1032
1053
1030
1053
1029
1030
1040
1053
1029
1053
1041
1041
1029
1042
1047
1160
1200
1001
1088
1000
1009
1088
1000
1000
1001
1088
999
1000
1088
1001
1145
1089
1070
1013
1093
1060
978
977
1082
977
1083
977
1083
1002
978
982
1361
1102
1054
1061
1066
1175
1169
978
978
1086
977
1087
977
1087
1088
1118
1001
1094
977
1088
1015
1163
977
977
1088
977
1088
1089
978
977
1127
1067
1058
1001
1059
1000
1061
1034
1144
1000
1057
1026
1044
1054
1012
1088
1012
1180
1100
1058
1002
1056
1000
1000
1000
1056
1000
1056
1000
1056
1010
1034
980
1075
1001
1025
1000
1000
1000
1000
1000
1029
1000
1000
1000
1008
1000
1055
1000
1000
1059
1037
1000
1000
1053
1105
1000
1000
1000
1007
1000
1027
1000
1000
1056
1000
1058
1000
999
1000
1000
1000
1000
1000
1007
1000
1000
1031
1000
999
1000
1000
999
1049
1000
1000
1000
1000
1000
1006
1000
1000
1000
1036
977
978
978
977
977
1002
977
978
978
977
983
1006
978
977
978
1017
977
977
977
978
977
978
977
977
977
983
978
978
977
977
977
1011
3034
1503
1265
1192
1261
1053
1173
1036
1003
1002
1002
1002
1080
1004
1001
1001
1001
1000
1000
1000
1044
1071
978
978
977
978
978
977
1177
978
977
978
978
977
977
986
977
1001
1048
978
977
977
977
978
1001
977
978
978
977
977
985
978
977
978
1001
977
978
977
977
977
1043
977
978
977
977
984
977
977
977
977
978
1005
977
978
977
978
1033
978
977
978
983
977
977
977
977
977
977
976
1004
978
977
977
977
1040
977
977
983
977
977
977
977
977
977
977
977
977
977
977
977
1033
978
1007
978
977
978
977
977
977
977
977
977
977
1054
977
977
1033
984
1001
978
977
977
978
977
977
977
977
977
977
1000
1048
977
1007
978
977
978
977
977
977
977
977
977
977
977
977
977
1000
982
976
1029
976
977
977
977
977
977
977
977
977
977
977
977
977
1012
977
1038
977
977
977
1006
977
1007
977
977
977
977
977
978
983
1006
1001
1046
1006
1001
1000
1000
1000
1000
1000
1035
1000
1000
1000
1009
1001
1000
1000
1050
1000
1034
1000
1034
1000
1000
1000
1000
1000
1000
1006
1035
1000
1035
1000
1047
1001
1023
977
977
978
1006
977
1006
977
985
977
977
978
978
977
1031
1061
1007
978
978
977
977
977
978
983
1007
977
1006
977
977
977
1032
977
1070
977
1009
977
1006
977
983
978
977
978
977
977
1007
977
1033
977
978
1000
977
977
978
983
1006
977
1006
977
977
977
977
1114
1008
1002
1035
1054
1001
1001
1009
1000
981
978
977
1029
978
978
976
1041
978
976
978
1018
994
985
978
978
978
978
978
978
978
979
978
1036
978
979
978
978
1007
978
978
978
978
978
1025
978
978
978
978
1042
1010
1031
1007
1018
1007
1072
1003
977
977
977
977
977
977
977
977
1034
978
977
984
977
977
977
1087
1031
977
977
977
977
977
977
977
1033
977
984
977
978
977
977
978
1027
977
978
977
977
977
977
978
1044
992
979
978
978
977
978
977
978
1041
978
977
977
977
977
977
1014
1006
977
977
977
977
976
977
977
977
1039
977
978
977
977
978
1035
977
977
977
977
978
978
978
977
977
1038
977
977
977
977
984
1044
983
979
978
978
979
978
978
979
978
978
978
979
978
985
978
1040
1005
1024
1000
1000
1000
1000
1000
1000
1000
1000
1000
1038
1019
1000
999
1000
1000
1000
1000
1000
1000
1000
999
999
1000
1000
1000
1005
1071
1000
1001
1029
1000
1000
1000
1000
999
1000
999
1001
1000
1000
1005
1000
1041
978
977
1005
978
977
977
978
977
1006
978
978
977
985
978
977
977
1004
977
1042
980
979
977
978
977
978
977
977
986
978
977
978
978
977
1042
1042
979
977
978
1033
979
978
977
984
978
977
977
977
977
977
977
1199
1051
1031
1020
1000
1000
1000
1008
1000
1000
1000
1000
1000
1000
999
1000
1059
1023
1000
1000
1000
1000
1006
1000
1000
1000
1000
1000
1000
1000
1000
1113
1023
1353
1107
977
986
977
977
976
977
977
977
977
977
977
978
1087
1007
1023
1000
1000
1010
1000
999
1000
1000
1000
1000
977
977
977
978
1032
976
977
1004
985
978
977
978
978
977
977
978
977
977
978
1033
977
977
978
983
1005
978
978
977
977
977
977
978
977
977
977
1033
977
977
983
977
977
977
977
977
977
978
977
977
977
978
978
1042
977
984
1000
977
977
977
1060
977
977
977
977
977
977
976
977
977
1108
977
977
976
977
977
999
1071
976
978
977
977
977
978
977
978
1040
977
978
978
977
977
1062
1001
977
977
978
977
977
977
977
984
1034
977
1006
978
977
978
977
977
1004
978
1007
977
1006
977
984
977
1006
977
977
977
1006
977
1007
978
977
1001
977
977
978
983
1007
1001
1001
977
977
978
977
978
977
978
1007
977
1006
977
983
977
977
977
1003
977
1006
977
1006
977
977
976
978
977
977
977
982
1006
977
1006
977
1042
979
1001
978
977
978
1007
977
1006
977
984
1059
977
978
977
1029
1007
977
1007
977
978
978
978
977
977
984
1007
1000
1109
977
977
1095
977
978
978
978
1007
977
1006
977
984
977
977
978
1000
977
1006
1032
1006
977
977
977
977
978
978
984
1006
977
1006
977
977
1003
977
1115
977
977
1006
977
1007
977
985
977
977
977
978
1030
1040
1000
1059
1055
1042
1010
1192
1044
978
987
1004
979
978
978
980
979
979
978
1003
1037
1003
978
1003
979
985
978
978
978
979
978
1004
978
1003
979
979
1047
1003
1024
977
986
1007
977
1007
978
978
977
978
977
977
977
1007
1033
1088
978
984
977
977
978
977
977
1007
977
1007
977
978
978
977
1005
989
1111
1007
977
1006
977
978
978
977
977
977
978
1006
978
1007
1041
983
1028
978
977
978
978
1007
1049
1007
978
977
977
978
978
978
1041
1008
977
1033
978
977
978
977
978
978
977
1006
978
1006
978
983
1038
977
977
977
1001
1006
977
1007
977
977
977
976
977
977
977
982
1034
977
1006
977
978
977
978
978
978
978
1007
978
1006
977
983
977
1028
978
1001
978
1007
978
1091
977
978
978
977
977
977
977
1018
977
1264
1084
1189
1271
1352
1342
1196
1090
1174
1013
1009
1020
1009
1009
1032
1008
1008
1008
1007
1007
1005
1113
1000
1000
1000
1000
1009
1000
1000
1000
1038
1004
1001
1000
999
999
1000
1092
1199
1001
1010
1000
1000
1000
1000
1064
999
1000
1000
1000
1000
1000
1000
1000
1080
985
978
978
977
978
978
1005
978
977
977
978
977
977
977
977
1046
978
977
977
978
977
977
1043
981
978
977
977
977
977
976
977
986
1030
1008
978
977
977
977
977
1018
978
978
978
978
978
978
984
978
979
1052
1121
978
978
977
978
1001
977
978
978
977
977
1016
977
977
977
978
1036
1012
978
978
978
1034
1001
977
978
978
985
978
978
978
978
977
977
1023
977
977
977
1005
977
978
978
984
978
978
977
978
977
978
978
978
1005
978
978
1009
978
978
985
977
977
977
977
977
976
978
977
977
978
1003
977
978
1034
977
983
978
978
978
978
978
978
977
977
978
977
978
977
978
1116
1022
1034
1061
1096
1184
1031
1030
1078
1055
1055
1161
1167
1215
1001
1051
1046
1065
1000
1000
1000
1000
1000
1000
1033
1001
1000
1000
1000
1011
1195
1000
1000
1001
1000
1000
1001
1001
1340
990
992
980
979
979
978
978
983
979
978
978
978
978
978
978
978
1026
978
978
978
977
977
978
976
981
978
978
978
978
978
978
979
983
1002
979
978
979
978
978
979
1053
981
978
978
978
978
978
986
977
1164
1159
1030
978
977
978
978
1030
977
978
978
978
978
985
978
977
978
1002
977
978
978
978
978
1033
977
977
977
978
984
1001
977
978
977
977
1001
977
978
978
978
1030
978
1086
1036
1046
1050
1042
1138
1044
1016
1009
1044
1148
1184
1068
1011
1010
1011
1014
1009
1003
979
979
979
979
979
980
1282
1254
1120
1130
1032
989
978
977
977
977
976
978
977
977
977
977
977
1036
977
1039
977
987
978
977
978
977
977
978
978
977
977
978
978
1003
977
1004
983
978
977
977
977
978
978
978
977
977
977
977
977
977
1001
1038
978
977
977
977
977
978
978
978
978
978
1006
977
978
977
983
1029
978
977
978
977
977
1000
977
976
977
977
977
977
977
977
983
978
1061
1001
1023
977
977
978
978
978
977
978
978
977
977
983
978
977
1087
1027
1007
977
977
978
977
977
978
978
977
977
983
977
977
977
1032
977
1081
1001
977
977
977
977
978
977
977
984
977
977
978
1159
1010
1037
1014
1037
977
977
977
978
977
977
984
978
978
977
1118
1008
1001
1001
1000
1080
1055
1000
1004
1001
1000
1009
1001
1000
1000
1000
1034
1034
1000
1000
1000
1000
1106
1037
999
999
1008
1000
1000
1000
1000
1000
1040
1000
1001
1000
1000
1000
1061
1000
1008
1000
1000
1000
999
1000
1000
1050
1008
1009
1024
1000
1000
1000
1000
1143
1000
1000
1000
1000
1000
1000
1001
1001
978
977
977
977
978
977
984
1028
1047
978
977
977
977
977
978
1029
978
977
977
977
977
984
977
977
999
977
976
977
977
977
977
977
1005
977
977
977
978
983
978
978
978
1005
977
977
977
977
977
1004
978
978
977
977
983
1006
977
1007
977
977
1002
977
977
977
977
1029
1000
1006
977
983
977
977
977
978
977
1006
977
1005
977
978
1037
977
978
977
983
1006
977
1006
977
978
977
977
977
977
977
1006
989
1035
978
1006
977
977
975
978
977
977
1006
977
1006
977
977
1059
977
1033
977
984
1006
977
1007
977
978
978
978
977
977
977
1006
977
1180
979
985
978
977
977
978
977
1007
978
1007
977
977
977
977
977
1134
986
1007
977
1007
978
977
977
977
977
978
977
1007
978
1007
977
1149
1007
978
977
977
978
1006
977
1007
977
977
977
977
978
977
984
1054
977
1031
978
977
977
977
977
977
978
1006
977
1007
978
983
978
1006
978
977
978
1006
977
1007
977
977
978
977
977
978
983
1007
977
1037
1001
1001
1053
1008
977
977
977
1007
977
1007
978
983
978
978
1036
978
978
1007
977
1058
1049
977
977
977
977
977
984
1007
977
1006
1035
977
978
977
977
977
1023
1006
977
1006
977
983
976
978
977
977
977
1005
1006
977
1006
977
978
1003
977
977
977
978
1062
1004
1007
977
977
1031
977
977
978
977
1006
977
1031
977
977
982
977
977
1040
1013
1049
1031
1035
1032
1072
1106
1009
977
977
1017
977
990
993
976
978
977
977
1006
977
977
1006
977
1006
977
977
983
977
977
977
978
1006
977
1006
1063
1000
1024
978
978
978
977
1015
977
1077
978
977
978
978
977
977
1134
1086
1329
1212
1305
1364
1108
1031
1190
1162
1004
1002
1003
1057
1138
1002
1001
1001
1000
1004
1001
1000
1000
1001
1169
1095
1000
1000
1030
1000
1000
1000
1000
1010
1001
999
1000
1000
1000
1000
1032
1099
1000
1044
1001
1000
1000
1000
1009
1000
1000
1000
1000
1000
1000
1000
1000
1055
1087
1000
1000
1001
1000
1007
1000
1000
1000
1000
1000
1000
1000
1000
1000
1054
1025
1001
1000
1000
1006
1000
1001
1000
1000
1000
1000
1000
1000
1000
1000
1000
1044
1014
1033
1018
1009
1009
1008
1010
1008
1008
1008
1008
1008
1008
1008
1036
1063
1020
978
978
976
978
978
978
978
978
978
978
978
978
978
1028
979
1069
1059
978
978
979
978
1002
978
978
978
979
979
978
979
1063
1015
1002
1080
1000
1000
1000
1001
1000
1000
1000
1000
1000
1000
1000
1000
1043
977
978
1000
1070
978
977
977
977
977
978
978
978
977
978
984
1006
977
978
978
1000
978
978
978
978
977
978
978
978
977
983
978
1032
977
978
977
978
1032
977
977
978
977
978
978
978
983
977
977
1039
978
979
978
977
978
1032
1038
977
978
977
977
984
977
977
977
1006
977
977
977
976
977
978
1057
1023
977
977
977
984
977
977
977
978
1043
977
977
978
978
977
977
1000
978
978
983
978
977
977
977
977
1029
977
977
977
977
978
978
978
1004
983
977
977
977
978
978
977
1035
977
978
977
978
977
977
977
1072
1002
1000
1000
1000
1000
999
1031
1000
1000
1000
1000
1000
1000
1006
1000
1000
1024
1000
1001
1000
1001
1001
1026
1000
1000
1000
1000
1000
1006
1000
1000
1000
1024
1000
1033
1000
1000
1000
1129
1009
1008
1038
1000
1007
1001
1000
1000
1000
1000
1142
977
978
978
977
1059
977
978
978
984
978
977
977
977
977
977
977
1117
978
977
977
1007
978
978
984
977
981
978
977
978
977
978
978
1018
977
977
977
1033
977
984
978
977
977
978
977
978
978
977
978
977
1002
977
977
988
1027
977
977
976
977
977
977
977
977
977
977
978
977
1005
977
977
1061
984
979
979
978
978
978
979
978
978
979
978
978
978
1041
986
1047
1005
1001
1000
1000
1000
1000
1001
1000
1000
1000
1000
1000
1001
1008
1024
1034
1007
1032
1001
1000
1000
1000
1001
1000
1001
1000
1000
1000
1009
1000
1082
1058
1000
1000
1000
999
1000
1000
999
1000
999
1000
1000
1006
999
1000
1000
1165
978
977
977
977
977
977
977
977
977
977
984
977
977
977
978
1042
1037
977
977
977
978
978
978
978
977
983
978
978
978
978
977
1006
977
1002
978
978
978
977
977
978
983
978
977
977
978
978
978
1034
977
1005
977
1007
978
1007
977
983
978
977
977
977
978
1007
977
1001
977
978
978
977
977
977
982
990
1017
1006
977
977
977
977
977
1101
1001
1029
977
1060
1008
983
978
977
977
977
976
977
1006
977
1006
1104
977
977
978
976
1074
1007
977
1006
977
977
976
977
977
977
977
1168
977
1006
977
983
977
1000
977
977
978
977
1006
977
1063
977
977
1033
977
977
978
984
1007
1004
1007
978
978
977
977
978
977
978
1007
1088
1120
1115
1000
1000
1000
999
1056
1036
1000
1000
1001
1000
1000
1000
1019
1019
1007
1036
1000
1035
1000
1000
1002
1000
1001
1000
1000
1035
1000
1034
1015
1006
1001
1000
1000
1000
1000
1035
1000
1059
1000
1000
1000
1000
1000
1000
1031
1030
1038
1033
1000
1001
1000
1000
1000
1078
1065
1006
977
1006
978
984
1039
984
979
979
978
1004
979
978
978
978
1164
1071
979
979
986
1004
1041
1003
978
978
977
978
978
978
979
1004
1096
1125
985
977
978
978
1039
978
978
1003
978
1003
978
978
978
978
979
1108
984
1004
978
1003
1030
979
977
978
978
978
977
1001
977
1003
977
986
1001
978
978
978
1037
1001
1002
1002
977
978
978
978
978
977
984
1003
978
1027
978
977
1111
1010
1009
1008
1007
1031
1007
1031
1008
1017
1008
1007
1007
1007
1007
1031
1030
1031
1042
1002
1000
1011
1000
1009
1019
1016
1034
1000
999
1012
1123
1101
1563
1007
1024
1000
1046
1000
1008
1000
1000
999
1011
1003
1032
1042
1148
1000
1000
1001
1000
1001
1007
1034
1000
1035
1000
1000
1001
1000
1000
1000
1081
1007
978
1007
977
983
978
978
977
978
978
1007
978
1007
978
978
1093
1043
1000
1001
1009
1034
1000
1035
1001
1000
1000
1001
1000
1000
1000
1034
1052
1058
1000
1007
1001
1000
1000
1000
1000
1035
1000
1035
1000
1001
1000
1000
1002
1024
1005
1035
1000
1035
1001
1000
1000
1000
999
999
1000
1035
1000
1034
1035
1002
1048
976
978
977
977
1006
977
1007
977
978
977
977
978
978
1007
1006
977
1075
978
977
978
977
977
978
977
1006
977
1006
977
982
1034
977
978
1037
1093
1007
977
1007
978
978
978
978
978
977
983
1006
1018
1007
978
977
1036
978
978
977
978
1006
1051
1007
978
986
977
978
1030
977
977
1007
977
1029
978
978
977
977
978
1002
988
1002
978
1002
1085
1059
1094
1028
1000
1052
1000
1035
978
1007
978
986
978
977
978
977
1033
1007
978
1007
977
978
978
978
978
978
983
1007
978
1007
977
978
1030
978
1001
978
978
1007
978
1097
978
984
978
978
977
977
977
1005
1224
1082
1246
1534
1389
1119
1233
1196
1111
1036
1041
1002
1001
1002
1026
1001
1000
1034
1001
1000
1000
1011
1079
1059
999
1000
1000
1000
1000
1000
1043
1000
1001
1000
1011
1007
1000
999
1001
1118
1013
1000
1000
1000
1000
1062
1000
1000
1000
1000
1008
1000
1000
1000
1000
1033
978
978
977
977
977
1033
977
977
978
977
984
977
977
977
977
977
1004
977
976
977
977
977
1140
977
977
976
986
977
977
977
977
978
977
1004
977
978
977
978
1028
978
1002
984
977
978
977
977
977
978
978
977
1061
978
977
978
1034
977
984
978
977
977
977
1006
977
1007
977
978
1019
1070
977
977
1035
1014
1000
1007
978
977
978
977
978
978
977
1007
977
1056
977
978
1034
978
978
977
977
1006
978
1007
977
977
977
978
978
977
1003
1014
1004
1007
978
978
977
977
977
978
977
1007
977
1007
977
977
982
1003
991
988
977
990
993
976
1008
976
977
1007
1002
1000
1009
1035
1000
1078
1001
1000
1001
1001
1000
1000
1000
1000
1000
1000
1000
1006
1000
1000
1000
1044
1112
1037
979
977
978
978
977
977
978
977
986
1007
978
1007
978
1033
1080
1065
978
978
979
1007
977
1007
978
985
977
977
979
978
978
1039
1007
1050
1064
1000
1000
1001
1000
1000
1012
1000
1001
1000
1000
1000
1000
1031
1000
1000
1050
1000
1000
1000
1000
1007
1000
1000
1000
999
1000
1000
1000
1037
1000
1000
1056
1000
1001
1000
1006
1035
1000
1035
1000
1000
1000
1000
1030
1000
1000
1035
1000
1091
1000
1006
1000
1000
1000
1000
1000
1035
1000
1046
1022
977
976
977
977
977
983
1006
977
1007
977
977
978
978
978
977
1049
1039
1054
1000
1001
1009
1158
1000
1000
1000
1000
1000
1047
1000
999
1099
1037
978
978
986
1007
977
1001
1047
978
978
978
978
978
978
1006
1036
1007
977
984
977
978
977
977
1000
1006
977
1006
977
977
977
976
977
1007
978
983
1006
978
1007
977
977
1004
978
977
977
977
1007
977
1007
1034
983
978
977
977
977
978
1007
978
1032
978
978
978
977
978
977
1007
1007
977
1006
977
977
978
977
978
977
977
1006
977
1007
977
1045
978
977
977
977
977
1007
977
1007
977
977
978
977
977
978
983
1030
978
1001
1000
978
978
1007
977
982
978
1007
977
1066
1008
984
1074
978
978
978
978
1006
978
1007
977
977
978
978
977
977
1006
1075
1048
1037
978
978
977
978
978
978
977
1006
977
1005
977
983
977
1000
976
1016
976
978
1007
977
1006
977
977
977
977
977
978
983
1007
978
1036
1004
978
977
978
978
978
978
1006
977
1007
977
983
977
978
977
978
1030
1008
978
1007
978
977
978
978
977
978
983
1006
977
1007
978
978
1033
978
978
978
978
1008
1001
1007
977
983
978
978
978
978
978
1006
1035
1028
1002
1001
978
977
977
978
984
1007
977
1007
977
977
978
978
1052
978
1029
1037
977
1007
977
983
978
978
978
977
978
1007
978
1006
1032
978
977
1070
978
977
977
1017
977
1006
977
977
977
977
976
977
977
1114
977
1006
1000
977
982
976
978
977
977
977
1007
977
1007
977
978
1147
1096
1082
1056
1009
1000
1001
1000
1000
1000
1000
1000
1001
1000
1000
1030
1000
1000
1000
1006
1055
1000
1000
1000
1000
1000
1000
1000
1000
1000
1000
1027
1030
1053
1014
1000
1077
1051
1000
1000
1000
1000
1000
1000
1001
1000
1000
1030
1000
1006
1000
1000
1000
1124
1006
977
1007
977
978
977
978
977
978
1005
1014
978
1007
977
977
1018
978
977
977
978
1007
977
1007
978
977
1044
978
977
977
978
1006
978
1032
977
978
978
977
977
977
977
1014
1032
1006
978
977
977
978
977
978
1004
1006
978
1007
978
977
983
978
1033
977
978
1006
977
1006
977
977
978
978
978
977
978
1015
977
1065
1030
1001
1001
1000
1000
1001
1000
1001
1000
1012
1127
1000
1011
1001
1000
1026
1030
1030
1014
1000
1000
1000
1000
1000
1000
1000
1056
1060
1001
1000
1000
1038
1032
1033
1031
1130
1009
1075
1356
1354
1070
1075
1042
1031
1030
1045
1015
1008
1008
1008
1007
1007
1007
1007
1008
1012
1008
1009
1119
1009
1018
978
978
978
978
979
978
979
979
978
985
978
977
977
1042
979
1024
1045
1001
1000
1000
1000
1000
1000
1000
1009
1000
1000
1001
1000
1000
1001
1009
1145
1152
1094
978
1007
978
978
988
977
1086
978
978
1006
977
1006
1101
981
978
978
978
977
977
1019
977
978
977
978
977
978
978
978
1029
1001
978
1030
978
978
986
978
978
978
978
1007
977
1007
977
977
1059
1149
1003
1001
1071
1047
1051
1007
977
977
978
977
977
977
977
1006
1032
1031
1049
978
987
978
977
977
978
1007
977
1006
978
977
978
978
1002
978
1023
1018
978
1006
977
978
977
977
978
977
1170
1097
1007
1007
1035
977
985
1005
977
977
977
1007
1025
1030
978
978
977
978
978
977
1004
1014
978
1031
977
977
1036
977
977
1008
982
1001
977
1015
1019
1034
1113
1037
1127
977
977
1007
977
1007
1007
978
978
978
977
977
977
1015
1041
1003
1001
977
977
1060
977
978
977
1007
978
1006
1007
977
985
978
1032
977
977
1006
978
1030
1048
977
978
977
977
977
977
1016
978
1007
1236
1069
1166
1298
1380
1292
1312
1040
1049
1035
1021
1008
1002
978
1001
1002
978
978
978
979
978
1029
1042
978
978
987
978
978
978
977
1033
978
978
978
978
978
978
978
1001
1048
986
978
977
1257
1458
1256
1044
980
978
978
977
977
977
976
1002
989
977
977
977
977
977
977
1033
1011
1002
1001
1000
1000
1000
1000
1155
1000
1000
1000
1000
1000
1000
1020
1014
1001
978
977
977
977
986
978
977
1051
977
976
977
977
1048
1042
1000
1001
1000
1000
1009
1001
1000
1000
1000
1056
1173
1001
1000
1000
1030
1000
1000
1000
1000
1008
1034
1000
1000
1001
1000
1056
977
978
977
978
1045
1019
1012
1000
1000
1010
1000
1000
1000
1000
1000
1000
1052
1001
1000
1001
1031
1001
1000
1000
1007
1001
1000
1000
1000
1001
1000
1000
1000
1054
1000
1000
1034
1000
1000
1006
1000
1000
1000
1000
1000
1000
1000
1000
1000
1024
1000
1000
1034
1000
1005
1000
999
999
999
1000
1000
1000
1000
1000
1000
1000
1024
1000
1032
977
1000
977
977
977
977
978
977
977
977
977
977
978
977
1060
1042
977
978
978
978
977
977
978
977
978
1007
977
977
978
978
986
1109
1007
1001
1001
1001
1001
1000
1000
1000
1000
1000
1001
1000
1000
1009
1000
1080
1000
1000
1001
1001
1001
1000
1000
999
1001
1001
1001
1000
1007
1000
1000
1075
1070
1000
1000
1000
1000
1000
1000
1000
1000
1000
1000
1006
1000
1000
1011
1041
1026
1116
1001
1000
1000
1000
1000
1000
1000
1006
1001
1000
1000
1000
1029
1001
1011
1039
1000
1000
1000
1000
1000
1000
1006
1001
1000
1000
1000
1000
1096
1002
1003
1033
1009
978
977
977
978
984
977
977
977
978
1007
977
1007
977
977
977
1071
1002
978
978
985
977
1000
977
977
977
978
1029
977
977
977
977
977
1000
977
983
977
977
977
977
977
977
977
978
1115
977
977
977
977
978
1003
983
978
977
977
977
977
978
978
978
1005
978
977
977
978
978
983
1003
977
978
978
977
977
977
977
978
1041
979
978
978
977
987
978
977
977
977
978
978
977
977
977
978
1036
978
977
977
983
977
977
977
977
976
977
977
977
977
978
977
977
1047
1008
1024
1044
1000
1000
1000
1000
1102
1057
1000
1000
1000
1000
1000
1064
1322
1007
1001
1000
1000
1000
1000
1000
1054
1100
1000
1000
1000
1000
1000
1028
1007
1000
1000
1001
1000
1000
1000
1000
1001
1059
1000
1001
1001
1000
1000
1032
1000
1000
1000
1001
1001
1000
1000
1000
1001
1055
1000
1000
1000
1000
1006
1068
1013
1001
1000
1000
1000
1000
1000
1000
1000
999
1055
1000
1008
1000
1025
1054
999
1000
1000
1000
1000
1000
1000
1000
1000
1000
1025
1006
1000
1000
1035
1000
1001
1000
1000
1000
1000
1034
1000
1000
1000
1000
1006
1025
1000
1000
1024
1007
1019
1051
1000
1000
1000
1000
1000
1000
1000
1007
1000
1052
1053
1000
1025
977
978
977
977
977
978
978
977
977
985
978
978
978
1001
1048
1005
977
977
978
978
978
978
977
977
984
978
978
977
977
977
1001
1019
977
977
977
977
977
977
976
978
982
977
977
977
977
977
978
1003
1018
977
977
978
978
977
977
983
977
977
978
977
977
977
977
978
1286
1083
1077
977
978
978
986
978
978
978
978
1003
979
979
979
978
1038
1042
979
978
978
984
978
978
978
978
978
978
978
978
978
979
1040
1072
1014
979
984
979
979
978
978
978
978
978
978
978
979
978
981
978
1063
1048
979
979
978
978
978
978
979
979
978
979
978
978
1047
978
982
1089
1127
978
978
978
977
978
978
978
978
978
979
979
1029
985
978
978
1090
979
979
979
979
978
978
979
978
978
978
978
1033
978
978
978
978
1041
979
978
978
978
977
976
978
978
978
978
986
981
980
979
978
978
1038
978
979
979
979
978
1029
979
978
983
978
1029
978
978
979
978
1039
979
1105
1090
978
977
978
978
984
979
979
1043
985
1001
978
978
977
1002
1056
977
978
978
977
1013
977
1002
977
1034
1001
1003
1002
977
978
978
1041
990
978
977
1009
977
1002
977
977
1031
978
978
978
977
1001
977
1002
1085
978
985
977
977
977
978
1001
1035
1001
977
977
978
978
977
977
1036
1064
978
1007
977
977
978
1038
977
977
978
1007
977
1006
1028
977
985
1037
978
977
978
1006
978
1031
978
978
977
977
978
978
978
1015
977
1006
1004
978
977
978
978
1057
977
1007
977
1006
977
978
983
977
977
978
977
1030
977
990
993
976
1125
978
1000
977
977
1016
977
1006
977
977
976
978
1061
977
976
977
1020
978
1006
977
977
986
977
977
978
978
1007
978
1065
1069
977
977
1005
977
977
978
1015
977
1007
977
978
977
978
978
977
1059
1007
977
1002
978
977
983
977
977
978
978
1007
977
1006
977
977
977
1003
977
1037
977
1014
1001
1054
977
977
977
978
978
978
978
1007
977
1007
1004
1030
982
977
977
977
1003
1006
977
1002
978
1079
1061
1067
1004
1000
977
1044
977
1006
977
977
977
978
978
977
977
1007
977
1006
978
977
983
1060
978
978
1001
1007
977
1007
977
977
978
977
978
977
978
1015
978
1037
1061
978
978
977
978
978
978
1008
977
1006
977
977
984
978
977
1059
1082
1698
1427
1199
1256
1080
1034
1164
1026
1008
1034
1000
1000
1042
1001
1256
1002
1001
1001
1023
1001
1000
1000
1011
1000
1000
1000
1000
1032
1000
1001
1062
1173
1001
1000
1000
1000
1000
1010
1000
1000
1000
1000
1000
1075
1000
1000
1012
1112
977
978
978
977
985
977
978
977
977
978
977
1036
977
978
978
1036
977
977
977
984
978
977
977
978
978
978
978
1036
986
980
979
979
1058
1034
988
979
979
978
979
979
978
979
979
1046
978
979
979
978
978
1076
1041
978
978
978
978
978
979
978
978
1107
995
979
979
978
986
979
1029
979
978
979
978
978
1002
978
978
1045
979
978
978
984
977
977
977
1032
978
977
977
978
978
978
978
978
1006
978
978
983
978
979
979
978
1006
978
978
978
978
978
978
978
1011
978
983
979
978
978
978
978
978
978
978
979
978
978
979
979
1047
983
978
978
978
978
978
979
979
979
978
979
978
978
978
978
1035
979
979
1001
978
978
978
976
977
978
1031
1009
978
978
978
978
1018
978
978
978
978
978
980
978
979
978
978
1002
1048
979
978
984
1029
978
979
978
978
979
979
979
978
978
979
978
1002
979
982
978
1040
979
978
978
979
978
979
978
979
978
978
979
978
1007
979
978
1027
979
982
978
978
978
978
978
979
979
978
978
982
977
1002
976
978
1039
976
979
978
979
978
978
978
978
979
978
983
979
978
979
979
1011
978
978
978
978
979
979
978
979
978
983
978
978
978
978
978
1113
1015
1042
978
977
977
977
977
977
987
1001
977
1002
977
978
978
1134
977
978
977
1001
977
1049
977
985
977
978
978
978
978
1002
978
1087
1062
990
977
977
978
978
985
1002
978
1002
978
978
977
978
977
1046
1035
1003
977
1007
977
985
978
978
977
977
978
1006
978
1006
978
1101
1004
1004
978
977
987
1006
978
1006
977
977
978
978
977
977
978
1021
993
1006
1002
983
977
977
977
977
977
977
1006
977
1006
977
978
978
1005
977
977
983
1007
978
1007
977
977
978
977
977
978
977
1006
978
1039
1000
1026
1028
1008
977
977
978
1007
978
1007
978
977
977
977
1035
978
983
1007
978
1065
1047
977
978
977
978
977
977
1007
977
1006
1110
1172
978
977
977
977
1032
1007
978
1006
977
978
977
977
977
977
1018
1007
977
1006
977
977
977
1002
977
978
977
1006
977
1006
978
983
1031
978
977
977
977
1007
978
1034
977
977
977
977
977
977
977
1014
1021
1007
977
977
978
977
977
978
1001
1006
977
1006
977
977
983
977
1027
977
978
1006
977
1007
978
977
977
977
977
977
976
977
1016
978
1049
1041
1000
1000
977
977
977
976
1006
977
1088
977
982
976
977
977
977
1003
1006
977
1007
977
977
977
978
977
977
1107
1037
977
1006
977
977
1070
977
977
977
977
1007
977
1005
977
977
1024
977
977
977
978
1006
1033
1005
977
978
977
977
977
977
978
1014
977
1032
977
977
977
977
1005
977
977
1006
977
1007
977
979
983
978
977
977
1005
1007
977
1007
1213
1013
1038
1010
977
977
977
1016
978
1006
977
977
977
978
978
978
1145
1007
978
1006
977
977
983
978
978
977
977
1006
977
1006
978
977
1030
978
1001
977
977
1015
978
1007
977
977
977
978
977
977
1028
1069
1007
1006
977
978
983
978
978
977
977
1006
977
1006
977
977
977
1037
1111
977
977
1015
977
1006
977
977
977
978
977
977
977
1007
978
1006
1093
1031
986
978
977
978
977
1006
978
1007
977
977
977
977
978
977
1034
1040
977
1006
977
977
977
977
977
977
976
977
1006
977
1006
978
977
1037
977
977
977
978
1006
977
1029
977
977
978
977
977
978
978
1014
1007
1006
978
977
977
977
977
977
978
1006
977
1006
977
978
983
977
1168
1001
1047
1007
977
1007
977
1007
977
978
977
1007
978
1014
978
1006
1193
978
977
1090
977
977
977
1007
977
1006
977
977
985
977
977
1009
978
1006
977
1064
1103
978
978
977
977
977
978
1016
977
1006
977
1028
978
977
977
977
1036
1007
977
1006
977
977
983
978
977
977
978
1110
978
1007
977
977
977
1004
977
978
977
1015
977
1006
977
977
977
1030
977
977
977
1006
977
1006
1004
977
983
978
977
977
978
1006
978
1052
978
977
977
977
978
977
978
1099
977
1007
978
977
977
978
1035
1092
1009
1058
1000
1034
999
1000
1010
1065
1096
1001
1000
1035
1000
1035
1080
1000
1000
1001
1000
1094
1045
1055
1000
1097
1095
1000
999
1000
1000
1025
1034
1000
1035
1000
1000
1008
1000
1000
1000
1025
1084
1000
1034
1000
1026
1001
1000
1000
999
1000
1041
1000
1034
1000
1000
1000
1032
978
977
978
1002
1000
1056
977
978
984
977
977
978
977
1006
977
1007
1003
977
1008
977
978
1007
1006
1090
1000
1049
1075
1103
1046
995
978
977
1007
1005
978
977
978
986
978
977
977
977
991
993
976
1008
977
977
977
1001
1031
1000
1024
1017
976
1007
977
977
977
977
977
977
977
1007
977
1056
1038
977
984
977
978
977
978
1007
977
1006
977
977
977
977
977
1035
1036
1083
978
1007
977
977
978
977
978
977
977
1006
977
1006
1127
1079
1414
1429
1408
1275
1042
1040
1048
1027
1010
1009
995
980
1044
1007
979
979
1113
979
978
979
978
979
978
979
978
979
979
978
1061
979
979
979
1017
1053
993
979
979
979
979
979
978
978
978
988
1087
1108
1009
1009
1009
1106
1202
980
979
978
978
979
978
979
987
979
1031
979
980
979
979
979
1063
979
978
978
979
978
979
986
979
978
1062
979
978
978
979
978
1001
1048
979
979
978
978
985
978
978
979
1032
979
979
978
978
979
979
1001
978
978
979
984
978
978
1002
978
1139
978
979
978
979
980
979
979
1004
978
984
978
979
978
978
979
1028
979
979
978
978
978
978
977
976
1010
977
978
979
978
978
978
978
981
979
979
979
979
979
978
978
983
978
978
978
978
979
979
979
1033
979
978
978
978
978
978
986
978
979
979
978
979
978
979
980
1030
1004
980
1002
979
978
984
978
978
978
978
1095
979
979
978
1030
978
979
979
978
978
984
978
979
979
977
977
978
1073
979
978
1026
991
979
978
976
978
984
978
978
978
978
979
979
979
1001
979
979
1024
978
979
979
984
978
979
979
978
979
978
979
978
978
1006
978
1019
978
978
982
978
978
978
978
979
979
979
979
978
978
1004
978
1026
979
983
978
979
979
979
977
978
978
981
978
979
978
978
978
976
1009
982
978
978
978
979
979
978
979
979
979
979
978
979
978
979
1042
980
1026
979
978
978
978
978
978
978
979
978
979
979
978
983
1198
1041
979
979
980
979
980
1002
979
979
978
978
978
979
984
978
1031
1071
1031
980
978
979
978
978
979
978
979
978
978
987
978
978
1017
978
1002
978
979
979
978
978
979
978
978
979
984
979
979
978
1047
1025
979
1116
978
977
1001
977
1002
978
978
987
978
977
977
977
1040
1059
1001
1033
1073
978
978
978
977
978
1011
977
1002
977
977
977
1032
977
977
977
1057
977
1002
978
977
983
977
977
977
976
977
1001
977
1079
1007
1005
977
1063
977
977
1014
977
990
993
976
977
977
977
1043
977
977
1006
977
1006
1106
983
977
977
977
977
977
1006
977
1006
1006
977
977
978
978
978
1037
1015
977
1007
978
977
977
977
977
978
1038
1008
977
1007
977
977
983
1003
977
978
977
1007
977
1006
978
977
1033
977
978
978
977
1013
978
1006
1035
978
977
978
977
977
977
1007
1033
1006
977
977
982
977
977
977
978
1007
978
1007
978
977
977
978
1006
977
978
1015
978
1006
978
977
977
977
977
978
977
1005
977
1006
1070
1002
1003
1001
978
977
977
1006
977
1006
977
1063
977
977
977
977
977
1074
977
1006
977
977
977
977
977
977
977
1019
1072
976
1007
977
977
1035
977
977
977
977
1006
977
1007
981
977
977
1036
978
978
977
1015
1043
1006
977
977
977
977
978
977
977
1006
977
1007
1003
978
982
978
1005
977
977
1006
977
1006
977
978
977
977
977
977
977
1040
977
1006
1039
1006
1001
1000
1000
1000
1000
1033
1001
1034
1000
1000
1009
1024
1001
1000
1212
1124
1123
1000
1000
999
1000
1000
1000
1000
1041
1000
1035
1024
1000
1082
1002
1001
1023
1000
1034
1000
1035
1000
1000
1007
1000
1000
1000
999
1139
1035
1035
1000
1000
1000
1000
1000
999
1000
1041
1000
1035
1000
999
999
1043
1127
1000
1000
1033
999
1046
1000
1009
1011
999
999
1000
1003
1031
1034
1031
1049
1000
1000
999
999
1000
1040
1000
1035
999
1000
999
1000
1000
999
1034
1032
977
1006
977
978
983
978
977
977
977
1007
977
1006
977
978
1037
977
1001
978
977
1013
977
1006
978
1000
977
977
977
977
976
977
1006
1006
1006
977
977
983
977
977
977
977
1006
978
1007
977
977
978
978
1030
978
1001
1095
978
1007
977
977
1007
978
977
978
978
1006
977
1006
1029
977
984
1036
1048
977
978
1007
977
1006
977
977
977
977
978
1017
977
1015
977
1006
1021
977
977
977
977
977
977
1006
977
1007
977
1003
983
977
978
977
977
1032
977
1006
977
978
978
977
977
977
977
1103
990
1006
977
978
977
977
1003
977
978
1006
977
1006
977
977
983
1033
1004
978
978
1007
977
1006
977
977
977
977
977
977
977
1016
977
1004
1007
977
977
976
977
977
977
977
1006
977
1007
977
977
983
977
977
1048
985
1028
979
1004
978
978
978
1032
1033
978
977
1010
978
1004
979
1035
979
978
979
979
978
1003
978
1004
1002
1022
985
981
978
976
978
1132
978
977
977
977
977
976
978
977
977
1186
1002
1000
1000
999
1038
1006
1001
1000
1000
1000
1000
1000
1000
1007
1000
1063
1025
978
1007
977
1122
1008
978
977
977
977
978
978
1016
978
1006
977
1000
978
978
977
1008
1029
1035
1006
1037
1026
1034
1005
1114
1013
977
977
1019
977
1006
977
1045
981
979
978
978
978
986
979
979
979
978
978
978
1006
978
979
1028
979
1004
1002
978
984
979
978
978
978
979
978
978
978
1060
978
1011
978
978
978
983
978
977
979
979
978
979
978
979
978
978
1143
978
1190
1137
1312
1245
1306
1181
1126
1138
1072
981
980
979
981
1125
1036
1008
1042
1007
1008
1008
995
978
978
979
977
977
978
977
978
1024
1077
993
980
978
978
978
979
978
978
978
979
979
978
978
979
978
1122
1002
978
979
978
978
978
979
979
978
978
978
978
978
979
984
1048
1038
978
978
979
979
979
978
978
978
978
979
978
978
983
978
1024
1059
1035
979
978
978
977
978
977
978
978
977
977
987
977
989
1051
977
989
1094
978
978
977
977
977
977
976
977
977
984
977
977
1000
977
978
1033
1071
977
977
1000
978
978
1001
977
985
978
977
1033
977
978
977
977
1030
977
977
977
977
978
978
984
977
977
978
1142
977
977
978
977
978
1003
977
977
977
978
983
978
978
978
977
1005
977
977
978
977
977
978
1004
977
978
985
977
977
977
977
978
1040
977
977
977
977
977
977
977
977
977
982
977
977
977
977
977
978
1218
984
1002
978
978
977
978
978
1120
978
978
978
976
978
978
978
1038
978
978
978
978
978
978
984
1003
1115
978
978
1003
978
978
978
1039
978
978
978
978
978
985
979
978
1028
978
979
978
978
978
978
1052
979
978
979
978
984
978
979
978
979
1032
979
978
978
978
978
1042
978
978
978
982
978
978
978
979
979
979
1003
978
979
979
979
1029
979
978
983
979
979
978
979
978
978
978
977
977
976
978
978
978
1026
978
982
978
978
978
978
978
978
979
978
978
978
978
979
982
1028
981
1002
978
978
979
978
978
979
978
978
978
978
1061
978
978
1031
979
979
978
1001
978
978
978
978
978
979
979
979
979
1071
987
1014
979
979
979
980
979
979
978
979
979
978
979
978
978
983
1001
1016
978
979
978
977
976
978
978
978
979
978
979
978
978
983
979
1004
1024
978
980
978
979
978
979
978
978
980
979
978
983
979
979
979
1052
979
978
978
978
979
979
978
979
978
978
978
983
979
978
978
1130
979
979
978
978
978
979
979
979
979
979
983
979
978
978
978
1029
1022
980
1001
1001
977
1002
978
977
977
986
977
977
977
976
1001
977
1061
1054
1035
978
977
977
977
988
996
977
1002
976
977
977
977
977
1031
977
1067
1085
977
977
976
978
984
977
977
977
1002
977
1002
977
1031
977
978
1028
977
977
1006
984
1007
978
978
977
978
977
977
977
1038
978
1007
1004
977
978
986
977
977
978
1006
977
1006
977
977
978
1067
978
978
977
1033
982
1007
978
978
977
978
977
977
977
1006
977
1021
977
978
978
983
1000
978
977
1006
977
1006
977
1000
978
977
977
1047
1007
1036
1033
1035
1000
1109
1000
999
1000
1000
1000
1034
1000
1035
1032
1000
1000
1006
1000
1001
1000
1079
1092
1034
1000
1000
1000
1001
1000
1000
1025
1035
1007
1035
999
1000
1000
999
1080
1000
1000
1046
1034
999
1000
1031
1006
1000
1000
1000
1034
1000
1035
1000
1001
978
978
978
977
977
1007
1010
1006
977
977
977
978
977
977
976
978
1034
977
1006
977
977
977
982
1034
977
977
1007
978
1007
977
978
977
977
978
977
977
1007
982
1114
1063
1059
978
978
978
978
978
1004
978
978
1003
978
978
986
979
