1790
1782
1768
1898
2072
1805
2035
1825
1731
1730
1766
1706
2022
1946
1904
1741
1747
1707
1730
1733
1729
1705
2359
1940
1736
1738
1737
1741
1735
1737
1737
2274
1830
1782
1756
1784
1780
1818
1778
1706
1864
1823
1739
1735
1741
1736
1736
1734
1736
1935
1883
1731
1709
1729
1729
1728
1706
1729
1760
1962
1801
1705
1729
1730
1705
1729
1762
1791
1856
1832
1736
1758
1759
1734
1735
1735
1758
1760
2002
1798
1792
1792
1791
1790
1792
1800
1795
1970
1793
1789
1789
1789
1789
1790
1800
1789
2148
1816
1738
1762
1759
1737
1789
1792
1788
1956
1797
1791
1789
1789
1790
1799
1789
1789
1826
1792
1780
1780
1780
1790
1757
1780
1781
1780
1920
1720
1729
1773
1763
1734
1729
1728
1705
1900
1825
1738
1742
1738
1817
1829
1803
1806
1796
1835
1790
1759
1735
1757
1735
1758
1787
1734
1873
1844
1730
1762
1749
1781
1780
1780
1757
1957
1884
1731
1730
1920
1788
1708
1685
1688
1683
2047
1716
1711
1750
1683
1685
1710
1687
1711
1917
1827
1684
1762
1712
1685
1683
1689
1685
1709
1949
1749
1761
1734
1733
1767
1758
1735
1733
1867
1850
1767
1739
1757
1738
1734
1756
1757
1734
1903
1799
1735
1767
1759
1735
1735
1734
1757
2145
1880
1691
1684
1686
1710
1711
1684
1686
1974
1900
1695
1708
1683
1683
1683
1708
1708
1683
1830
1805
1736
1756
1759
1735
1735
1734
1735
1840
1854
1736
1734
1735
1759
1758
1734
1735
1746
1805
1815
1759
1735
1735
1733
1734
1759
1786
1848
1827
1783
1781
1781
1781
1756
1791
1781
1761
1907
1803
1737
1737
1737
1734
1742
1736
1785
2157
1803
1790
1793
1791
1795
1792
1790
1807
2048
1823
1739
1762
1764
1737
1737
1735
1800
1889
1896
1689
1685
1690
1710
1711
1684
1749
1686
1924
1835
1716
1686
1686
1683
1685
1756
1710
1685
1943
1749
1757
1733
1759
1735
1785
1793
1735
1913
1819
1737
1733
1735
1757
1831
1939
2281
2723
2474
1767
1739
1740
1841
1796
1780
2189
1806
1738
1735
1736
1763
1765
1749
1737
1736
2113
1796
1789
1790
1790
1794
1790
1788
1789
1873
1798
1790
1788
1790
1801
1789
1790
1788
1962
1796
1791
1789
1801
1788
1790
1789
1790
1829
1794
1790
1800
1790
1788
1735
1735
1735
1735
1881
1753
1747
1759
1735
1736
1736
1735
1735
2205
1820
1687
1753
1686
1684
1686
1686
1684
1685
2020
1689
1748
1686
1686
1684
1685
1685
1688
1910
1823
1781
1737
1734
1733
1734
1734
1736
1734
1943
1761
1735
1734
1734
1734
1738
1733
1734
1883
1924
1737
1734
1735
1758
1748
1734
1734
1755
1826
1794
1791
1789
1800
1789
1788
1789
1789
1880
1762
1735
1737
1742
1738
1735
1737
1737
2113
1806
1792
1792
1790
1789
1790
1789
1788
1871
1793
1748
1734
1735
1736
1736
1734
1759
1759
1910
1827
1706
1729
1729
1729
1705
1729
1793
1852
1883
1708
1729
1730
1740
1729
1729
1755
1708
1903
1806
1735
1734
1733
1734
1735
1794
1782
1904
1842
1740
1738
1735
1736
1772
1740
1734
1736
2260
1737
1730
1748
1718
1762
1729
1717
1718
1954
1806
1730
1705
1729
1775
1730
1706
1729
1837
1879
1730
1706
1739
1761
1805
1705
1729
1728
1920
1801
1730
1732
1750
1757
1779
1780
1780
1979
1990
1788
1758
1904
1876
1791
1779
2133
1871
1791
4381
1801
1995
1807
1857
1768
2133
1847
1783
1847
1764
1793
2014
1832
2080
2013
1771
1762
1729
1707
1730
1765
1816
1706
1928
1781
1762
1780
1757
1781
1791
1780
1757
1835
1863
1756
1737
1705
1762
1768
1728
1705
1804
1934
1762
1730
1706
1733
1729
1740
1763
1729
1880
1841
1721
1762
1778
1729
1706
1728
1764
1848
1882
1752
1744
1729
1762
1740
1729
1729
1729
1952
1815
1749
1736
1735
1734
1736
1735
1735
1828
1841
1795
1794
1793
1789
1791
1791
1793
2046
1836
1735
1735
1734
1757
1757
1734
1734
1768
1897
1775
1760
1737
1736
1734
1760
1765
1770
1852
1787
1738
1758
1758
1735
1735
1746
1734
1758
1926
1703
1685
1743
1765
1766
1873
1773
1897
1901
1821
1738
1735
1734
1738
1757
1747
1770
1852
1854
1689
1709
1715
1686
1686
1856
1790
1758
2167
1801
1740
1734
1757
1735
1791
1684
1685
1790
1835
1770
1736
1735
1736
1758
1759
1759
1736
1876
1737
1758
1758
1735
1756
1688
1686
1708
1877
1794
1736
1735
1733
1760
1757
1734
1733
1745
1946
1737
1734
1734
1764
1740
1752
1715
1686
1993
1830
1735
1757
1785
1734
1734
1748
1758
1987
2013
1741
1735
1800
1759
1761
1734
1733
1734
1943
1793
1790
1788
1800
1789
1789
1789
1788
1833
1816
1790
1757
1783
1780
1779
1779
1755
1829
1866
1766
1732
1705
1762
1763
1728
1705
1729
1981
1786
1706
1728
1729
1777
1705
1776
1741
1891
1784
1782
1780
1780
1779
1756
1780
1779
1845
1798
1789
1789
1790
1789
1789
1788
1801
1854
1900
1766
1706
1730
1730
1764
1706
1775
1741
2038
1802
1795
1791
1791
1791
1796
1791
1789
1890
1803
1896
1900
1828
1799
2516
1793
2314
1937
1798
1792
1791
1796
1791
1791
1790
2922
1802
1888
1886
1791
1791
1797
1792
1793
2245
5774
6659
9198
5483
1809
1797
2277
1934
1799
1794
1792
1791
1811
1791
1788
2162
1804
1792
1789
1791
1790
1823
1790
1792
2189
1797
1791
1790
1789
1792
1790
1802
1802
1910
1860
1782
1757
1782
1795
1804
1790
1788
1877
1870
1834
1834
1842
1825
1803
1790
1789
2029
2183
1835
1836
1845
1809
1833
1834
1833
2166
1806
1792
1789
1828
1794
1853
1833
1867
2135
1924
1810
1873
1833
1832
1832
1832
1756
1986
1957
1855
1825
1832
1781
1833
1810
1782
1871
1808
1760
1735
1758
1736
1735
1735
1760
1818
1906
1776
1763
1730
1762
1763
1704
1729
1738
1891
1973
1708
1730
1729
1729
1740
1767
1729
2083
1970
1784
1757
1780
1780
1784
1780
1756
1987
1839
1737
1735
1733
1735
1747
1735
1734
1761
1952
1859
1730
1706
1740
1730
1764
1741
1804
1891
1871
1763
1705
1768
1729
1728
1705
1758
1800
1943
1736
1744
1734
1757
1758
1734
1762
1792
1903
1893
1707
1729
1729
1718
1751
1761
1780
2029
1954
1764
1736
1761
1737
1776
1736
1760
1896
1966
1686
1682
1683
1707
1707
1747
1684
1696
1850
1861
1760
1735
1735
1733
1781
1762
1734
1767
1886
1737
1757
1757
1737
1758
1738
1733
1757
1910
1835
1736
1734
1757
1842
1739
1735
1734
1832
1840
1739
1735
1736
2151
1807
1781
1780
1863
1873
1763
1764
1803
1751
1780
1791
1791
1826
2233
1814
1718
1859
1809
1781
1810
1810
1757
2134
1754
1805
2199
1806
1736
1783
1783
1783
2128
1814
1780
1808
1706
1730
1730
1808
1785
2005
1897
1890
1738
1795
1736
1792
1794
1798
2045
1930
1813
1799
1770
1811
1810
1794
1757
1888
2026
1767
1739
1835
1736
1741
1737
1737
2057
1882
1707
1730
1815
1824
1773
1743
1810
2063
2123
1791
1839
1793
1787
1811
1810
1810
2167
1941
1807
1813
1706
1810
1889
1730
1897
2026
1840
1766
1773
1761
1761
1735
1735
1763
1781
2091
1713
1807
1729
1729
1705
1729
1818
1738
1970
1857
1706
1729
1729
1705
1729
1764
1750
1921
1884
1719
1732
1764
1738
1851
1842
1732
1732
2178
1761
1734
1735
1735
1735
1749
1776
1778
1894
1852
1741
1764
1729
1729
1743
1790
1781
1853
1818
1758
1781
1780
1780
1790
1781
1780
1793
1889
1758
1780
1780
1790
1833
1756
1780
1780
1816
1796
1792
1792
1794
1783
1718
1718
1763
1878
1836
1736
1741
1761
1831
1812
1707
1730
1729
1945
1782
1735
1736
1809
1683
1706
1707
1683
1817
1858
1783
1780
1782
1757
1780
1780
1780
1832
1838
1780
1779
1788
1780
1755
1779
1779
1781
1888
1758
1780
1796
1791
1789
1792
1793
1790
1910
1857
1756
1794
1780
1779
1755
1782
1779
1828
1795
1788
1789
1788
1790
1799
1788
1788
1814
1863
1787
1791
1789
1800
1788
1789
1787
1788
1929
1819
1781
1790
1755
1779
1779
1779
1755
2175
1861
1783
1785
1780
1780
1756
1780
1780
1954
1809
1717
1730
1730
1729
1705
1729
1730
1719
1967
1782
1740
1736
1734
1736
1737
1736
1734
1920
1835
1731
1729
1705
1729
1729
1728
1705
1818
1825
1737
1734
1735
1734
1734
1733
1744
1793
1861
1843
1758
1780
1780
1780
1757
1792
1781
1854
1870
1781
1756
1779
1780
1783
1756
3543
3168
2274
1950
1865
1784
1763
1795
1759
2058
1773
1758
1697
1684
1685
1737
1683
1685
1996
1987
1733
1733
1706
1729
1770
1689
1699
1688
2321
1738
1730
1706
1729
1788
1729
1706
1780
1944
1844
1730
1706
1730
1779
1739
1732
1730
1843
1909
1731
1707
1730
1761
1706
1731
1730
1741
2311
1694
1684
1687
1793
1737
1733
1745
1733
1988
1819
1757
1780
1782
1780
1790
1756
1781
1847
1833
1738
1734
1773
1731
1717
1730
1730
1729
1953
1789
1730
1756
1742
1706
1729
1730
1729
1840
1851
1731
1751
1790
1757
1780
1780
1780
1756
1879
1783
1796
4771
1964
2033
1823
1898
1821
1815
1808
1811
1832
1783
1867
1817
2788
1846
1770
1739
1760
1775
1771
1736
1737
2116
1945
1793
1790
1789
1790
1789
1790
1793
1865
1804
1795
1793
1790
1790
1790
1804
1793
2156
1833
1797
1795
1793
1791
1807
1791
1791
1861
1807
2646
1799
2340
1977
1795
1790
1831
2674
2933
1800
1795
1791
1791
1819
1970
2126
2157
2100
1811
1790
1790
1789
1845
2428
2033
2505
2555
1894
1806
1795
1801
1902
1903
1814
1800
1792
1792
1793
1855
1795
1878
1875
1797
1792
1809
1793
1790
1794
1790
1790
1798
1789
1795
1910
1793
1790
1789
1788
1790
2727
1815
1889
1935
1797
1793
1792
1793
1830
1791
1794
2589
1908
1792
1793
1794
1805
1794
1792
3812
1926
1797
1831
2084
1833
1793
1789
1967
2545
2159
1801
1820
2033
1789
1790
1788
1840
1832
1825
2305
2368
3672
2118
1798
3963
1916
1801
3086
1813
1821
1808
1850
1814
1797
1798
1809
1801
1800
1797
1795
2035
1809
1803
1797
1793
1793
1790
1791
1802
1831
1838
1803
1795
1794
1801
1793
1790
1795
1793
1861
1802
2200
1796
1796
1793
1803
1790
1797
2155
1819
1791
1791
1795
1796
1792
1789
1791
1843
1799
1791
1788
1802
1856
1794
1822
1801
1839
1803
1795
1819
2049
1814
1792
1789
1789
3948
1810
1791
1794
1792
1807
1834
1803
2173
1816
1792
1791
1791
1792
1791
1799
1862
2142
1800
1792
1790
1789
1788
1789
1790
1789
1931
1796
1791
1789
1789
1789
1788
1788
1801
1814
1800
1789
1788
1789
1789
1788
1788
1792
1788
1843
1797
1790
1791
1790
1790
2374
2035
1884
1884
1846
1796
1838
1792
1833
1958
1979
1895
2002
1937
1808
1790
1793
1789
1809
1772
2651
1805
1793
1805
1793
1813
1827
1846
1802
1914
1809
1802
1805
1795
1792
1834
1789
1790
1854
1887
1855
1800
1799
1801
1800
1806
1797
1809
1853
1796
1796
1815
1790
1789
1789
1789
1792
1837
1795
1792
1791
1795
1796
1796
1795
1797
1833
1807
1793
1954
1806
1796
1792
1803
1806
1871
1806
1794
1794
1790
1794
1802
1790
1789
2093
1971
1836
1793
1796
1799
1791
1789
1812
1900
1994
1807
1799
1799
1793
1791
1790
1790
2033
1940
1795
1789
1798
1792
1789
1788
1792
1844
1830
1801
1807
1792
1791
1792
1794
1798
1794
1858
1813
1798
1796
1790
1790
1793
1790
1791
2033
1914
1833
1792
1795
1792
1790
1789
1791
4461
2537
2178
2600
1816
1810
1800
2910
1803
1828
1797
1800
1906
1835
2302
2309
1924
1793
1825
1793
1791
1794
1817
1791
2028
1798
1790
1790
1789
1802
1789
1791
1861
1895
1811
1813
1826
1805
1791
1792
1795
1789
2005
1801
1791
1802
1788
1790
1790
1792
1790
1845
1801
1792
1802
1790
1794
1790
1790
1790
1792
2214
1805
1790
1792
1792
1808
1793
1790
1791
2053
1797
1792
1791
1789
1793
1790
1790
1799
1821
1802
1794
1791
1798
1791
1789
1790
1793
1873
1813
1792
1792
1905
1797
1792
1793
1791
2007
1922
1796
1790
1813
1794
1908
1872
1807
3425
1937
1796
1822
1798
1791
1789
1789
2105
1957
1798
1791
1801
1788
1790
1789
1789
1836
1824
1792
1790
1802
1789
1788
1789
1790
1789
1874
1837
1833
1792
1791
1790
1790
1788
1791
1921
1800
1790
1788
1788
1788
1788
1789
1787
1835
1797
1763
1734
1733
1735
1735
1733
1735
1737
1854
1775
1735
1734
1734
1734
1733
1735
1745
1841
1835
1808
1781
1781
1780
1757
1793
1780
1822
2183
1821
1781
1757
1781
1783
1780
1757
1780
2315
1739
1738
1737
1735
1741
1779
1737
1735
2169
1739
1737
1737
1742
1735
1736
1738
1837
1965
1828
1732
1741
1729
1706
1730
1731
1756
1719
1999
1786
1791
1781
1757
1781
1781
1781
1780
1850
1777
1792
1779
1779
1755
1779
1799
1904
1952
1834
1735
1735
1735
1735
1734
1758
1758
1819
1900
1760
1780
1759
1764
1705
1761
1730
1775
1838
1842
1730
1729
1705
1763
1760
1732
1753
1905
1853
1764
1763
1705
1729
2435
2124
1780
1806
1818
1820
1817
1865
1887
2675
1803
1786
1957
1894
1826
2453
2233
1933
1811
1782
1938
1857
1780
1773
1820
1797
1717
1828
1835
1885
1851
1783
1807
1799
1780
1781
1780
1757
1850
1876
1796
1782
1757
1803
1780
1781
1781
1757
1989
1816
1784
1780
1780
1757
1781
1781
1780
1824
1796
1800
1793
1792
1789
1791
1790
1794
1932
1817
1760
1780
1781
1781
1757
1780
1791
1793
1823
1812
1791
1791
1790
1791
1792
1792
1791
1965
1789
1784
1796
1802
1806
1811
1773
1706
1953
1871
1738
1735
1733
1746
1735
1735
1772
1827
1889
1783
1780
1760
1780
1780
1780
1769
1768
1849
1829
1733
1740
1764
1729
1729
1705
1729
1898
1869
1742
1705
1730
1763
1764
1705
1757
1729
2235
1770
1762
1735
1737
1751
1761
2325
2193
1817
1795
1810
1825
1836
1797
1812
1812
2002
1892
1791
1796
1793
1979
1791
2055
1847
2550
1823
1976
1903
1791
1789
2029
1859
1791
1875
2038
1866
1791
1790
1869
1791
1789
1789
1852
2013
1901
1799
1746
1759
1757
1734
1735
1824
1818
1791
1788
1792
1817
1818
2038
1789
1903
1833
1796
1777
1770
1791
1788
1789
1788
1838
1818
1744
1735
1752
1791
1789
1788
1789
1789
1859
1794
1793
1810
1797
1794
1805
1790
1789
1889
1799
1789
1790
1790
1790
1789
1788
1900
1807
1802
1757
1781
1781
1794
1780
1757
1846
1843
1784
1781
1757
1780
1791
1781
1757
1780
2148
1787
1781
1780
1782
1769
1781
1780
1780
1816
1841
1794
1796
1779
1756
1792
1791
1789
1890
3510
2210
1972
1843
1809
1793
1791
2199
1992
1796
1790
1820
1801
1791
1791
1811
1994
1803
1792
1790
1790
1789
1791
1790
1793
2093
1803
1791
1789
1789
1790
1791
1795
1793
2087
1921
1824
1796
1800
1803
1793
1793
1922
1839
1798
1790
1788
1789
1789
1801
1788
1843
1932
1892
1794
1790
1790
1796
1801
1789
1789
1789
1857
1794
1790
1791
1802
1789
1790
1790
1789
1956
1795
1780
1794
1781
1818
1824
2015
1790
1894
1794
1785
1781
1756
1782
1779
1780
1756
1832
1842
1894
1829
1961
1926
1811
1897
1780
1837
1810
1790
1788
1789
1790
1790
1789
1788
1845
2211
1798
1793
1996
1863
1760
1734
1746
1816
1889
1784
1756
1791
1780
1780
1791
1756
1779
1901
1836
1780
1763
1890
1782
1918
1950
1791
2172
1784
1757
1760
1736
1747
1735
1736
1736
2072
1835
1744
1806
1733
1729
1729
1706
1777
1842
1853
1707
1766
1733
1800
2081
1870
1737
1942
1839
1794
1742
1728
1705
1729
1729
1705
1729
1946
1868
1795
1804
1756
1779
1779
1779
1756
1919
1848
1897
1807
1737
1734
1734
1735
1734
1833
1909
1787
1780
1780
1759
1779
1780
1783
1779
2270
1743
1735
1737
1737
1737
1735
1741
1737
1979
1824
1706
1729
1730
1706
1739
1895
1758
1945
1909
2027
1928
1706
1740
1729
1729
1735
1844
1838
1783
1780
1756
1811
1791
1789
1810
2013
2020
1741
1738
1742
1737
1735
1737
1801
1782
1892
1770
1747
1736
1735
1735
1736
1786
1790
2017
2048
1970
1912
1819
1809
1801
1737
1868
1942
1798
1797
1798
1794
1793
1794
1800
1797
1831
1814
1798
1794
1795
1801
2338
1805
2117
2802
2295
2035
1822
1821
1803
1801
1797
1846
1816
1799
1801
1798
1800
1815
1808
1797
1852
1806
1796
1794
1844
1797
1794
1801
1795
1826
2262
1798
1841
1791
1853
1889
1845
2293
1940
1801
1791
1794
1790
1790
1790
1789
1789
1828
1799
1792
1802
1790
1788
1790
1790
1790
1789
1838
1800
1790
1791
1789
1788
1788
1789
1789
1836
1796
1790
1789
1789
1789
1788
1789
1777
1902
1840
1809
1770
1794
1794
1811
1849
1794
1856
1846
1782
1780
1757
1780
1780
1792
1769
1792
2237
1795
1793
1792
1792
1795
1790
1831
1793
2045
1792
1789
1787
1789
1800
1789
1768
1734
1856
1811
1737
1734
1740
1738
1737
1787
1736
1850
1856
1759
1733
1745
1735
1758
1756
1758
1734
1921
1760
1743
1757
1758
1747
1791
1790
1789
1857
1809
1735
1735
1735
1771
1801
1789
1777
1859
1911
1710
1764
1730
1759
1771
1767
1779
1783
1873
1798
1737
1736
1760
1736
1735
1735
1747
1814
1832
1781
1780
1781
1756
1780
1791
1780
1790
1921
1759
1780
1781
1780
1756
1783
1781
1780
1840
1790
1779
1786
1763
1715
1728
1728
1763
1833
1831
1738
1788
1741
1785
1764
1730
1728
1753
1924
2287
2077
1866
1834
1729
1763
1729
1717
2300
1822
1759
2009
1982
1731
1760
1706
1975
1872
1775
1730
1729
1904
1820
1893
1969
1872
1829
1799
1815
1840
1793
1791
1795
1790
1835
2167
2017
1894
1795
1863
1896
1938
1994
1870
1808
1818
2004
1937
1873
1781
1834
1788
1869
1811
1795
1791
1789
1814
1835
1832
1839
3836
1927
1808
1806
1828
1805
1796
1796
2671
1808
1796
1808
1809
1790
1790
1790
1793
1921
1831
1792
1794
1790
1792
1800
1794
1796
1892
1817
1809
1792
1794
1795
1796
1792
1791
1934
1818
1811
1794
1793
1791
1790
1792
1794
1791
2131
1819
1791
1790
1790
1825
1793
1794
1794
1952
1829
1870
1798
1789
1790
1790
1793
1789
2092
1856
1797
1794
1794
1801
1792
1794
1791
2072
1807
1799
1797
1790
1793
1810
1793
1795
1826
1932
1798
1798
1849
1948
1796
1791
1793
2008
1922
1796
1825
1843
1790
1792
1790
1790
1910
1797
1792
1789
1793
1789
1787
1788
1788
1814
1801
1791
1797
1860
1793
1791
1788
1790
1792
1934
1805
1790
1788
1788
1789
1789
1788
1787
2180
1798
1813
1791
1789
1788
1788
1788
1788
1869
1797
1789
1789
1789
1789
1789
1788
1800
1835
1798
1790
1788
1789
1789
1789
1788
1800
1809
1894
1821
1744
1705
1729
1729
1744
1764
1730
1862
1853
1735
1758
1759
1745
1734
1735
1758
1833
1880
1793
1781
1780
1784
1780
1756
1781
1780
2125
1724
1683
1695
1685
1684
1707
1708
1684
1936
1835
1736
1770
1759
1735
1735
1736
1759
1769
1852
1762
1735
1735
1756
1758
1734
1735
1758
1871
1817
1762
1734
1735
1735
1759
1734
1783
1851
1876
1730
1740
1764
1729
1729
1705
1758
1768
1890
1814
1736
1737
1759
1781
1779
1791
1781
1916
1847
1783
1780
1779
1756
1789
1835
1849
2180
1803
1740
1737
1739
1742
1761
1733
1765
1840
1860
1707
1729
1729
1769
1740
1763
1729
1777
1950
1763
1764
1733
1730
1705
1804
1765
1729
1911
1823
1731
1769
1764
1706
1758
1729
1764
1706
1947
1829
1780
1780
1756
1781
1779
1780
1779
1793
1823
1761
1736
1734
1838
1800
1766
1729
1845
1845
1737
1759
1770
1745
1735
1735
1756
1745
2229
1739
1738
1769
1762
1760
1737
1741
1737
1905
1823
1762
1779
1792
1787
1791
1788
1788
1835
1795
1789
1789
1789
1800
1788
1789
1789
1833
1800
1789
1789
1789
1792
1789
1788
1789
1789
1847
1737
1781
1745
1732
1705
1763
1763
1728
1859
1823
1742
1796
1798
1797
1800
1852
1766
1809
1932
1840
1707
1729
1763
1753
1716
1729
1777
1892
1889
1739
1730
1730
1706
1763
1763
1730
1824
1868
1691
1711
1711
1683
1685
1685
1683
1715
2019
1807
1685
1684
1709
1711
1684
1689
1686
1972
1872
1707
1684
1683
1683
1683
1718
1707
1684
1828
1795
1735
1757
1758
1746
1734
1735
1758
1858
1863
1738
1735
1735
1761
1757
1736
1735
1760
1851
1847
1737
1748
1736
1734
1735
1735
1763
1806
1843
1736
1739
1735
1735
1736
1736
1757
1735
1853
1811
1737
1735
1738
1738
1736
1793
1737
1960
1836
1759
1734
1735
1735
1758
1757
1757
1737
1956
1714
1706
1709
1684
1683
1744
1684
1717
1825
1834
1687
1685
1684
1711
1798
1734
1690
1808
1944
1795
1788
1789
1789
1790
1793
1788
1789
1865
1823
1709
1684
1685
1769
1735
1734
1757
1759
1862
1737
1735
1734
1761
1756
1735
1734
1735
1868
1849
1765
1733
1756
1705
1763
1763
1729
1782
1890
1731
1769
1736
1729
1729
1729
1705
1763
1925
1816
1736
1746
1763
1763
1729
1705
1729
1825
1853
1738
1782
1807
1780
1780
1756
1779
1790
1842
1793
1802
1928
2241
2274
1852
1902
2240
1930
1843
1791
1793
1794
1755
1742
1735
2120
1899
1742
1736
1736
1734
1747
1736
1735
1767
2167
1796
1790
1789
1793
1788
1790
1790
1790
1993
1792
1788
1789
1761
1759
1734
1735
1758
1827
1794
1789
1792
1789
1789
1789
1787
1789
1945
1831
1774
1706
1764
1730
1730
1706
1766
1793
1934
1782
1735
1736
1761
1761
1735
1736
1830
2225
1812
1687
1686
1686
1686
1709
1711
1715
1871
1835
1685
1712
1711
1684
1685
1685
1790
1746
1894
1806
1735
1734
1757
1758
1734
1766
1735
1834
1837
1758
1734
1734
1734
1769
1734
1758
1734
1919
1754
1709
1711
1685
1686
1829
1778
1768
1891
1841
1686
1684
1716
1683
1761
1730
1706
1730
2174
1769
1687
1688
1685
1752
1710
1708
1685
1926
1839
1705
1696
1711
1751
1684
1686
1710
1684
2005
1757
1686
1685
1762
1760
1734
1734
1732
1874
1839
1759
1734
1758
1735
1758
1758
1733
1737
1943
1726
1708
1836
1686
1685
1683
1685
1713
1879
1792
1735
1781
1760
1757
1758
1745
1735
1734
1904
1838
1754
1686
1684
1686
1713
1709
1685
1871
1805
1802
1748
1758
1738
1735
1734
1758
1758
1950
1778
1735
1736
1763
1763
1706
1729
1730
1858
1857
1740
1696
1684
1683
1707
1708
1683
1684
2025
1768
1717
1708
1684
1685
1683
1684
1709
1839
1816
1742
1730
1764
1706
1769
1736
1735
1735
1918
1816
1792
1789
1789
1788
1789
1789
1802
1894
1891
1760
1736
1735
1734
1735
1734
1783
1873
1807
1792
1790
1789
1789
1788
1800
2172
2193
1820
1773
1779
1780
1756
1783
1781
1785
1797
1851
1772
1780
1780
1783
1757
1779
1780
1781
1896
1774
1779
1780
1783
1779
1757
1781
1780
1836
1797
1790
1800
1789
1789
1802
1833
1798
1879
1833
1786
1756
1780
1780
1810
1780
1756
1780
2172
1802
1792
1794
1790
1788
1782
1781
1780
1877
1798
1790
1790
1790
1788
1789
1789
1792
1842
1796
1791
1789
1790
1797
1756
1779
1793
1858
1866
1758
1780
1780
1779
1779
1759
1779
1791
1836
1770
1734
1757
1730
1706
1774
1764
1729
1860
1815
1762
1895
1798
1856
1827
1773
1762
1918
1843
1737
1758
1769
1760
1735
1734
1735
1735
1930
1785
1758
1790
1781
1780
1756
1780
1780
1864
1853
1795
1756
1780
1780
1779
1756
1780
1834
1830
1717
1684
1708
1711
1684
1685
1685
1683
1984
1853
1733
1730
1706
1729
1763
1763
1705
1911
1886
1708
1709
1683
1684
1684
1683
1718
1709
1964
1907
1708
1729
1763
1764
1705
1733
1729
1951
1864
1685
1684
1684
1683
1720
1709
1684
1771
1856
1805
1758
1758
1736
1746
1736
1734
1834
1841
1798
1736
1734
1761
1759
1735
1733
1758
1735
1948
1761
1734
1738
1734
1758
1734
1782
1735
1869
1858
1753
1764
1729
1728
1705
1755
1763
1830
1864
1747
1735
1757
1733
1759
1758
1782
1791
1971
1738
1734
1735
1735
1753
1747
1757
1736
1886
1835
1758
1780
1780
1781
1779
1756
1792
2008
2030
1690
1685
1708
1761
1687
1684
1690
1686
2133
1721
1683
1684
1735
1706
1774
1765
1730
1901
1832
1765
1764
1761
1706
1739
1731
1764
1740
2003
1722
1730
1756
1709
1764
1730
1729
1705
1881
1865
1739
1783
1748
1761
1762
1762
1734
1918
1915
1765
1803
1844
2302
2136
1957
2095
2576
1769
1796
1760
1760
1736
1736
1736
1736
2187
1837
1739
1736
1737
1761
1762
1735
1737
2185
1868
1790
1790
1787
1789
1789
1790
1792
1954
1801
1738
1737
1758
1757
1735
1746
1735
1866
1863
1759
1735
1734
1734
1759
1772
1734
1793
1875
1809
1759
1759
1734
1746
1735
1758
1757
1872
1842
1782
1780
1757
1791
1781
1780
1770
1781
2181
1767
1741
1741
1735
1761
1761
1767
1737
2114
1698
1716
1709
1683
1683
1684
1765
1682
1837
1831
1694
1683
1706
1708
1682
1746
1735
1734
1883
1830
1736
1735
1735
1734
1760
1757
1734
1825
1834
1708
1709
1683
1684
1777
1760
1757
1769
1857
1823
1686
1685
1711
1847
1790
1798
1788
2289
1800
1740
1736
1735
1845
1793
1788
1788
1888
1800
1790
1789
1790
1793
1788
1788
1789
1789
1841
1790
1790
1789
1792
1788
1789
1783
1804
1870
1790
1757
1786
1780
1779
1756
1780
1780
1833
1798
1773
1767
1734
1735
1733
1735
1734
1735
1873
1766
1899
2299
1798
1753
1736
1734
1736
1981
1861
1764
1718
1716
1762
1764
1705
1729
1846
1833
1761
1734
1735
1735
1735
1734
1745
1772
2026
1797
1734
1760
1736
1735
1733
1739
1736
1924
1794
1788
1789
1789
1788
1799
1788
1788
1826
1819
1758
1756
1735
1745
1735
1734
1758
1931
1884
1792
1789
1789
1792
1789
1789
1787
1827
2908
1737
1742
1706
1730
1763
1764
1706
1757
2002
1796
1771
1735
1736
1736
1735
1759
1813
1923
1890
1733
1706
1763
1763
1730
1705
1878
1946
1871
1783
1780
1756
1779
1780
1790
1780
1803
1830
1782
1780
1780
1756
1780
1788
1769
1741
1936
1859
1730
1763
1705
1764
1759
1733
1706
1857
1859
1738
1735
1734
1736
1800
1804
1757
1779
1909
1768
1762
1734
1736
1822
1782
1756
1780
2227
1760
1738
1762
1759
1785
1737
1737
1737
2064
1817
1782
1793
1781
1780
1757
1780
1780
1826
1845
1758
1792
1781
1781
1757
1780
1780
1781
1876
1769
1780
1785
1764
1705
1729
1729
1729
1902
1837
1739
1791
1833
1784
1756
1780
1779
1832
1797
1736
1811
1801
1795
1803
1857
1808
1804
1905
1823
1759
1780
1779
1780
1790
1756
1804
1868
1860
1730
1706
1729
1763
1775
1705
1729
1813
1884
1753
1751
1729
1732
1705
1729
1764
1764
1956
1735
1729
1763
1775
1705
1729
1729
1728
1934
1876
1730
1732
1729
1705
1763
1763
1728
1705
2171
1804
1769
1730
1706
1729
1729
1764
1741
2004
1820
1781
1781
1780
1756
1779
1780
1780
1882
1826
1738
1736
1735
1735
1758
1759
1775
1726
1906
1792
1764
1728
1705
1728
1729
1769
1769
1901
1835
1729
1717
1750
1763
1729
1709
1787
1877
1888
1730
1705
1729
1729
1767
1740
1758
1729
1872
1825
1734
1758
1734
1745
1734
1797
1776
1848
1842
1757
1780
1792
1780
1768
1768
1779
1996
2010
1744
1741
1735
1736
1814
1790
1787
1788
1903
1741
1716
1684
1686
1765
1684
1710
1711
1908
1835
1685
1688
1711
1807
1735
1735
1734
1733
1934
1780
1736
1735
1791
1759
1759
1734
1734
1843
1835
1710
1708
1745
1736
1735
1746
1756
1759
1935
1714
1683
1744
1761
1747
1706
1740
1730
1903
1883
1708
1758
1730
1732
1749
1765
1729
1718
2241
1713
1925
1965
2316
2299
2063
2006
2252
1785
1798
1795
1757
1781
1787
1730
1706
2493
1789
1708
1733
1729
1763
1740
1729
1729
1881
1848
1747
1735
1736
1735
1734
1735
1735
1827
1955
1760
1781
1780
1781
1757
1781
1780
1783
2013
1786
1707
1729
1730
1764
1741
1729
1740
1912
1826
1735
1761
1737
1736
1734
1761
1765
2043
1823
1736
1736
1759
1759
1734
1746
1736
1792
1870
1760
1729
1729
1705
1763
1767
1728
1730
1912
1847
1764
1763
1705
1739
1729
1763
1734
1763
1969
1731
1729
1739
1767
1729
1728
1772
1739
1928
1836
1730
1715
1728
1763
1763
1744
1804
1883
1873
1776
1740
1729
1730
1729
1759
1759
1759
2126
1792
1729
1739
1763
1729
1758
1705
1729
2024
1841
1730
1705
1729
1764
1789
1706
1728
1805
1944
1765
1740
1729
1729
1760
1705
1773
1764
1888
1852
1706
1763
1764
1758
1706
1739
1729
1919
1840
1782
1780
1779
1781
1759
1780
1779
1779
1910
1757
1779
1780
1796
1788
1734
1735
1735
1950
1845
1707
1762
1798
1729
1705
1729
1729
2056
2079
1689
1688
1839
1766
1764
1706
1733
1789
1866
1768
1787
1780
1751
1729
1763
1764
1706
1991
1751
1759
1764
1741
1729
1729
1706
1729
1897
1844
1799
1706
1729
1764
1764
1706
1729
1817
1880
1795
1740
1730
1729
1728
1705
1775
1764
1852
1883
1821
1794
1780
1780
1791
1757
1780
1877
1913
1732
1705
1729
1763
1775
1705
1729
1730
1927
1773
1768
1780
1791
1781
1756
1781
1781
1926
1901
1804
1757
1791
1781
1781
1757
1781
1863
1828
1782
1791
1756
1780
1779
1779
1756
1833
1838
1792
1780
1756
1780
1780
1780
1782
1758
2220
1759
1738
1740
1737
1735
1737
1738
1794
2140
1819
1784
1781
1781
1781
1757
1780
1785
1907
1827
1685
1709
1685
1684
1685
1709
1770
1684
2183
1723
1729
1763
1740
1729
1743
1758
1706
1967
1859
1730
1729
1705
1763
1775
1829
1717
1879
1859
1764
1763
1705
1728
1730
1793
1705
1764
1980
1784
1729
1739
1773
1728
1805
1737
1734
1967
1866
1731
1732
1705
1763
1829
1793
1789
1932
1864
1782
1792
1792
1802
1853
1809
1764
1729
1867
1818
1736
1758
1782
1718
1729
1729
1706
2003
1863
1730
1729
1732
1765
1765
1729
1730
1842
1884
1765
1764
1731
1734
1729
1763
1706
1775
1953
1789
1730
1738
1794
1731
1730
1717
1729
1872
1841
1738
1735
1811
1781
1784
1780
1755
1792
1850
1738
1734
1784
1806
1791
1781
1756
1780
1876
1805
1801
1737
1742
1737
1736
1735
1736
1896
1910
1790
1789
1795
1791
1790
1789
1788
2036
1833
1772
1717
1683
1684
1683
1708
1683
1707
1859
1827
1683
1706
1707
1683
1683
1684
1683
1708
1969
1704
1685
1683
1685
1710
1709
1685
1685
1867
1817
1759
1759
1735
1734
1734
1759
1768
1733
1882
1798
1736
1758
1758
1735
1735
1747
1734
1877
1820
1736
1736
1734
1758
1771
1735
1734
1759
1921
1736
1708
1685
1685
1696
1684
1710
1737
1798
1847
1690
1710
1684
1715
1685
1684
1768
1759
1879
1804
1734
1738
1735
1757
1757
1757
1735
1812
1855
1734
1768
1735
1734
1733
1758
1757
1735
1930
1747
1686
1709
1708
1685
1742
1738
1759
1970
1876
1687
1683
1684
1707
1781
1705
1729
1732
1839
1829
1708
1684
1684
1740
1729
1765
1776
1911
1830
1730
1763
1770
1846
2161
2475
2318
3914
1741
1765
1760
1746
1828
1738
1736
2184
1840
1710
1869
1748
1734
1719
1752
1764
2205
1830
1689
1834
1713
1687
1687
1685
1686
2007
1862
1688
1775
1741
1758
1757
1733
1734
1734
1948
1826
1798
1688
1689
1686
1684
1711
1712
1916
1848
1775
1758
1759
1734
1735
1735
1735
1758
1881
1778
1735
1735
1720
1764
1763
1728
1705
1891
1915
1767
1729
1705
1729
1728
1738
1765
1729
2028
1731
1705
1761
1764
1729
1705
1732
1762
1984
1814
1685
1685
1685
1706
1719
1685
1684
1746
1997
1810
1764
1730
1705
1733
1764
1764
1751
1999
1866
1731
1763
1745
1729
1729
1729
1801
2633
1784
1737
1710
1731
1764
1764
1706
1759
1924
1891
1777
1706
1729
1729
1728
1740
1795
1728
1949
1754
1706
1764
1764
1730
1706
1764
1763
1952
1842
1706
1730
1729
1739
1764
1760
1729
1719
1941
1759
1759
1735
1734
1735
1783
1844
1705
1927
1825
1739
1762
1761
1734
1770
1740
1747
2102
1837
1783
1780
1780
1771
1772
1781
1780
1953
1894
1707
1764
1729
1788
1782
1756
1779
1779
1871
1796
1756
1779
1783
1779
1756
1779
1779
1854
1837
1757
1792
1781
1780
1779
1755
1779
1821
1799
1801
1788
1788
1789
1789
1769
1758
1734
1903
1794
1756
1787
1772
1748
1734
1735
1759
1881
1820
1757
1782
1780
1780
1779
1756
1779
1882
2040
1786
1782
1757
1780
1780
1780
1761
1792
1925
1783
1825
1984
1729
1706
1733
1730
1741
1988
1843
1757
1729
1705
1762
1774
1729
1705
1896
1883
1784
1781
1779
1760
1780
1779
1779
1813
1807
1782
1780
1790
1757
1780
1781
1780
1780
1852
1868
1766
1733
1747
1721
1764
1729
1705
1890
1893
1772
1730
1717
1717
1730
1764
1740
1729
2054
1809
1790
1790
1788
1790
1790
1789
1806
2175
1759
1706
1730
1765
1706
1764
1730
1771
1917
1871
1741
1729
1729
1705
1728
1763
1785
1761
1900
1730
1763
1764
1704
1728
1739
1753
1739
1872
1814
1737
1736
1734
1737
1741
1776
1759
1887
1886
1783
1782
1795
1796
1814
1868
1780
1807
1856
1759
1736
1746
1734
1735
1759
1735
1734
2008
1818
1687
1695
1684
1707
1768
1706
1730
1777
1824
1796
1788
1801
1734
1924
1775
1773
2725
2200
1798
1790
1790
1789
1789
1790
1790
1838
1805
1791
1790
1791
1790
1789
1790
1789
1800
1821
1792
1789
1789
1791
1790
1788
1800
1789
1852
1798
1789
1799
1791
1791
1794
1789
1790
2103
1799
1791
1814
1736
1735
1739
1736
1734
1926
1812
1732
1755
1706
1864
1782
1756
1779
1834
1841
1770
1768
1791
1779
1780
1756
1779
1779
1930
1762
1706
1740
1730
1729
1706
1729
1730
1846
1832
1818
1781
1780
1780
1756
1780
1779
1805
1838
1798
1781
1780
1781
1757
1780
1780
1781
1868
1850
1706
1730
1729
1705
1729
1730
1739
2039
1924
1737
1737
1738
1736
1735
1738
1742
1805
2039
1708
1764
1729
1729
1705
1740
1729
1731
1876
1860
1730
1729
1705
1729
1741
1729
1733
1853
1884
1731
1729
1706
1733
1729
1705
1763
1735
1816
1851
1706
1728
1739
1718
1716
1770
1784
1860
1824
1738
1745
1735
1734
1735
1758
1735
1734
1863
1834
1741
1729
1706
1730
1760
1718
1717
1831
1894
1731
1739
1763
1729
1768
1830
2054
2233
2044
1899
1794
1791
1793
1785
1782
1789
1844
1860
1782
1781
1781
1757
2185
2235
1874
1876
1870
1738
1765
1730
1746
1790
1747
1759
1832
1852
1738
1736
1736
1804
1806
1737
1736
1734
2218
1829
1754
1730
1894
1784
1761
1794
1729
2238
1821
1763
1780
1802
1788
1788
1788
1788
1871
1770
1736
1762
1734
1757
1759
1735
1733
1798
1900
1766
1758
1734
1735
1735
1758
1757
1734
1879
1812
1767
1735
1751
1729
1820
1756
1781
1833
1808
1848
1739
1762
1739
1737
1735
1737
1741
1962
1816
1737
1737
1737
1737
1758
1740
1737
1932
1881
1708
1763
1764
1729
1735
1747
1759
1785
1822
1790
1790
1790
1790
1801
1789
1790
1790
1839
1794
1788
1789
1792
1788
1788
1788
1789
1869
1800
1793
1790
1794
1791
1791
1789
1791
1999
1848
1781
1792
1756
1746
1764
1731
1705
1799
1868
1837
1781
1757
1781
1780
1780
1780
1758
1874
1804
1741
1738
1734
1737
1737
1734
1822
1904
1881
1731
1729
1705
1764
1765
1729
1735
1741
1944
1778
1705
1729
1729
1729
1740
1771
1782
1836
1797
1735
1762
1761
1736
1734
1844
1766
1785
1928
1708
1729
1729
1763
1745
1756
1729
1729
1860
1809
1736
1734
1734
1744
1788
1761
1759
1891
1853
1738
1757
1770
1734
1759
1735
1746
1746
1916
1805
1736
1746
1758
1759
1735
1734
1735
1926
1819
1769
1734
1735
1758
1758
1733
1758
1735
1934
1747
1756
1759
1766
1780
1778
1735
1758
1892
1854
1757
1769
1815
1765
1729
1705
1729
1860
1831
1735
1734
1758
1734
1733
1734
1744
1734
1885
1754
1737
1760
1783
1779
1780
1790
1780
1951
1834
1685
1755
1709
1683
1712
1685
1683
1685
1992
1764
1760
1757
1735
1747
1758
1758
1735
1817
1795
1772
1687
1716
1686
1683
1685
1710
1684
2062
1685
1815
1773
1757
1757
1735
1734
1735
1848
1857
1801
1730
1706
1730
1763
1763
1707
1811
1943
1794
1765
1764
1706
1729
1729
1705
1763
2296
1896
1802
1800
1804
1857
1800
1796
1821
2013
1872
1782
1762
1768
1808
1823
1776
1706
2240
1816
1764
1762
1737
1735
1736
1742
1761
2025
1843
1758
1781
1781
1781
1768
1781
1781
1826
1843
1757
1781
1781
1793
1781
1756
1780
1815
1882
1784
1757
1780
1791
1781
1781
1767
1782
1845
1785
1734
1745
1757
1759
1733
1758
1760
1837
1905
1752
1728
1729
1729
1705
1795
1764
1729
1848
1825
1759
1759
1736
1734
1759
1736
1758
1850
1797
1738
1737
1760
1735
1788
1731
1718
1719
1957
1803
1729
1705
1729
1814
1781
1782
1755
1824
1816
1781
1768
1768
1780
1780
1789
1756
1834
1813
1688
1683
1685
1765
1713
1683
1685
1685
1964
1836
1765
1730
1783
1815
1741
1765
1730
1850
1888
1691
1712
1758
1684
1685
1686
1683
1709
2045
1822
1781
1825
1758
1780
1781
1781
1779
1964
1853
1776
1759
1729
1706
1760
1764
1728
1739
1949
1743
1757
1763
1705
1729
1729
1705
1763
1946
1834
1762
1705
1763
1763
1729
1706
1729
1853
1841
1799
1735
1736
1736
1737
1734
1741
1736
1971
1852
1826
1876
1886
1804
1847
1851
1868
2199
1883
1851
1757
1780
1783
1780
1756
1781
1919
1846
1781
1780
1757
1791
1781
1780
1757
3666
2045
2094
1815
1854
1795
1797
1825
2125
1799
1792
1807
1790
1789
1789
1790
1790
2168
1829
1734
1706
1729
1730
1764
1740
1762
2197
1885
1755
1760
1735
1735
1736
1756
1773
2074
1886
1739
1736
1757
1735
1759
1760
1736
1744
1847
1827
1735
1735
1735
1736
1783
1769
1735
1816
1795
1759
1718
1764
1729
1735
1743
1763
1764
1907
1770
1734
1735
1757
1815
1706
1728
1728
1858
1861
1737
1736
1735
1771
1758
1761
1735
1787
1867
1731
1763
1767
1734
1729
1728
1763
1704
1938
1834
1730
1740
1768
1769
1730
1729
1705
1851
1887
1787
1779
1754
1731
1764
1764
1705
1729
1876
1825
1759
1759
1736
1736
1735
1734
1736
1860
1842
1782
1759
1781
1781
1781
1757
1781
1822
1886
1765
1779
1795
1796
1824
1808
1840
1794
1913
1834
1757
1762
1743
1729
1708
1764
1764
1861
1767
1769
1737
1760
1764
1735
1736
1736
1906
1824
1800
1787
1729
1708
1763
1763
1729
1705
1926
1832
1764
1765
1734
1736
1736
1760
1734
2175
1817
1782
1784
1781
1780
1757
1780
1780
1963
1842
1779
1769
1780
1780
1779
1756
1779
1861
1854
1781
1756
1780
1781
1780
1780
1756
1782
2015
1733
1729
1704
1763
1764
1729
1706
1793
1860
1822
1735
1737
1736
1736
1734
1737
1776
1771
1914
1740
1740
1738
1736
1735
1741
1792
1766
1815
1795
1735
1735
1757
1758
1745
1758
1735
1948
1924
1784
1780
1780
1760
1780
1811
1781
1791
1997
1759
1780
1791
1780
1779
1765
1826
1737
1842
1856
1706
1740
1762
1768
2575
1787
1745
1917
1792
1732
1729
1728
1737
1762
1764
1728
1856
1832
1759
1759
1735
1757
1771
1730
1762
1740
2000
1820
1781
1780
1758
1780
1782
1780
1783
1863
1818
1735
1735
1759
1734
1758
1769
1735
1820
1851
1764
1765
1732
1730
1730
1740
1738
1764
1981
1733
1729
1732
1764
1773
1730
1705
1729
1880
1874
1730
1732
1730
1741
1762
1741
1730
1742
1928
1737
1791
1764
1736
1734
1736
1760
1760
1904
1828
1768
1770
1759
1759
1734
1735
1735
1848
1843
1874
1804
1793
1802
1855
1757
1735
2069
1969
1793
1765
1706
1730
1729
1729
1740
1764
1895
2065
1794
1793
1790
1791
1790
1791
1795
2102
1818
1707
1730
1730
1706
1765
1775
1730
1894
1824
1759
1760
1735
1734
1735
1746
1760
1759
1890
1764
1736
1758
1735
1770
1736
1735
1735
1882
1832
1739
1736
1734
1740
1737
1735
1737
2070
1871
1793
1789
1792
1788
1789
1790
1808
1760
1976
1728
1739
1763
1705
1764
1729
1759
1705
1864
1903
1734
1729
1705
1729
1763
1788
1704
1863
1912
1765
1764
1705
1729
1729
1731
1772
1764
1835
1794
1735
1735
1757
1759
1733
1762
1776
1914
1872
1740
1735
1737
1736
1781
1771
1741
1736
2182
1785
1781
1758
1780
1781
1792
1756
1780
1943
1831
1729
1705
1762
1802
1729
1705
1728
1901
1906
1730
1705
1728
1793
1763
1740
1729
1729
1952
1763
1705
1773
1764
1729
1706
1763
1762
1865
1815
1736
1740
1807
1763
1706
1729
1728
1817
1853
1792
1780
1783
1782
1788
1763
1729
1728
1850
1803
1763
1768
1736
1735
1736
1761
1734
2133
1823
1781
1782
1781
1781
1756
1780
1792
1952
1859
1757
1782
1780
1780
1780
1756
1791
1780
1888
1783
3248
2145
2040
1893
1942
1793
2047
1777
1732
1764
1729
1730
1717
1730
1730
1901
1832
1804
1730
1741
1706
1730
1730
1730
1796
1895
1838
1771
1741
1706
1731
1730
1730
1706
1963
1832
1742
1738
1734
1737
1736
1736
1734
2108
1844
1745
1737
1735
1736
1737
1737
1735
1979
1837
1736
1735
1734
1735
1735
1734
1733
1734
1882
1805
1686
1684
1711
1685
1683
1686
1685
1765
2078
1686
1684
1683
1682
1683
1683
1682
1774
1767
1795
1735
1735
1735
1735
1734
1749
1797
1792
1982
1699
1685
1684
1683
1684
1696
1683
1796
1984
1956
1740
1736
1734
1747
1736
1808
1819
2028
2038
1688
1686
1690
1685
1686
1797
1735
1733
1946
1793
1736
1768
1734
1759
1735
1773
1796
1826
1977
1983
1687
1686
1750
1686
1686
1684
1686
1952
1768
1735
1734
1758
1735
1734
1733
1735
1953
1826
1685
1685
1804
1751
1684
1686
1685
1687
2096
1773
1735
1758
1735
1734
1735
1739
1735
2067
1795
1736
1759
1736
1734
1735
1748
1729
1919
1828
1730
1759
1763
1740
1741
1730
1729
1705
1966
1832
1767
1729
1705
1774
1764
1728
1705
1870
1869
1824
1736
1743
1735
1735
1734
1733
1735
1947
1757
1705
1765
1764
1728
1705
1728
1729
1914
1839
1772
1736
1735
1735
1734
1734
1735
1797
1874
1749
1735
1734
1734
1735
1736
1735
1734
1891
1802
1791
1789
1790
1789
1790
1790
1800
1840
1797
1790
1789
1789
1787
1789
1789
1801
1834
1797
1791
1789
1790
1789
1788
1793
1755
1855
2129
1745
1705
1762
1763
1739
1706
1729
1761
1900
1835
1735
1737
1736
1742
1734
1737
1771
1910
1909
1759
1780
1784
1780
1780
1756
1781
1780
1860
1796
1735
1746
1736
1735
1759
1755
1730
1860
1858
1787
1780
1779
1788
1757
1780
1779
1831
1853
1758
1780
1779
1787
1770
1768
1780
1779
1875
1782
1769
1780
1790
1781
1756
1780
1806
1843
1796
1789
1788
1786
1757
1734
1757
1744
1806
1862
1758
1780
1784
1784
1803
1767
1780
1780
1877
1798
1790
1805
1783
1783
1779
1756
1779
1888
1794
1771
1796
1793
1813
1867
1781
1757
1844
1839
1785
1845
1760
1779
1780
1779
1779
1796
1883
1794
1812
1780
1757
1779
1781
1779
1780
1927
1748
1769
1729
1705
1763
1764
1729
1704
1855
1834
1783
1764
1705
1729
1729
1763
1705
1764
1862
1800
1793
1790
1790
1790
1789
1788
1869
1861
1743
1736
1734
1736
1736
1735
1746
1735
2132
1808
1782
1757
1781
1780
1784
1780
1756
1989
1816
1736
1735
1734
1736
1747
1735
1734
1820
1865
1687
1684
1685
1695
1684
1685
1685
1849
1831
1820
1687
1685
1688
1685
1685
1683
1749
1685
1926
1750
1733
1747
1735
1734
1733
1762
1737
1881
1847
1691
1687
1686
1683
1685
1746
1684
1685
2171
1804
1736
1735
1734
1735
1759
1735
1734
1971
1797
1737
1735
1734
1735
1757
1734
1734
1745
1838
1792
1788
1789
1789
1789
1789
1799
1789
1827
1795
1789
1788
1789
1790
1799
1789
1787
1810
1796
1738
1734
1735
1780
1742
1706
1729
1728
1929
1755
1684
1685
1767
1736
1739
1686
1685
2030
1836
1764
1729
1769
1705
1729
1729
1728
1705
1942
1740
1749
1747
1730
1730
1729
1706
1730
2004
1821
1743
1764
1737
1736
1736
1734
1736
1906
1914
1762
1859
1848
1917
1958
1816
1751
1781
1866
1851
1987
2322
2272
1952
2038
1796
2111
1802
1792
1789
1791
1763
1735
1747
1736
1895
1940
1779
1708
1730
1730
1741
1707
1730
1844
2114
1734
1706
1729
1730
1733
1706
1729
1730
1894
1856
1707
1729
1741
1717
1719
1730
1729
2105
1853
1708
1729
1741
1729
1705
1729
1729
1731
1995
1730
1732
1729
1706
1730
1729
1729
1735
1842
1836
1733
1705
1729
1728
1729
1705
1756
1729
1966
1737
1734
1735
1735
1733
1734
1796
1791
1951
1859
1706
1763
1764
1728
1705
1759
1732
2048
1971
1740
1735
1737
1738
1737
1827
1748
1734
2026
1738
1734
1734
1735
1735
1764
1765
1763
1954
1816
1758
1781
1780
1791
1776
1767
1780
1890
1831
1737
1735
1736
1742
1782
1738
1731
1729
1889
1825
1760
1746
1736
1757
1736
1759
1759
1907
1791
1687
1714
1710
1788
1748
1686
1683
1709
1958
1807
1790
1789
1788
1790
1789
1789
1788
1854
1840
1685
1725
1695
1684
1684
1683
1683
1757
1882
1687
1685
1789
1735
1733
1734
1734
1737
1867
1814
1735
1761
1734
1734
1735
1738
1733
1823
1859
1737
1757
1733
1735
1734
1738
1734
1735
1871
1807
1758
1735
1734
1744
1733
1734
1735
1788
1858
1752
1764
1737
1740
1734
1735
1735
1735
1955
1849
1783
1783
1780
1756
1779
1781
1780
2235
1970
1788
1780
1757
1780
1781
1780
1757
1977
1841
1792
1780
1780
1756
1780
1780
1780
1840
1809
1781
1780
1779
1756
1779
1780
1779
1772
2008
1801
1737
1737
1736
1735
1736
1737
1775
1921
1834
1730
1729
1729
1706
1729
1740
1712
2142
1900
1753
1738
1737
1735
1769
1787
1783
1780
1863
1768
1737
1736
1734
1771
1736
1765
1705
1869
1803
1792
1790
1801
1789
1789
1789
1791
1967
1793
1738
1736
1748
1734
1735
1759
1735
1734
1872
1802
1745
1735
1735
1736
1758
1734
1733
1842
1830
1746
1734
1735
1735
1759
1734
1728
1729
1878
1830
1735
1737
1736
1785
1760
1786
1729
1897
1836
1736
1735
1735
1747
1794
1729
1739
1726
1910
1737
1796
1793
1793
1825
1838
1750
1737
1824
1793
1736
1736
1759
1805
1746
1734
1735
1856
1830
1736
1734
1780
1755
1745
1735
1734
1732
1913
1738
1734
1733
1761
1734
1734
1733
1734
1857
1850
1760
1733
1768
1734
1734
1756
1758
1735
1921
1707
1732
1801
1805
1780
1755
1779
1779
1952
1858
1770
1770
1780
1780
1779
1756
1780
2059
1884
1776
1688
1684
1686
1686
1708
1711
1689
2116
1764
1719
1764
1765
1730
1706
1730
1774
2048
1878
1782
1757
1781
1780
1780
1761
1781
1962
1846
1781
1780
1756
1780
1792
1780
1756
1848
1819
1781
1780
1757
1780
1790
1780
1780
1756
1871
1811
1794
1781
1768
1781
1781
1780
1780
1839
1835
1737
1735
1745
1735
1735
1758
1757
1811
1878
1784
1793
1756
1781
1780
1780
1780
1757
1892
1820
1784
1780
1756
1779
1780
1779
1780
1811
1843
1713
1685
1683
1686
1686
1709
1761
1731
1996
1731
1705
1763
1763
1729
1705
1838
1765
1929
1864
1706
1729
1729
1762
1740
1762
1793
1838
1859
1735
1759
1735
1735
1734
1772
1735
1735
1861
1853
1730
1763
1764
1706
1760
1730
1706
1870
1887
1731
1729
1706
1775
1762
1729
1705
1728
1863
1856
1780
1756
1791
1785
1780
1780
1756
1845
1816
1781
1785
1756
1805
1872
2199
2088
2173
2079
1741
1740
1789
1786
1818
1773
1742
2026
1867
1766
1705
1787
1814
1763
1706
1764
1922
1997
1741
1763
1780
1783
1781
1781
1757
1978
1832
1782
1781
1780
1755
1779
1780
1791
1776
1916
1764
1800
1729
1705
1729
1774
1763
1705
1886
1858
1757
1765
1741
1729
1741
1729
1706
1877
1838
1780
1730
1705
1767
1764
1728
1705
1729
1903
1861
1762
1755
1740
1729
1716
1752
1763
1860
1893
1785
1760
1780
1780
1780
1756
1781
1872
2010
1771
1780
1780
1780
1757
1780
1781
1948
1849
1781
1756
1780
1780
1781
1768
1769
1780
2009
1793
1789
1788
1789
1789
1789
1789
1798
1859
1791
1781
1781
1757
1748
1765
1740
1706
1891
1854
1763
1736
1734
1736
1736
1764
1758
1803
2208
1741
1761
1762
1736
1741
1738
1768
1758
1938
1801
1736
1735
1733
1770
1758
1749
1750
2059
1949
1742
1737
1741
1735
1738
1782
1791
2020
1948
1792
1794
1790
1790
1789
1788
1790
1790
1975
1736
1706
1730
1765
1764
1733
1729
1730
1894
1854
1741
1729
1729
1730
1762
1763
1764
1843
1902
1708
1762
1764
1748
1775
1804
1779
1783
1876
1793
1736
1735
1757
1734
1758
1745
1735
2047
1861
1738
1738
1768
1736
1735
1742
1738
1989
1797
1734
1735
1770
1729
1716
1729
1729
1739
1892
1831
1730
1805
1683
1717
1708
1684
1682
1776
1834
1760
1757
1738
1735
1734
1755
1758
1734
1929
1807
1756
1837
1781
1735
1734
1735
1759
1873
1832
1821
1761
1737
1738
1735
1736
1736
1736
2051
1792
1734
1735
1734
1733
1735
1735
1734
2150
1852
1686
1686
1686
1684
1685
1686
1689
1828
1849
1739
1734
1733
1734
1736
1734
1743
1734
1890
1815
1719
1717
1729
1729
1705
1732
1728
1779
1968
1760
1780
1779
1780
1777
1768
1779
1780
1831
1774
1780
1780
1783
1779
1755
1779
1790
1964
1852
1768
1769
1790
1780
1780
1756
1782
1875
1805
1796
1796
1792
1791
1790
1835
1707
1763
1919
1751
1735
1739
1819
1776
1854
1780
1756
1927
1848
1765
1730
1706
1730
1756
1719
1752
1877
1883
1731
1763
1740
1729
1770
1708
1730
1794
1902
1745
1707
1730
1763
1747
1906
1926
1968
2017
1971
1850
1972
2017
1933
1926
1782
1858
1910
1818
1757
1780
1782
1791
1756
1779
1780
2251
1695
1686
1684
1785
1712
1686
1684
1686
1896
1833
1709
1685
1720
1684
1686
1711
1711
1684
1992
1742
1714
1684
1850
1736
1734
1733
1757
1857
1826
1749
1757
1735
1757
1758
1733
1735
1735
2007
1710
1742
1684
1684
1682
1707
1708
1682
1766
1796
1803
1798
1761
1736
1736
1736
1734
1741
2083
1763
1735
1734
1758
1734
1734
1736
1734
1858
1882
1710
1684
1685
1685
1683
1718
1709
1684
1951
1868
1707
1709
1683
1695
1685
1683
1708
1822
1876
1687
1683
1685
1714
1708
1685
1685
1683
1920
1816
1758
1744
1734
1734
1758
1758
1733
1850
1832
1685
1715
1708
1683
1684
1682
1684
1743
1857
1823
1797
1790
1789
1789
1788
1789
1853
1842
1870
1685
1685
1684
1683
1684
1685
1695
1729
1853
1812
1736
1734
1735
1735
1735
1734
1796
1819
1800
1738
1734
1735
1735
1734
1766
1739
1735
1881
1800
1735
1735
1735
1734
1762
1736
1735
1809
1797
1790
1789
1789
1788
1873
2128
2012
3468
1799
1798
1799
1803
1789
1790
1787
1788
1878
1770
1736
1737
1815
1735
1734
1734
1734
2159
1812
1740
1736
1760
1735
1736
1735
1735
1922
1797
1748
1735
1757
1735
1734
1734
1734
1734
1927
1750
1705
1759
1729
1730
1706
1729
1729
1904
1854
1732
1760
1729
1705
1728
1729
1738
1705
1899
1806
1785
1782
1757
1780
1780
1782
1756
1828
1821
1913
1784
1735
1733
1746
1735
1735
1820
1821
1783
1780
1769
1768
1791
1780
1780
1780
2587
1789
1781
1756
1784
1780
1780
1757
1781
2082
1799
1780
1785
1757
1780
1781
1780
1782
1929
1774
1785
1782
1780
1757
1780
1780
1781
1855
1813
1785
1781
1789
1716
1753
1730
1764
1812
1866
1738
1735
1734
1734
1735
1734
1749
1794
2039
1912
1796
1793
1791
1790
1789
1799
1772
1924
1838
1707
1729
1762
1729
1705
1768
1730
1930
2032
1744
1735
1737
1737
1741
1797
1739
1737
2109
1783
1758
1780
1781
1792
1781
1757
1780
1860
1826
1780
1757
1791
1781
1787
1768
1769
1857
1842
1781
1790
1757
1780
1788
1764
1705
1741
1894
1777
1769
1758
1736
1793
1777
1706
1762
1999
1833
1871
1731
1739
1789
1858
1750
1706
2629
1828
1754
1801
1831
1782
1781
1780
1757
1950
1840
1782
1781
1758
1781
1780
1780
1797
1829
1840
1781
1790
1763
1705
1763
1742
1729
1705
1946
1789
1829
1729
1705
1729
1776
1764
1706
1823
1818
1754
1906
1816
1739
1729
1730
1740
1877
1844
1828
1739
1758
1764
1736
1737
1734
1736
2053
1816
1729
1709
1729
1729
1763
1740
1729
1855
1853
1770
1734
1759
1735
1736
1734
1759
1759
1944
1744
1735
1737
1761
1761
1734
1737
1736
1994
1815
1735
1734
1734
1735
1757
1758
1735
1863
1836
1734
1757
1759
1734
1734
1735
1768
1784
1892
1822
1790
1790
1790
1788
1788
1792
1811
1996
1858
1758
1803
1780
1779
1783
1756
1781
2149
1864
1766
1731
1706
1741
1730
1760
1739
1825
1867
1760
1797
1793
1813
1833
1754
1730
1787
1858
1746
1730
1741
1730
1706
1788
1765
1730
1830
1861
1764
1775
1730
1706
1758
1735
1758
1834
1837
1734
1730
1705
1762
1801
1781
1766
1768
1875
1786
1737
1734
1736
1895
1785
1804
1756
1880
1800
1743
1738
1734
1774
1736
1736
1736
2001
1997
1735
1730
1706
1788
1762
1730
1729
1718
2011
1842
1730
1729
1733
1729
1775
1763
1705
1845
1869
1763
1705
1802
1735
1745
1733
1758
1758
1887
1731
1705
1760
1773
1764
1705
1730
1729
1859
1831
1737
1766
1740
1735
1737
1737
1736
1829
1850
1784
1795
1782
1762
1716
1729
1764
1706
1965
1824
1809
1731
1762
1740
1729
1729
1706
2076
1831
1782
1735
1735
1733
1758
1759
1735
1734
2085
1766
1764
1763
1705
1729
1729
1764
1709
1939
1894
1731
1729
1739
1764
1730
1732
1705
1845
1846
1765
1729
1705
1729
1764
1716
1765
1728
2066
1814
1759
1758
1735
1748
1735
1735
1759
1941
1823
1782
1757
1781
1792
1781
1781
1757
1892
1854
1741
1736
1739
1736
1737
1736
1734
1851
1873
1815
1746
1734
1735
1736
1735
1734
1759
1829
1830
1740
1737
1739
1737
1734
1769
1737
1736
1980
1758
1734
1735
1735
1733
1790
2522
1861
1894
2102
1762
1736
1740
5629
3154
1867
1906
1757
1761
1763
1793
1795
1789
2585
1797
1791
1790
1790
1791
1806
1790
1790
2064
1803
1798
1789
1790
1845
1797
1791
1787
1886
1799
1791
1789
1804
1789
1789
1789
1790
1840
1796
1791
1789
1802
1789
1789
1789
1789
1790
1844
1736
1769
1758
1735
1733
1735
1758
1735
1870
1812
1739
1767
1783
1762
1736
1736
1733
1927
3062
1812
1774
1738
1761
1736
1762
1737
1930
1823
1760
1758
1736
1749
1747
1735
1770
1839
1796
1815
1736
1757
1758
1734
1734
1738
1733
1880
1824
1735
1735
1734
1735
1768
1759
1734
1884
1977
1799
1793
1791
1789
1794
1791
1792
1967
1861
1707
1730
1764
1740
1705
1729
1730
1751
2004
1825
1781
1783
1780
1767
1769
1783
1780
1862
1870
1758
1770
1735
1735
1735
1759
1758
1840
1883
1769
1780
1781
1780
1757
1782
1781
1780
1894
1783
1781
1780
1780
1779
1757
1779
1780
1840
1796
1725
1711
1686
1683
1802
1730
1766
1752
2011
1721
1729
1762
1705
1760
1729
1732
1705
1873
1821
1736
1735
1734
1762
1806
1763
1705
1868
1884
1759
1758
1734
1786
1747
1735
1756
1759
1877
1841
1781
1818
1770
1778
1729
1705
1730
1826
1894
1731
1745
1790
1780
1780
1757
1780
1824
1846
1737
1762
1729
1729
1729
1705
1762
1762
1864
1838
1760
1735
1758
1759
1734
1736
1736
1824
1840
1802
1783
1780
1780
1747
1762
1729
1738
1995
1859
1771
1765
1729
1706
1729
1764
1775
1927
2247
1820
1803
1735
1736
1737
1740
1735
1994
1865
1783
1780
1756
1780
1792
1780
1780
1875
1857
1766
1730
1729
1706
1734
1729
1741
1764
1993
1783
1728
1706
1766
1764
1729
1706
1728
1858
1904
1730
1705
1733
1730
1764
1741
1729
1754
1939
1773
1755
1759
1734
1735
1733
1758
1783
1811
1815
1752
1735
1759
1757
1734
1735
1758
1798
1907
1785
1780
1784
1789
1788
1789
1789
1798
2191
1745
1736
1739
1737
1737
1735
1770
1742
2027
1822
1782
1795
1796
1804
1890
1743
1735
1934
1801
1792
1789
1788
1789
1800
1789
1789
1822
1800
1787
1759
1733
1735
1879
1727
1708
1708
1791
1794
1735
1734
1761
1801
1791
1788
1788
1847
1822
1736
1734
1746
1757
1763
1739
1729
1729
1861
1831
1744
1759
1808
1780
1757
1780
1781
1957
1865
1780
1757
1782
1780
1780
1757
1780
1887
1905
1731
1716
1747
1729
1763
1740
1729
1731
1999
1802
1706
1803
1736
1736
1736
1735
1741
1975
1835
1717
1742
1761
1763
1705
1732
1729
1828
1872
1736
1801
1774
1737
1756
1769
1736
1735
1973
1814
1746
1763
1729
1716
1729
1764
1763
2171
1891
1740
1735
1766
1761
1736
1735
1737
1984
1892
1731
1706
1741
1730
1764
1741
1730
1731
1866
1800
1718
1710
1685
1683
1686
1709
1684
1864
1894
1693
1685
1707
1711
1685
1683
1685
1685
1927
1815
1736
1735
1734
1733
1759
1759
1735
1968
1838
1763
1759
1735
1734
1735
1735
1763
1759
1854
1792
1685
1683
1706
1709
1684
1693
1741
1970
1943
1734
1706
1729
1729
1767
1740
1768
1731
1882
1840
1684
1710
1686
1694
1685
1794
1709
1782
1835
1731
1729
1739
1775
1729
1767
1838
1716
1865
1836
1730
1717
1729
1764
1946
1730
1705
1894
1870
1767
1763
1705
1783
1795
1779
1734
1954
1864
1743
1729
1739
1763
1730
1728
1705
1728
1909
1830
1735
1734
3520
1814
2089
1957
2132
1805
1795
1795
1791
1790
1762
1735
1749
1969
1872
1783
1758
1781
1780
1780
1792
1757
1906
1845
1738
1760
1735
1736
1770
1793
1789
1815
1838
1758
1760
1736
1747
1735
1736
1759
1759
1859
1802
1797
1792
1801
1789
1789
1789
1789
1890
1854
1791
1793
1788
1788
1788
1787
1788
1860
1855
1776
1741
1730
1730
1706
1729
1765
1765
1965
1804
1789
1785
1737
1736
1734
1736
1736
1959
1899
1706
1729
1729
1764
1705
1729
1730
1843
1935
1741
1765
1730
1730
1706
1730
1774
1742
1940
1786
1686
1710
1684
1710
1685
1687
1685
2120
1944
1733
1730
1706
1729
1767
1763
1706
1755
1903
1872
1710
1684
1684
1694
1684
1709
1796
1793
1934
1707
1730
1770
1764
1706
1730
1755
1706
1940
1759
1729
1732
1704
1764
1763
1756
1705
1857
1872
1774
1763
1705
1760
1729
1777
1720
1817
1968
1735
1728
1739
1763
1729
1755
1706
1729
1925
1835
1734
1735
1735
1758
1758
1789
1729
1829
1907
1767
1759
1737
1769
1737
1734
1760
1764
2169
1797
1790
1788
1790
1790
1790
1804
1788
1874
1797
1790
1789
1789
1789
1801
