991
983
976
977
977
977
977
1342
1234
1112
1002
998
1167
1053
1050
1001
982
978
977
978
977
977
977
1233
1106
1139
1036
1027
999
999
1012
999
999
999
999
999
998
999
998
1208
1354
1200
1100
1009
1010
1036
1040
1094
1053
1019
998
998
998
998
999
1214
1121
1001
1029
1013
999
999
999
999
1079
998
998
998
998
998
998
1164
1110
1065
999
1025
999
999
999
999
998
999
999
998
998
999
998
1117
1082
1155
999
999
999
1000
998
999
999
999
998
998
998
998
999
1001
1152
1090
1007
1006
1005
1005
1005
1005
1005
1005
1005
1005
1005
1005
1017
1006
1274
1082
1050
1051
1029
1028
1028
1027
1029
1028
1028
1027
1040
1028
1028
1029
1180
1058
1022
1006
1006
1005
1005
1005
1006
1005
1017
1006
1006
1006
1029
1005
1127
1311
1012
979
977
977
977
977
977
981
1003
977
1003
977
1035
977
1274
1027
1088
979
1002
977
1002
977
981
977
978
977
977
1105
1042
1037
1038
1080
1045
1038
1037
1037
1040
1037
1037
1037
1037
1037
1119
1010
1006
1006
1005
1119
1093
1033
1006
1017
1006
1005
1005
1006
1005
1028
1042
1017
1005
1005
1005
1158
1119
991
999
976
1001
976
976
976
976
1015
1038
1039
1049
1006
1029
1100
1049
1150
1015
1006
1006
1006
1029
1005
1030
1029
1005
1005
1005
1006
1006
1247
1050
1167
1001
1000
999
999
999
998
1029
1033
999
1033
998
1010
999
998
1108
1117
1002
1033
1047
1033
999
1036
1000
999
998
998
1002
1033
999
1033
1216
1113
1000
998
998
998
1028
1034
1030
1028
1032
1028
1028
1028
1028
1028
1081
1091
1031
1028
1029
1028
1030
1028
1027
1043
1040
1028
1028
1028
1028
1028
1082
1066
1009
1006
1005
1030
1028
1039
1028
1028
1028
1028
1028
1028
1028
1028
1109
1108
1014
1007
1006
1096
1040
1055
1029
1028
1029
1028
1028
1028
1028
1028
1164
1023
1072
1009
1048
1007
1007
1007
1007
1007
1007
1007
1008
1007
1007
1007
1285
1242
1037
1077
1000
1033
999
998
999
1000
999
999
999
1033
999
1033
1216
1030
1102
1029
998
998
999
1056
1015
1014
998
998
999
998
1017
1054
1052
1079
1153
1000
999
998
998
998
999
998
1032
999
1033
998
1002
999
999
1111
1067
1001
1033
998
1032
998
998
998
999
998
998
1001
1033
999
1033
1148
1137
1002
999
999
999
1034
999
1033
999
1009
999
999
999
998
999
1084
1056
1070
1056
1044
1041
1067
1059
1029
1031
1028
1028
1103
1156
1129
1132
1171
1133
1129
1126
1018
1119
1090
1054
1077
1030
1054
1078
1054
1054
1057
1151
1127
1282
1374
1159
1147
1045
1037
1042
1029
1082
1029
1077
1042
1073
1598
1625
1112
1167
1042
1114
1058
1041
1038
1039
1038
1042
1044
1007
1006
1140
1200
1046
1030
1025
1034
999
998
999
999
999
999
998
1029
998
1032
1201
1087
1046
1006
1005
1006
1028
1005
1029
1005
1006
1006
1032
1005
1005
1018
1118
1057
1096
1007
1006
1005
1005
1005
1006
1005
1029
1005
1044
1040
1051
1037
1125
1046
1069
1030
1006
1030
1005
1006
1006
1005
1005
1029
1018
1029
1006
1030
1071
1066
1053
1042
1037
1037
1037
1037
1037
1036
1036
1055
1007
1006
1005
1005
1028
1193
1112
1009
1007
1006
1006
1006
1006
1010
1043
1001
1034
999
998
998
999
1134
1126
1053
1037
1037
1036
1050
1037
1037
1037
1037
1037
1037
1037
1037
1038
1090
1092
1008
1006
1006
1018
1006
1005
1065
1004
1000
999
999
999
998
998
1192
1099
1066
1002
998
998
998
1011
1043
1029
1028
1028
1029
1029
1029
1029
1070
1145
1015
1032
1047
1033
999
1037
1008
1036
1000
998
998
1033
999
1034
1181
1041
1108
978
977
977
1055
1004
1034
999
999
999
998
999
999
1002
1281
1273
1082
1009
1007
1007
1036
1007
1006
1006
1030
1009
1031
1010
1006
1006
1265
1059
1025
1028
1006
1029
999
998
999
999
998
999
1010
1034
999
1033
1031
1151
1106
1000
999
1031
999
1033
998
1032
998
1008
999
998
998
998
998
1239
1145
1000
1023
999
999
999
999
1008
1030
999
1031
998
999
999
999
1113
1101
1010
1052
1002
1032
999
1002
999
999
999
998
998
1033
998
1032
1133
1047
1096
1052
1033
1053
1041
1028
1029
1029
1028
1028
1028
1028
1028
1029
1130
1041
1097
1034
1029
1031
1028
1051
1028
1028
1028
1028
1028
1028
1028
1028
1115
1107
1055
1040
1029
1028
1028
1028
1028
1028
1028
1028
1029
1028
1028
1028
1112
1078
1069
1028
1028
1028
1028
1028
1028
1028
1028
1028
1028
1028
1028
1028
1110
1077
1081
1032
1028
1027
1040
1039
1027
1028
1028
1028
1028
1028
1032
1029
1076
1074
1052
1028
1029
1053
1029
1028
1028
1028
1028
1028
1028
1038
1028
1043
1082
1049
1044
1039
1033
1030
1028
1028
1028
1028
1032
1028
1029
1030
1040
1042
1069
1056
1040
1038
1038
1038
1038
1038
1038
1043
1041
1038
1046
1038
1038
1158
1052
1096
1030
1029
1028
1028
1028
1039
1028
1028
1027
1028
1030
1028
1028
1119
1054
1045
1039
1037
1037
1049
1037
1037
1037
1037
1037
1043
1052
1073
1051
1109
1075
1054
1044
1043
1039
1039
1038
1038
1039
1039
1065
1031
1028
1028
1028
1083
1050
1043
1044
1039
1039
1038
1038
1038
1038
1073
1042
1040
1039
1039
1038
1164
1088
1008
1005
1005
1006
1028
1005
1029
1006
1031
1006
1006
1006
1006
1005
1241
1188
1014
1008
1053
1044
1042
1038
1037
1047
1039
1037
1037
1038
1132
1086
1491
1454
1062
1040
1038
1037
1041
1060
1019
1044
1056
1175
1040
1044
1005
1423
1226
1052
1009
1008
1064
1012
1126
1043
1038
1049
1037
1037
1037
1038
1253
1150
1077
1006
1006
1006
1005
1029
1005
1032
1006
1006
1006
1005
1006
1005
1189
1045
1044
1029
1006
1053
1005
1030
1016
1006
1005
1005
1006
1028
1007
1030
1054
1082
1082
1006
1005
1005
1039
1006
1028
1006
1005
1006
1005
1005
1006
1005
1029
1128
1115
1001
999
1009
1029
999
999
999
1032
998
1031
998
999
998
999
1128
1102
1013
1036
1007
1105
1011
1020
999
998
988
998
1011
1029
1033
998
1111
1082
1089
1030
1083
1012
1032
1008
1006
1006
1007
1007
1006
1007
1006
1007
1185
1076
1069
1030
1020
1005
1005
1005
1006
1028
1006
1005
1005
1005
1016
1005
1005
1127
1087
1068
1032
1029
1028
1028
1028
1028
1028
1028
1028
1031
1028
1028
1040
1074
1103
1081
1029
1028
1028
1028
1028
1028
1028
1032
1029
1028
1028
1028
1039
1098
1122
1034
1028
1028
1029
1028
1028
1029
1031
1040
1039
1027
1028
1028
1039
1092
1092
1030
1028
1028
1028
1029
1039
1029
1028
1028
1028
1028
1028
1028
1028
1121
1082
1046
1040
1038
1040
1037
1037
1038
1037
1037
1037
1037
1037
1037
1033
1100
1052
1031
1028
1040
1029
1028
1028
1028
1028
1040
1040
1028
1028
1021
1037
1143
1076
1042
1029
1030
1028
1028
1028
1028
1028
1028
1028
1028
1028
1030
1028
1104
1117
1030
1028
1028
1028
1028
1028
1028
1028
1028
1028
1028
1029
1028
1031
1110
1069
1030
1028
1028
1029
1028
1028
1028
1029
1028
1028
1028
1056
1028
1028
1102
1049
1045
1008
1031
1007
1007
1006
1007
1007
1007
1006
1052
1009
1031
1007
1179
1101
1005
999
999
999
1033
999
1033
999
998
1009
1040
1006
1030
1006
1153
1060
1089
1029
1029
1028
1028
1028
1028
1032
1028
1042
1032
1029
1028
1028
1126
1049
1074
1032
1005
1005
1005
1016
1006
1005
1028
1005
1028
1005
1029
1005
1061
1081
1079
1007
1007
1007
1035
1008
1031
1007
1078
1008
1007
1006
1007
1036
1172
1067
1149
999
998
1005
1005
1005
1005
1019
1024
1028
1005
1006
1005
1006
1006
1126
1091
1040
1006
1030
1005
1006
1005
1029
1005
1006
1005
1029
1006
1028
1006
1114
1104
1012
1008
1007
1007
1031
1007
1046
1007
1006
1006
1006
1006
1006
1033
1155
1083
1021
1005
1005
1006
999
1072
1045
1031
1052
1028
1028
1028
1039
1028
1104
1043
1068
1007
1005
1056
1017
1051
998
998
998
998
1045
998
1033
999
1039
1084
1087
1007
1005
1005
1029
1005
1028
1006
1005
1016
1006
1006
1006
1006
1029
1114
1097
1012
1007
2754
1054
1041
1167
1275
1218
1050
1734
1050
2934
1087
1043
1038
1038
1042
1040
1353
1845
1060
1040
1049
1039
3100
1103
1096
1057
1039
1039
1038
1038
1037
1038
1041
1038
1037
1038
2236
1092
1043
1051
1037
1037
1038
1038
1037
1037
1037
1037
1038
1039
1045
1190
3715
1283
1049
1183
17210
1347
1054
1044
1039
1039
1039
1045
1398
1053
1040
1037
1037
1037
1037
1037
1037
1037
1037
1037
1038
1050
1037
1094
1083
1052
1042
1037
1037
1037
1037
1037
1037
1037
1042
1048
1037
1037
1106
1287
1058
1044
1037
1039
1037
1037
1037
1037
1037
1051
1037
1037
1212
1046
1039
1333
1125
1029
1029
1028
1028
1028
1029
1032
1029
1028
1029
1043
1011
1007
1321
1329
1139
999
999
1047
999
1002
999
999
999
998
1043
1014
1035
1010
1316
1114
1075
999
999
998
1071
1001
1030
998
998
1013
1009
998
998
1032
1068
1058
1078
1006
1017
1006
1005
1006
1005
1005
1005
1030
998
999
998
999
998
1105
1123
1052
999
1033
999
999
999
998
998
1028
999
1033
999
1033
998
1184
1114
1000
998
998
1033
998
1033
999
1074
1011
999
999
999
999
1036
1098
1134
1015
999
999
999
998
999
1038
1032
1029
1028
1028
1028
1039
1029
1099
1050
1026
1006
1005
1005
1029
1006
1005
1006
1006
1006
1017
1006
1006
1005
1005
1065
1075
999
998
999
1038
1008
1030
998
998
1010
998
998
997
998
1059
1123
1092
1010
1006
1031
1137
1018
1006
1014
977
976
976
976
976
976
976
1325
1056
1041
1101
1014
1008
1007
1010
1007
1007
1006
1006
1007
1007
1007
1007
1291
1092
1033
1006
1006
1039
1006
1029
1005
1007
1005
1005
1005
1005
1005
1029
1121
1097
1032
1006
1018
1006
1006
1005
1005
1028
1006
1029
1005
1005
1006
1005
1110
1047
1140
1000
1034
1047
999
999
999
999
999
999
1033
999
1034
999
1054
1148
1081
1008
1007
1006
1031
1008
1031
1007
1007
1007
1007
1006
1007
1007
1034
1354
1186
1039
1008
1007
1007
1007
1007
1032
1007
1031
1007
1007
1011
1007
1176
1067
1053
1039
1037
1037
1037
1037
1037
1038
1037
1037
1041
1037
1036
1050
1081
1085
1089
1007
1005
1005
1029
1005
1006
1006
1005
1017
1006
1005
1005
1044
1037
1099
1050
1039
1037
1037
1037
1038
1037
1041
1037
1037
1037
1037
1037
1037
1037
1088
1043
1030
1028
1029
1028
1028
1031
1038
1041
1028
1028
1029
1028
1028
1028
1109
1108
1000
999
999
1037
998
1033
999
999
998
999
1031
999
999
1034
1152
1076
1047
1007
1017
1005
1006
1006
1004
1005
1005
1005
1318
1051
1059
1029
1159
1034
1121
1000
1033
999
998
999
998
998
998
1054
1036
998
1033
999
1121
1129
1090
1062
1030
1030
1081
1029
1090
1056
1030
1028
1029
1028
1028
1032
1239
1115
1031
1028
1028
1028
1029
1028
1028
1033
1028
1028
1028
1038
1028
1028
1081
1091
1031
1029
1053
1028
1027
1028
1040
1063
1028
1031
1028
1028
1028
1028
1108
1065
1030
1028
1028
1028
1028
1028
1037
1032
1033
1029
1028
1028
1028
1029
1135
1070
1012
1007
1007
1007
1007
1036
1034
1007
1032
1007
1007
1007
1007
1007
1174
1102
1033
1028
1029
1028
1028
1052
1012
1035
1000
999
1032
999
1034
998
1139
1048
1083
1006
1006
1039
1038
1030
1028
1028
1028
1028
1028
1028
1028
1029
1101
1070
1077
977
987
976
1070
1001
999
1032
999
998
998
999
998
998
1011
1091
1176
1000
1033
1044
1004
1000
998
999
998
998
1033
999
1033
998
998
1194
1113
1000
999
1067
1035
998
1033
998
998
998
1000
998
998
998
1037
1184
1150
980
1041
977
977
977
977
1000
977
1002
977
976
980
975
977
1162
1097
1171
1031
1033
998
999
998
998
998
999
999
1045
999
1033
998
1010
1129
1120
1052
1035
1033
1034
998
1057
998
1001
998
998
998
998
1001
1030
1245
1127
985
977
976
976
977
976
1010
976
1001
976
976
976
976
975
1111
1079
1152
1008
1034
1025
999
1002
998
998
998
999
1033
999
1033
998
1091
1084
1083
1029
1052
1032
1029
1029
1028
1028
1028
1028
1028
1028
1028
1028
1068
1066
1087
1028
1031
1028
1028
1028
1028
1028
1028
1029
1028
1028
1028
1027
1160
1070
1100
1029
1028
1028
1029
1028
1028
1028
1028
1028
1028
1028
1028
1031
1087
1084
1100
1011
1007
1009
1008
1008
1007
1007
1007
1006
1007
1007
1072
1013
1147
1089
1105
1000
999
1000
998
998
999
1032
998
1033
998
999
1035
999
999
1103
1120
1021
1029
1006
1005
1005
1005
1006
1006
1005
1040
1031
1029
1006
1005
1106
1076
1011
1007
1006
1031
1007
1031
1007
1007
1011
1008
1012
1007
1008
1031
1147
1048
1047
1037
1036
1037
1038
1037
1048
1037
1037
1075
1080
1137
1108
1121
1156
1071
1052
1027
1005
1005
1016
1006
1005
1005
1028
1028
1005
1029
1006
1006
1109
1116
992
977
977
1006
978
1002
978
977
1087
1043
1052
1023
1006
1028
1076
1092
1113
978
988
976
976
976
976
998
1049
1034
999
998
998
999
998
1148
1101
1032
1000
976
1026
976
1027
1177
1022
1009
1031
1007
1030
1007
1007
1188
1117
983
978
978
1002
978
1002
1039
977
977
977
977
977
977
1005
1194
1060
1075
978
1071
1017
976
975
2710
1334
1151
1283
1155
1044
1813
1114
1020
1008
1007
1008
1042
1075
1010
1006
1006
1006
1019
1007
1034
1055
1084
1116
978
976
976
1016
1006
1005
1005
1005
1017
1006
1005
1006
1006
1005
1111
1154
981
976
976
1027
1009
1007
1031
1017
1006
1005
1006
1006
1005
1005
1127
1066
1055
1007
1006
1039
1010
1006
1009
1006
1006
1005
1005
1005
1006
1005
1075
1077
1099
1009
1032
1006
1017
1006
1005
1005
1006
1005
1006
1005
1006
1006
1006
1108
1050
1040
1035
1016
1006
1006
1005
998
999
998
999
1000
998
999
998
1166
1064
1104
1038
1057
998
999
998
998
998
998
1001
1030
1034
999
998
1143
1065
1148
1003
998
1033
998
1034
999
999
999
999
999
998
999
1033
1033
1121
1131
1013
1007
1007
1006
1007
1006
1008
1007
1007
1006
1006
1006
1011
1008
1384
1085
1037
1053
1055
1028
1028
1029
1029
1028
1028
1041
1028
1028
1028
1172
1094
1040
999
999
1033
998
999
999
998
998
1010
999
999
998
1033
1272
1282
1029
1008
1007
1006
1007
1007
1031
1011
1031
1007
1006
1007
1006
1063
1264
1046
1044
1028
1051
1028
1028
1032
1028
1028
1028
1028
1028
1028
1061
1002
1256
1138
1082
1030
1028
1028
1051
1041
1028
1028
1028
1027
1028
1030
1028
1028
1234
1114
1004
999
1010
999
999
998
1032
998
1033
999
998
1035
1028
1028
1104
1114
1042
1028
1028
1029
1028
1028
1028
1028
1027
1028
1030
1030
1030
1015
1093
1067
1064
1029
1028
1028
1029
1028
1028
1028
1028
1028
1016
998
998
1064
1268
1209
1052
1039
1039
1038
1038
1038
1041
1039
1039
1046
1040
1042
1038
1038
1296
1069
1031
1029
1028
1028
1029
1028
1029
1028
1031
1036
1003
1032
1001
999
1140
1156
1002
998
1032
998
1033
998
998
1028
1002
999
998
998
1031
999
1164
1140
1001
999
998
998
999
999
1032
1043
1034
1029
1028
1028
1028
1028
1102
1070
1008
1005
1005
1056
1005
1016
1029
1005
1005
1006
1005
1005
1005
1005
1048
1074
1097
1028
1029
1028
1032
1028
1044
1032
1061
1000
998
998
998
1033
1053
1109
1097
1008
1016
1005
1006
1029
1006
1005
1013
976
976
976
976
976
976
1105
1155
1026
1034
999
998
1075
1007
1000
999
999
1033
998
1033
998
999
1220
1037
1052
999
998
1033
1031
1033
998
998
999
998
998
998
998
1033
1131
1062
1107
999
999
1015
1197
1120
1090
999
1036
1028
1028
1028
1040
1028
1096
1074
1045
1028
1040
999
999
998
999
999
999
1033
1008
1034
999
998
1080
1075
1080
1008
1043
1038
1000
1034
999
998
999
1002
999
999
999
1034
998
1165
1091
1010
1187
1010
1054
1000
1032
1003
1033
999
999
999
999
999
998
1197
1093
1058
1033
1029
1028
1028
1031
1028
1028
1028
1029
1028
1028
1027
1051
1459
1160
1041
1009
1033
1025
1038
1072
1040
1007
1006
1007
1006
1006
1006
1186
1060
1067
1008
1012
1007
1007
1007
1007
1007
1007
1007
1006
1007
1007
1007
1007
1215
1065
1040
1029
1052
1028
1028
1028
1027
1027
1051
1028
1028
1028
1028
1043
1096
1088
1029
1028
1028
1028
1028
1028
1029
1028
1028
1028
1029
1028
1028
1039
1065
1055
1042
1040
1038
1038
1038
1038
1038
1039
1038
1038
1039
1042
1063
1045
1138
1075
1010
1006
1005
1006
1006
1007
1006
1005
1005
1006
1017
1006
1017
999
1151
1073
1067
1028
1028
1027
1028
1029
1028
1028
1039
1028
1028
1029
1028
1028
1503
1117
979
978
977
978
977
977
981
977
976
974
977
1057
1000
999
1191
1124
1002
999
999
999
999
1011
999
999
998
999
1046
1000
998
999
1133
1065
1100
999
999
1000
1009
999
999
999
999
999
1024
999
999
999
998
1156
1155
1000
1008
999
998
998
999
998
998
1015
1010
999
998
998
998
1143
1098
1016
1008
1007
1007
1008
1007
1006
1007
1057
1035
1064
1000
999
998
1121
1070
1087
1007
1005
1028
1005
1029
1005
1005
1032
987
998
999
1011
1033
1070
1083
1118
1028
1029
1028
1028
1028
1028
1029
1029
1028
1028
1028
1039
1029
1225
1300
1099
1034
999
1027
999
999
1030
999
998
1032
1010
1034
998
998
1195
1078
1044
977
976
998
976
1000
1028
998
999
1010
999
999
999
1033
999
1146
1120
1001
998
998
998
1023
1033
1002
1033
998
998
998
998
999
999
1163
1141
1002
1033
999
998
1026
1002
999
998
998
1033
999
1033
999
999
1134
1084
1031
1006
1005
1053
1067
1031
1052
1029
1028
1029
1028
1029
1029
1028
1085
1061
1046
1038
1042
1028
1027
1027
1028
1028
1027
1028
1028
1028
1028
1040
1105
1060
1102
1041
1028
1028
1028
1028
1028
1028
1028
1028
1028
1029
1028
1028
1106
1077
1046
1029
1028
1051
1028
1028
1029
1028
1028
1028
1028
1028
1029
1031
1120
1073
1060
1028
1028
1028
1028
1028
1028
1028
1028
1028
1029
1028
1031
1028
1105
1059
1053
1028
1028
1028
1028
1028
1030
1028
1028
1028
1031
1028
1028
1028
1089
1048
1077
1006
1006
1028
1006
1030
1005
1005
1005
1016
1006
1005
1005
1029
1007
1232
1206
1053
1000
999
999
998
1032
1003
1033
999
999
999
999
999
1026
1195
1100
1022
1006
1005
1056
1016
1006
1006
1005
1005
1005
1005
1005
1018
1017
1111
1173
1001
999
1032
1009
1033
999
998
999
999
998
998
999
1031
998
1141
1081
1053
999
1013
999
999
998
1032
998
1033
998
998
999
1160
1112
2408
1547
1416
1102
1140
1399
1011
1007
1030
1007
1066
1009
1006
1006
1377
1058
1014
978
999
976
1000
976
976
976
976
976
1033
976
1000
987
1158
1131
1049
1000
1017
1006
1005
1028
1005
1028
1005
1020
1039
1065
1008
1005
1127
1087
1059
976
976
976
976
977
976
976
976
1029
987
1001
976
976
1074
1057
1078
1006
1005
1029
1028
1005
1005
1005
1041
1006
1006
1006
1028
1005
1029
1100
1070
1007
1006
1004
1000
999
1032
1010
1048
1004
1000
999
998
998
998
1076
1111
1035
1029
1028
1028
1028
1031
1028
1029
1028
1041
1040
1028
1028
1028
1107
1065
1031
1028
1029
1032
1028
1028
1056
1029
1028
1028
1028
1028
1028
1028
1102
1048
1041
1049
1037
1037
1037
1037
1037
1037
1037
1037
1037
1037
1037
1036
1067
1094
1048
1030
1028
1052
1028
1032
1030
1052
1028
1052
1028
1028
1028
1028
1147
1055
1048
1039
1041
1039
1089
1032
1029
1028
1028
1028
1028
1028
1028
1032
1153
1053
1041
1037
1037
1050
1076
1028
1028
1028
1028
1028
1028
1039
1028
1028
1183
1097
1031
1039
1055
1092
1028
1028
1029
1028
1028
1039
1028
1028
1028
1028
1106
1070
1029
1029
1031
1029
1028
1028
1028
1028
1040
1028
1027
1052
1027
1027
1109
1110
1000
1025
998
999
998
1033
1002
1033
999
999
999
999
999
999
1118
1052
1075
1037
1006
1006
1006
1016
1006
1006
1006
1029
1006
1030
1006
1006
1089
1118
1141
1026
1031
1024
1032
998
998
999
999
998
999
999
1035
999
1185
1088
1132
1029
1011
999
999
999
1032
999
999
999
998
999
998
998
999
1473
1125
1035
999
998
999
998
998
999
998
1033
998
1034
999
999
998
1220
1088
1029
1028
1028
1052
1028
1028
1028
1029
1028
1028
1028
1028
1038
1040
1095
1065
1029
1028
1028
1028
1028
1028
1028
1028
1028
1029
1029
1039
1029
1029
1126
1130
1033
999
999
1047
999
999
998
999
1032
1009
1036
999
1025
999
1118
1100
1011
1007
1031
1007
1030
1007
1007
1007
1011
1007
1006
1006
1052
1011
1265
1057
1042
1039
1039
1038
1039
1040
1043
1040
1038
1038
1038
1068
1031
1029
1147
1099
1010
1007
1006
1006
1010
1006
1007
1006
1030
1007
1044
1053
1148
1064
1104
1100
1059
999
1032
1010
1033
999
999
998
998
999
1176
1191
1071
1034
1108
1102
1028
1011
999
999
999
1032
999
1033
998
1066
1031
1167
999
998
1215
1128
1035
998
999
999
998
999
999
999
1030
998
1033
999
999
998
1167
1144
1004
998
1033
998
1035
998
998
999
1030
999
999
999
1033
1010
1172
1083
1032
1006
1006
1005
1005
1028
1005
1032
1031
1030
1052
1040
1028
1029
1112
1078
1070
1035
1007
1007
1007
1007
1007
1043
1007
1031
1011
1031
1007
1006
1276
1198
1186
1047
1042
1043
1052
1066
1099
1007
1002
998
998
998
1032
998
1264
1019
1122
1000
999
998
999
1024
1009
1033
998
998
998
998
998
998
1130
1063
1074
1033
999
1047
999
1036
999
998
999
1034
998
1033
998
999
1051
1145
1127
1000
1032
1002
1032
998
999
999
998
998
999
999
1034
998
1033
1147
1090
1008
1016
1006
1029
1005
1028
1005
1029
1006
1006
1006
1005
1005
1006
1071
1177
1034
998
1115
1045
1039
1051
1028
1028
1028
1029
1028
1028
1028
1028
1194
1078
1047
1005
1033
1040
1040
1028
1028
1028
1028
1028
1028
1028
1040
1028
1442
1084
1011
1038
1006
1006
1007
1008
1007
1008
1007
1006
1012
1007
1006
1005
1290
1072
1048
1002
1000
999
998
998
998
998
1033
1002
1034
1000
998
999
1159
1145
1062
981
1002
978
1003
978
977
977
980
977
977
977
1002
977
1216
1042
1148
1033
1028
1028
1028
1028
1040
1028
1029
1028
1029
1028
1028
1028
1107
1079
1047
1029
1028
1028
1028
1032
1028
1027
1038
1041
1027
1028
1028
1028
1229
1158
1106
1035
1029
1032
1028
1028
1028
1028
1028
1029
1028
1040
1039
1027
1097
1030
1104
977
987
976
976
998
976
1000
977
976
976
976
976
1035
976
1149
1104
1036
1028
1028
1052
1028
1028
1028
1030
1028
1028
1028
1028
1028
1028
1100
1120
1030
1028
1028
1028
1028
1028
1028
1028
1028
1028
1028
1060
1042
1044
1207
1156
1036
1029
1040
1040
1028
1029
1028
1028
1028
1028
1030
1032
1028
1040
1131
1072
1009
1006
1006
1006
1006
1006
1005
1005
1005
1006
1041
1005
1005
1006
1105
1103
1013
1007
1009
1007
1008
1007
1008
1006
1010
1054
1040
1041
1033
1013
1254
1056
1094
1030
1028
1028
1028
1028
1028
1032
1028
1031
1028
1028
1028
1051
1523
1137
1010
978
977
978
977
981
977
977
1611
977
1002
977
978
1282
1030
1102
978
977
1002
982
1002
977
977
1143
1122
1392
1113
1554
1140
1231
1190
1047
1044
1038
1098
1029
1070
1048
1030
1007
1007
1006
1006
1006
1131
1045
1075
1028
1006
1006
1006
1006
1029
1005
1006
1029
1006
1030
1005
1006
1098
1073
1079
1007
1005
1028
1030
1029
1037
1037
1037
1037
1037
1037
1037
1036
1057
1050
1040
1038
1037
1037
1037
1102
1053
1043
1038
1038
1037
1049
1045
1028
1131
1052
1041
1038
1037
1037
1037
1028
1028
1028
1028
1028
1042
1028
1028
1028
1500
1094
1011
1070
1032
1037
1031
1007
1007
1007
1010
1007
1007
1006
1031
1007
1299
1085
1007
1006
1021
1088
1131
1401
1279
1323
1174
1047
1110
1046
1146
1059
1201
1047
1095
1043
1038
1043
1038
1039
1049
1009
1007
1008
1007
1007
1212
1170
1049
1034
1071
1018
1030
1005
1006
1006
1006
1005
1006
1005
1030
1005
1438
1110
1009
1033
1018
1005
1005
1005
1029
1028
1005
1005
1005
1006
1005
1006
1190
1071
1044
1039
1039
1022
1006
1006
1005
1005
1006
1028
1006
1029
1006
1005
1109
1088
1064
999
999
1032
998
1033
998
998
998
998
998
998
998
1033
1061
1953
1057
1022
1006
1006
1006
1028
1006
1005
1005
1005
1008
1018
1006
1005
1243
1205
1005
1033
998
998
999
999
999
999
999
1034
1002
1034
999
999
1289
1120
1002
999
1032
998
1033
999
999
999
1002
998
998
998
1034
1029
1102
1089
1042
999
999
999
998
999
1032
1002
1033
999
998
1000
999
1032
1195
1052
1068
1075
1074
1052
1056
1063
1006
1051
1005
1030
1005
1030
1038
1008
1029
1087
1104
1001
999
1033
1011
1034
999
998
999
999
999
999
1026
1033
998
1182
1133
1001
1010
999
999
998
1032
998
1033
999
998
1083
1003
999
999
1127
1079
1059
1006
1006
1006
1005
1005
1006
1006
1006
1006
1028
1005
1005
1006
1089
1094
1091
1011
1019
1010
1033
999
999
998
999
1034
999
998
1033
1002
1118
1047
1109
1001
999
999
998
999
1032
999
1034
1024
999
999
1003
999
999
1156
1133
1001
1033
998
998
998
998
998
998
1026
1033
1019
1046
998
998
1124
1100
1011
1007
1032
1007
1032
1007
1007
1085
1014
1031
1011
999
1032
999
1208
1053
1077
1006
1005
1005
1005
1005
1028
1068
1015
998
998
997
998
998
1073
1059
1103
1029
1028
1029
1029
1039
1029
1028
1028
1028
1028
1028
1028
1028
1196
1077
1058
998
1032
1008
1004
1026
998
998
999
999
998
998
1033
998
1073
1117
1144
1006
1003
1000
1022
998
1032
998
1033
998
999
998
999
999
998
1151
1171
1017
1044
999
1099
998
998
998
998
1032
999
1034
998
998
998
1181
1114
1001
999
1028
998
1034
998
998
998
998
999
998
999
1033
1007
1176
1134
1013
998
1041
1007
1007
1006
1029
1029
1005
1005
1005
1016
1005
1005
1106
1130
1099
1027
999
998
998
998
999
998
999
1031
1002
1030
999
999
1247
1345
1116
1014
1033
1000
1033
999
998
998
1002
999
999
998
1033
998
1239
1078
1086
999
998
999
999
999
1032
1009
1033
999
999
999
998
999
1022
1123
1182
1091
1063
1028
1028
1042
1028
1028
1028
1028
1028
1028
1028
1028
1082
1049
1064
1028
1028
1028
1062
1028
1028
1028
1028
1028
1028
1028
1028
1028
1046
1054
1066
1008
1011
1007
1007
1007
1037
1039
1039
1039
1038
1038
1038
1039
1063
1257
1100
1047
1039
1038
1038
1038
1038
1038
1038
1039
1038
1039
1038
1045
1178
1167
1054
1046
1044
1040
1041
1052
1081
1050
1039
1038
1038
1071
1031
1032
1131
1052
1044
1038
1037
1037
1037
1037
1037
1036
1042
1038
1037
1040
1038
1037
1094
1051
1044
1024
1006
1029
1005
1005
1005
1005
1005
1029
1033
1028
1006
1007
1129
1091
1019
1006
1028
1005
1029
1006
1005
1006
1009
1029
1006
1005
1027
1006
1161
1061
1072
999
998
998
998
998
1032
1002
1034
1024
999
999
1029
998
998
1156
1092
1008
1006
1006
1005
1016
1006
1006
1023
1105
1008
1078
999
998
999
1158
1102
1015
1007
1032
1012
1031
1007
1007
1159
1043
1039
1028
1028
1028
1028
1153
1096
1008
1017
1006
1005
1005
1005
1030
1005
1005
1005
1006
1005
1005
1006
1099
1149
989
1001
977
977
977
977
1039
977
977
1001
977
1002
977
977
1122
1077
1108
978
977
1001
977
1002
1108
1009
1006
1006
1006
1005
1029
1016
1006
1076
1069
1008
1006
1006
1006
1032
1028
1006
1006
1006
1006
1005
1009
1006
1006
1152
1112
996
976
976
976
1080
1009
1035
977
976
975
987
976
976
976
976
1145
1103
1013
1005
1006
1030
1005
1005
1005
1005
1017
1005
1005
1007
1006
1005
1099
1141
979
976
1034
976
976
976
987
976
976
976
976
976
975
976
975
1130
1112
980
1045
977
1098
981
977
977
977
977
977
977
977
977
976
1220
1112
992
1008
977
980
977
977
977
977
977
977
977
977
977
977
977
1213
1109
1002
989
976
976
976
998
976
1000
976
976
976
976
976
976
1008
1087
1186
1035
1007
1006
1005
1006
1006
1006
1006
1029
1006
1029
1005
1006
1005
1165
1172
1044
1039
1037
1037
1037
1038
1038
1037
1040
1038
1037
1037
1040
1098
1061
1046
1038
1038
1037
1037
1037
1037
1037
1037
1037
1037
1049
1037
1037
1574
1107
1017
1007
1006
1006
1006
1005
1005
1051
1006
1018
1006
1005
1006
1029
1171
1077
1010
1007
1009
1007
1007
1006
1006
1006
1011
1006
1007
1007
1052
1049
1131
1065
1056
1006
1005
1005
1005
1006
1017
1006
1005
1005
1006
1005
1029
1006
1103
1078
1031
1031
1007
1007
1006
1011
1007
1007
1007
1031
1007
1031
1031
977
1154
1053
1099
978
1001
982
1002
977
977
978
977
977
976
1050
1090
1041
1054
1210
1096
1008
1018
1006
1005
1005
1028
1005
1029
1006
1005
1030
1006
1006
1006
1122
1087
1099
977
976
998
1003
976
975
976
975
1000
1134
1010
1006
1006
1216
1044
1030
1006
1028
1006
1029
1005
1006
1005
1005
1031
1006
1005
1033
1010
1130
1066
1130
1000
999
998
998
998
1044
1013
1034
1086
1073
1103
1284
1163
1465
1060
1045
1064
1046
1040
1039
1039
1079
1011
1029
1017
1029
1006
1005
1003
1204
1110
1011
1032
1008
1032
1007
1037
1007
1011
1007
1007
1007
1030
1007
1031
1435
1062
1041
1037
1038
1037
1053
1047
1040
1029
1006
1006
1005
1005
1006
1006
1222
1088
1007
1006
1005
1005
1041
1006
1006
1005
1028
1005
1029
1005
1006
1005
1506
1089
1008
1032
1011
1046
1009
1007
1006
1007
1007
1007
1007
1032
1007
1162
1140
1064
1006
1016
1005
1006
1017
1017
1029
1005
1005
1005
1005
1005
1005
1005
1076
1123
1033
1006
1029
1006
1005
1005
1006
1005
1028
1006
1029
1006
1006
1006
1078
1047
1040
1037
1049
1010
1030
1006
1005
1006
1006
1006
1005
1005
1029
1016
1138
1069
1047
1049
1010
1007
1006
1029
1005
1029
1005
1005
1005
1008
1005
1006
1033
1156
1105
1047
1032
1058
1048
999
998
999
999
1033
1010
1033
998
998
998
1144
1176
1001
1033
998
1034
999
999
999
1010
999
998
999
1034
999
1033
1101
1150
1002
999
999
999
999
1032
1009
1033
999
998
998
998
998
998
1108
1055
1161
998
998
999
1002
998
998
998
1033
998
1033
998
998
999
1070
1080
1072
1008
1032
1011
1031
1007
1006
1007
1007
1007
1007
1007
1031
1007
1036
1193
1087
1029
1038
1039
1041
1028
1028
1028
1028
1028
1028
1028
1028
1030
1028
1094
1075
1035
1008
1007
1007
1007
1007
1007
1006
1031
1007
1032
1007
1047
1012
1106
1166
1003
1016
1014
1033
998
998
998
998
998
998
998
1027
1011
1033
1098
1051
1101
1029
1028
1029
1028
1029
1028
1028
1029
1028
1028
1041
1029
1028
1329
1215
1037
1007
1006
1006
1007
1006
1006
1006
1031
1011
1044
1009
1007
1007
1268
1072
1011
1006
1029
1029
1005
1005
1005
1016
1005
1072
999
1032
998
1033
1113
1124
1027
999
998
998
998
1032
1009
1034
999
1024
999
999
999
999
1125
1064
1100
1033
998
998
1046
1008
999
998
998
1052
1017
1014
998
998
998
1144
1088
1011
1032
1011
1031
1007
1007
1007
1109
1050
1043
1000
1033
999
1034
1162
1107
1061
1028
1028
1028
1028
1028
1159
1705
1038
1044
1028
1019
999
1381
1228
1040
1007
1007
1006
1006
1007
1036
1007
1030
1006
1033
1006
1006
1009
1274
1108
978
999
976
1001
977
1037
977
976
976
975
976
1000
986
1000
1142
1088
1018
976
976
976
976
1028
1005
1028
1005
1006
1005
1018
1006
1005
1022
1117
1082
1028
1005
1005
1005
1047
1056
1052
1027
1017
1030
1005
1005
1005
1005
1058
1067
1007
1028
1006
1058
1006
1006
1006
1016
1006
1005
1005
1029
1006
1030
1112
1101
1011
1008
1007
1045
1011
1053
1006
1033
1006
1005
1006
1006
1005
1005
1099
1047
1105
1008
1023
1037
1037
1048
1037
1037
1037
1037
1037
1037
1036
1037
1272
1250
1050
1066
1009
1065
1012
1094
1009
1006
1005
1006
1006
1029
1005
1029
1203
1060
1028
1030
1017
1005
1005
1040
975
1046
998
998
998
998
998
998
1144
1038
1166
1001
999
999
1046
999
998
998
1033
998
1033
998
999
999
1152
1063
1079
1000
1033
998
1035
998
1029
998
998
998
999
998
1033
998
1061
1139
1090
1008
1006
1006
1005
1028
1005
1030
1006
1005
1005
1005
1019
1006
1005
1127
1191
1071
1013
1007
1007
1007
1007
1007
1007
1031
1007
1035
1007
1006
1006
1291
1073
1031
1029
1029
1028
1028
1028
1028
1028
1040
1028
1028
1029
1028
1030
1439
1127
980
977
978
977
1003
978
1006
977
977
977
977
977
1057
1004
1196
1054
1049
1006
1006
1006
1006
1017
1006
1006
1029
1006
1030
1005
1029
1006
1108
1069
1045
1005
1028
1006
1040
1006
1005
1005
1005
1005
1005
1032
1026
1029
1029
1044
1066
1006
1016
1006
1006
1028
1005
1006
1006
1006
1005
1030
1005
1006
1005
1118
1098
1017
1005
999
999
999
999
998
1033
998
1027
1009
1007
1029
1006
1167
1072
1033
1028
1028
1028
1028
1028
1028
1028
1027
1124
1132
1069
1042
1105
1083
1076
1009
1005
1006
1006
1006
1006
1006
1005
1029
1029
1028
1040
1028
1039
1174
1161
998
998
998
1046
998
998
999
1008
1049
1048
998
999
998
998
1181
1112
1001
1033
999
1033
998
999
999
1061
1066
1006
1053
1060
1045
1039
1205
1118
1000
999
999
998
1031
999
1030
999
999
999
999
999
999
999
1135
1100
1031
1006
1006
1006
1006
1016
1029
1006
1028
1005
1029
1006
1005
1006
1085
1075
1073
1033
1008
1035
1007
1077
1032
1030
1041
999
999
1033
999
1033
1103
1069
1087
1007
1017
1006
1005
1029
1006
1005
1005
1005
1005
1005
1005
1006
1005
1154
1212
1003
999
999
1031
1000
998
999
1033
999
1034
999
998
998
999
1104
1125
1006
1033
999
1038
1004
1000
999
998
1000
998
998
1033
1032
1038
1184
1145
1002
998
1004
1121
1041
1157
1229
1242
1302
1331
1213
1082
999
1159
1198
1001
1019
1037
999
999
998
998
1033
998
1045
999
998
999
999
1131
1082
1058
1030
1028
1029
1028
1027
1028
1029
1041
1029
1097
1041
1134
1113
1133
1078
1069
1033
1030
1029
1028
1028
1039
1028
1028
1028
1028
1028
1028
1041
1185
1196
1109
1259
1121
1138
1101
1094
1120
1105
1097
1086
1087
1125
1263
1253
1094
1045
1039
1054
1043
1042
1041
1040
1043
1042
1043
1041
1041
1043
1344
1204
1097
1079
1076
1073
1066
1072
1069
1070
1070
1062
1063
1054
1061
3673
1908
1495
1153
1082
1276
1056
1044
1042
1046
1046
1046
1383
1203
1087
1071
1078
1074
1063
1061
1062
1069
1062
1070
1070
1070
1065
1752
1148
1051
1043
1044
1043
1042
1042
1042
1042
1042
1038
1046
1077
1048
1874
1071
1050
1039
1042
1043
1042
1042
1042
1042
1043
1053
1038
1043
1043
1311
1071
1085
1036
1035
1032
1011
1011
1013
1012
1022
1009
1011
1047
1012
1010
1337
1141
1157
1125
1127
1124
1103
1124
1126
1053
1123
1159
1229
1252
1504
1133
1066
1049
1043
1043
1043
1052
1043
1043
1039
1166
1112
1084
1084
1116
1128
1127
1092
1113
1097
1070
1126
1112
1111
1124
1104
1102
1109
1046
1085
1172
1227
1021
1016
1012
1011
1031
1010
1033
1011
1056
1052
1063
1045
1044
1039
1224
1144
1121
1113
1085
1166
1033
1102
1116
1042
1043
1041
1039
1040
1042
1524
1070
1045
1042
1043
1040
1043
1042
1041
1044
1039
1041
1041
1038
1047
1198
1072
1107
1050
1042
1041
1040
1042
1041
1038
1042
1042
1042
1045
1041
1042
1097
1060
1050
1042
1044
1043
1042
1043
1045
1043
1043
1052
1039
1042
1044
1042
1126
1062
1048
1043
1043
1042
1041
1039
1044
1042
1054
1044
1043
1043
1043
1039
1079
1064
1049
1044
1042
1041
1038
1038
1048
1037
1037
1037
1037
1037
1038
1037
1078
1053
1041
1038
1038
1065
1045
1040
1038
1038
1037
1037
1038
1037
1037
1037
1088
1050
1040
1037
1037
1050
1037
1038
1038
1046
1049
1039
1037
1037
1037
1037
1104
1084
1008
1018
1001
976
999
976
1001
976
975
977
976
976
976
976
1111
1031
1117
979
1071
1065
1077
1050
1071
1131
1071
1030
1005
1005
1006
1006
1140
1049
1071
1030
1005
1028
1005
1006
1010
1006
1006
1006
1006
1029
1005
1032
1097
1057
1076
1031
1005
1005
1005
1029
1029
1005
1005
1005
1005
1008
1005
1005
1030
1147
1109
1007
1006
1006
1039
998
999
999
1033
998
1043
999
999
998
999
1118
1257
1043
1077
1002
1030
998
998
998
1010
999
998
1032
998
1032
998
1138
1055
1073
1006
1006
1006
1028
1006
1040
1006
1005
1005
1005
1006
1006
1006
1122
1086
1032
1007
1006
1006
1006
1018
1006
1005
1006
1005
1005
1005
1005
1005
1074
1074
1105
1029
1028
1032
1028
1029
1027
1028
1028
1028
1028
1028
1028
1097
1078
1093
1070
1007
1016
1005
1005
1028
1005
1030
1005
1005
1005
1005
1017
1017
1028
1353
1175
1002
999
999
998
999
999
998
1033
999
1033
999
1093
1033
1193
1143
1139
1093
1001
1034
999
999
999
999
999
998
998
1026
1030
1042
1024
1134
1144
1003
1000
999
998
1032
998
1033
998
998
998
1108
999
998
1017
1467
1103
1015
1007
1007
1006
1007
1006
1006
1007
1007
1126
1003
999
999
998
1237
1056
1051
1038
1039
1050
1038
1097
1056
1017
1030
1027
1028
1028
1028
1093
1043
1088
1029
1041
1039
1028
1028
1039
1028
1029
1028
1028
1028
1028
1028
1063
1067
1085
1029
1029
1029
1060
1008
999
998
1031
998
1033
999
998
998
999
1130
1093
1034
1007
1035
1007
1007
1006
1037
1007
1007
1007
1030
1007
1032
1007
1176
1114
1004
1011
999
998
1032
998
1033
1029
1053
1036
1029
1028
1028
1061
1077
1053
1045
1038
1037
1037
1037
1037
1037
1037
1036
1038
1037
1036
1037
1228
1161
1111
1000
999
999
1030
998
999
998
998
998
998
998
998
1002
998
1210
1111
1000
998
1028
974
976
976
975
975
976
976
977
986
976
976
1107
1075
1033
975
1047
999
998
999
999
999
999
1020
999
998
998
998
1005
1188
1116
1052
999
999
999
999
999
998
1009
999
998
998
999
998
999
1112
1121
1076
1004
1000
999
999
999
1001
999
998
998
998
998
999
998
1170
1077
1062
1010
1024
976
987
976
976
976
999
975
976
975
976
976
976
1180
1092
1055
999
1010
998
998
999
999
998
998
998
998
999
999
999
1113
1124
1036
987
977
976
976
976
977
977
976
976
976
976
976
976
1024
1259
1124
999
977
977
977
1096
977
977
977
977
977
978
977
977
1042
1227
1112
995
978
977
978
977
978
977
977
978
977
977
977
977
1047
978
1242
1112
979
977
977
977
976
977
977
977
977
978
977
981
1035
977
1145
1053
1025
1007
1006
1006
1005
1005
1005
1028
1005
1032
1005
1029
1007
1009
1022
1127
1112
1001
976
1000
976
976
976
975
987
976
976
1035
976
999
976
1085
1061
1088
1009
1007
1006
1029
1006
1033
1005
1005
1006
1033
1006
1006
1006
1223
1017
1063
1006
1005
1007
1015
1006
1006
1028
1005
1029
1005
1006
1006
1005
1005
1136
1068
1031
1005
1039
1006
1005
1005
1005
1006
1029
1005
1028
1032
1029
1006
1096
1096
1010
1016
1005
1006
1028
1005
1029
1005
1039
1006
1005
1005
1005
1005
1087
1088
1030
1023
998
999
999
998
999
1037
1000
1033
999
999
999
998
1082
1088
1079
1030
1006
1029
1006
1006
1005
1039
1040
1045
1006
1028
1006
1040
1005
1122
1116
1030
1028
1028
1028
1028
1080
1036
999
999
998
1010
999
998
1033
1492
1096
1009
1006
1006
1104
1043
1029
1029
1028
1032
1028
1029
1028
1029
1215
1050
1099
1029
1029
1029
1022
999
998
998
1010
998
998
1033
998
1045
1031
1180
1092
1029
1028
2566
1261
1254
1246
1285
1085
1236
1041
1035
1536
1231
1023
1134
1012
1013
1007
1007
1054
1008
1031
1007
1007
1007
1007
1223
1151
1148
1006
1542
998
999
999
999
998
999
998
1033
999
1033
999
1583
1135
1041
1036
1031
1029
1028
1028
1028
1028
1028
1028
1028
1028
1028
1224
1079
1087
1008
1006
1006
1006
1006
1006
1029
1006
1029
1006
1006
1008
1006
1063
1105
1118
1034
999
1033
999
999
999
999
999
999
999
1033
999
1048
1000
1097
1173
1004
998
998
1032
998
1034
998
998
998
999
1003
999
998
1034
1134
1117
1035
1029
1028
1028
1027
1028
1028
1028
1028
1032
1028
1028
1028
1028
1195
1125
1035
1000
1034
999
999
998
998
1002
999
999
1034
998
1033
1028
1150
1083
1031
1006
1006
1006
1028
1006
1040
1006
1005
1006
1006
1005
1006
1030
1229
1095
1090
1028
1028
1028
1064
1028
1028
1027
1029
1028
1028
1028
1031
1028
1107
1077
1029
1005
1005
1016
1005
1005
1005
1005
1005
1007
1005
1016
1018
1005
1005
1374
1112
1004
999
999
1032
999
1032
1000
998
998
999
1023
998
998
1032
1120
1138
1001
999
998
998
998
998
998
1032
998
1046
1039
998
1017
1012
1160
1115
1035
999
1034
999
999
999
998
999
999
1026
1033
998
1037
999
1179
1133
1015
999
998
999
1033
998
1033
998
998
1031
998
1001
998
998
1162
1051
1073
1006
1006
1006
1006
1006
1005
1006
1065
1043
1031
1038
999
998
1011
1156
1101
1038
1008
1031
1007
1007
1007
1007
1036
1010
1006
1032
1018
1019
1006
1414
1074
1030
1029
1029
1028
1028
1028
1036
1028
1028
1028
1028
1028
1028
1227
1044
1121
1000
999
999
999
1009
1029
1032
999
1034
999
999
999
999
999
1151
1108
1034
999
1034
1008
999
1030
999
998
998
998
1032
998
1033
999
1167
1136
1001
1008
998
1032
1026
1033
998
998
999
999
998
998
998
1033
1104
1104
1018
1007
1007
1007
1096
1032
1029
1028
1028
1028
1028
1028
1028
1027
1164
1103
1009
1006
1005
1032
1008
1008
1029
1006
1006
1005
1006
1006
1005
1015
1091
1075
1103
1000
999
1033
1032
998
1033
999
999
998
999
998
1012
999
1033
1464
1096
1010
1038
1007
1006
1007
1007
1008
1007
1008
1010
1007
1007
1007
1008
1190
1107
1034
1026
1033
999
998
998
998
998
1009
998
1032
999
1057
998
1176
1111
1028
999
999
1033
999
1033
1008
998
999
999
999
998
999
1033
1149
1144
1040
1029
1028
1028
1028
1039
1052
1028
1028
1028
1028
1028
1028
1028
1067
1201
1109
1153
1142
1053
1097
1073
1074
1097
1070
1029
1029
1028
1028
1049
1132
1172
1173
1075
1028
1028
1028
1028
1027
1032
1028
1028
1028
1028
1028
1225
1056
1015
1078
1174
1073
1055
1042
1040
1055
1044
1076
1042
1037
1036
1037
1037
1037
1040
1037
1369
1080
1029
1028
1029
1028
1027
1027
1028
1028
1051
1028
1031
1030
1028
1183
1052
1100
1029
1029
1029
1053
1028
1028
1028
1028
1028
1041
1028
1029
1028
1099
1047
1050
1028
1028
1028
1028
1028
1028
1028
1039
1028
1029
1028
1028
1028
1081
1051
1062
1029
1028
1028
1029
1028
1028
1038
1028
1040
1038
1040
1033
1006
1054
1142
1071
1031
1027
1028
1028
1040
1028
1028
1028
1071
1032
1029
1029
1028
1081
1080
1112
1030
1029
1041
1028
1028
1028
1028
1030
1028
1028
1028
1030
998
1056
1056
1112
1001
1011
999
1031
999
1033
998
1046
1003
999
999
998
998
1043
1133
1094
1030
1028
1028
1029
1028
1029
1030
1028
1028
1028
1028
1028
1028
1028
1088
1092
1031
1028
1028
1029
1028
1028
1030
1051
1027
1028
1028
1042
1113
1031
1094
1047
1039
1037
1037
1037
1064
1031
1053
1029
1028
1028
1029
1039
1028
1027
1237
1108
1012
1007
1007
1040
1022
1007
1030
1007
1031
1010
1007
1007
1007
1006
1193
1117
1033
1028
1028
1041
1040
1028
1028
1041
1028
1028
1028
1028
1028
1028
1095
1114
1002
1000
1033
1033
999
1034
1011
999
999
999
999
999
998
1034
1152
1137
988
998
1048
998
1050
998
1032
998
1033
998
998
998
998
998
1093
1100
1087
1099
1033
1009
999
999
999
999
999
999
1035
999
1034
999
1053
1070
1091
1041
1010
1006
1030
1007
1033
1006
1006
1006
1006
1006
1006
1031
1007
1209
1168
1011
1030
1007
1005
1006
1009
1028
1006
1029
1005
1006
1006
1006
1006
1127
1098
1032
1028
1039
1041
1028
1028
1028
1028
1029
1028
1029
1028
1038
1029
1357
1122
1002
999
998
1032
999
1034
998
998
998
999
998
1002
998
1033
1283
1122
1013
1006
1005
1006
1005
1005
1028
1005
1028
1016
1005
1005
1006
1031
1153
1125
1038
999
1033
999
998
999
999
999
1009
999
1033
998
1033
1053
1139
1046
1122
1000
999
1031
998
1033
1012
999
998
998
998
998
1028
1033
1109
1051
1087
1010
1007
1007
1007
1011
1007
1008
1007
1007
1007
1007
1060
1042
1083
1192
1111
1033
1028
1032
1028
1028
1028
1029
1028
1028
1028
1060
1028
1028
1128
1080
1119
1040
1028
1028
1028
1028
1028
1028
1028
1030
1028
1027
1028
1028
1114
1042
1111
1000
999
999
999
1048
998
1032
998
1072
1032
1041
1039
1028
1052
1075
1087
1028
1029
1028
1029
1028
1028
1028
1028
1028
1028
1027
1028
1031
1064
1055
1073
1009
1007
1006
1009
1007
1007
1006
2821
1414
1321
1346
1526
1234
1225
1050
1040
1042
1040
1061
1042
1041
1044
1038
1038
1039
1039
1178
1113
1048
1038
1037
1037
1037
1037
1173
1055
1039
1037
1037
1037
1037
1037
1314
1064
1043
1037
1037
1038
1038
1049
1037
1036
1037
1037
1037
1037
1037
1037
1322
1057
1040
1037
1037
1038
1041
1037
1038
1037
1036
1037
1037
1037
1037
1215
1043
1056
1006
1030
1040
1006
1005
1005
1005
1006
1005
1029
1005
1030
1005
1038
1106
1084
1021
1018
1028
1006
1029
1005
1005
1005
1005
1006
1005
1005
1029
1005
1130
1074
1071
1008
1006
1006
1006
1005
1028
1005
1029
1006
1006
1005
1005
1006
1119
1103
1057
1031
1028
1051
1028
1027
1028
1028
1028
1028
1027
1028
1032
1028
1179
1170
1066
1002
999
1033
998
1034
998
999
998
998
998
1002
998
1034
1223
1049
1082
1007
1006
1006
1056
1006
1029
1006
1030
1017
1006
1006
1005
1030
1095
1119
1045
1028
1028
1028
1028
1028
1028
1028
1039
1039
1041
1030
1028
1028
1168
1092
1043
999
998
1032
998
1033
1009
998
998
998
998
1067
999
1033
1127
1066
1103
998
998
998
998
1001
998
1032
999
1045
999
1118
999
999
1010
1190
1140
1001
1033
1003
999
999
998
999
998
998
1036
1000
1033
999
998
1138
1094
1009
1017
1006
1028
1005
1029
1005
1005
1005
1031
1053
1049
1032
998
1163
1071
1094
999
998
998
998
998
1032
998
1025
998
999
998
999
999
1318
1282
1013
1009
1007
1007
1007
1006
1007
1075
1009
1008
1007
1008
1011
1007
1284
1102
1033
1028
1027
1028
1027
1028
1029
1029
1028
1052
1038
1028
1028
1028
1106
1068
1032
1029
1028
1028
1028
1028
1030
1028
1028
1031
1028
1028
1028
1028
1107
1071
1014
1007
1009
1006
1006
1024
1018
1010
1006
1007
1007
1007
1007
1007
1173
1079
1068
998
998
1032
999
1025
1009
999
999
999
998
998
998
1033
999
1167
1110
979
976
976
976
1118
1013
1055
1006
1029
1006
1006
1007
1005
1006
1234
1129
1006
999
1002
1045
1044
1054
1064
1338
1047
1046
1042
1009
1006
1269
1356
1077
1043
1045
1048
1039
1038
1038
1040
1042
1038
1037
1037
1037
1066
1058
1059
1011
1022
1040
1039
1040
1038
1039
1041
1039
1038
1038
1037
1037
1072
1075
1056
1013
1079
1011
1046
1028
1016
1011
1041
1008
1132
1144
1020
1007
1190
1042
1043
1030
1006
1028
1006
1029
1006
1005
1005
1005
1005
1009
1005
1029
1077
1074
1080
1033
1005
1006
1005
1005
1028
1006
1029
1016
1006
1005
1005
1005
1006
1173
1186
1053
1039
1037
1037
1037
1037
1037
1040
1037
1037
1036
1038
1037
1152
1072
1120
1031
1007
1006
1005
1005
1017
1005
1006
1005
1005
1006
1005
1005
1065
1161
1081
1010
1006
1005
1005
1017
1006
1028
1005
1005
1005
1005
1005
1005
1032
1115
1185
1057
1049
1041
1061
1056
1072
1065
1028
1028
1028
1029
1096
998
998
1180
1116
1012
999
1032
999
1034
998
998
998
998
998
1026
998
1032
999
1156
1151
1004
998
998
998
1077
998
1031
999
1031
999
1055
999
998
998
1130
1059
1022
1028
1006
1006
1005
1005
1005
1006
1005
1044
1043
1040
1060
1029
1163
1058
1080
1000
999
1033
999
1033
998
998
999
1024
999
1011
999
1033
1223
1244
1088
1008
1007
1007
1007
1006
1032
1007
1044
1013
1007
1006
1006
1007
1284
1100
1024
1030
1007
1006
1006
1006
1007
1080
1002
1034
999
1033
998
999
1130
1074
1123
999
999
1032
998
1033
1002
1024
998
998
998
998
999
1032
998
1178
1156
1000
998
998
1001
998
1016
1028
1033
999
998
998
998
998
999
1137
1096
1008
1029
1016
1006
1006
1029
1007
1041
1000
1032
999
1033
998
998
1212
1055
1083
1016
1019
1018
1060
1036
1008
1007
1007
1007
1007
1007
1009
1007
1347
1155
1037
1029
1028
1028
1033
1002
1033
999
1032
999
998
998
998
998
1224
1072
1011
1006
1006
1029
1005
1006
1006
1006
1005
1006
1006
1005
1016
1006
1058
1041
1042
1007
1006
1030
1005
1028
1006
1006
1006
1006
1006
1009
1006
1030
1005
1144
1088
1010
1005
1032
1005
1029
1028
1006
1029
1009
1005
1005
1005
1006
1006
1134
1096
1008
1029
1005
1006
1005
1005
1006
1016
1005
1028
1006
1029
1006
1006
1107
1093
1025
1118
1009
1065
998
1053
998
998
998
998
998
998
1032
998
1096
1104
1125
1013
1008
1007
1011
1008
1031
1007
1032
1007
1006
1007
1007
1007
1275
1212
1080
1034
1041
1029
1028
1028
1029
1028
1028
1028
1028
1028
1028
1028
1222
1093
1029
1018
1006
1030
1006
1005
1005
1005
1005
1007
1005
1006
1028
1005
1107
1100
1126
1000
999
999
999
998
1033
998
1033
999
998
999
998
998
1038
1106
1205
1007
1033
999
998
998
998
998
998
998
1033
998
1032
1001
1042
1206
1117
1001
999
1033
998
1033
999
999
998
998
999
1002
999
1041
1033
1123
1101
1051
1029
1028
1028
1028
1028
1028
1028
1062
1028
1028
1029
1028
1028
1125
1081
1031
1031
1007
1007
1007
1007
1006
1010
1007
1031
1007
1071
1009
1007
1338
1185
1019
999
1032
999
1033
1002
999
998
998
999
1029
999
1033
999
1156
1021
1106
1000
998
998
1002
1050
1033
998
1033
999
1052
998
998
998
1103
1050
1146
1034
1002
998
998
999
999
998
998
1029
999
1033
999
999
999
1143
1105
1004
999
1032
998
1034
999
998
999
1086
1079
1214
1306
1335
1438
1375
1181
1070
1032
1030
1106
1078
1126
1032
1030
1028
1028
1028
1023
1147
1086
1075
1008
1007
1007
1007
1006
1007
1037
1007
1007
1006
1006
1007
1010
1165
1108
1067
1028
1028
1028
1028
1028
1066
998
998
999
999
1011
999
999
1087
1034
1123
999
999
999
999
999
1026
998
999
999
1002
999
999
999
998
1139
1136
1002
999
998
998
998
1032
998
998
1009
999
998
999
998
998
1206
1110
1012
998
999
999
1040
1011
1002
998
998
1000
998
998
999
998
1085
1081
1125
1001
999
999
1025
1009
999
999
998
999
998
999
998
998
999
1109
1112
1034
1028
1032
1052
1044
1029
1028
1028
1028
1028
1028
1028
1028
1028
1196
1071
1040
1097
1029
1028
1029
1028
1029
1028
1028
1028
1039
1040
1028
1028
1465
1167
1042
1029
1028
1028
1078
1028
1052
1028
1027
1028
1028
1028
1028
1134
1081
1070
1028
1028
1028
1028
1028
1028
1028
1028
1028
1028
1028
1028
1032
1120
1067
1042
1029
1029
1028
1028
1029
1028
1028
1028
1028
1028
1041
1028
1028
1118
1081
1048
1029
1028
1029
1028
1028
1028
1038
1040
1039
1027
1028
1028
1031
1074
1090
1025
1006
1006
1006
1006
1006
1006
1005
1016
1005
1005
1005
1006
1029
1007
1277
1093
1010
1006
1006
1007
1006
1007
1011
1008
1007
1006
1006
1025
1018
1006
1227
1110
1001
999
999
998
1010
1005
1005
1006
1005
1005
1005
1028
1005
1005
1091
1081
1027
1006
1006
1017
1006
1006
1005
1006
1005
1006
1044
1039
1037
1067
1047
1045
1038
1050
1038
1037
1037
1037
1037
1037
1037
1113
1009
1007
1006
1087
1062
1093
1007
1006
1006
1005
1005
996
999
998
998
1028
999
999
999
998
1087
1096
1034
1028
1038
1040
1028
1028
1028
1028
1029
1028
1027
1028
1040
1028
1083
1067
1008
1005
1006
1005
1006
1006
1005
1005
1038
1033
1054
1033
1028
1028
1135
1020
1068
1005
1005
1005
1005
1056
1005
1030
1006
1020
1006
1005
1005
1005
1200
1212
1061
999
999
999
999
999
999
1029
1002
999
999
999
998
999
1171
1041
1130
999
998
998
998
998
1015
1022
999
997
998
998
998
998
997
1178
1115
1001
999
998
999
1009
1056
999
998
998
998
998
999
998
999
1154
1056
1086
999
999
1002
999
1090
1000
998
998
999
999
999
999
999
1108
1065
1087
1019
1006
1008
1169
1009
1006
1006
1006
1006
1006
1006
1005
1005
1018
1078
1090
1001
998
999
1039
1032
1054
1031
1029
1028
1029
1028
1028
1027
1027
1131
1074
1010
1006
1033
1058
1028
1028
1028
1028
1029
1028
1028
1028
1040
1028
1479
1112
1089
1142
1137
1056
998
998
998
998
998
998
1002
998
998
1219
1019
1104
1040
999
998
998
998
998
998
998
1009
998
998
998
998
1014
1175
1087
1066
1054
1029
1067
1037
1101
1049
1013
1033
999
1033
998
998
1095
1095
1104
1030
1029
1028
1028
1028
1032
1028
1028
1028
1028
1027
1028
1028
1044
1196
1051
1009
1007
1007
1007
1134
1007
1008
1006
1006
1006
1006
1006
1006
1033
1119
1055
1058
1029
1039
1028
1029
1028
1028
1028
1028
1028
1028
1028
1029
1029
1129
1081
984
982
1002
977
1002
977
977
977
977
977
977
977
1002
1043
1180
1145
1056
999
1000
999
998
1030
999
1032
999
999
999
998
1028
976
1084
1155
1102
1034
999
999
999
998
998
999
998
1033
998
1129
1004
1003
1012
1481
1120
979
1002
978
1003
977
977
977
977
977
1069
1005
1034
999
1033
1215
1109
1001
999
999
999
999
1033
998
1033
999
1040
999
999
998
998
1171
1116
1035
999
998
998
998
998
998
1009
1020
1029
1031
1019
999
999
1117
1111
1052
998
1033
998
1033
998
1011
999
1027
998
998
999
1034
998
1267
1254
1089
978
978
978
981
1002
978
1050
979
978
977
977
978
977
1137
1167
1102
1034
999
1010
998
999
999
1045
999
1032
999
1034
998
998
998
1143
1156
1003
1033
998
1033
998
1023
998
998
998
998
998
1033
999
1033
1174
1124
1001
999
999
999
1023
1049
998
1034
999
998
998
999
998
999
1134
1104
1012
1008
1007
1007
1006
1039
1006
1006
1007
1006
1007
1007
1010
1007
1173
1041
1096
999
1032
1055
1031
1008
1037
998
999
998
999
1010
1033
999
1058
1204
1100
1014
1045
1051
1008
1031
1008
1031
1007
1010
1007
1007
1007
1007
1116
1350
1108
1034
1028
998
998
998
998
999
1003
1033
998
1033
998
998
1010
1201
1127
1027
1032
998
1034
999
1009
999
998
998
998
998
1032
999
1033
1128
1111
1041
999
999
998
1011
1033
998
1033
999
999
999
998
999
999
1135
1134
1051
999
1002
998
998
998
998
999
1033
998
1033
1034
999
999
1144
1069
1106
1012
1033
999
1034
998
998
998
999
999
998
999
1034
999
1062
1162
1075
1056
1029
1029
1028
1028
