435
299
291
322
268
656
343
514
347
356
272
289
258
255
255
254
256
255
255
254
257
255
254
254
257
255
254
254
256
254
254
256
255
255
254
256
255
254
254
257
254
254
255
256
255
254
254
269
254
255
254
322
263
258
255
258
255
255
257
255
255
255
257
255
255
255
753
630
297
259
317
298
256
255
257
255
254
255
257
255
254
255
257
254
254
255
257
255
254
254
256
254
255
256
255
254
255
256
255
254
254
268
255
254
254
257
255
254
254
308
254
254
255
257
255
254
254
257
255
255
255
256
254
254
256
255
282
384
293
355
348
283
269
373
344
255
254
255
256
254
255
254
256
254
255
256
254
255
254
256
254
255
255
257
254
255
254
294
254
255
255
257
254
255
254
256
255
255
254
345
268
256
282
255
255
256
280
255
255
255
281
255
255
256
281
256
255
279
317
315
286
288
291
318
278
255
255
255
283
254
254
254
279
254
255
268
255
254
254
280
255
254
254
292
255
255
254
279
254
255
255
279
255
254
266
268
255
254
282
282
255
254
280
254
255
255
279
254
255
254
279
255
254
267
266
254
255
279
254
254
267
376
266
258
283
293
300
257
281
255
255
256
281
255
255
266
269
255
255
293
255
256
256
280
255
255
256
281
256
256
255
280
255
255
268
267
255
255
293
266
256
256
281
256
255
255
281
255
255
255
280
256
256
280
255
255
256
281
255
255
255
280
256
321
338
265
256
294
280
256
255
255
259
255
255
255
268
256
255
257
255
255
256
259
256
256
255
258
255
255
255
259
256
255
256
258
255
255
255
264
255
255
256
260
256
256
256
258
255
255
256
257
371
256
258
255
255
255
258
255
255
256
339
284
266
259
437
324
285
256
280
333
302
256
256
257
255
255
256
258
255
255
255
258
256
255
255
257
255
256
255
257
256
256
255
257
256
256
255
310
255
255
280
256
256
255
281
256
279
255
257
255
255
256
257
255
256
255
257
255
256
255
257
256
255
257
256
256
256
406
417
264
265
257
256
404
258
255
256
258
255
255
255
259
256
255
255
259
256
255
255
258
255
255
255
258
255
255
256
337
256
255
259
254
254
254
257
254
255
255
257
255
254
254
257
255
255
255
257
255
254
254
256
255
255
255
267
255
255
255
254
254
441
321
332
271
295
343
257
257
254
254
255
256
254
254
255
257
254
254
255
256
254
255
254
309
255
255
254
256
255
254
254
286
255
254
257
254
254
254
256
254
254
254
257
254
255
255
256
255
254
254
268
254
254
255
257
254
255
254
256
255
254
254
257
459
292
291
263
337
279
255
255
254
280
254
255
255
279
255
255
279
255
254
255
296
327
255
255
280
254
254
266
269
254
254
279
254
255
255
279
254
255
255
279
255
254
255
291
255
255
255
279
254
254
279
255
255
255
279
254
254
255
279
255
255
279
360
280
258
262
307
283
255
259
255
255
255
258
255
255
316
271
255
256
260
255
256
256
259
256
255
255
259
256
256
255
258
255
255
256
258
256
256
266
256
255
255
258
255
256
255
258
255
255
255
259
255
256
256
259
256
255
255
259
256
256
256
258
256
403
355
260
255
306
287
256
255
285
278
255
254
306
279
287
288
307
307
286
353
255
300
280
255
254
254
279
254
255
254
290
254
254
279
254
254
255
279
254
254
255
279
254
254
255
279
254
255
255
279
254
255
266
267
255
255
279
254
254
255
279
323
303
275
264
264
265
357
257
255
255
258
255
256
255
258
255
255
257
255
255
256
258
255
255
256
268
256
256
255
258
255
256
255
258
255
256
255
258
255
256
256
258
255
255
256
259
256
255
255
258
255
255
257
255
256
256
258
255
255
255
259
256
314
256
464
279
270
302
284
342
315
265
264
264
290
266
297
337
278
278
330
300
277
301
279
310
255
302
366
346
368
254
254
255
257
254
255
254
256
254
254
255
257
254
254
255
257
255
254
255
255
255
254
257
254
255
254
257
254
254
254
257
255
254
469
396
274
273
264
264
322
261
255
256
256
269
255
255
256
258
256
255
255
325
276
267
259
256
255
255
259
255
255
255
260
255
255
255
260
255
255
255
258
255
255
255
257
255
255
258
256
255
255
258
255
255
255
259
255
255
255
259
255
255
255
330
332
334
355
287
258
377
314
256
255
258
255
256
257
256
255
255
257
255
255
256
258
255
256
255
257
256
255
255
257
256
255
255
257
255
255
256
258
255
256
255
258
256
255
255
257
256
255
255
257
255
256
256
255
255
256
258
256
256
255
311
256
255
255
385
347
260
282
279
332
260
255
255
255
257
255
255
255
256
254
254
255
257
255
255
255
257
255
254
259
256
255
259
255
254
255
258
255
254
254
258
255
254
254
258
255
255
254
258
254
255
254
257
254
254
290
299
254
254
258
255
254
254
258
418
261
285
257
280
322
260
256
255
255
257
255
256
257
255
255
255
257
255
255
255
258
255
256
256
257
256
255
255
257
255
255
256
257
255
256
256
257
256
256
255
257
256
255
255
257
256
255
255
291
255
255
302
271
255
255
257
255
255
256
258
255
255
379
318
260
256
306
332
257
258
255
255
256
258
256
256
256
257
255
256
256
257
255
255
256
260
255
255
255
257
256
256
256
257
256
255
255
257
255
255
257
255
255
256
269
256
256
255
258
256
256
255
281
256
256
256
258
256
255
255
258
256
256
255
257
418
330
265
256
257
359
258
256
256
257
255
256
255
257
256
255
255
257
256
255
255
258
255
256
255
258
255
255
257
255
255
255
258
255
255
256
268
256
255
255
257
255
255
255
257
255
255
256
328
255
256
269
267
256
256
280
256
279
255
257
255
256
255
269
502
344
261
259
256
284
332
257
255
257
256
255
255
258
255
255
255
257
256
255
256
256
255
255
257
255
255
256
269
255
256
255
286
256
255
255
257
256
255
255
257
256
255
255
318
255
255
257
256
255
255
258
255
255
256
257
255
255
256
257
255
255
371
340
343
318
258
319
295
259
255
255
256
258
255
255
256
257
255
255
255
257
256
256
267
257
255
255
258
255
255
255
258
255
255
256
257
255
256
255
257
255
256
256
313
255
256
255
257
256
256
256
256
255
256
257
255
256
256
257
255
256
255
257
256
329
345
281
264
266
328
257
255
254
259
254
255
254
258
255
254
254
268
255
255
258
254
254
255
258
254
254
255
257
254
254
255
257
254
254
255
257
254
254
255
322
255
254
255
257
255
254
256
255
254
255
257
254
254
255
257
254
254
255
258
255
255
254
257
340
319
294
265
292
321
281
255
255
255
290
255
255
280
256
255
255
280
255
255
255
280
255
255
255
280
256
256
256
279
255
255
280
256
255
255
313
256
255
255
280
255
256
255
280
255
256
279
255
255
256
280
255
255
255
280
255
256
255
280
256
256
434
311
259
256
328
295
256
259
255
255
256
258
256
255
255
257
255
255
255
258
256
255
255
258
255
256
255
256
255
255
256
256
255
255
301
382
255
255
257
255
255
255
257
256
255
257
255
256
255
257
256
256
255
257
255
256
256
257
255
256
256
265
256
328
335
275
264
312
326
256
256
279
255
256
255
280
256
255
255
280
255
255
256
280
255
256
255
280
255
256
268
266
256
255
293
267
255
255
280
255
255
256
280
255
255
255
280
255
255
279
255
256
255
279
256
255
255
293
255
255
256
280
255
256
256
455
303
271
264
288
326
283
256
255
255
281
255
255
256
279
255
255
279
255
255
256
281
255
256
256
279
255
256
255
314
256
256
281
288
257
256
281
256
279
255
280
256
255
255
280
256
255
290
256
255
255
281
255
255
255
281
255
255
255
280
255
255
308
320
293
268
292
264
290
351
256
256
255
280
256
255
255
281
255
255
255
280
256
255
280
256
255
255
308
256
255
255
280
255
255
255
280
256
255
266
269
255
255
290
255
255
256
280
255
256
255
280
256
255
255
280
255
255
267
269
255
255
280
256
282
359
356
297
266
315
296
256
279
255
255
255
279
256
255
255
280
256
255
255
280
256
255
255
313
256
255
279
255
255
256
280
255
256
255
290
256
255
255
281
255
255
267
269
255
255
280
255
255
256
279
255
255
255
280
255
255
256
280
256
255
255
291
420
280
269
263
288
297
255
254
255
257
255
254
254
257
255
254
254
258
254
255
254
288
255
255
256
255
255
255
267
255
255
254
258
254
255
254
258
254
254
254
257
254
254
255
257
254
254
254
258
302
255
254
257
254
254
256
255
255
254
257
254
254
254
340
305
269
265
318
296
256
280
256
255
255
280
256
256
256
281
255
255
266
298
255
255
291
256
255
255
280
256
255
256
280
256
256
255
279
255
256
280
256
255
255
281
255
255
255
280
256
256
255
280
256
256
256
280
255
256
280
255
255
255
280
256
401
342
260
257
269
322
258
256
255
257
256
255
256
256
256
256
310
268
256
255
257
256
255
255
258
255
255
256
258
255
256
256
257
255
255
256
286
255
255
257
255
255
255
258
255
255
255
259
255
255
256
257
255
256
255
257
255
256
255
257
255
255
255
258
351
330
277
264
325
311
256
256
255
317
256
256
255
280
255
255
256
280
256
255
278
255
255
255
280
255
255
256
280
255
256
255
314
255
256
255
279
255
256
280
255
256
256
280
255
256
255
286
256
255
258
255
254
255
258
254
255
254
257
254
281
384
261
261
257
325
385
274
260
256
255
255
260
255
277
254
258
255
254
254
257
255
254
256
255
254
254
258
255
254
254
258
255
254
254
258
254
254
254
257
254
254
255
258
254
254
254
258
254
254
255
258
255
254
254
258
255
254
254
257
255
254
266
256
446
456
269
261
257
260
344
270
258
255
255
256
257
255
256
255
257
256
255
255
258
255
255
255
258
255
255
255
257
255
255
255
257
255
255
257
255
255
255
258
255
255
256
257
255
255
256
257
255
256
255
257
256
255
255
271
256
255
255
257
255
256
255
414
321
436
331
351
301
286
289
255
257
254
255
256
256
255
254
256
255
255
255
258
254
255
255
257
254
256
254
257
255
256
254
256
255
255
256
257
254
254
255
258
255
255
254
257
254
256
254
269
256
254
255
255
255
255
257
254
255
255
314
342
300
450
262
257
259
318
295
256
258
256
255
255
258
256
255
255
258
255
255
255
259
255
255
255
257
255
255
256
256
255
255
257
255
256
255
257
256
256
255
258
255
255
255
268
256
255
255
258
255
255
256
258
255
255
256
257
255
256
255
331
258
256
260
383
409
262
256
257
342
271
256
255
256
254
254
255
257
254
254
255
257
254
254
254
257
254
254
254
257
255
255
254
256
254
255
255
258
255
255
255
267
255
254
254
256
254
254
255
255
255
254
256
255
255
255
257
254
255
255
336
258
255
255
259
256
255
255
420
341
259
263
255
279
366
256
254
255
258
255
254
254
257
254
254
254
257
254
255
255
256
254
254
255
255
254
254
267
254
254
255
285
254
254
254
256
254
255
255
256
254
255
254
256
255
255
254
257
255
255
254
315
254
255
256
254
254
255
257
254
254
319
320
262
257
284
334
257
255
258
256
255
255
262
255
256
255
257
255
255
256
258
255
255
256
267
256
255
258
256
256
255
257
255
256
255
257
256
255
255
258
256
255
255
257
255
255
255
258
255
255
256
437
261
256
282
256
256
256
281
256
255
255
258
473
389
262
257
257
348
270
256
257
255
256
256
257
255
256
255
269
255
255
256
258
255
256
256
257
256
256
255
258
256
255
255
258
256
255
255
257
255
255
256
256
255
255
258
255
255
256
295
317
255
256
259
255
256
256
257
255
256
256
257
255
255
257
429
291
295
311
303
389
293
256
255
269
255
256
255
258
255
255
255
258
256
255
255
258
255
255
255
258
255
256
256
257
255
255
256
256
255
255
257
255
256
255
257
255
256
256
314
255
256
256
280
255
256
256
257
255
255
257
256
255
255
258
255
255
356
381
263
257
265
315
294
256
258
255
254
254
257
254
254
256
255
254
254
257
254
254
255
258
254
254
254
258
255
254
254
257
255
254
254
258
255
255
254
257
254
254
255
316
254
254
257
255
255
254
258
255
254
254
257
254
255
254
257
254
255
254
264
255
368
328
267
263
290
298
255
254
254
280
254
255
255
279
255
255
280
255
254
254
279
255
255
254
278
255
255
254
279
254
255
255
279
255
255
279
254
254
255
330
266
254
255
280
255
254
254
279
254
254
267
267
254
254
290
254
255
255
280
254
254
254
347
338
261
260
281
332
257
257
255
256
256
255
256
255
257
256
255
255
257
255
255
256
257
255
256
255
257
256
255
255
257
256
255
255
287
255
255
256
281
255
255
258
255
255
256
257
255
256
255
270
256
255
255
258
255
255
255
258
255
255
255
258
255
255
322
331
269
264
295
293
256
255
279
254
254
280
254
255
254
279
254
255
254
279
254
255
254
279
255
255
254
279
254
254
266
267
254
255
295
271
254
254
280
254
254
304
388
326
254
280
255
254
254
279
255
254
278
254
255
255
278
254
255
254
279
255
345
292
261
259
256
309
308
257
255
257
255
256
255
257
256
255
256
256
255
255
257
255
256
256
257
256
255
255
258
255
256
255
310
256
256
256
292
256
255
266
270
279
255
257
256
256
255
257
255
255
256
257
255
256
255
257
256
256
255
257
255
255
255
346
396
342
261
258
256
322
295
256
255
258
255
255
255
287
256
255
257
255
255
255
258
255
255
256
257
255
256
255
295
255
256
255
258
255
255
255
258
255
255
256
257
255
255
256
257
255
255
257
255
255
255
258
255
256
256
257
255
255
256
257
256
255
355
355
340
317
259
318
297
259
255
255
256
257
255
255
256
258
255
255
256
257
255
255
256
267
255
255
268
267
255
255
257
255
255
256
258
255
255
256
257
255
256
255
257
255
255
255
258
255
256
255
257
256
256
255
257
255
256
255
257
255
256
256
255
307
409
291
265
316
257
281
254
254
279
255
254
254
291
254
255
255
279
254
254
255
305
255
254
255
278
254
254
280
254
254
254
279
255
254
254
280
254
255
254
279
255
254
254
280
254
254
267
266
255
254
279
254
254
254
279
254
254
255
292
377
260
283
256
279
313
282
255
254
276
266
254
255
279
254
255
254
279
255
255
254
280
254
254
255
279
254
254
255
278
254
254
312
254
254
254
280
254
254
255
279
254
255
254
279
254
255
265
268
254
255
278
254
255
254
279
255
254
254
279
255
254
323
344
281
265
290
349
269
281
255
255
256
280
255
255
255
280
256
256
255
309
255
257
280
255
255
256
280
255
256
255
280
255
255
255
280
255
256
256
280
256
256
281
255
255
255
280
257
256
255
280
255
255
255
282
257
256
256
280
255
255
285
255
418
315
273
264
275
345
256
255
254
280
255
255
278
254
255
255
297
335
267
254
279
255
255
268
266
254
255
279
255
254
254
279
255
255
254
279
254
254
254
279
255
255
255
279
254
254
279
255
255
255
279
254
255
255
291
254
254
255
279
254
254
255
305
376
262
261
257
331
285
256
255
255
300
293
256
256
281
257
256
255
280
278
256
258
256
255
255
257
256
255
255
258
256
256
255
257
256
255
255
257
256
256
255
257
255
255
256
258
255
255
255
269
280
255
257
255
256
255
257
256
256
255
257
255
255
255
506
326
261
261
256
270
328
258
256
255
257
255
256
256
257
255
255
256
257
255
256
256
258
255
255
256
258
256
256
257
255
255
255
257
255
255
256
257
255
255
255
271
256
255
255
257
256
255
255
258
256
256
255
257
256
256
255
257
256
255
255
257
255
428
321
348
274
386
337
258
259
256
255
255
258
255
255
256
258
255
255
255
258
256
255
255
257
255
255
256
256
256
255
257
255
256
255
268
256
255
255
257
256
256
255
257
255
256
256
257
255
256
256
258
255
255
255
258
256
255
255
257
256
255
256
268
401
262
316
256
318
320
255
254
255
257
254
254
255
257
254
254
255
257
255
254
254
257
255
254
256
255
254
254
268
254
254
255
286
254
254
255
256
254
254
255
257
254
254
255
257
254
254
255
256
254
255
254
257
254
255
254
256
254
255
255
254
255
254
1326
445
355
437
427
443
413
391
378
377
399
380
383
390
311
288
303
341
302
288
275
299
275
272
272
298
299
294
296
277
271
270
270
274
271
271
271
274
271
271
280
262
263
263
266
263
263
263
307
262
386
357
305
279
280
274
329
265
267
263
262
265
262
262
263
271
262
262
262
266
262
262
262
266
263
262
264
263
269
255
257
254
254
255
257
254
254
255
257
254
254
255
258
254
254
254
258
255
255
254
257
254
254
255
257
255
254
254
313
263
262
266
553
439
420
400
392
273
256
292
255
255
256
281
256
255
255
280
255
256
256
280
255
256
280
255
255
255
280
255
255
255
280
255
255
255
279
255
255
255
276
263
263
289
274
281
263
265
263
264
263
265
264
263
265
315
275
286
275
272
273
279
448
323
297
289
290
326
273
264
264
264
266
263
263
264
266
263
263
265
264
263
274
281
256
256
256
280
256
256
255
280
256
255
268
267
256
256
281
255
255
256
280
255
256
256
280
256
256
255
384
257
255
258
255
255
255
262
255
267
497
314
272
295
266
328
316
284
257
330
310
329
256
266
269
256
257
280
256
256
258
475
269
264
267
264
263
263
266
263
263
264
265
263
263
265
263
263
303
306
263
304
278
266
265
266
290
264
263
264
278
264
264
280
288
285
276
295
644
486
360
288
400
316
305
283
254
254
279
255
254
254
280
254
255
254
279
254
255
254
279
254
255
254
279
254
254
266
268
255
254
279
254
254
255
279
254
254
255
279
254
255
255
322
254
254
279
255
254
254
279
254
254
254
280
254
254
255
411
351
338
298
268
326
321
255
254
257
256
254
254
257
254
255
255
257
254
255
255
258
254
254
255
258
255
254
254
258
254
254
254
258
254
254
255
258
254
254
254
268
255
254
254
287
255
255
258
254
255
255
257
254
254
254
258
255
254
254
258
254
254
426
293
330
299
274
350
283
259
255
254
255
260
255
255
254
258
254
254
255
258
254
254
255
257
255
254
256
255
254
255
258
254
254
254
271
256
254
255
258
255
254
254
333
257
256
255
259
255
255
256
257
256
255
257
255
256
256
257
255
256
256
257
390
376
300
257
256
319
296
255
255
257
254
255
254
256
254
255
255
257
254
254
254
257
254
254
254
256
255
255
254
268
255
255
254
256
254
255
255
257
255
255
254
299
255
255
257
254
254
254
256
255
278
254
256
255
254
257
255
255
258
254
254
255
379
315
261
284
269
343
258
258
256
255
255
257
255
255
257
256
255
255
258
255
255
256
270
255
255
255
258
256
255
255
257
256
256
256
257
255
255
256
311
255
255
257
256
256
255
257
256
255
255
258
255
255
255
258
255
256
256
257
255
256
255
257
256
283
435
351
259
257
280
333
256
258
255
256
255
257
255
256
255
268
256
256
256
258
255
255
255
257
256
256
256
255
255
256
257
255
255
256
298
266
256
256
258
255
255
255
258
256
255
255
257
256
256
255
257
256
256
256
257
255
255
257
255
255
255
257
255
471
359
352
278
262
292
322
256
271
255
255
255
258
254
255
255
257
254
255
257
255
255
254
257
254
254
255
258
255
255
254
320
256
254
254
259
254
254
255
258
254
254
255
257
255
254
254
257
254
254
257
254
255
254
257
254
255
254
257
254
254
255
382
344
262
285
255
329
281
258
254
254
255
257
255
254
256
255
254
254
257
254
254
254
257
255
254
254
257
254
254
254
313
254
254
254
257
254
254
254
257
255
254
254
256
255
254
255
255
254
255
256
254
255
255
256
255
255
254
256
255
255
254
265
255
254
445
295
259
258
368
281
256
257
256
256
256
258
256
255
255
259
256
256
255
257
255
256
255
257
256
256
256
469
354
259
255
255
255
257
255
256
256
258
255
255
255
257
256
256
255
257
256
256
256
257
255
256
256
269
256
256
256
257
255
255
256
256
356
314
263
256
281
336
256
255
256
257
255
256
255
257
255
255
255
257
255
256
255
257
256
255
255
346
278
256
257
255
256
255
257
256
255
255
258
256
255
255
258
255
255
255
258
255
255
255
268
255
256
256
255
255
255
258
255
255
256
257
255
256
255
437
408
261
283
279
332
260
255
255
255
258
255
255
255
257
255
255
254
257
254
254
254
313
255
255
257
254
254
255
256
255
255
254
257
254
255
255
257
255
254
254
267
255
255
255
257
254
254
255
258
255
255
255
257
255
255
255
257
254
255
254
256
255
321
325
284
348
291
334
294
256
257
255
254
255
256
255
254
256
254
255
254
286
285
255
255
280
255
256
255
280
255
255
254
256
255
254
254
269
255
254
257
254
255
254
257
254
254
255
257
255
254
255
257
254
254
255
257
254
254
254
257
254
254
255
257
369
392
284
260
259
261
292
326
303
279
273
272
277
274
273
272
503
278
272
277
271
271
275
273
272
273
284
271
273
275
294
275
275
328
375
490
258
256
278
928
336
297
281
261
285
258
258
257
283
260
261
285
258
255
255
380
364
323
334
265
259
259
317
305
264
261
258
255
255
316
255
255
286
256
255
255
270
256
256
255
258
256
255
255
258
255
255
256
257
256
255
255
257
256
255
256
256
255
255
257
255
255
256
257
256
255
255
257
255
255
256
258
255
256
255
257
256
255
408
337
278
264
269
285
294
260
255
254
254
314
309
288
270
273
365
262
267
262
262
262
265
262
262
265
262
269
255
258
255
255
255
257
254
254
254
257
254
254
254
258
254
254
255
258
255
255
255
257
255
255
255
257
254
254
256
255
255
255
257
254
354
372
272
265
265
327
311
256
255
317
255
255
280
255
255
256
280
255
255
255
280
256
256
255
280
255
255
266
269
255
255
280
255
256
255
280
256
255
255
280
255
255
256
280
256
255
255
279
256
315
281
255
255
256
280
255
255
256
280
255
255
256
524
283
303
326
287
384
334
256
256
282
256
255
279
256
256
256
280
255
255
256
281
256
256
256
280
255
256
256
280
255
255
267
268
256
255
280
255
256
255
280
255
256
255
280
255
256
256
280
255
256
256
279
255
255
280
256
255
255
291
255
255
519
284
267
264
362
334
258
259
255
255
255
257
255
254
254
256
254
254
256
255
255
255
257
254
254
255
257
254
255
255
257
254
254
254
257
254
254
254
256
254
254
254
257
255
254
254
257
255
254
254
256
255
254
254
268
254
254
257
255
255
254
256
255
349
341
337
272
266
373
276
257
281
256
256
256
258
255
256
256
258
255
255
255
257
255
255
255
258
255
255
255
258
256
255
255
287
255
255
256
256
256
255
257
255
256
256
257
255
256
256
268
255
255
255
257
256
256
255
257
256
256
255
257
255
256
256
534
701
601
428
258
292
325
257
255
255
258
256
255
255
257
256
256
256
258
255
255
255
257
256
256
255
257
255
255
256
256
255
255
257
255
256
256
268
255
255
256
258
256
255
255
257
255
255
255
259
256
256
256
258
255
255
255
287
256
256
500
345
323
277
257
297
274
255
254
254
258
254
254
255
258
255
255
254
257
254
254
255
258
255
258
255
255
259
255
254
254
269
255
255
255
257
254
254
255
257
254
255
254
257
254
255
254
257
254
254
254
257
255
254
309
280
254
254
257
254
379
325
261
257
258
349
270
255
255
257
256
255
256
256
256
255
257
255
256
255
257
255
256
255
257
255
256
255
270
255
255
255
258
255
255
256
258
255
255
255
257
255
256
255
257
255
255
255
258
256
255
256
256
255
255
286
285
255
255
257
255
255
256
344
350
260
283
257
354
260
255
256
256
257
255
255
256
258
255
255
256
258
255
255
255
268
256
256
256
257
255
255
256
258
256
256
255
258
256
256
255
257
255
255
257
255
255
255
258
255
255
255
257
256
255
255
315
256
256
255
257
255
255
256
258
256
256
418
296
266
265
363
271
256
281
255
255
255
280
256
256
256
291
256
255
280
255
256
256
280
255
255
256
280
255
255
255
280
255
255
255
280
255
255
280
256
256
256
280
255
256
256
279
255
256
256
399
293
358
394
263
263
327
282
257
279
255
370
302
273
265
288
308
308
257
256
269
256
255
256
258
255
255
257
255
256
256
257
255
255
255
258
256
255
256
258
256
256
255
287
256
256
257
259
256
255
255
257
255
255
257
257
256
256
283
285
255
256
281
257
258
255
283
256
279
256
257
256
256
256
407
416
277
259
258
257
323
294
256
257
256
255
255
258
255
256
256
258
255
255
255
259
256
255
255
257
255
256
256
257
255
255
256
258
256
255
255
259
255
256
255
256
286
370
314
256
256
255
257
256
256
256
256
256
256
257
255
256
256
266
255
255
316
361
330
329
263
293
321
260
255
255
255
258
255
255
255
257
255
255
255
258
255
255
256
258
255
255
256
257
255
255
255
257
255
255
256
256
255
255
257
255
255
255
301
267
255
255
257
256
255
255
257
255
255
255
269
255
255
255
257
255
255
255
257
283
389
298
265
264
304
282
256
255
258
254
254
255
257
254
254
254
257
255
254
254
257
255
254
254
257
254
254
257
254
254
254
258
254
255
255
258
254
255
254
317
266
254
254
258
254
255
255
268
255
280
280
254
254
255
258
255
255
254
257
254
255
255
258
341
319
294
264
291
295
282
256
256
255
280
256
256
279
255
256
256
280
255
255
255
280
256
256
256
279
255
256
256
280
255
255
268
266
256
256
323
255
256
256
290
256
255
255
280
255
256
268
267
255
256
280
255
255
255
280
256
255
255
280
256
256
488
290
259
257
308
308
257
258
255
255
256
258
256
255
255
258
256
256
256
257
255
255
256
257
256
255
255
256
255
255
285
281
255
256
291
255
255
256
280
255
256
256
281
255
255
278
256
255
255
279
256
256
255
280
255
255
256
281
255
255
256
281
256
430
290
268
266
324
328
258
255
258
255
255
255
258
255
254
254
257
255
255
257
255
255
254
257
254
255
254
367
348
269
290
263
266
264
267
265
295
256
281
257
256
280
256
346
552
446
287
289
262
336
313
349
275
311
272
271
271
275
1662
468
273
264
266
264
264
263
284
274
283
289
265
265
264
303
295
264
264
288
275
275
276
273
272
273
275
272
273
279
276
277
275
278
273
272
272
275
272
272
275
274
276
281
290
264
263
263
265
263
264
266
264
293
291
772
531
318
273
339
319
259
256
281
257
256
284
256
256
255
281
255
255
256
354
297
282
293
265
264
265
290
288
280
331
294
307
284
279
282
302
325
277
277
306
267
289
315
292
264
264
289
266
264
264
289
264
263
265
290
264
3263
425
386
366
362
347
305
344
281
272
276
297
275
293
292
275
1149
365
496
307
303
369
354
12468
3396
351
307
621
517
288
289
389
294
304
274
272
294
311
271
270
346
280
280
553
408
459
353
347
361
330
315
312
302
299
490
285
274
276
274
271
273
274
271
272
275
272
272
271
274
271
272
273
271
272
276
274
271
300
279
281
292
279
282
275
273
273
322
296
379
305
282
283
282
279
278
278
281
275
574
303
450
333
292
292
291
280
278
277
288
276
275
277
275
274
276
279
274
274
273
277
273
272
277
271
272
272
277
271
271
271
276
270
271
274
270
270
270
274
271
271
270
278
271
271
274
270
270
270
274
270
270
271
274
270
270
274
297
327
281
277
273
272
454
312
278
275
350
274
275
273
273
273
274
272
272
271
274
271
271
273
272
271
271
274
272
272
271
273
271
272
272
271
272
272
277
272
271
271
273
271
271
272
272
271
271
273
272
271
284
286
272
272
274
271
272
272
448
339
279
404
278
400
285
280
279
283
278
277
276
277
275
276
277
274
273
273
276
272
272
273
272
272
272
273
272
272
271
277
272
272
273
271
271
272
267
263
266
262
262
262
265
262
262
262
266
262
262
263
266
262
262
263
316
264
345
314
320
312
309
299
353
288
278
275
275
277
273
272
272
271
270
269
271
268
267
268
269
267
266
279
266
265
264
267
264
264
264
266
264
263
263
267
264
264
264
265
264
263
265
263
263
263
266
263
263
263
266
263
263
263
289
263
263
265
274
351
295
299
283
273
277
275
273
271
276
271
271
275
270
270
271
275
271
271
270
274
271
270
278
270
270
270
275
270
270
270
274
271
270
274
271
271
270
274
271
271
271
273
270
271
275
271
270
270
274
271
270
270
319
275
273
276
272
272
271
473
302
284
277
271
272
279
272
271
271
274
270
271
270
273
270
271
278
270
270
271
274
271
270
270
273
270
270
274
270
270
271
274
271
270
270
274
270
270
274
270
270
271
274
270
270
271
273
270
271
299
277
272
272
275
272
272
272
272
271
489
302
360
290
275
272
276
277
271
270
270
279
271
270
273
270
270
270
273
271
270
270
275
271
270
273
271
270
270
276
270
271
270
275
270
271
273
271
270
270
274
271
270
270
274
270
270
283
271
270
271
274
270
271
271
274
271
271
274
272
478
309
283
277
280
299
276
271
274
272
271
272
274
272
272
273
273
273
271
274
271
271
272
274
271
272
272
274
271
271
275
271
271
272
274
273
272
271
273
271
271
274
272
271
271
320
298
276
276
272
273
272
275
272
273
272
274
272
272
399
380
283
279
271
272
291
281
272
271
274
271
271
271
275
271
370
303
277
274
274
277
273
281
277
273
273
272
277
274
273
271
274
271
271
274
271
271
271
274
272
285
359
279
271
270
275
271
270
272
271
271
270
285
272
272
270
274
270
290
312
284
286
284
268
266
266
265
264
263
263
265
263
263
264
266
263
263
263
266
264
263
263
265
264
264
265
263
263
274
277
263
263
263
265
263
263
263
265
263
263
277
275
264
263
265
263
263
263
278
263
263
264
265
263
263
265
263
263
263
265
274
352
270
266
264
288
299
264
264
263
265
263
264
263
265
263
263
265
263
263
263
266
263
263
264
265
263
263
264
265
263
263
264
265
263
264
265
263
264
263
290
263
263
263
277
263
263
265
264
264
263
265
263
263
263
265
264
263
263
265
263
263
263
292
307
267
268
265
267
264
265
262
262
262
265
263
262
263
262
263
262
264
262
262
263
265
262
262
262
264
263
262
262
264
262
262
264
263
263
262
311
301
274
262
265
263
262
264
262
263
262
264
262
262
263
265
262
262
262
266
262
263
263
264
262
276
342
270
265
265
305
282
256
280
255
255
255
280
256
255
255
280
255
255
256
280
255
255
255
281
256
255
279
255
256
256
292
255
255
256
308
255
255
256
281
255
255
267
269
255
255
280
255
255
255
280
256
255
255
280
256
255
255
280
256
255
255
279
322
302
270
264
265
347
256
254
254
279
254
255
255
280
254
254
254
280
254
254
255
279
254
254
266
277
255
255
279
254
255
254
309
255
254
254
280
255
254
254
279
254
254
278
255
254
254
280
254
254
254
280
255
254
254
279
254
254
254
279
254
254
255
383
281
269
270
264
305
309
256
255
255
280
256
255
255
280
256
255
255
293
256
255
268
266
255
255
280
255
256
255
288
351
287
266
263
264
263
266
264
286
268
280
256
255
255
280
255
256
279
255
256
255
280
255
256
255
280
255
256
255
280
256
256
364
335
268
263
267
310
269
281
254
254
254
291
255
254
254
279
255
255
254
279
254
255
254
279
254
255
281
303
255
255
279
254
254
255
279
254
254
255
279
254
254
278
255
254
254
280
255
254
254
342
254
254
255
279
254
254
268
266
254
255
279
254
345
288
303
292
265
277
266
262
262
266
262
262
263
265
262
263
266
262
262
262
265
262
263
263
302
263
262
262
266
262
262
265
262
262
262
266
262
263
263
265
262
262
263
266
262
262
262
264
262
262
265
262
263
263
266
263
263
263
265
263
262
262
317
321
269
269
263
265
265
267
262
262
263
265
263
262
265
262
263
262
265
262
262
262
305
262
262
262
265
262
262
265
262
262
262
266
263
262
262
266
262
262
262
266
262
262
263
265
262
262
265
263
262
262
266
262
262
262
275
263
263
262
265
262
262
315
272
268
265
305
283
264
265
263
263
263
265
263
263
263
266
263
263
263
330
274
263
265
263
263
263
264
263
264
263
264
264
263
263
266
263
263
265
263
263
263
265
263
263
263
266
263
263
263
277
263
263
265
264
263
263
266
263
263
263
265
263
289
311
262
256
291
278
256
255
255
256
254
254
255
257
254
254
254
346
397
295
304
468
375
358
380
394
358
344
317
323
271
275
271
271
286
271
271
271
275
271
270
272
272
271
282
304
283
264
264
266
263
263
264
377
407
281
271
272
266
329
316
258
258
256
256
256
299
267
255
256
260
255
256
256
258
255
255
256
257
255
255
256
257
255
256
256
256
256
256
270
255
256
255
258
255
256
255
298
264
264
265
267
264
264
264
265
274
256
258
255
255
256
258
255
255
268
479
303
377
333
259
331
430
270
254
258
254
255
254
258
254
254
254
317
266
254
257
255
254
255
257
330
254
254
269
255
254
254
321
265
254
259
255
255
255
260
329
285
255
259
255
255
257
318
266
255
259
255
256
257
331
293
285
259
256
594
776
404
306
276
277
348
299
256
260
255
255
255
281
302
254
254
255
255
255
269
333
255
255
258
255
255
255
298
294
255
257
254
255
255
258
334
255
255
258
254
255
254
298
294
255
257
255
254
254
257
333
254
255
258
254
254
254
280
492
297
320
300
284
307
363
271
260
256
256
256
288
292
256
255
269
255
255
257
315
255
256
258
256
256
255
257
312
256
255
259
255
255
255
303
267
255
258
255
256
256
258
312
255
255
258
256
255
256
303
268
255
257
256
256
256
258
313
256
515
351
324
355
347
304
277
255
310
254
318
305
254
257
254
254
254
256
356
255
254
257
255
255
255
334
279
255
279
254
255
254
282
331
254
256
254
255
254
257
358
255
255
257
255
254
254
321
291
254
257
254
255
255
257
358
254
254
392
375
337
395
354
274
319
291
255
303
279
254
258
254
254
254
257
328
254
255
296
292
254
258
255
255
255
258
255
255
255
258
330
255
255
257
255
255
255
309
278
255
258
255
255
255
258
329
255
255
258
255
254
254
309
277
254
325
342
256
256
374
317
291
341
274
282
338
328
256
258
255
255
255
257
256
255
255
257
256
256
256
257
255
256
256
257
255
255
256
258
255
255
256
257
255
255
255
257
256
255
257
256
256
255
257
255
256
256
258
255
255
255
258
256
256
256
324
255
255
256
258
256
256
362
346
303
341
260
320
295
258
255
255
256
255
255
255
259
255
254
254
257
254
254
254
258
254
255
254
257
254
254
254
256
255
254
254
258
255
254
255
258
255
254
254
256
254
254
255
257
254
254
254
267
278
255
297
290
257
256
260
256
256
255
259
278
404
388
263
259
259
256
330
281
258
255
255
254
257
254
254
255
256
255
255
255
255
255
254
257
254
254
254
256
255
255
255
257
254
254
255
257
254
254
254
256
255
255
255
268
255
254
255
258
255
255
255
299
255
254
256
255
255
255
257
254
255
254
257
323
325
382
301
258
320
296
255
255
257
255
255
255
257
254
255
254
257
255
254
254
257
255
255
255
257
255
254
254
257
254
254
255
258
255
254
254
267
254
255
256
256
254
254
256
255
255
254
296
266
254
254
256
255
255
254
256
255
255
255
257
255
255
254
463
293
267
269
291
294
282
255
255
255
280
256
256
256
281
255
255
255
279
256
256
280
255
256
255
280
255
256
256
328
256
256
256
280
256
256
279
255
256
256
281
255
255
255
309
256
256
256
281
255
255
255
280
255
255
280
255
255
255
280
255
280
382
261
256
256
334
282
255
255
257
255
255
254
258
255
254
254
256
254
254
256
254
254
254
268
255
254
254
257
255
255
255
260
255
255
254
256
255
255
255
257
254
254
254
337
272
256
281
256
256
255
280
256
256
255
279
256
256
256
280
255
255
255
291
393
262
260
256
317
297
255
254
254
256
254
255
255
256
254
254
254
267
254
254
254
257
255
255
255
257
254
254
255
256
255
254
254
256
255
255
256
255
255
255
293
417
256
258
254
255
254
258
254
255
254
258
254
254
254
257
255
255
255
257
255
255
255
353
311
258
281
280
331
257
259
255
254
254
266
254
254
256
255
255
254
256
254
255
255
257
255
254
254
256
255
255
254
256
254
255
254
257
254
254
254
392
301
256
282
256
255
256
280
255
256
256
280
255
255
279
256
256
255
280
255
255
255
279
256
268
390
261
257
257
333
292
256
254
257
254
255
254
256
255
255
256
254
254
254
257
255
255
254
256
254
255
254
257
254
254
254
256
255
255
254
311
255
255
255
257
255
255
255
257
278
255
257
254
254
254
257
254
254
254
257
254
254
254
257
255
255
254
264
345
413
326
257
256
307
307
256
255
257
254
254
254
257
254
254
254
256
255
255
254
256
254
254
254
257
255
254
254
256
254
254
268
315
256
256
282
256
256
256
281
255
255
279
255
255
256
279
256
255
255
280
256
256
256
291
255
255
255
280
255
255
394
315
350
400
304
256
254
256
254
255
255
256
255
255
255
256
254
255
254
257
254
255
255
256
254
255
255
285
254
254
254
257
254
254
254
257
255
254
254
256
255
254
254
256
254
254
267
254
255
255
257
254
254
254
257
254
254
254
257
254
254
430
289
259
256
283
413
278
283
256
256
256
280
255
255
255
281
256
256
255
279
255
255
280
256
256
256
307
312
254
254
258
255
255
255
255
254
254
256
254
255
255
267
255
255
254
257
255
255
254
256
254
254
255
257
255
255
254
256
254
254
255
257
371
349
332
265
263
317
269
255
255
258
255
255
254
258
255
255
254
257
255
255
254
258
254
254
254
304
255
255
258
255
255
255
258
255
255
255
267
254
255
255
258
255
255
255
258
255
254
255
258
254
254
254
257
254
254
254
257
254
254
256
254
255
255
270
344
293
291
291
319
270
303
257
256
256
281
256
255
256
280
255
255
279
256
256
256
297
298
256
255
281
256
256
267
279
256
255
280
256
256
256
280
255
255
255
280
256
256
256
280
256
256
267
269
316
256
280
256
256
255
280
256
255
255
280
255
424
352
263
255
282
316
297
256
258
255
254
254
257
254
254
255
256
255
255
270
254
255
255
268
255
255
255
257
255
254
254
256
255
254
254
256
255
255
255
257
255
255
254
257
254
254
254
255
255
255
255
257
255
255
256
255
254
254
256
255
255
255
257
254
401
314
258
256
317
299
256
255
255
257
255
255
254
256
254
254
255
412
268
263
267
263
263
265
263
263
271
258
254
255
255
258
254
255
255
259
255
254
255
258
255
254
254
258
255
254
254
257
255
255
254
258
255
255
255
257
255
254
257
254
255
255
269
373
342
273
266
266
322
282
256
256
255
290
256
256
268
271
255
256
280
255
255
255
280
255
255
255
280
256
255
255
314
256
256
280
255
255
255
280
256
256
256
280
255
256
256
281
255
255
255
280
256
256
279
255
256
255
280
255
256
255
280
255
256
459
332
340
274
291
319
256
258
255
255
254
311
255
255
257
254
254
254
257
255
254
255
256
255
255
255
256
254
255
255
257
255
254
254
257
254
255
255
257
255
254
254
256
254
254
254
256
255
255
255
255
255
254
257
254
254
254
257
254
254
254
265
255
381
340
271
264
265
325
257
255
255
292
255
255
258
254
255
255
258
255
255
255
257
255
255
255
257
254
255
254
258
254
254
254
257
255
254
254
257
255
254
254
258
255
255
254
257
255
255
257
254
255
254
257
255
254
254
268
255
254
254
257
255
255
255
270
360
292
294
265
264
304
367
267
254
259
254
254
254
258
255
255
254
257
254
254
254
258
255
255
255
257
254
254
255
258
255
255
255
256
255
255
256
254
254
254
258
255
255
254
257
255
254
255
268
254
254
254
258
254
255
255
258
255
254
254
258
254
254
322
351
267
256
344
291
256
259
254
255
255
257
254
254
254
258
254
255
254
257
255
254
254
257
254
254
254
258
255
255
254
257
255
254
254
258
254
254
254
258
254
254
255
266
255
254
257
254
255
255
257
254
254
254
258
254
254
254
258
255
254
255
257
255
322
368
318
269
327
321
261
257
281
257
256
279
258
255
255
255
257
256
256
256
257
256
255
255
257
256
256
257
255
255
255
257
255
256
255
270
256
256
256
258
255
256
256
258
255
256
256
257
255
255
255
257
256
256
255
257
256
255
255
257
256
256
268
461
420
268
261
257
257
324
270
256
258
255
255
255
258
255
255
255
258
255
255
255
257
255
255
255
257
256
255
255
291
255
255
256
256
256
256
257
255
255
256
258
255
256
255
257
256
255
255
257
255
255
255
258
256
256
255
373
308
289
272
256
255
327
344
307
296
269
312
276
258
254
255
255
256
255
255
254
257
255
254
254
256
254
254
254
269
255
254
255
258
255
254
255
256
255
255
255
255
254
254
256
255
255
255
257
254
254
254
257
254
254
255
256
254
255
254
280
255
255
254
256
254
254
255
257
255
414
277
258
256
293
302
256
255
256
254
254
254
257
255
255
254
267
255
254
254
256
255
255
254
257
254
255
255
257
254
254
254
256
255
255
255
256
255
254
254
256
254
254
255
255
254
255
257
255
254
254
285
279
255
254
257
254
254
254
257
255
255
254
268
367
263
263
257
296
274
259
255
255
255
268
256
256
256
257
256
256
256
256
256
255
257
256
256
255
257
256
256
256
257
255
256
256
257
256
256
256
257
256
255
256
258
256
256
256
258
256
256
255
280
255
322
259
255
255
255
257
255
256
256
257
255
255
423
329
260
255
291
331
257
258
254
254
254
257
254
254
254
257
255
255
255
258
258
256
255
259
255
255
255
258
255
255
255
258
254
254
254
258
255
255
254
257
255
255
254
330
255
255
258
255
255
254
257
255
255
255
258
254
254
254
265
255
254
366
274
259
257
349
329
257
256
257
256
255
256
256
256
256
258
255
255
255
258
255
255
255
257
256
256
255
257
255
255
256
258
256
255
255
258
256
255
255
257
256
256
256
317
257
256
281
256
257
255
281
256
279
256
273
256
256
256
258
256
256
257
256
404
428
263
260
258
283
344
270
259
255
256
255
257
255
255
255
260
256
256
256
258
256
256
256
257
256
256
255
287
256
256
255
257
256
256
256
255
256
256
302
289
255
255
259
255
255
254
268
254
255
255
257
255
254
254
256
254
254
255
256
255
255
269
547
491
355
325
298
256
255
255
258
255
255
255
258
255
254
255
258
255
254
254
258
255
254
254
257
255
254
255
258
254
254
255
306
255
254
259
255
255
255
268
254
254
254
258
255
254
254
258
254
254
255
258
255
255
255
257
255
255
255
257
254
298
396
264
257
256
343
294
256
257
255
255
254
259
254
255
254
257
255
254
255
257
255
255
255
256
255
254
255
256
254
255
254
377
255
254
268
254
255
254
257
254
254
254
257
255
255
254
257
255
254
254
257
254
254
256
255
254
254
257
255
255
254
256
254
401
361
259
257
317
330
257
256
256
255
256
256
257
255
256
256
258
255
255
255
258
256
255
255
257
256
256
256
320
256
255
256
257
297
255
294
293
256
293
257
255
256
255
257
255
255
256
257
256
255
256
256
256
256
257
255
256
256
258
255
255
255
432
346
262
260
280
333
261
256
256
256
258
256
256
255
258
255
256
255
258
256
256
256
268
256
255
256
296
298
308
305
341
255
256
257
256
255
257
255
255
255
258
256
256
256
257
255
255
255
257
256
256
256
258
255
255
255
257
256
256
256
258
256
255
351
319
258
256
260
342
269
257
256
256
255
257
255
256
256
269
255
255
255
258
256
256
256
317
256
256
256
258
256
256
256
256
256
255
257
255
256
256
258
256
256
255
257
255
255
255
257
256
256
256
258
256
255
255
257
256
255
256
258
256
256
256
257
466
350
273
264
324
293
256
255
255
291
255
254
279
255
255
255
279
254
254
254
324
262
262
262
264
263
263
287
264
263
268
280
254
255
255
280
255
255
255
279
254
254
254
278
255
254
279
254
255
254
279
255
255
255
279
254
254
254
279
255
255
255
370
411
274
259
257
269
347
258
256
255
257
255
255
255
258
256
256
256
353
278
270
306
302
255
279
255
255
256
281
255
255
255
280
255
255
255
279
255
255
256
281
256
256
268
266
255
256
280
255
255
255
280
256
255
255
280
256
255
255
291
256
255
448
330
300
271
278
329
270
281
255
255
280
256
256
255
364
349
264
266
262
262
263
265
263
262
262
264
262
263
262
264
263
263
265
262
270
255
279
254
254
254
280
255
254
254
280
255
254
254
279
254
254
292
254
254
254
279
255
255
254
279
254
405
328
261
260
257
260
331
270
327
254
254
254
257
254
255
254
257
255
255
255
257
255
255
255
257
255
254
256
255
254
254
257
254
254
254
258
254
255
255
257
255
255
255
258
254
255
254
269
255
254
254
286
255
254
254
260
254
254
254
257
255
254
257
368
318
260
284
280
333
294
339
256
255
257
256
256
257
255
255
255
257
255
256
255
259
256
256
256
258
255
255
255
258
256
255
255
257
255
255
255
257
256
255
255
268
256
256
255
258
255
255
258
256
255
256
257
255
255
255
258
