2751
2784
2891
2690
2665
2689
2701
2697
3030
2645
2620
2620
2629
2704
2712
2726
2620
2628
2620
2934
2914
2702
2665
2691
2689
2748
2726
2787
2690
2664
2830
2722
2687
2716
2690
2687
2664
3322
2910
2668
2688
2688
2691
2688
2689
2750
2687
2688
2713
2664
2691
2781
2698
2687
2737
2724
2809
2749
2687
2711
2813
2689
2722
2928
2664
2715
2724
2699
2688
2968
2759
2717
2666
2722
2722
2792
2664
2731
2703
2700
2703
2726
2701
2730
2702
2703
2700
2725
2704
2726
2700
2701
2750
2700
2729
2725
2726
2700
2702
2728
2742
2702
2623
2643
2647
2624
2922
2646
2622
2622
2645
2650
2804
2701
2723
2724
2709
2701
2799
2699
2698
2723
2736
2722
2722
2723
2723
2701
2700
2746
2747
2678
2721
2724
2664
2720
2722
2747
2666
2688
2758
2711
2722
2861
2730
2665
2687
2748
2768
3018
2743
2768
2792
2704
2702
2734
2701
2701
2730
2725
2704
2724
2750
2702
2727
2723
2728
2704
2796
2788
2831
2708
2722
2746
2700
2724
2729
2723
2701
2724
2722
2748
2733
2723
2722
2761
2739
2755
2712
2689
2688
2738
2812
4744
3032
2866
2786
2957
2753
2700
2689
2756
2714
2891
2722
2723
2698
2700
2731
2745
2699
2700
2746
2699
2707
2768
2645
2619
2621
2644
2651
2756
2700
2721
2772
2707
2698
2797
2620
2620
2643
2652
2619
2798
2767
2645
2627
2620
2725
2619
2694
2647
2652
2620
2677
2644
2671
2620
2625
2645
2730
2620
2676
2649
2644
2621
2674
2669
2620
2648
2645
2645
2681
2725
2725
2747
2698
2700
2701
2619
2625
2803
2644
2620
2723
2721
2725
2748
2700
2721
2663
2626
2619
2721
2743
2620
2706
2652
2619
2620
2696
2642
2766
2700
2721
2724
2723
2724
2723
2701
2700
2721
2732
2738
2717
2642
2644
2621
2737
2753
2700
2700
2723
2723
2747
2747
2722
2724
2701
2698
2786
2789
2785
2783
2784
2786
2860
2707
2701
2702
2702
2703
2728
2701
2702
2701
2703
2700
2900
2699
2701
2700
2706
2699
2730
2813
2722
2703
2701
2722
2825
2841
2724
2727
2698
2701
2765
2820
2702
2702
2750
2700
2756
2758
2777
2768
2744
2772
2785
2791
2783
2774
2767
2764
2725
2993
2728
2804
2815
2863
2845
2765
2769
2801
2908
2799
2785
2833
2704
2703
2733
2704
2703
2858
2701
2701
2829
2786
2784
2767
2703
2733
2702
2702
2704
2794
2700
2754
2702
2699
2700
2805
2700
2726
2646
2645
2619
2675
2679
2683
2703
2723
2723
2746
2702
2742
2718
2622
2623
2645
2781
2679
2621
2672
2622
2622
2809
2851
2622
2620
2644
2653
2670
2676
2669
2619
2626
2619
2724
2703
2699
2721
2725
2700
2699
2746
2724
2705
2698
2826
2721
2902
2756
2755
2803
2751
2862
3221
2919
2804
2782
2882
2857
2826
2723
2722
2852
2751
2880
2852
2825
2763
2688
2867
2994
2688
2665
2722
2723
2709
2795
2815
2623
2620
2648
2749
2838
2744
2767
2767
2776
2745
2767
2768
2768
2754
2758
2853
2720
2789
2784
2789
2793
2787
2788
2747
2727
2728
2730
2750
2764
2724
2702
2778
2810
2701
2753
2698
2749
2696
2700
2795
2700
2760
2857
2784
2852
2699
2749
2842
2699
2899
2781
2757
2815
2873
2850
2809
2794
2719
2805
2970
2792
2756
2809
2750
2772
2926
6114
5290
3396
2814
2918
3327
3021
5198
3036
2851
2874
2853
2789
2852
2801
2787
2787
2789
21968
2875
2793
2787
2785
2798
2793
2785
2785
2785
2784
2798
2964
2806
2809
2906
2808
2912
2842
2794
2795
2796
2810
2840
2867
2700
2723
2725
2793
2816
2793
2767
2777
2743
2740
2724
2773
2702
2705
2732
2807
2785
2726
2706
2701
2967
2768
2789
2831
2677
2674
2752
2722
2712
2749
2722
2722
2692
2687
2760
2717
2687
2723
2755
2700
2706
2750
2726
2700
2758
2752
2700
2750
2725
2759
2701
2704
2726
2802
2700
2989
2787
2689
2665
2809
2723
2798
2668
2720
2720
2847
2665
2792
2689
2687
2699
2774
2688
2693
2722
2724
2689
2718
2763
2720
2676
2711
2722
2699
2712
2754
2723
2687
2664
2763
2732
2699
2722
2984
3071
2859
2805
2775
2776
2752
2733
2758
2800
2700
2700
2710
2774
2735
2739
2700
2687
2652
2620
2887
2737
2645
2844
2770
2742
2782
2758
2644
2885
2710
2762
2810
2797
2703
2799
2799
2698
3145
2994
2712
2774
2722
2816
2699
2986
2820
2795
2818
2697
2740
2780
2699
2763
2740
2755
2761
2772
2723
2699
2711
2741
2699
2773
2643
2645
2774
2705
2746
2848
2769
2805
3139
3046
2808
3131
2677
2742
2875
2723
3044
2844
2779
2795
2768
2768
2839
2889
2746
2805
2781
2815
2815
2747
2829
2769
2767
2748
2814
2776
2770
2767
2743
2769
2797
2767
2769
2784
2784
2790
2784
2783
2784
2784
2757
2727
2700
2725
2770
2699
2706
2722
2725
2770
2701
2724
2700
2700
2733
2738
2698
2711
2699
2698
2804
2700
2816
2786
2782
2783
2785
2784
2902
2697
2807
2789
3051
2833
2700
2757
2700
2792
2894
2890
2810
2757
2620
2946
2942
2780
2621
2838
2620
2823
2758
2921
2620
2756
2622
2844
2907
2773
2699
2770
2732
2825
2866
2644
2621
2619
2846
2620
2684
2713
2620
2628
2700
2809
2620
2862
2740
2774
2978
2634
2619
2706
2629
2752
2760
2620
2705
2857
2709
2723
2698
2774
2699
2784
2698
2752
2716
2699
2774
2747
2700
4379
3540
3118
2848
2760
2795
2785
2744
2723
2848
2724
2813
2688
2673
2723
2859
2696
2710
2754
2699
2699
2727
2740
2728
2673
2721
2724
2763
2747
2764
2742
2688
2699
2763
2820
2710
2721
2723
2700
2698
2773
2689
2688
2699
2722
2688
2747
2723
2724
2688
2664
2760
2791
2768
2744
2767
2767
2760
2744
2768
2767
2767
2749
2769
2773
2767
2782
5277
2869
5214
3127
2975
2789
2787
2824
2768
2778
2767
2773
2855
3136
2755
2769
2767
2910
2785
2783
2794
2785
2788
2846
2787
2901
2788
2820
2840
2786
2786
2826
2785
2787
6309
6866
2819
4257
2839
2818
2791
2788
2858
2895
3031
3432
2900
2787
2786
2796
2850
3986
2784
2788
2797
2847
2998
2821
2785
3136
2786
2785
2806
2787
2796
3154
2800
2788
3386
2862
2786
2786
2786
2785
2883
2799
2862
2881
2855
3006
3086
3131
3200
3150
2970
4037
3012
2903
3002
3007
4297
2849
2833
2801
2802
2791
2946
2973
2881
2793
2785
2815
2787
2785
2795
2783
2786
2788
2786
2784
2791
2784
2791
2789
2788
2791
2786
2786
2793
2785
2787
2788
2786
2798
2785
2787
2789
2786
2787
2820
2853
2827
2853
2777
2777
2889
2777
2891
2792
3742
2801
2852
2829
2788
2785
2784
2785
2800
2790
2890
2776
2905
3074
2777
3175
3132
2802
2808
2796
2807
3149
2813
2762
2735
2761
2736
2844
2699
2738
2784
2784
2784
2788
2786
2787
2785
2783
2786
2790
2787
2795
2786
2786
2786
2792
2796
2793
2768
2767
2770
2844
2742
2769
2767
2767
2753
2871
2831
2785
2784
2791
2784
2916
2677
2619
2620
2629
2619
2670
2748
2699
2706
2699
2698
2752
2726
2699
2701
2701
2700
2849
2896
2703
2700
2700
2699
2855
2786
2795
2784
2782
2784
2821
2784
2756
2755
2767
2767
2865
2667
2689
2687
2664
2687
2885
2867
2767
2744
2767
2792
2791
2744
2767
2768
2767
2807
2785
3044
2781
2901
2772
2802
2793
2783
2785
2796
2784
2783
2785
2784
2786
2792
2763
2767
2773
2688
2666
2688
2719
2664
2717
2687
2671
2796
3288
3238
2908
2790
2787
2817
2764
2735
2800
2723
2797
2688
2664
2688
2816
2665
2772
2792
2769
2771
2876
2703
2782
2786
2789
2784
2787
2786
2791
2754
2704
2702
2735
2700
2747
2711
2698
2699
2725
2737
2619
2626
2620
2619
2620
2730
2643
2626
2621
2620
2620
2699
2625
2620
2619
2620
2619
2705
2713
2620
2620
2620
2619
2721
2680
2618
2620
2620
2619
2678
2771
2698
2699
2699
2700
2730
2728
2699
2698
2699
2706
2725
2746
2722
2723
2699
2701
2782
2727
2702
2726
2729
2701
2734
2884
2723
2677
2682
2758
2728
2726
2769
2731
2701
2700
2754
2760
2620
2624
2672
2621
2767
2723
2821
2698
2700
2748
2722
2699
2791
2748
2699
2775
2645
2653
2644
2620
2645
2708
2701
2706
2698
2699
2701
2727
2768
2708
2747
2722
2723
2700
2706
2722
2745
2770
2756
2723
2709
2700
2745
2657
2672
2625
2644
2645
2668
2672
2746
2702
2699
2724
2723
2722
2735
2722
2723
2699
2700
2771
2737
2701
2727
2727
2700
2728
2795
3072
2826
2734
2723
2787
2787
2786
2789
2809
2787
3024
2798
2729
2722
2727
2701
2785
2776
2725
2733
2755
2722
2748
2699
2721
2731
2699
2735
2857
2783
2784
2796
2784
2783
2851
2784
2791
2784
2784
3023
2839
2703
2723
2721
2699
2723
2795
2701
2699
2724
2774
2701
2756
2725
2726
2699
2759
2749
2726
2701
2725
2726
2779
2794
2778
2723
2699
2700
2798
2794
2858
2778
2723
2741
3132
2957
2914
2756
2643
2716
2665
2619
2661
2763
2699
2728
2701
2700
2698
2746
2701
2721
2700
2700
2700
2727
2707
2724
2698
2701
2700
2730
2698
2723
2699
2699
2700
2729
2698
2724
2699
2699
2699
2729
2723
2722
2723
2701
2705
2746
2751
2712
2620
2669
2626
2733
2769
2646
2620
2626
2645
2644
2885
2700
2746
2708
2699
2723
2775
2698
2701
2723
2723
2698
2718
2669
2624
2620
2646
2644
2727
2628
2643
2645
2620
2620
2752
2725
2699
2699
2747
2698
2748
2825
2785
2823
2759
2749
2731
2795
2699
2747
2701
2730
2721
2781
2687
2664
2723
2757
2689
2701
2757
2688
2665
2753
2723
2722
2698
2725
2729
4817
3378
2983
2707
2723
2885
2931
2903
2689
2698
2721
2745
2770
2863
2780
2808
2679
2688
2688
2722
2699
2716
2767
2744
2768
2791
2768
2791
2793
2768
2767
2800
2743
2852
2787
2787
2789
2784
2786
2792
2787
2788
2784
2749
2761
2787
2784
2789
2786
2786
2773
2699
2704
2701
2700
2846
2723
2701
2702
2750
2699
2729
2744
2701
2699
2698
2699
2723
2693
2623
2622
2621
2622
2624
2760
2703
2701
2703
2701
2731
2764
2701
2699
2701
2701
2700
2832
2700
2700
2698
2700
2730
2782
2620
2620
2620
2620
2682
2729
2699
2621
2619
2629
2678
2619
2672
2620
2619
2626
2643
2620
2674
2619
2620
2648
2699
2620
2676
2643
2649
2620
2672
2669
2644
2619
2650
2644
2705
2715
2648
2782
2627
2622
2708
2648
2622
2782
2672
2622
2681
2646
2648
2677
2622
2647
2705
2622
2623
2700
2647
2622
3229
2786
2765
2747
2723
2725
2722
2701
2746
2699
2724
2724
2824
2707
2700
2724
2788
2699
2766
2746
2699
2699
2870
2746
2706
2698
2723
2724
2948
2725
2746
2699
2700
2722
2821
2777
2780
2724
2724
2700
2754
2722
2699
2700
2723
2724
2802
2699
2722
2723
2699
2720
2767
2699
2699
2683
2645
2625
2682
2747
2723
2701
2700
2747
2749
2722
2723
2724
2705
2698
2755
2817
2700
2700
2748
2700
2774
2745
2718
2693
2664
2723
2724
2722
2704
2747
2699
2698
2747
2747
2705
2698
2724
2746
2698
2705
2748
2699
2699
2725
2747
2749
2698
2723
2723
2722
2705
2816
2723
2699
2723
2724
2707
2721
2723
2724
2698
2705
2748
2699
2722
2724
2747
2704
2700
2722
2748
2698
2724
2747
2700
2699
2681
2644
2737
2620
2645
2643
2644
2620
2709
2747
2700
2698
2794
2706
2724
2722
2723
2699
2788
2780
2749
2700
2698
2747
2728
2701
2745
2723
2688
2665
2728
2746
2789
2664
2757
2693
2688
2723
2755
2687
2664
2730
2723
2691
2755
2767
2769
2767
2743
2772
2792
2773
2744
2767
2767
2812
2799
2790
2832
2769
2767
2865
2751
2742
2688
2664
2723
2775
2705
2699
2724
2723
2723
2745
2757
2688
2665
2725
4288
3273
3186
2860
2786
2889
2838
2793
2767
2767
2744
2779
2805
2885
2687
2664
2724
2804
2782
2690
2721
2724
2926
2788
2899
2842
2792
2874
2817
2822
2851
2835
2806
2832
2912
2779
2897
2811
2792
2900
2835
2887
2923
2805
2942
3054
2750
2750
2983
2810
2832
2769
2828
2909
3020
2798
2800
2799
2781
2761
2892
2700
2766
2785
2709
2745
2772
2724
2739
2709
2698
2710
2734
2701
2723
2706
2699
2698
2722
2763
2654
2669
2620
2619
2846
2696
2734
2698
2722
2723
2749
2774
2747
2699
2698
2723
2886
2832
2700
2720
2724
2700
2850
2819
2785
2763
2767
2776
2836
2773
2706
2702
2700
2705
2802
2714
2699
2704
2705
2700
2739
2872
2702
2726
2649
2647
2791
2748
2645
2654
2619
2620
2700
2860
2778
2887
2781
2804
2843
2853
2849
2775
2855
2818
2925
3014
2913
2806
2782
2836
2863
2863
2899
2646
2840
2693
2972
2648
2623
2622
2645
2708
2844
2621
2646
2647
2621
2853
2743
2692
2619
2644
2677
2722
2702
2784
2722
2698
2732
2746
2698
2728
2722
2723
2756
2700
2723
2804
2699
2708
2769
2794
2699
2751
2723
2706
2731
2723
2723
2833
2709
2746
2724
2700
2723
2735
2627
2619
3000
2747
2700
2942
2746
2731
2700
2721
2723
2741
2713
2745
2722
2702
2732
2748
2699
2726
2716
2723
2694
2738
2723
2824
2687
2696
2731
2688
2711
2725
2723
2693
2665
2722
2723
2785
2794
2783
2785
2784
2784
2785
2792
2785
2785
2784
2784
2790
2784
2784
2784
2783
2817
2768
2778
2699
2687
2688
2805
2699
2689
2687
2699
2724
2830
2722
2700
2688
2687
2701
2809
2688
2687
2699
2725
2718
2688
2757
2688
2689
2701
2768
2786
2754
2723
2727
2704
2717
2753
2753
2702
2726
2725
2728
2725
2751
2725
2704
2725
2752
2701
2676
2647
2648
2622
2678
2647
2703
2622
2622
2672
2692
2623
2672
2646
2622
2620
2788
2648
2648
2621
2647
2646
2759
2622
2674
2751
2622
2665
2660
2624
2622
2797
2863
2820
2758
2734
2723
2730
2722
2730
2709
2701
2699
2723
2701
2723
2700
2700
2700
2724
2699
2745
2700
2684
2644
2643
2619
4114
3390
2937
2788
2884
2737
2724
2723
2699
2699
2861
2700
2778
2752
2851
2786
2984
2817
2778
2855
2704
2780
2926
2908
2795
2799
2766
2777
2995
2785
2798
2922
2797
2994
2790
2791
2785
2789
2785
2777
2699
2701
2728
2726
2700
2752
2718
2620
2630
2644
2644
2706
2815
2650
2645
2620
2619
2732
2695
2625
2620
2669
2620
2660
2704
2643
2620
2620
2644
2704
2628
2674
2645
2645
2620
3355
2723
2724
2700
2723
2750
2702
2750
2809
2644
2620
2687
2777
2700
2782
2784
2784
2724
2700
2711
2861
2688
2759
2699
2687
2688
2797
2700
2724
2677
2757
2688
2718
2731
2751
2664
2687
2722
2751
2666
2716
2757
2664
2690
2750
2755
2664
2688
2723
2699
2714
2716
2776
2701
2702
2728
2752
2807
2701
2725
2726
2702
2702
2774
2699
2701
2704
2702
2700
2796
2703
2655
2624
2621
2646
2747
2700
2700
2755
2700
2700
2786
2723
2702
2699
2722
2723
2746
2699
2748
2700
2699
2722
2929
2773
2767
2769
2743
2767
2911
2768
2756
2755
2768
2828
3004
2768
2744
2767
2766
2769
2864
2743
2767
2750
2676
2852
2725
2700
2699
2699
2730
2699
2722
2700
2699
2698
2728
2700
2710
2712
2699
2701
2744
2785
2784
2886
2707
2698
2745
2723
2700
2946
2731
2752
2624
2619
2668
2679
2619
2680
2645
2619
2620
2751
2643
2687
2619
2644
2645
2680
2620
2793
2620
2619
2649
2643
2646
2672
2643
2645
2625
2619
2668
2686
2723
2621
2676
2620
2755
2682
2644
2627
2620
2643
2684
2762
2620
2651
2644
2619
2620
2774
2619
2625
2644
2644
2620
2727
2647
2644
2619
2620
2645
2755
2624
2620
2643
2645
2620
2642
2702
2620
2619
2644
2644
2684
2709
2644
2643
2620
2619
2705
2781
2620
2619
2669
2625
2674
2729
2745
2619
2620
2651
2678
2620
2670
2643
2644
2626
2642
2667
2673
2620
2648
2643
2676
2620
2699
2645
2625
2619
2699
2644
2642
2620
2674
2619
2710
2804
2699
2760
2700
2722
2761
2700
2699
2842
2746
2746
2762
2746
2707
2729
2723
2734
2711
2692
2729
2754
2688
2714
2725
2701
2689
2778
2699
2720
2688
2729
2699
2714
2687
4402
3674
3130
2803
2921
2834
2798
2770
2688
2789
2745
2761
2699
2700
2699
2729
2740
2698
2699
2699
2699
2696
2724
2619
2644
2645
2620
2620
2728
2644
2620
2701
2644
2650
2732
2619
2668
2620
2619
2651
2691
2619
2620
2644
2643
2626
2620
2785
2725
2699
2701
2748
2725
2805
2721
2723
2702
2699
2778
2795
2700
2701
2746
2702
2722
2750
2720
2696
2665
2722
2752
2745
2670
2756
2687
2664
2751
2778
2693
2665
2721
2722
2713
2740
2756
2688
2664
2722
2753
2782
2722
2722
2724
2723
2705
2746
2768
2699
2721
2788
2790
2767
2854
2777
2759
2760
2723
2699
2723
2723
2722
2748
2699
2747
2722
2699
2731
2722
2699
2699
2747
2722
2726
2711
2699
2722
2716
2724
2721
2792
2768
2767
2916
2744
2771
2767
2767
2744
3004
2769
2768
2766
2743
2781
2864
2791
2706
2701
2702
2680
2700
2768
2623
2645
2650
2622
2721
2713
2624
2620
2649
2647
2620
2693
2725
2646
2625
2621
2645
2775
2743
2728
2724
2701
2793
3255
2799
2797
3054
2792
2787
2937
2857
2724
2701
2699
2780
2917
2788
2789
2784
2821
2795
2787
2785
2783
2784
2794
2895
2827
2787
2786
2788
2797
2787
2784
2786
2755
2761
2711
2753
2747
2699
2699
2758
2723
2698
2771
2725
2747
2701
2699
2746
2728
2699
2744
2723
2712
2856
2947
2815
3083
2790
2788
2787
2916
2789
2818
2784
2784
2860
2784
2847
2818
2781
2785
2783
2794
2816
2788
2872
2787
2852
2787
2796
2787
2785
2790
2856
2793
2787
2789
2785
2790
2793
2809
2784
2786
2790
2787
2792
2784
2778
2704
2701
2725
2755
2703
2702
2726
2726
2701
2728
2975
2843
2733
2789
2891
2793
2789
2826
2791
2925
2790
2850
2797
3411
2803
2811
2791
3331
3084
2791
3221
2792
2813
2859
2799
2792
2830
3042
2935
2789
2787
2803
2918
3185
2807
2798
2789
3591
2797
2925
3065
2810
2788
2837
2951
2839
2826
2788
10579
12115
20167
8315
3231
2789
2787
3341
3374
3262
2918
2791
4673
5010
3164
2792
8214
2851
11034
2854
3088
4046
3218
3324
2810
3842
2791
2786
3752
2792
2793
2789
2787
2786
3303
2798
2787
2787
3139
2873
3042
2803
2795
2838
2790
2946
2798
2789
2790
2786
3127
5118
2786
2787
2784
2814
2805
2796
2788
2786
2786
2826
2786
2800
2783
2787
2795
2852
2893
2788
2786
2784
2820
2744
2773
2742
2725
2702
2771
2791
3093
2989
2797
2789
2892
2787
3452
2858
2816
4281
2869
3006
2816
2802
2789
2785
2785
2802
2790
2787
2848
2788
2788
2813
2786
2785
2912
2798
2804
3090
2857
2865
2801
2799
3022
3006
2802
2894
2805
2802
3238
2937
4053
2780
2832
2889
3346
2902
2799
2783
2786
2790
2943
2800
2788
2791
2789
2791
2837
2790
2787
2786
2794
2812
4171
2788
2784
2786
2928
4244
3177
2810
2816
2833
3245
2788
2785
2784
2783
2798
3854
2789
2818
2800
2802
3039
2804
2801
2793
2799
2788
3097
3289
2790
2789
2787
2918
3286
2796
2798
2786
2794
2903
2788
2786
2795
2784
2825
2796
2787
2795
2784
2782
2784
2818
2806
2786
2784
2785
2950
2976
2944
2701
2699
2771
2786
2983
2785
2784
2782
2856
2709
2771
2700
2700
2700
2802
2786
2952
2784
2784
3116
2748
2838
2701
2702
2755
2621
2743
2972
2939
2869
2955
2976
2935
2963
2844
2953
2776
2774
2790
2788
2791
2854
2774
2811
2787
2790
2788
2967
2903
2824
2791
2793
2784
2797
2809
2806
2803
2798
2810
2970
3036
2803
2793
2799
2789
3165
2982
2793
3003
2813
2788
2979
2786
2793
2785
2788
2785
2958
2786
2810
2783
2784
2788
2797
2796
2785
2786
2790
2874
2792
2799
2800
2787
2786
3046
2790
2773
2767
2767
2772
2847
2865
2768
2767
2767
2792
2782
2786
2784
2783
2783
2826
2877
2703
2723
2699
2690
2774
3031
2804
2746
2832
2848
2785
2873
2724
2721
2698
2732
2743
2790
2768
2769
2743
2795
2700
2807
2698
2699
2687
2759
2664
2733
2856
2723
2664
5890
3394
2943
2758
2779
2802
2788
2936
2667
2804
2722
2713
2686
2792
2723
2809
2861
2768
2903
2836
2806
2788
2787
2797
2786
2834
2840
2946
2914
2722
2701
2771
2887
2784
2788
2800
2784
2951
2788
2790
2749
2700
2698
2859
2707
2726
2724
2726
2701
2801
2726
2726
2702
2726
2725
2764
2703
2723
2726
2702
2761
2752
2726
2701
2725
2725
2796
2679
2645
2649
2623
2620
2675
2670
2621
2621
2672
2620
2717
2801
2776
2698
2701
2726
2747
2623
2783
2645
2647
2624
2706
2751
2730
2701
2725
2726
2732
2701
2747
2726
2704
2700
2801
2785
2851
2786
2783
2784
2783
2748
2760
2700
2723
2765
2784
2699
2781
2699
2698
2724
2746
2699
2729
2768
2725
2734
2699
2850
2793
2787
2846
2770
3120
2862
3073
2798
2841
2799
2901
2837
2840
2928
2852
3105
2880
2955
2961
2965
2854
2895
2815
2846
2857
2832
2789
2787
2786
2796
2847
2937
2805
2907
2850
2872
2858
2827
2931
2804
2907
2859
2868
2856
2827
2932
2806
2985
2851
2884
2829
2840
2916
2841
2904
2850
2908
2814
2792
2970
2804
2906
2858
2907
2769
2888
2891
2806
2909
2851
2961
2706
2811
2802
2806
2778
2789
2786
2794
2784
2784
2784
2786
2792
2784
2784
2784
2784
2784
2792
2785
2812
2788
2837
2791
2787
2783
2798
2715
2710
2723
2699
2699
2722
2783
2707
2747
2699
2698
2723
2706
2699
2844
2620
2621
2671
2627
2620
2655
2634
2620
2706
2655
2773
2759
2992
2780
2996
2795
2987
2997
2945
2861
2721
2832
2767
3157
2800
2901
2787
2872
2785
3013
2886
2884
2907
2804
2867
3066
2963
2963
2827
3002
2875
3026
2803
2908
2804
2893
2887
2777
2937
2781
3038
2896
3122
2806
2908
2810
2845
2870
2815
2853
2778
2752
2814
2699
2925
2633
2627
2619
2620
2647
2830
2621
2629
2779
2620
2831
2735
2764
2699
2700
2757
2779
2820
2708
2700
2699
2699
2724
2728
2807
2785
2815
2703
2722
2731
2699
2698
2700
2700
2771
2688
2687
2688
2665
2688
2719
2698
2724
2688
2677
2714
2739
2723
2746
2789
2814
4656
3575
3289
3230
2836
2794
2815
2960
2845
2874
2853
2825
2880
2826
2799
2786
2787
2786
2784
2794
2795
2787
2788
2784
2786
2797
2785
2785
2787
2785
2829
2859
2910
2758
3063
2904
2813
2857
2844
2803
2797
3121
2700
2984
2859
2724
2839
2699
2810
2844
2813
2771
2762
3166
2719
2952
2806
2802
2796
2784
2880
2937
2811
2975
2814
2796
3091
2860
2759
2755
2756
2756
3191
2787
2795
3024
2939
2802
3145
2859
2943
2892
2903
2861
2788
2732
2699
2700
2834
2809
2762
2700
2700
2699
2748
2712
2717
2698
2701
2712
2722
2700
2724
2699
2699
2706
2763
2755
2773
2702
2705
2700
2732
2701
2778
2700
2704
2726
2739
2699
2730
2704
2700
2702
2731
2701
2713
2624
2620
2622
2688
2621
2672
2705
2620
2622
2647
2620
2624
2790
2621
2683
2975
2784
2700
2848
2749
2818
2744
2884
2694
3063
2701
2945
2652
2967
2661
3002
2696
2769
2786
2635
2772
2799
2816
2777
2736
2700
2699
2936
2784
2701
2699
2699
2701
2759
2705
2621
2622
2621
2622
2858
2716
2663
2687
2687
2664
2848
2855
2689
2698
2722
2697
3208
2889
2688
2664
2722
2727
2829
2664
2721
2722
2666
2688
2804
2687
2664
2722
2724
2664
2768
2722
2723
2666
2688
2752
2664
3034
8920
4794
5603
2841
3299
2939
3420
2805
2790
2818
2984
9123
3077
3012
2791
2811
2796
2788
2788
3193
2814
3734
2803
2797
2909
2809
2797
2803
2798
2891
4734
2812
2886
2792
2788
2812
2790
2789
2971
2789
2792
2798
2790
2788
3062
2805
2813
2791
2790
2790
2798
2793
2926
2785
2784
2784
2900
2784
2785
2784
2784
2783
2791
2785
2793
2785
2783
2789
2884
2942
2995
2789
2917
2821
2909
2787
2789
2788
2815
2882
2817
2824
2781
3000
2779
3120
2987
2812
2778
2786
2786
3075
2758
2919
2728
2858
2787
3167
2770
2833
2763
2814
3106
2971
2839
2930
2814
2798
2918
2838
2851
2774
2973
2859
2987
2751
2795
2796
2748
2870
2915
2872
2800
2779
3157
4929
4016
3474
2969
2836
3117
2925
2892
2794
2859
2808
3052
2786
2785
2801
2785
2785
2793
2785
2784
2789
2785
2851
2790
2784
2854
2812
2852
2798
2808
2815
2855
2852
2776
2804
2805
2818
2791
2781
2796
2779
2858
2848
2771
2831
2782
2814
2818
2844
2845
2775
2774
2855
2787
2907
2773
2915
2858
2867
2820
2803
2787
2795
2780
2905
2874
2799
2786
2815
2810
2883
2827
2911
2933
2833
2822
3005
2736
2898
2987
2688
2939
3154
2878
2853
2861
2789
3006
2895
2796
2893
2797
2868
3066
2902
2905
2778
3058
2866
2927
2816
2816
2840
2928
2931
2779
2886
2827
2931
2831
3026
2791
2787
2785
2799
2793
2789
2787
2786
2787
2805
2786
2805
2779
2702
2735
2776
2702
2753
2702
2700
2733
2701
2701
2729
2701
2704
2719
2622
2622
2620
2647
2624
2688
2726
2723
2699
2790
2699
2752
2699
2700
2699
2983
2700
2723
2700
2699
2700
2802
2699
2739
2700
2686
2696
2718
2756
2809
2812
2707
2741
2791
2722
2664
2687
2689
2664
2716
2817
2702
2704
2725
2702
3500
2821
2712
2700
2700
2700
2801
2790
2707
2700
2701
2699
2728
2811
2687
2664
2687
2687
2718
2721
2699
2698
2702
2699
2728
2722
2701
2700
2699
2700
2731
2723
2698
2700
2700
2721
2705
2723
2699
2818
3005
2935
2863
3606
2786
2785
2787
2743
2732
2794
2625
2626
2750
2702
2701
2924
2699
2702
2769
2700
2699
2728
2709
2700
2722
2723
2700
2722
2701
2727
2701
2721
2724
2785
2783
2793
2758
2702
2704
2727
2701
2729
2724
2701
2704
2806
2699
2783
2702
2702
2702
2734
2740
2729
2702
2703
2701
2727
2703
2704
2700
2703
2703
2701
2663
2680
2620
2624
2647
2620
2677
2680
2622
2622
2622
2620
2705
2622
2725
2981
2965
2927
3173
2805
2811
2797
2795
2804
3035
2851
2775
2774
2849
2797
2979
2753
2764
2787
2751
2835
2876
2765
2786
2776
2799
2797
2914
2784
2701
2804
2831
2795
3188
2993
2864
2773
2867
2959
2882
2784
2788
2785
2784
2962
2779
2769
2789
2735
2779
2754
2703
2704
2779
2736
2703
2739
2703
2701
2701
3002
3028
2929
2860
2784
2818
2786
2779
2831
2699
2700
2774
2700
2700
2771
2713
2699
2755
2701
2696
2718
2687
2706
2702
2690
2687
2763
2720
2722
2687
2748
2687
2699
2813
2691
2690
2721
2664
2688
2786
2703
2703
2702
2702
2700
2754
2704
2702
2700
2703
2701
2751
2703
2702
2701
2700
2701
2755
2700
2702
2701
2701
2700
2789
2702
2699
2699
2700
2724
2751
2723
2700
2700
2722
2748
2714
2754
2722
2724
2702
2760
2752
2754
2702
2724
2728
2730
2700
2749
2727
2703
2700
2820
2700
2724
2722
2731
2699
2721
2722
2747
2702
2698
2786
2773
2701
2756
2708
2701
2706
2701
2703
2772
2700
2703
2736
2701
2700
2733
2701
2699
2736
2723
2703
2723
2746
2699
2777
2721
2725
2700
2723
2873
2648
2624
2620
2673
2646
2692
2725
2737
2664
2688
2785
2756
2744
2784
2894
2885
3205
2869
2849
2804
2874
2833
2960
2784
2873
2886
2944
2909
2890
2807
2797
2924
2826
3296
2785
2801
2751
2774
2798
2858
2805
2756
2945
2813
2792
2960
2816
2851
2798
3000
2852
2856
2841
2752
2860
2750
2832
2854
2786
2847
2789
2794
2975
2849
3148
2938
2786
2786
2874
2787
2788
2785
2786
2785
2835
2786
2792
2788
2796
2787
2957
2798
2797
2804
2794
2804
2871
2795
2793
2804
2905
2797
2802
2768
2800
2773
2814
2772
2831
2788
2787
2835
2772
2773
2801
2785
2785
2788
2709
2700
2834
2620
2621
2725
2698
2700
2794
2700
2732
2739
2700
2699
2750
2700
2732
2699
2699
2700
2791
2700
2922
2703
2699
2701
2843
2783
2715
2687
2722
2722
2784
2856
2880
2700
2699
2699
2734
2786
2664
2721
2813
2795
2730
2789
2792
2785
2784
2796
2835
2963
2723
2688
2664
2725
2820
2846
2699
2723
2819
2900
2783
2876
2732
2706
2704
2864
2794
2792
2787
2796
2785
2783
2872
2733
2784
2756
2710
2766
2965
2918
2785
2784
2785
2792
2945
2691
2646
2622
2670
2657
2707
2801
2837
2767
2732
2784
2826
2841
2698
2701
2737
2727
2817
2737
2796
2826
2821
2818
2972
2949
2845
2806
2801
2798
2887
2803
2877
5250
3669
3475
3067
3202
2969
2797
2824
2815
2850
2804
2805
2845
2869
3131
2822
2786
2800
2788
3056
2789
2787
2787
2787
2786
2831
2789
2787
2789
2788
2796
2860
2815
2787
2784
2794
2784
2792
2790
2787
2785
2796
2786
2793
2788
2786
2795
2786
2785
2811
2713
2887
2831
2800
2811
3047
2785
2786
2784
2784
2850
3024
2788
2784
2820
2784
2774
2798
2699
2702
2751
2784
2784
2748
2699
2699
2699
2762
2728
3058
2700
2721
2724
2742
2705
2844
2702
2701
2724
2747
2701
2724
2746
2700
2733
2798
2927
2865
2700
2700
2735
2622
2654
2790
2700
2710
2724
2721
2699
2826
2757
2671
2721
2723
2699
2739
2694
2722
2695
2688
2688
2754
2728
2713
2767
2743
2767
2797
2769
2751
2698
2700
2699
2773
2700
2747
2747
2664
2690
2791
2721
2723
2699
2746
2705
2831
2670
2716
2619
2628
2645
2657
2774
2723
2721
2726
2700
2699
2818
2724
2706
2721
2723
2701
2752
2722
2728
2701
2723
2722
2748
2693
2697
2723
2687
2664
2854
2790
2767
2767
2744
2766
3018
2724
2699
2699
2705
2745
2785
2699
2723
2723
2699
2707
2980
2777
2687
2665
2760
2723
3449
3658
2706
2701
2707
2746
2943
2622
2648
2625
2620
2737
2806
2665
2689
2691
2663
6387
3183
3004
2773
2893
3429
3295
2770
2768
2933
2690
3013
2860
2744
2768
2726
2700
2810
2768
2768
3014
2902
2626
3117
2764
2722
3140
2625
2684
2856
2703
2702
2783
2675
2688
2807
2664
2688
3013
2806
2768
2807
2784
2791
2708
2702
2700
2869
2768
2834
2857
2788
2830
2858
2970
2805
2768
2745
2768
2881
2794
2784
2784
2784
2785
2792
2790
2743
2767
2768
2767
2798
2768
2767
2768
2756
2761
2795
2777
2769
2744
2767
2776
2771
2698
2701
2700
2706
2698
2845
2768
2767
2744
2769
2767
2770
2699
2722
2733
2699
2699
2829
2646
2619
2651
2645
2619
2724
2645
2650
2620
2620
2644
2752
2782
2718
2780
2620
2619
2744
2829
2700
2700
2723
2724
2723
2783
2746
2700
2699
2722
2753
2815
2688
2698
2723
2697
2699
2810
2688
2687
2699
4331
3208
2963
2834
2786
2793
2748
2766
2686
2722
2726
2768
2746
2866
2764
2688
2677
2818
2688
2790
2710
2731
2689
2717
2698
2772
2688
2670
2757
2805
2687
2750
2729
2688
2665
2748
2723
2687
2723
2758
2723
2687
2699
2728
2712
2665
2749
2723
2677
2680
2780
2688
2704
2748
2729
2699
2776
2722
2748
2699
2704
2747
2769
2699
2933
2795
2788
2784
2786
2783
2717
2711
2644
2620
2917
2957
2778
2701
2701
2747
2730
2807
2726
2723
2700
2699
2778
3900
2953
2926
2787
2811
3075
2839
2831
2785
2784
2817
3153
3268
2783
2842
2796
2914
2780
2701
2699
2698
2703
2755
2746
2700
2700
2702
2699
2803
2763
2703
3671
3563
2924
10076
2794
2799
2842
3974
2872
2859
5825
3744
2978
2799
2951
2793
3098
2787
2786
2786
4256
2914
2839
2792
2791
2815
2790
2794
2791
2787
2784
3115
2798
2789
2785
2785
2782
2847
2785
2786
2785
2783
2859
2789
2785
2888
2784
2783
2810
2788
2786
2795
2702
2705
2843
2699
2700
2763
2700
2702
2798
2699
2699
2727
2701
2808
2948
2784
2783
3017
2787
2823
2803
2700
2703
2734
2726
2771
2768
2769
2767
2751
2767
2804
3100
3078
3078
2847
3123
2770
2901
2811
2843
2868
2890
3086
2837
2853
2815
2904
2806
2790
2855
2779
2893
2804
2971
2833
2805
2937
2903
2864
2784
2860
2781
2779
3121
2798
2786
2787
2786
2878
3280
2803
2796
2807
2795
3088
2793
2785
2786
2783
2796
2789
2789
2784
2785
2785
2822
2789
2784
2785
2785
2786
2792
2787
2798
2861
2779
2747
2784
2786
2785
2784
2792
2783
2785
2776
2738
2715
2782
3073
2810
2829
2798
2796
2822
2783
2865
2912
2823
2754
2754
2809
2754
2806
2931
2812
2931
2795
2949
2885
2846
2890
2754
2808
2762
2806
2796
2753
2808
2755
2786
2906
2768
2807
2755
2800
2773
2822
2977
2758
2806
2915
3192
2916
2940
2743
2779
2825
3085
2623
2620
2629
2620
2619
2701
2742
2702
2698
2699
2701
2745
2730
2707
2699
2699
2700
2747
2943
2808
2810
2795
2806
2865
3024
2845
2820
2881
6457
3066
2815
2790
2794
2802
3021
2885
2789
2844
2794
2785
2813
2785
2785
2795
2802
2805
2992
2808
2795
2919
2802
2872
2835
2762
2809
2787
2784
2787
2832
2999
2843
2817
2843
2828
2922
2923
2907
2832
2843
2915
2870
2867
2832
2849
2791
2841
2806
2833
2806
2813
2778
2943
2770
2832
2786
2785
2798
2820
2782
2768
2767
2778
2743
3035
2805
2706
2768
2689
2901
2805
2825
2778
2780
2907
2903
2986
2778
2712
2852
2700
3060
3100
2835
2803
2798
2799
2954
2814
2700
2839
2809
2814
3016
2817
2814
2812
2850
2795
2954
2785
2838
2789
2780
2817
3017
2782
2904
2798
2835
2827
3106
2802
2805
2882
2835
2914
3007
2865
2784
2797
2856
2928
2789
2785
2788
2803
2779
2753
2790
2786
2793
2786
2785
2797
2787
2796
2787
2785
2787
2972
2799
2784
2969
2785
2784
2790
2796
2785
2792
2785
2784
2935
2700
2698
2871
2703
2705
2765
2786
2812
2701
2700
2710
2788
2701
2786
2722
2706
2702
2829
2816
2782
2777
2713
2700
2778
2806
2809
2704
2702
2702
2762
2738
2699
2626
2621
2624
2669
2717
3083
2668
2622
2703
2779
2723
2705
2778
2699
2700
2774
2822
2713
2782
2636
2796
3005
2881
2952
2842
2813
2641
2906
2743
2701
2700
2700
2788
2766
2787
2784
2784
2783
2795
2901
3020
3031
2847
2996
2942
2908
2773
2699
2704
2701
2746
2783
2703
2704
2700
2701
2731
2840
2621
2625
2696
2621
2684
2926
2700
2807
2795
2786
2647
3022
2787
2848
2701
2805
2775
2864
2945
2781
2828
2675
2836
3035
2743
2781
2898
2819
2838
2788
2777
2777
2870
2785
2778
2821
2832
2777
2844
2776
2711
3001
2704
2734
2704
2777
2702
2799
2736
2799
2785
2786
2784
3033
2784
3958
2740
3114
2748
2862
2770
2699
2700
2699
2748
2787
2731
2701
2698
2702
2815
2754
2664
2688
2687
2664
2743
3046
2823
2752
2700
2705
2753
2782
2700
2701
2702
2703
2701
2837
2622
2620
3962
8462
2790
2799
2794
4378
5017
3414
2803
3946
6289
3289
2796
2821
6184
3024
3627
2794
2838
3389
2789
2795
2791
2958
2756
2922
2788
2785
2786
2866
2788
2986
2785
2793
2880
2851
2901
2787
2785
2783
2812
2795
2784
2787
2783
2784
2827
2789
2826
2768
2768
2770
2768
2743
2801
2766
2687
2666
2752
2687
2726
2677
2689
2743
2664
2687
2730
2784
2733
2729
2700
2698
2699
2781
2699
2722
2724
2703
2699
2782
2699
2927
2701
2725
2710
2752
2711
2714
2701
2770
3449
2921
2773
2701
2699
2702
2699
2791
2733
2727
2705
2700
2701
2805
2746
2700
2748
2700
2698
2728
2700
2621
2628
2621
2620
2675
2741
2705
2700
2704
2701
2828
2726
2704
2701
2700
2701
2749
2991
2786
2783
2786
2784
2881
2728
2699
2700
2699
2698
2726
2784
2702
2700
2701
2731
2703
2750
2702
2702
2700
2740
2622
2697
2622
2622
2621
2677
2701
2788
2805
2699
2701
2739
2700
2841
2699
2699
2702
2750
2670
2687
2747
2702
2698
2722
2697
2702
2784
2689
2688
2689
2688
2687
2714
2689
2687
2774
2676
2688
2779
2699
2734
2624
2646
2648
2760
2621
2899
2624
2622
2647
2786
2648
2698
2646
2647
2623
2672
2672
2725
2817
2732
2723
2782
2770
2772
2704
2702
2701
2703
2773
2730
2705
2703
2699
2702
2734
2740
2707
2701
2670
2619
2721
2705
2644
2804
2769
2850
2967
2806
2784
2799
2822
2740
3042
2815
2802
2784
2821
2855
2849
2723
2700
2764
2620
2652
3041
2703
2740
2798
2703
2773
2957
2658
2620
2832
2750
2840
2771
2873
2723
2749
2739
2724
2887
2621
2620
2890
2622
2644
2892
2742
2711
2784
2722
2803
2878
2872
2890
2622
2816
2751
2867
2630
2829
2843
2727
2765
3136
2821
2803
2789
2890
2792
2894
2801
2853
2783
2778
2924
2885
2714
2816
2811
2712
2712
3150
2702
2699
2798
2724
2711
2838
2648
2744
2801
2699
2746
2810
2621
2740
2723
2688
2664
2813
2723
2723
2664
2752
2687
2912
2792
2864
2691
2688
2698
2850
2725
2722
2698
2689
2687
2785
2729
2689
2687
2698
2723
2717
2706
2746
2688
2687
2707
2748
2749
2799
2800
2801
2807
2791
2795
2786
2790
2791
2786
2807
2789
2793
2794
2788
2792
3248
3050
2930
2797
2789
2831
2896
2790
2801
2785
2787
2791
2795
2792
2789
2789
2793
2791
2804
2789
2789
2791
2820
2797
2858
2791
2793
2795
2802
2793
2997
2790
2795
2792
2824
2794
2797
2790
2789
2788
2792
2789
2795
2799
2796
2806
2793
2897
2797
2798
2796
2805
2792
2887
2794
2790
2800
2786
2788
3419
2795
2801
2799
2796
2795
2897
2794
2789
2794
2791
2792
3046
2824
2823
2790
2792
2795
2826
2818
2803
2806
2804
2808
3030
2806
2790
2793
2792
2787
2823
2828
2792
2802
2807
2804
2841
2818
2810
2819
2822
2809
2816
2809
2800
2800
2802
2801
2853
2807
2811
2799
2806
2823
2806
2810
2815
2804
2802
2815
2801
2787
2804
2787
2785
2897
2796
2783
2784
2784
2785
2790
2783
2785
2784
2784
2819
2784
2784
2784
2785
2784
2799
2868
2700
2699
2699
2709
2791
2786
2783
2784
2784
2794
2784
2732
2646
2644
2627
2674
2644
2698
2620
2619
2650
2697
2619
2620
2724
2619
2625
2675
2643
2620
2644
2648
2645
2649
2824
2644
2669
2624
2620
2688
2745
2700
2850
2700
2698
2780
2817
2700
2760
2737
2668
2675
2619
2650
2644
2761
2620
2778
2643
2627
2620
2696
2645
2675
2619
2674
2619
2675
2692
2769
2700
2700
2723
2746
2699
2674
2650
2644
2620
2619
2698
2731
2722
2721
2723
2701
2777
3019
3413
2702
2722
2756
2889
2704
2725
2702
2702
2718
2767
2702
2701
2700
2702
2740
3774
3299
2787
2831
2778
3175
2791
2787
2787
2791
2779
3157
2700
2700
2711
2698
3053
2894
2702
2700
2712
2698
2723
2744
2619
2651
2620
2619
2851
2759
2723
2711
2700
2754
2862
2829
2789
2784
2784
2782
2699
2807
2702
2699
2698
2919
2775
3059
2799
2785
2795
2786
2790
2836
2756
2703
2775
2790
2783
2917
2703
2704
2730
2705
2701
2794
2700
2702
2665
2621
2622
2796
2785
2814
2726
2700
2701
2722
2700
2725
2700
2700
2701
2723
2699
2723
2700
2698
2700
2724
2701
2726
2701
2699
2685
2699
2701
2724
2750
2726
2701
2699
2857
2728
2701
2724
2726
2704
2854
2748
2726
2701
2725
2726
2861
2885
3107
2866
2791
2786
2831
2704
2709
2627
2621
2622
2839
2621
2624
2707
2620
2622
2832
2700
2699
2709
2698
2700
2867
2725
2709
2700
2700
2724
2771
2620
2630
2619
2620
2621
2756
2755
2704
2664
2687
2716
2664
2815
2687
2687
2698
2753
2694
2708
2711
2723
2690
2691
2762
2744
2688
2699
2722
2720
2664
2747
2724
2676
2677
2801
2776
2813
2749
2726
2705
2733
2723
2773
2727
2700
2752
2780
2701
2752
2725
2704
2731
2724
2727
2735
2620
2675
2681
2620
2646
2647
2676
2624
2692
2645
2623
2622
2672
2647
2681
2620
2670
2623
2646
2647
2734
2757
2700
2732
2816
2755
2723
2746
2701
2705
2799
2845
2741
2699
2731
2723
2698
2728
2774
2699
2705
2693
2644
2674
3006
2967
2751
2623
2621
2857
2784
2704
2722
2700
2699
3426
2761
2700
2699
2723
2741
2805
2621
2648
2647
2620
2757
2853
2621
2620
2645
2644
2673
2678
2643
2645
2621
2619
2713
2746
2771
2698
2747
2700
2724
2831
2850
2699
2699
2724
2757
2712
2831
2722
2699
2728
2783
2699
2731
2620
2651
2708
2700
2698
2834
2699
2708
2725
2809
2699
2728
2729
2723
2773
2767
2766
2790
2793
2784
2784
2783
2784
2777
2700
2699
2849
2724
2702
2758
2785
2797
2702
2699
2753
2839
2702
2745
2750
2690
2663
2882
2728
2739
2726
2726
2701
2794
2727
2736
2705
2701
2701
2725
2701
2731
2703
2702
2701
2723
2702
2730
2701
2701
2703
2701
2723
2732
2726
2796
2751
2724
2934
2703
2724
2726
2702
2726
2789
2688
2622
2644
2647
2625
2769
2724
2723
2700
2698
2758
2802
2699
2721
2723
2701
2699
2871
2773
2700
2698
2749
2699
2748
2745
2723
2701
2709
2699
2778
2687
2664
2760
2687
2690
2737
2736
2689
2665
2723
2802
2791
2834
2739
2688
2688
2692
2722
2856
2687
2698
2722
2714
2664
2814
2687
2687
2700
2717
2693
2797
2786
2809
2688
2787
2839
2839
2768
2746
2747
2693
2688
2781
2665
2688
2710
2705
2698
2723
2699
2699
2730
2813
2768
2791
2767
2767
2751
2664
2688
2769
2838
2666
2809
2754
2689
2715
2769
2728
2791
2664
2722
2746
2708
4390
3370
3049
2783
2756
2727
2699
2724
2723
2708
2846
2788
2688
2769
2698
2725
2822
2770
2772
2767
2777
2767
2748
2723
2701
2709
2698
2700
2893
2708
2701
2705
2702
2701
2760
2702
2705
2701
2701
2701
2922
2699
2704
2724
2724
2698
2778
2715
2646
2622
2622
2646
2721
2638
2620
2671
2622
2620
2772
2810
2698
2699
2723
2747
2700
2768
2771
2699
2698
2730
2725
2726
2699
2722
2723
2724
2699
2808
2676
2675
2722
2726
2665
2740
2721
2698
2697
2739
2751
2725
2702
2725
2729
2726
2701
2750
2725
2704
2702
2771
2723
2702
2828
2729
2700
2731
2725
2725
2772
2702
2755
2700
2702
2702
2732
2700
2704
2702
2700
2703
2695
2658
2758
2786
2784
2786
2783
2784
2751
2699
2706
2699
2724
2699
2696
2647
2651
2621
2646
2688
2772
2740
2701
2723
2749
2725
3073
2763
2700
2702
2741
2799
2702
2702
2749
2702
2700
2764
2710
2699
2699
2703
2699
2750
2699
2699
2698
2699
2699
2783
2784
2785
2784
2784
2793
2783
2783
2784
2784
2782
2812
2786
2785
2784
2782
2793
2783
2827
2699
2698
2725
2723
2768
2817
2746
2700
2705
2723
2746
2727
2698
2730
2723
2699
2714
2723
2620
2627
2644
2644
2671
2675
2697
2644
2620
2619
2776
2645
2649
2618
2841
2802
2923
2792
2878
2843
2837
2817
2942
2833
2800
2763
2805
2926
2803
2882
2860
2761
2747
2703
2776
2760
2778
2702
2735
2705
2704
2715
2738
2703
2909
2785
2785
2865
2784
2841
2807
2700
2698
2748
2723
2748
2759
2746
2701
2698
2872
2749
2700
2698
2722
2723
2779
2722
2746
2700
2688
2699
2776
2718
2664
2722
2723
2689
2717
2805
2688
2664
2722
2725
2767
2664
2724
2722
2664
2689
2781
2689
2664
2722
2725
2664
2723
2780
2723
2664
2690
2756
2811
2720
2724
2726
2665
2688
2719
2831
2664
2690
2757
2665
2758
2830
2821
2741
2700
2703
2731
2724
2704
2703
2703
2700
2735
2730
2700
2701
2702
2728
2700
2727
2673
2621
2622
2664
2775
2760
2624
2645
2648
2755
2704
2682
2771
2622
2620
2715
2622
2620
2710
2686
2620
4213
3733
3130
3011
2748
2748
2703
2774
2921
2624
2629
2680
2647
2620
2755
2675
2622
2762
2647
2647
2672
2624
2647
2729
2704
2699
2860
2699
2699
2745
2723
2699
2729
2764
2746
2699
2698
2748
2727
2699
2809
2701
2701
2707
2700
2723
2749
2698
2705
2699
2699
2724
2723
2700
2704
2700
2700
2722
2723
2706
2619
2620
2645
2668
2722
2706
2703
2701
2701
2777
2743
2650
2622
2620
2673
2659
2837
2723
2727
2702
2700
2726
2759
2701
2700
2750
2701
2702
2715
2648
2620
2622
2647
2647
2767
2701
2749
2700
2703
2728
2725
2702
2703
2702
2703
2728
2836
2704
2700
2704
2702
2738
2749
4186
2923
2621
2649
2666
2740
2743
2709
2722
2747
2699
2793
2755
2700
2699
2722
2724
2723
2682
2721
2722
2892
2668
2814
2689
2687
2697
2738
2620
2685
2691
2645
2620
2809
3978
3863
3314
8709
2880
2793
2829
3503
3008
2769
4048
3106
3275
3313
3231
3366
3033
3452
2793
2788
2800
2749
4280
2789
2786
2894
2817
2839
2791
2788
2791
2786
2810
3024
2787
2785
2784
2782
2813
2809
2789
2786
2784
2789
2832
2818
2700
2700
2758
2699
2810
2721
2723
2700
2707
2723
2858
2623
2621
2676
2622
2621
3019
2780
2700
2701
2723
2792
2785
2700
2748
2699
2700
2811
2790
2701
2703
2721
2723
2808
2934
2728
2665
2689
2722
2691
2778
2690
2726
2696
2687
2787
2731
2693
2623
2645
2648
2686
2660
2659
2647
2620
2648
2858
2688
2964
2708
2722
2774
2738
2722
2803
2623
2620
2766
2925
2687
3097
2700
2688
2698
2645
2647
2672
2620
2675
2689
2620
2646
2705
2620
2624
2681
2645
2622
2677
2693
2649
2646
2620
2673
2622
2646
2647
2706
2620
2622
2646
2673
2622
2740
2746
2728
2704
2834
2724
2731
2701
2724
2728
2758
2743
2723
2727
2703
2726
2754
2753
2701
2726
2726
2701
2782
2829
2762
2763
2647
2645
2622
2766
2724
2726
2701
2701
2724
2775
2703
2725
2724
2701
2701
2827
2787
2784
2785
2784
2783
2821
2722
2723
2699
2699
2746
2802
2699
2699
2746
2699
2725
2757
2772
2663
2742
2722
2995
3148
3210
2891
2973
2750
2787
2917
2777
2769
2771
2768
2856
2766
2768
2770
2794
2782
2886
2916
2769
2770
2768
2757
2867
2871
2770
2767
2801
2786
2786
2792
2786
2784
2791
2787
2786
2788
2739
2726
2733
2725
2750
2701
2701
2725
2813
2701
2703
2724
2726
2738
2620
2673
2622
2644
2647
2699
2725
2701
2722
2869
2700
2943
2756
2700
2700
2768
2747
2722
2701
2721
2723
2728
2699
2791
2700
2693
2699
2776
2688
2708
2711
2723
2687
2720
2759
2736
2702
2724
2727
2725
2702
2759
2723
2687
2664
2789
2727
2793
2745
2767
2767
2854
2886
2665
2687
2722
2707
2688
2873
2721
2699
2688
2689
2725
2774
2687
2721
2702
2687
2687
2811
2699
2689
2689
2699
2722
2742
2723
2702
2688
2687
2699
2780
2690
2689
2699
2723
2770
2785
2754
2700
2699
2723
2747
2751
2758
2721
2722
2699
2745
2746
2751
2700
2722
2723
2724
2705
2750
2724
2700
2724
2711
2620
2674
2644
2645
2621
2683
2644
2701
2619
2621
2643
2709
2620
2644
2669
2621
2620
2734
2706
2619
2757
2644
2650
2881
2700
2747
2771
2699
2724
2756
2699
2699
2752
2730
2698
2806
2770
2701
2776
2730
2723
2699
2698
2723
2798
2700
2728
2747
2699
2698
2758
2746
2722
2698
2724
2729
2712
2620
2751
2701
2699
2731
2789
2740
2795
2724
2731
2700
2718
2774
2777
2698
2724
2723
2711
2740
2748
2726
2699
2699
2747
2752
2698
2728
2724
2699
2698
2781
2730
2677
2675
2758
2687
2791
2726
2724
2689
2664
2723
2801
2791
2744
2768
2768
2769
2768
2768
2767
2770
2745
2773
2861
2773
2721
2664
2689
2751
2756
2688
2688
2757
2669
2720
2698
2692
2620
2627
2644
2696
2620
2675
2645
2649
2619
2643
2656
2656
2621
2624
2669
2666
2719
2835
2728
2688
2665
2749
2644
2755
2653
2669
2619
2672
2776
2753
2664
2688
2722
2708
2675
2722
2910
2788
2769
2777
2725
2689
2715
2723
2753
2664
2694
2757
2717
2665
2719
2727
2664
2689
2746
2722
2737
2752
2757
2676
2813
2722
2894
2688
2664
2723
2893
2722
2671
2757
2688
2664
2773
3004
2688
2687
2850
2722
2743
4311
3201
2933
2772
2800
2803
2768
2792
2768
2767
2848
2821
2699
2701
2777
2732
2720
2735
2748
2699
2700
2734
2762
2761
2700
2723
2733
2699
2724
2766
2699
2700
2707
2701
2722
2728
2700
2705
2700
2700
2723
2723
2700
2711
2644
2620
2675
2697
2650
2620
2619
2645
2726
2643
2625
2655
2633
2620
2731
2786
2780
2700
2722
2723
2723
2708
2774
2746
2700
2723
2746
2702
2729
2723
2723
2701
2729
2710
2777
2689
2723
2699
2808
2784
2852
2786
2784
2873
2720
2702
2804
2702
2705
2742
2717
2727
2806
2715
2704
2788
2702
2700
2826
2650
2622
2684
2646
2647
2658
2636
2679
2648
2622
2620
2734
2723
2722
2722
2723
2699
2702
2774
2726
2698
2723
2725
2698
2723
2730
2723
2698
2706
2747
2700
2756
2747
2733
2699
2699
2804
2747
2698
2707
2746
2699
2768
2772
2730
2699
2699
2723
2776
2698
2705
2745
2700
2699
2726
2724
2698
2699
2724
2723
2773
2702
2746
2698
2699
2724
2725
2723
2701
2722
2722
2700
2741
2736
2620
2620
2644
2645
2679
2752
2643
2645
2620
2627
2887
2979
2701
2698
2749
2703
2731
2750
2723
2702
2708
2722
2818
2746
2722
2722
2707
2754
2705
2704
2622
2623
2647
2703
2621
2622
2696
2670
2622
2679
2747
2700
2850
2724
2722
2744
2701
2746
2776
2700
2723
2724
2698
2703
2751
2721
2699
2722
2746
2679
2743
2722
2712
2787
2689
2722
2753
2687
2688
2753
2666
2689
2734
2710
2687
2719
2722
2698
2687
2711
2699
2832
2768
2767
2743
2912
2771
2767
2767
2744
2767
3043
2797
2768
2767
2745
2767
2799
2768
2744
2767
2767
2769
2779
2755
2767
2767
2767
2745
2807
2769
2767
2732
2724
2688
2824
2699
2722
2688
2666
2756
2880
2704
2726
2727
2701
2701
2833
2711
2688
2725
2698
2688
2848
2721
2701
2687
2687
2699
2912
2703
2706
2701
2702
2739
2919
2773
2784
2688
2757
2740
2853
2770
2767
2766
2744
2834
2837
2766
2766
2732
2688
2796
2875
2699
2687
2688
2738
2680
2755
2831
2722
2664
2730
2645
2681
2633
2620
2643
2709
2688
2664
2811
2735
2689
2907
3729
3179
2899
2789
2810
2785
2762
2937
2767
2770
2766
2743
2768
2863
2870
2777
2836
2745
2767
2812
2704
2734
2702
2701
2726
2818
2703
2754
2726
2700
2704
2749
2757
2702
2701
2750
2753
2726
2755
2726
2699
2703
2725
2748
2754
2701
2749
2702
2701
2725
2750
2699
2705
2726
2724
2702
2793
3380
3414
2784
3072
3006
2921
2788
2784
2784
2784
2787
2788
2784
2784
2784
2783
2761
2699
2703
2664
2687
2907
2756
2665
2688
2687
2664
2725
2741
2664
2688
2689
2664
2725
2711
2687
2664
2688
2690
2790
2746
2797
2687
2698
2695
2725
2869
3925
3595
5641
3077
3160
2922
2791
3998
3209
5033
3135
2804
3087
3054
3240
2813
2798
2800
2797
2787
3383
2789
2798
2791
2788
3394
2963
2789
2866
2791
2796
3035
2859
2849
2790
2786
2791
2834
2786
2842
2785
2795
2784
2904
2835
2787
2797
2786
2785
2788
2787
2786
2787
2784
2784
2789
2785
2794
2782
2784
2785
2790
2789
2782
2785
2785
2784
2817
2913
2784
2784
2785
2784
2966
2727
2704
2703
2700
2701
3052
2769
2767
2768
2744
2784
2856
2688
2664
2687
2690
2704
2885
2767
2767
2784
2795
2724
2723
2700
2721
2706
2700
2680
2644
2693
2620
2627
2620
2712
2832
2689
2677
2684
2689
2722
2775
2741
2690
2666
2687
2807
2738
2664
2689
2688
2664
2714
2687
2750
2663
2687
2717
2664
2689
2748
2664
2722
2758
2688
2666
2781
2688
2664
2722
2769
2748
2721
2699
2700
2733
2731
2745
2778
2701
2721
2746
2769
2756
2776
2767
2767
2774
2743
2769
2787
2723
2727
2626
2620
2642
2684
2700
2724
2746
2699
2700
2722
2747
2728
2700
2725
2723
2699
2703
2770
2699
2698
2723
2723
2707
2724
2746
2723
2699
2701
2823
2731
2699
2721
2724
2705
2857
2750
2723
2699
2700
2747
2763
2701
2719
2723
2695
2665
2798
2724
2739
2696
2757
2687
2771
2699
2722
2690
2664
2723
2720
2744
2670
2758
2687
2664
2831
2872
2695
2664
2723
2757
2702
2916
2715
2688
2688
2695
2722
2747
2676
2710
2724
2768
2888
2755
2746
2687
2723
4453
3166
2832
2782
2771
2740
2746
2763
2779
2743
2767
2777
2766
2781
2763
2767
2807
2789
2784
2847
2770
2778
2769
2743
2767
2816
2767
2751
2769
2767
2767
2767
2769
2767
2771
2753
2664
2742
2728
2726
2689
2687
2725
2756
2688
2805
2710
2676
2688
2729
2724
2719
2688
2698
2725
2688
2716
2759
2700
2701
2729
2724
2827
2700
2721
2729
2699
2722
2795
2724
2700
2706
2699
2700
2728
2698
2707
2699
2699
2655
2728
2620
2649
2645
2619
2621
2675
2699
2625
2620
2644
2645
2673
2648
2669
2621
2619
2645
2691
2772
2700
2722
2723
2699
2728
2839
2699
2700
2724
2724
2739
2802
2724
2723
2698
2711
2758
2787
2699
2723
2725
2706
2750
2750
2727
2700
2704
2790
2784
2783
2835
2723
2701
2727
2723
2722
2838
2701
2746
2814
2784
2784
2833
2787
2784
2787
2766
2743
2870
2768
2869
2787
2786
2789
2787
2786
2791
2784
2788
2758
2739
2701
2746
2750
2703
2699
2749
2754
2700
2701
2727
2726
2723
2789
2782
2704
2700
2726
2750
2769
2756
2733
2723
2700
2849
2770
2701
2699
2722
2723
3041
2936
2746
2699
2702
2724
2760
2785
2758
2767
2766
2743
2808
2797
2702
2699
2703
2703
2799
2700
2702
2702
2701
2777
2732
2736
2688
2723
2700
2724
2783
2758
2664
2687
2725
2695
2801
2687
2722
2698
2689
2753
2752
2746
2703
2705
2701
2732
2715
2717
2700
2704
2701
2722
2723
2713
2671
2757
2687
2719
2699
2778
2689
2664
2711
2775
2688
2697
2756
2688
2677
2774
2723
2804
2664
2722
2748
2689
2669
2882
2688
2688
2701
2723
2689
2715
2722
2723
2709
2704
2746
2723
2699
2723
2745
2769
2744
2768
2768
2817
2774
2744
2767
2769
2767
2744
2775
2767
2754
2664
2688
2742
2792
2744
2767
2767
2816
2744
2767
2767
2767
2757
2829
2769
2767
2767
2744
2773
2792
2767
2732
2687
2688
2761
2851
2750
2719
2755
2667
2688
2857
2724
2698
2700
2730
2723
2812
2688
2758
2667
2688
2723
2781
2700
2701
2730
2723
2698
2804
2753
2666
2688
2723
2727
2833
2646
2654
2644
2620
2673
2656
2696
2668
2619
2669
2653
3393
3330
2948
2788
2789
2919
2810
2655
2649
2647
2620
2687
2702
2760
2700
2722
2806
2731
2634
2807
2724
2698
2722
2755
2698
2744
2722
2724
2725
2699
2722
2728
2698
2699
2786
2701
2702
2750
2726
2702
2734
2725
2725
2725
2701
2752
2729
2701
2725
2750
2702
2701
2728
2724
2701
2725
2752
2729
2703
2648
2645
2701
2677
2768
2723
2699
2699
2731
2769
2747
2721
2723
2701
2700
2762
2719
2622
2622
2648
2647
2673
2706
2672
2621
2624
2647
2674
2648
2622
2646
2648
2622
2643
2697
2648
2623
2622
2672
2620
2824
2732
2723
2700
2700
2765
2868
2701
2700
2747
2699
2723
2976
2725
2701
2698
2725
3023
2787
2767
2756
2767
2767
2771
2766
2767
2767
2767
2744
2770
2790
2767
2744
2767
2769
2767
2721
2675
2758
2689
2777
2730
2780
2668
2619
2653
2702
2620
2730
2719
2620
2626
2716
2723
2656
2661
2649
2645
2732
2699
2699
2749
2708
2729
2670
2620
2619
2790
2644
2700
2620
2645
2643
2679
2620
2675
2644
2620
2620
2731
2620
2708
2723
2723
2700
2699
2795
2722
2698
2700
2749
2698
2804
2722
2723
2700
2699
2723
2915
2698
2691
2762
2688
2664
2813
2723
2683
2676
2722
2722
2876
2786
2756
2687
2665
2722
2789
2729
2699
2726
2726
2752
2866
3650
3180
2707
2759
2700
2873
2748
2723
2676
2729
2730
2805
2701
2701
2749
2733
2700
2724
2647
2620
2622
2873
2622
2676
2620
2643
2646
2682
2772
6924
4200
3156
3046
3097
3258
2849
5003
3559
6717
3162
2796
2799
4827
5550
7401
4316
2878
2792
3849
2794
4651
2854
2836
3455
2812
5633
2927
2790
2806
2785
2894
2790
2786
2796
2783
2786
2947
2789
2786
2796
2784
2784
2820
2789
2799
2786
2786
2835
3159
2816
2788
2785
2786
2859
2814
2790
2784
2785
2785
3140
3145
2829
2790
2788
2804
2953
2788
2788
2786
2788
2818
2816
2789
2787
2786
2786
3114
2871
2786
2785
2785
2790
2840
2835
2845
2793
2791
2860
2786
2787
2784
2785
2805
2779
2806
2856
2805
2872
4817
3557
2808
2802
2737
2770
2785
2788
2807
2796
2785
2784
2784
2786
2794
2784
2791
2731
2699
2726
2796
2784
2786
2782
2784
2791
2785
2758
2770
2768
2769
2780
2859
2784
2769
2767
2753
2789
2712
2714
2664
2697
2687
2664
2719
3229
3122
3197
2824
2822
2900
2855
2833
2844
2868
2796
2850
2794
2802
2775
2735
2933
2930
2996
2887
2902
2967
3121
2849
2792
2790
2787
3094
2909
3025
2908
3022
2906
3290
3182
5177
2888
3274
2797
3333
3912
2891
3031
3145
3090
3316
3266
3107
4315
3164
2807
4094
3913
2858
2808
3217
2895
2803
3240
2832
2896
2886
3023
2793
2936
2880
2963
2869
2978
2920
3217
2891
2885
3560
2971
3062
2960
2870
2883
2790
2799
2792
2787
2793
2954
2921
2886
2831
3134
2790
5476
2884
3282
2899
2811
3109
3497
2792
2900
2786
2788
2784
2983
5559
4743
2789
2791
2960
5721
2851
2817
2799
2797
2799
2786
2796
2794
2788
2801
2802
2793
2789
2792
3087
2801
2843
2787
2785
3054
2998
2880
2955
3041
3057
3532
3785
3000
2887
2966
2787
2787
2812
2785
2784
2787
2783
2831
2840
2819
2786
2794
2784
3007
2861
2806
2806
2794
2794
2875
2827
2813
2800
2756
2815
2803
2793
2784
2785
2788
2779
3733
2816
2791
2792
2787
2864
2791
2836
2837
2775
3097
2949
2880
2810
3106
2789
2795
2886
2956
2892
2795
2930
2800
2930
2787
2790
2937
2901
2979
3077
2811
2801
2897
2785
2873
2793
2790
2876
2788
2787
2791
2787
2807
2822
2788
2796
2817
2836
2821
2823
2805
2790
2955
2806
2788
2786
2787
2788
2802
2788
3062
2806
2785
2899
3002
2800
2789
2791
2785
2797
2858
2938
2789
2922
2788
3048
2848
2793
2789
2802
2792
2792
2798
2792
2790
2794
3232
3416
2985
2938
2800
2789
2790
2816
2790
2793
2792
2790
2789
3038
2804
2792
2786
2788
2813
2804
2785
2784
2786
2784
2818
2794
2785
2788
2788
2787
2797
2792
2815
2757
2768
2796
2924
2787
2785
2784
2783
2873
3829
3119
3227
3106
2791
2893
2856
3066
3022
2808
2895
2953
2885
2782
2764
2833
2781
2913
2781
2792
2778
2803
2860
2737
2788
2884
2783
2811
2848
2805
2843
2703
2890
2783
2782
2785
2786
2783
2741
2755
2699
2755
2700
2779
2784
2784
2792
2783
2783
2794
2766
2706
2700
2787
2701
2724
2685
2689
2687
2845
2665
2716
2689
2664
2687
2737
2664
2715
2690
2663
2687
2748
2705
2769
2704
2702
2700
2712
2769
2704
2700
2701
2701
2702
2850
2692
2687
2664
2762
2688
3177
2797
2777
2834
3001
2630
2782
2820
2849
3102
2664
2779
3005
2913
2700
2882
2946
2783
2826
2725
2688
2833
2882
2769
2822
2822
2665
2828
2725
2933
2688
2798
2844
2700
2805
2791
2799
2833
2804
2784
2790
2875
2783
2707
2702
2815
2689
2969
2854
2784
2784
2756
2702
