824
609
352
274
348
294
254
279
371
255
254
279
254
254
267
266
254
254
279
254
254
254
278
254
254
254
278
254
254
254
282
254
254
254
278
254
254
278
254
254
254
320
269
268
262
265
261
261
262
263
261
261
263
261
262
262
264
261
848
557
357
272
265
325
315
255
254
256
254
254
254
279
254
254
253
256
253
253
253
255
253
254
253
270
254
254
253
255
254
254
253
255
253
254
254
255
253
253
288
292
254
254
258
254
254
254
257
254
254
254
257
254
254
254
257
254
254
254
280
501
333
314
316
294
344
299
254
256
255
254
254
257
254
254
254
256
254
254
254
269
254
254
255
255
254
254
256
254
254
254
256
254
254
254
256
254
254
254
299
261
262
262
265
263
263
262
264
263
262
264
261
262
262
264
262
262
261
264
261
261
261
365
333
298
292
290
271
354
282
254
254
269
267
254
254
267
254
254
256
254
254
254
256
254
254
254
257
254
254
254
257
254
254
254
256
254
254
254
317
254
254
254
256
254
254
254
256
254
254
254
256
254
254
256
254
254
254
256
254
254
254
256
254
254
321
326
309
283
277
308
289
262
276
263
263
265
263
262
262
264
263
263
263
266
263
262
262
265
263
263
262
263
262
262
265
262
263
263
289
263
263
261
264
262
262
262
265
263
261
263
263
262
262
264
263
263
263
265
262
262
262
264
263
263
262
264
323
340
291
272
272
331
262
262
262
264
262
262
261
264
262
262
262
264
262
261
264
261
261
262
264
262
262
262
263
262
262
262
319
263
262
265
261
261
262
265
261
262
262
264
262
262
262
266
262
262
262
267
254
254
278
254
254
254
282
254
254
254
465
310
270
290
289
349
280
254
254
254
278
254
254
254
279
254
254
254
279
254
254
278
254
254
254
278
254
254
254
355
266
262
264
262
261
261
264
261
261
261
264
261
261
261
264
261
261
261
264
261
261
267
262
261
261
264
261
261
261
264
261
261
325
308
276
271
301
301
262
261
265
261
261
262
262
261
261
267
261
261
261
265
261
261
261
324
274
261
264
261
261
261
264
261
261
261
264
261
261
261
264
261
261
261
265
261
261
266
262
261
261
264
261
261
261
264
274
272
261
265
261
261
261
263
324
301
297
264
277
353
266
254
254
278
254
254
254
278
254
254
254
279
254
254
253
309
254
254
279
254
254
254
278
254
254
254
279
254
268
290
288
262
262
297
261
261
262
286
262
262
262
285
261
262
285
261
262
262
287
262
262
262
286
261
262
262
384
311
271
268
265
361
293
254
254
254
278
254
254
254
278
254
254
265
304
272
270
273
270
270
269
273
270
270
272
269
269
269
284
269
269
269
272
269
269
271
269
269
270
272
269
269
269
272
270
269
271
270
270
269
271
269
269
269
271
269
269
395
326
270
263
290
328
307
280
254
254
254
278
254
254
254
307
254
254
255
254
254
253
256
254
254
254
267
254
254
254
256
254
254
254
257
254
254
253
256
254
254
254
256
254
254
254
256
254
254
254
256
254
254
255
254
254
254
256
254
254
254
257
254
315
316
308
288
269
344
295
255
254
278
254
255
278
283
254
254
278
254
254
254
292
254
254
254
281
254
254
254
279
254
254
278
254
254
254
279
254
254
254
279
254
254
254
278
254
254
254
278
254
254
254
278
254
254
278
254
254
253
279
254
254
254
304
356
292
292
264
339
317
254
254
254
303
253
254
253
281
253
253
253
277
253
254
254
278
253
254
253
277
254
254
278
254
253
253
278
253
254
253
278
253
254
253
278
254
254
253
278
254
254
253
277
254
254
278
253
253
254
278
254
254
253
277
253
254
374
325
270
263
280
350
266
285
280
253
253
278
254
253
253
313
254
254
253
278
254
254
277
253
253
254
279
253
253
254
278
254
253
253
278
253
253
254
278
254
253
253
278
254
253
276
253
253
253
278
254
254
253
278
253
254
253
278
254
254
253
278
266
364
278
264
264
325
314
263
262
266
261
261
261
264
261
261
261
264
261
261
261
264
261
261
265
261
261
261
264
261
261
261
265
261
261
261
265
261
261
261
263
261
261
264
261
261
261
265
260
261
261
265
261
261
261
265
261
261
261
268
261
261
264
305
301
269
293
290
296
288
261
262
261
287
262
262
261
286
262
262
274
274
261
261
288
261
262
261
287
262
262
261
287
262
261
286
261
262
262
287
261
262
262
287
261
262
274
274
262
262
286
261
261
262
296
261
262
262
286
261
262
287
262
262
273
357
289
277
280
282
286
272
275
271
279
264
261
261
261
264
261
261
262
264
261
261
261
264
261
262
262
263
262
261
263
261
262
262
264
262
272
262
265
261
261
261
275
261
261
261
264
261
261
262
261
261
261
263
261
261
261
287
261
300
313
283
282
276
276
294
281
261
264
261
261
264
261
261
261
265
261
261
261
264
261
261
261
264
261
261
261
264
261
261
264
261
261
261
264
261
261
261
269
261
261
261
264
261
261
261
264
261
261
263
261
261
261
264
261
261
261
310
253
254
253
269
342
301
412
281
277
278
270
270
270
273
270
269
270
272
270
269
272
270
270
269
272
269
270
270
271
270
269
271
270
270
269
277
270
270
269
272
270
269
272
270
270
270
273
270
270
270
273
270
270
273
270
270
270
295
264
262
262
265
262
262
410
287
278
272
277
329
263
265
263
262
261
264
262
262
262
283
270
270
271
270
270
270
273
270
270
270
285
270
270
273
270
270
270
271
269
269
270
272
270
270
272
270
270
270
272
269
270
270
272
270
270
272
270
270
270
272
270
270
270
272
269
314
287
275
272
276
276
270
270
271
271
270
270
272
270
270
269
273
270
270
270
282
270
270
273
270
270
269
273
270
270
270
271
270
270
273
269
270
270
272
270
270
270
272
270
270
272
269
270
270
273
270
270
270
273
269
270
272
270
270
270
273
309
281
279
273
273
275
282
261
261
262
287
262
262
261
299
262
261
286
261
262
262
287
262
262
262
287
262
261
286
262
262
262
287
262
262
262
287
262
261
261
285
262
262
286
261
262
262
280
273
270
270
274
271
271
272
272
272
270
272
270
270
294
300
287
267
289
278
295
275
297
261
261
287
262
262
262
287
262
262
261
286
262
262
288
261
262
261
286
262
262
262
287
261
262
274
273
262
262
287
261
261
261
286
262
262
262
292
261
262
264
262
262
262
264
261
261
261
264
262
262
262
264
261
476
408
295
265
325
339
255
278
254
254
254
278
254
253
253
278
254
253
254
278
254
253
277
253
253
253
278
253
253
254
278
254
254
254
278
254
254
254
278
253
253
253
312
254
253
278
254
254
254
278
254
254
254
278
253
253
254
289
254
253
254
290
470
304
272
265
278
354
266
254
254
278
254
254
279
254
254
254
280
254
254
254
278
254
254
254
279
254
254
254
278
254
254
267
293
262
262
288
270
262
262
282
270
270
272
270
270
270
272
270
270
270
278
272
271
273
272
273
271
273
273
283
284
509
295
289
262
300
291
284
262
261
261
263
261
261
290
261
261
261
265
261
261
261
289
261
261
261
264
261
261
265
261
261
261
265
261
261
261
321
273
261
263
262
261
261
269
261
261
261
264
261
261
261
288
261
261
261
264
261
261
288
261
261
338
280
268
264
280
296
274
261
263
261
262
262
265
262
262
262
264
262
261
263
263
262
262
264
261
262
262
286
261
262
262
264
262
262
262
287
262
262
275
262
262
262
264
261
262
262
264
262
261
261
264
262
262
263
262
262
262
264
261
262
262
264
276
311
275
291
278
296
299
261
261
261
282
270
270
272
270
270
270
273
270
270
270
273
270
270
272
270
270
270
273
270
270
269
303
281
262
266
261
285
284
266
283
284
261
264
261
261
265
261
261
261
265
261
261
261
265
261
261
261
264
261
261
273
370
279
276
276
285
315
265
262
262
262
264
261
261
262
287
262
262
261
263
262
262
288
262
262
261
274
261
261
261
288
262
262
262
264
262
262
265
263
296
255
256
254
254
254
257
254
254
254
256
254
254
254
281
254
254
254
256
254
254
254
281
254
339
335
285
284
280
272
311
287
265
261
261
261
263
262
262
265
262
262
261
267
262
262
262
264
262
261
261
317
263
262
265
261
261
261
286
261
261
261
263
261
261
261
263
261
261
262
261
261
261
264
261
261
261
263
261
261
261
264
261
261
261
263
500
409
414
295
289
274
262
261
287
262
262
266
266
254
254
279
254
254
254
279
254
254
254
302
254
254
254
279
254
254
254
278
254
254
278
254
254
254
312
254
254
254
279
254
254
254
313
254
254
278
254
254
254
279
254
254
254
279
254
254
254
582
286
277
267
265
352
323
254
254
279
254
254
254
312
254
254
254
279
254
254
254
305
254
254
267
378
254
254
278
254
254
254
279
254
254
265
267
254
254
279
254
254
254
278
254
254
254
278
254
254
254
313
254
304
278
254
254
254
314
254
266
423
307
275
272
301
298
262
286
261
261
261
285
261
261
261
286
261
261
276
272
261
261
286
261
261
261
285
261
261
271
275
261
261
286
261
261
261
285
261
261
261
286
261
261
285
261
261
261
285
261
261
261
285
261
261
261
289
261
261
286
261
343
281
278
273
299
323
262
262
262
288
261
262
286
262
262
262
288
262
265
262
262
288
262
262
286
262
262
261
287
262
262
261
286
261
261
261
286
262
262
286
261
262
261
286
262
262
261
297
262
262
287
262
262
262
287
262
261
261
351
303
279
277
274
324
303
262
262
261
286
262
262
262
298
264
262
272
275
261
261
286
261
261
261
285
261
261
261
285
261
261
285
261
261
261
285
261
261
261
286
261
261
261
288
261
261
285
260
261
261
285
261
261
261
286
261
261
273
273
261
353
294
279
272
277
330
263
261
286
262
262
262
291
263
262
287
263
263
262
288
262
293
254
279
254
254
279
286
254
254
279
254
254
254
313
254
254
254
289
254
254
277
254
254
254
279
254
254
254
280
254
253
254
279
254
254
254
279
254
254
254
278
328
331
290
282
276
276
309
288
262
288
262
262
274
274
262
261
286
261
262
262
287
261
261
262
286
262
262
286
261
261
262
290
261
261
262
286
262
261
274
273
261
262
288
261
261
262
287
262
262
262
286
261
262
286
262
262
262
286
261
262
262
575
409
314
268
307
318
263
261
261
265
262
261
261
265
261
261
266
261
261
261
265
261
261
261
269
261
261
261
265
261
261
261
264
261
261
264
261
261
261
265
261
261
261
265
261
261
261
264
261
261
261
264
261
261
264
261
261
261
266
261
261
459
294
279
273
317
340
255
280
254
255
254
279
254
254
254
280
254
254
254
289
254
254
278
254
254
254
312
254
254
254
278
254
254
254
314
254
254
266
265
254
254
278
254
254
254
278
254
254
254
278
254
254
254
279
254
254
254
279
254
254
277
254
389
304
309
275
272
298
275
261
261
286
261
261
297
261
261
261
286
261
261
261
286
261
261
272
274
261
261
285
261
261
260
286
261
261
261
285
261
261
285
261
261
261
285
261
261
261
285
261
261
261
286
261
261
286
261
261
261
286
261
261
261
362
304
273
297
266
277
366
268
254
254
279
254
254
254
313
254
254
254
278
254
254
314
254
254
254
278
254
254
254
279
254
254
254
279
254
254
254
278
254
254
279
254
254
254
279
254
254
254
279
254
254
254
312
254
254
254
278
254
254
282
2315
535
332
297
317
403
335
390
330
376
275
340
298
298
301
274
272
277
273
272
271
273
323
297
273
341
289
274
273
270
270
274
270
270
269
272
278
315
273
270
271
355
292
275
301
553
302
275
275
270
396
310
282
274
299
399
264
262
287
261
261
286
262
261
261
299
254
254
254
279
254
253
253
277
254
253
277
254
254
254
277
253
253
254
278
253
253
254
313
253
253
254
278
254
253
266
300
254
254
282
254
254
253
305
253
253
253
277
254
253
253
423
333
310
298
285
300
308
263
262
287
262
262
262
287
262
262
262
286
262
262
274
273
262
262
286
261
261
261
287
262
262
261
286
262
262
288
262
261
262
286
262
262
262
298
261
261
286
261
261
262
288
262
262
300
276
261
262
274
273
261
262
360
303
309
277
290
287
275
265
262
262
262
264
262
262
265
261
261
261
264
262
262
261
264
261
262
262
265
262
261
261
263
262
262
264
261
261
262
275
262
262
262
264
261
261
262
264
262
261
273
274
262
262
264
262
262
262
264
261
261
261
264
262
341
303
277
272
273
332
262
261
266
261
261
261
265
261
261
261
264
261
261
261
264
261
261
261
263
261
261
264
261
261
261
269
261
261
261
265
261
261
261
265
261
261
261
263
260
261
294
275
261
261
266
261
261
261
265
261
261
261
263
261
260
264
303
315
273
290
277
296
300
262
262
261
286
262
262
262
287
262
262
286
262
262
262
286
262
262
261
290
262
261
273
275
262
262
286
261
261
261
287
262
262
262
287
262
262
304
273
254
253
279
254
253
253
312
254
254
254
277
254
254
297
270
254
266
422
272
270
270
263
327
318
267
253
254
278
253
253
254
278
254
254
253
282
254
253
253
278
254
254
254
313
254
253
278
254
254
254
312
254
254
253
278
253
254
253
309
254
254
277
254
254
254
278
253
253
253
278
254
254
254
278
253
254
253
278
253
364
312
274
270
265
352
308
255
314
254
254
254
289
254
254
267
266
254
254
278
253
254
254
279
254
254
254
279
254
254
254
278
254
254
254
279
254
254
279
276
262
262
264
263
263
262
287
263
291
254
267
254
254
279
254
254
254
279
254
254
254
278
348
328
277
274
265
265
356
281
254
256
254
254
254
279
254
254
254
256
254
254
254
282
254
254
254
256
254
254
254
256
254
254
255
255
254
254
282
280
254
254
256
254
254
254
256
254
254
254
256
254
254
254
281
254
254
254
256
254
254
254
281
254
253
328
318
312
285
283
340
294
281
254
254
295
262
262
287
261
261
285
261
261
261
285
261
261
261
285
261
261
261
274
261
261
285
261
261
261
286
261
261
261
285
261
261
284
261
261
261
286
261
261
261
286
261
261
261
299
261
261
285
261
273
315
300
267
265
317
323
254
254
313
254
254
267
266
254
254
281
254
254
254
279
254
254
254
279
254
254
254
278
254
254
254
304
254
254
278
254
254
254
313
254
254
254
279
254
254
254
314
254
253
289
254
254
254
279
254
254
254
279
254
254
254
279
407
272
271
263
324
341
254
254
254
279
254
254
254
312
254
254
254
279
254
254
297
270
254
254
280
254
254
254
311
254
254
254
279
254
254
266
265
253
254
279
254
254
254
289
254
254
254
278
254
254
254
314
254
254
278
255
254
254
314
254
254
254
385
291
269
267
325
308
266
267
254
254
280
255
254
254
279
254
254
254
279
254
254
254
278
254
254
254
365
263
262
288
261
261
261
286
261
261
276
273
261
261
285
261
261
261
286
261
261
261
286
261
261
285
261
261
261
285
261
261
261
286
261
324
327
270
264
289
339
267
255
313
255
254
255
279
254
254
254
280
254
254
254
278
254
255
280
274
262
261
264
262
262
262
275
262
262
261
264
262
261
286
262
261
262
264
262
262
261
288
261
261
262
264
262
261
263
261
261
261
265
261
261
262
264
332
333
299
265
265
349
271
254
254
277
254
254
254
313
254
254
254
279
254
254
254
312
273
270
277
270
270
270
273
270
278
261
285
261
261
285
261
261
261
286
261
261
261
285
261
261
261
284
261
261
285
260
261
261
317
261
260
261
286
261
261
343
296
289
266
267
326
287
265
262
262
262
265
261
262
262
263
262
261
287
274
262
261
263
261
261
261
264
262
262
261
264
261
262
274
254
254
254
256
254
254
254
257
254
254
254
256
254
254
253
256
254
254
254
256
254
254
254
257
254
254
254
256
254
329
351
307
302
288
275
302
284
287
261
262
261
298
261
261
276
272
261
261
286
261
261
261
286
261
260
273
273
261
261
286
260
261
261
286
261
261
260
285
261
261
285
261
261
261
286
261
260
261
285
261
261
261
285
261
261
286
261
261
261
285
309
323
300
265
266
351
293
254
254
279
254
254
254
315
256
254
254
280
254
254
254
313
254
254
279
254
254
254
278
254
254
254
279
254
254
254
279
254
254
254
279
254
254
266
266
254
254
278
254
254
254
313
254
254
254
278
254
254
254
313
254
254
411
305
271
297
264
289
351
280
254
254
280
284
254
253
279
254
254
254
278
254
254
254
279
254
254
254
313
254
254
279
254
254
254
301
262
262
262
286
262
262
285
261
261
262
287
262
262
261
288
262
261
261
286
262
261
299
262
262
262
286
261
273
364
281
274
273
312
287
263
294
272
271
270
274
270
270
270
272
270
270
272
270
270
270
273
270
270
270
273
269
270
273
270
270
270
272
270
270
270
272
270
270
273
270
271
270
273
270
270
271
286
270
270
272
270
270
270
273
270
270
269
272
468
298
288
283
275
681
296
276
272
271
270
274
272
280
262
287
261
262
288
263
262
262
288
333
273
276
272
270
269
272
271
271
272
273
270
460
281
271
270
285
270
271
271
272
270
270
270
272
270
270
273
270
271
272
273
270
273
277
888
339
280
393
291
273
270
304
275
291
273
282
279
299
286
298
275
335
289
263
261
285
261
261
261
286
261
261
261
285
261
261
261
297
261
261
285
261
261
261
286
261
261
261
286
261
261
285
261
261
261
286
261
261
261
286
261
261
683
495
306
275
277
277
270
270
270
273
270
270
270
273
270
269
272
270
270
270
272
270
270
270
273
270
270
283
271
270
270
273
270
270
270
272
270
270
271
270
270
270
272
270
270
270
273
270
270
271
271
270
270
273
270
270
270
295
308
313
311
290
267
280
299
274
262
287
262
262
262
286
262
262
262
283
270
270
272
269
270
270
284
269
270
270
271
270
270
272
270
269
270
273
270
270
270
272
269
270
272
270
270
270
274
270
270
270
273
270
270
272
269
270
270
272
270
269
270
420
293
277
277
275
275
274
270
270
270
273
270
270
270
272
270
270
284
270
270
270
272
270
270
270
273
270
270
272
270
270
270
273
270
269
269
272
270
269
271
270
270
270
272
269
270
270
273
270
270
269
272
270
270
272
270
270
270
272
270
269
321
282
275
272
277
273
270
270
272
270
270
284
270
270
270
272
269
270
270
272
270
270
272
270
270
269
272
270
270
270
272
269
270
272
269
270
270
273
270
270
270
273
270
269
271
270
270
269
272
269
269
270
272
270
270
271
271
270
270
272
270
325
394
276
263
263
276
262
262
262
286
262
262
264
262
262
262
305
254
254
254
279
254
254
254
278
254
254
254
267
254
254
279
254
254
254
279
254
254
254
279
254
254
254
279
254
254
254
304
262
262
287
312
262
262
287
263
285
298
350
318
287
281
273
276
332
263
261
261
285
261
261
286
261
261
261
286
261
261
261
286
261
261
273
273
261
261
285
261
261
261
285
261
261
261
285
261
261
286
261
261
261
285
261
261
261
329
273
261
285
261
261
261
286
261
261
261
297
261
261
355
305
315
289
290
339
266
313
254
254
266
266
254
254
279
254
254
254
279
254
254
254
279
254
253
254
278
254
254
254
279
254
254
278
254
254
254
314
254
254
254
278
254
254
254
306
254
253
266
267
254
254
292
254
254
254
278
254
254
254
279
265
352
308
272
269
264
350
312
255
279
254
254
253
312
253
253
254
278
254
254
254
312
254
253
278
253
253
253
278
254
254
254
278
253
254
253
279
253
254
254
278
254
254
279
304
254
254
282
254
254
254
312
254
254
254
278
253
253
295
269
253
253
289
390
273
271
263
326
308
278
254
254
278
253
253
253
278
254
254
253
278
253
253
253
278
254
253
253
311
254
253
265
265
253
254
313
254
253
253
277
253
253
254
312
254
253
253
277
253
254
277
254
254
253
277
253
253
254
278
253
254
254
278
254
254
337
311
268
263
292
348
254
296
269
253
253
278
254
254
254
278
253
253
253
278
254
254
253
278
254
253
266
265
253
253
279
253
253
253
281
253
253
253
303
254
253
253
278
254
254
254
312
253
254
278
253
254
253
277
253
253
254
278
254
253
254
277
264
379
285
275
273
301
300
262
262
287
262
262
262
286
261
261
261
286
262
261
286
261
261
262
287
262
262
261
296
262
262
286
262
262
262
288
285
262
261
286
261
261
274
274
262
262
286
261
261
262
286
262
262
262
287
261
261
286
262
262
262
286
374
293
272
264
326
310
279
254
254
278
254
254
253
279
254
254
254
278
254
254
254
289
254
254
254
313
254
254
278
254
254
254
304
263
261
261
265
263
263
262
264
263
266
279
254
254
253
278
254
254
254
278
254
254
254
279
254
254
254
279
254
254
342
328
313
316
285
275
287
320
262
262
286
263
262
262
298
261
261
261
287
262
262
262
285
261
261
287
262
262
262
288
261
262
262
264
262
261
274
273
261
262
264
262
262
262
288
262
261
261
264
262
262
263
262
262
262
263
262
262
261
263
262
309
320
320
279
267
330
310
255
290
254
254
254
312
254
254
254
279
254
254
254
315
254
254
278
254
254
254
303
254
254
254
278
254
254
254
279
254
254
254
279
254
254
278
255
254
254
279
254
254
254
313
254
254
254
279
254
253
254
311
254
254
278
323
327
294
276
276
350
291
254
254
254
278
254
254
278
254
254
254
279
254
254
254
344
340
255
282
254
254
254
257
254
254
253
282
254
254
254
257
254
254
254
257
254
254
253
256
254
254
254
256
254
253
255
254
253
253
256
253
253
254
259
254
254
253
372
298
269
289
288
340
265
312
254
254
278
254
254
254
280
254
254
254
297
284
266
254
279
254
254
267
266
254
254
279
254
254
254
279
254
254
254
312
254
254
254
279
254
254
267
301
254
254
279
254
254
254
289
254
254
254
279
254
254
254
279
254
339
353
270
264
292
338
265
254
279
254
254
254
313
254
254
295
295
254
253
282
254
254
253
257
254
253
253
257
254
253
254
257
254
253
254
256
254
254
255
254
254
253
256
253
254
254
317
297
306
354
309
349
349
321
337
366
308
324
289
325
350
340
292
317
350
355
312
311
379
322
340
336
309
311
278
254
254
335
321
354
305
309
254
299
346
254
311
314
311
311
279
321
299
345
254
254
311
278
282
282
300
278
261
292
294
293
293
296
293
293
293
289
293
322
281
336
286
282
271
275
277
279
271
272
269
283
270
272
274
271
271
273
277
271
279
261
264
261
288
264
261
286
287
264
261
284
261
268
272
275
291
261
261
273
278
261
261
313
290
286
286
290
287
286
289
314
261
261
265
261
261
261
264
261
305
322
292
273
271
290
299
339
286
276
262
262
264
262
262
262
264
261
261
263
262
262
262
264
262
262
262
275
262
262
262
264
261
261
261
264
262
262
264
262
262
262
266
261
261
261
264
262
262
262
264
261
261
261
264
262
262
263
261
261
261
264
304
310
309
291
278
299
328
277
270
273
269
269
270
272
269
269
269
272
269
269
274
269
269
270
272
269
269
269
272
269
269
269
271
269
269
271
269
269
269
272
269
269
269
271
269
269
271
269
269
269
271
273
270
269
269
272
269
269
492
317
290
277
276
276
277
286
262
262
265
262
262
262
276
262
262
262
264
262
262
262
263
261
261
264
261
261
262
264
261
261
261
280
270
270
270
272
276
270
272
271
271
271
273
271
270
270
273
271
271
278
271
271
271
277
280
276
279
286
303
411
302
268
270
269
264
307
279
276
262
262
286
262
262
262
264
261
262
262
288
262
261
262
263
262
261
264
261
261
261
264
261
261
262
264
262
262
262
265
261
261
261
263
262
262
264
262
262
262
287
262
262
261
263
261
261
261
312
262
262
264
274
327
274
278
263
304
281
262
261
262
264
262
262
262
264
262
261
261
264
262
262
263
262
262
262
264
261
262
262
264
262
262
262
264
261
262
262
264
261
261
263
262
262
262
264
262
262
262
264
261
262
262
264
262
261
261
288
262
262
271
262
261
262
280
305
281
273
278
276
271
273
270
270
270
272
270
270
270
271
270
270
272
270
270
270
273
270
270
270
272
270
270
272
270
269
270
272
270
270
270
272
270
270
272
270
270
270
273
270
270
270
273
270
269
312
274
282
277
266
296
262
287
286
275
328
341
282
281
277
273
276
278
265
261
262
261
286
262
261
264
262
262
262
288
262
262
261
264
262
262
262
263
261
261
263
261
261
262
264
262
262
262
264
262
262
261
263
262
262
262
267
262
262
306
257
254
254
258
253
254
254
282
254
253
253
257
351
319
307
285
276
279
272
270
270
271
269
270
270
272
269
269
269
271
269
270
272
270
270
269
271
269
269
269
271
269
269
271
269
270
269
271
269
269
269
287
270
269
272
269
269
269
273
270
269
269
272
269
269
271
269
269
270
272
269
269
270
309
320
271
290
277
351
291
286
254
254
279
254
254
254
279
254
254
254
279
254
254
254
279
254
254
278
254
254
254
278
254
254
254
282
254
254
254
314
254
254
254
278
254
254
294
304
255
254
258
253
253
254
257
253
254
254
257
254
254
253
256
253
266
390
280
279
274
276
319
276
266
261
261
261
289
261
261
261
266
261
261
276
322
261
261
265
261
261
273
304
261
261
265
261
261
261
264
261
261
261
265
261
261
261
306
262
261
264
261
261
261
288
261
261
261
265
261
300
273
288
261
261
265
261
359
286
283
274
277
279
275
262
262
264
262
261
262
265
262
262
263
265
263
262
276
262
262
262
287
262
261
262
265
262
262
261
287
262
262
264
262
261
262
287
262
262
262
264
262
261
262
263
262
261
264
262
262
262
264
262
287
404
276
271
270
555
2247
376
276
284
273
278
271
270
270
272
271
271
1011
346
279
271
270
273
270
270
276
271
271
272
332
271
271
274
269
270
270
280
271
269
269
318
270
269
274
270
270
270
273
270
269
269
272
269
2251
473
295
303
279
275
276
272
277
279
281
289
263
263
262
264
262
263
263
265
262
263
264
264
263
263
277
271
271
270
273
271
271
271
272
271
270
272
270
270
270
272
269
270
270
274
270
270
272
270
270
270
273
271
677
464
1271
351
272
270
274
270
270
270
274
270
270
270
273
270
269
274
271
270
271
277
274
274
271
287
271
271
279
279
276
298
312
273
270
274
270
270
269
273
270
309
272
274
7897
15763
457
306
285
281
274
272
277
274
273
272
274
271
271
272
271
271
270
272
270
270
270
272
270
270
270
272
270
270
288
270
270
269
272
270
270
269
272
270
269
272
269
270
270
273
270
327
335
288
276
271
276
274
270
272
269
269
269
272
269
269
269
271
270
269
271
270
269
269
282
271
269
269
272
269
269
271
269
269
269
272
269
269
269
275
269
269
269
271
269
269
272
269
269
269
272
269
269
270
271
269
269
270
269
269
269
271
362
306
300
277
277
275
273
270
270
272
270
270
270
272
270
270
270
273
270
269
271
271
270
269
272
270
270
270
273
270
270
271
284
270
270
273
270
269
270
273
270
270
271
271
270
270
272
269
270
270
272
270
270
270
271
270
270
272
269
269
307
304
286
273
278
272
273
269
273
269
270
269
275
269
269
283
269
270
270
274
269
270
270
273
269
269
277
269
270
269
273
269
269
270
273
269
269
273
270
269
269
272
269
269
269
273
269
269
273
270
269
269
273
269
269
269
280
261
261
261
264
274
362
298
277
273
277
275
271
270
273
270
270
270
366
2402
1072
456
363
696
299
362
303
307
338
281
281
273
310
272
271
271
273
270
270
347
274
273
271
273
270
270
270
273
271
271
273
613
424
304
278
431
300
272
270
295
386
274
277
270
270
272
270
269
270
272
270
270
270
272
271
270
272
269
270
270
272
269
269
270
273
270
270
271
270
270
285
261
261
263
261
261
261
263
261
261
261
263
261
261
261
263
261
261
344
307
300
309
280
272
295
315
270
270
269
274
270
269
274
269
270
269
273
270
269
269
272
270
269
272
270
269
269
272
269
270
269
272
269
269
272
269
269
269
272
269
269
269
273
270
269
274
269
269
269
272
269
269
269
273
269
269
271
269
270
491
440
286
292
275
270
269
273
270
269
271
269
270
269
273
269
269
269
272
269
269
269
273
269
269
274
269
270
269
274
269
269
269
273
269
269
273
269
269
269
273
269
269
269
273
269
269
272
269
269
269
272
269
269
269
277
269
269
273
332
315
283
335
277
276
276
270
270
270
274
270
270
272
270
270
270
272
270
270
269
272
270
269
271
270
270
270
272
270
270
270
273
270
270
271
271
270
270
273
270
270
270
272
270
270
270
271
270
270
284
270
270
270
272
270
270
270
271
270
270
364
291
280
275
274
276
271
274
270
270
270
273
270
270
271
270
270
270
273
270
270
270
272
269
270
271
270
270
270
273
270
270
270
273
270
269
270
272
270
269
272
270
270
270
283
269
270
270
272
270
270
273
270
270
270
273
270
270
269
289
273
343
304
305
293
286
298
278
262
264
262
262
262
264
262
262
264
262
262
262
264
262
262
261
287
262
262
262
264
262
261
262
263
262
261
264
261
262
262
275
262
262
262
264
261
261
261
264
262
262
263
262
262
262
288
261
262
261
264
262
262
262
288
364
300
298
273
264
284
349
266
254
258
254
253
254
256
254
254
253
256
253
254
254
257
254
254
253
256
253
253
253
256
253
253
260
254
254
253
281
254
254
253
257
253
253
254
282
253
253
254
257
253
254
254
316
254
254
254
256
254
253
256
254
253
254
334
319
299
278
265
289
296
266
261
262
262
287
262
261
263
262
262
262
286
261
261
262
264
262
261
262
268
262
261
261
263
262
261
264
261
262
262
264
262
262
261
264
262
262
261
264
262
262
262
311
262
261
265
262
261
261
286
261
261
261
263
261
333
331
311
274
270
308
279
263
265
262
262
262
265
262
262
262
264
262
262
275
262
262
262
287
261
261
261
264
261
262
262
288
262
262
264
261
262
261
264
261
261
262
264
261
262
262
312
325
254
256
253
254
254
256
254
254
254
257
254
254
254
279
319
321
281
270
264
264
374
267
254
258
253
254
254
261
254
253
253
257
253
254
253
256
253
254
254
257
254
254
253
256
253
254
253
256
254
254
253
281
253
254
253
256
253
254
254
347
285
253
257
254
253
253
257
254
253
253
257
254
253
253
256
254
254
266
351
271
269
273
262
301
281
262
261
261
288
261
261
261
265
261
261
261
289
261
261
261
264
261
261
264
261
261
261
264
261
261
261
264
261
261
261
264
261
261
261
293
261
261
264
261
261
261
287
261
261
260
265
261
261
261
288
261
261
265
261
261
516
304
282
275
277
278
277
275
269
269
270
272
269
269
270
271
271
269
271
269
269
270
272
269
270
269
272
270
269
271
269
270
270
271
269
269
269
279
261
261
261
262
261
311
264
261
261
261
263
261
299
275
263
261
261
266
261
261
313
286
490
328
281
265
375
354
263
261
263
261
261
311
264
261
261
261
263
261
313
263
261
261
261
263
261
273
302
264
261
261
261
262
261
314
336
308
272
274
271
271
273
275
272
281
262
265
261
276
288
262
261
262
264
261
261
287
265
262
262
262
590
490
282
278
297
279
261
314
313
262
262
261
264
261
286
298
287
261
261
264
261
261
322
265
262
262
262
264
262
310
337
256
253
254
258
253
304
307
254
254
254
261
253
254
354
282
254
253
253
257
254
329
330
254
254
253
256
253
266
391
437
339
280
275
356
323
255
255
254
257
254
266
343
256
254
254
255
255
254
344
291
254
254
254
256
254
318
323
280
254
254
256
254
265
345
268
254
254
256
254
254
357
256
254
254
254
255
254
306
306
254
254
254
256
254
254
356
280
354
324
294
281
278
286
304
314
265
264
261
296
280
261
261
261
263
261
261
313
264
261
261
261
264
261
302
298
261
261
261
268
261
299
275
285
261
261
264
261
261
314
286
261
261
260
263
261
313
263
261
261
261
263
261
272
302
263
261
261
273
535
453
279
290
286
278
262
301
324
262
262
261
264
262
262
322
289
262
262
275
274
262
322
267
262
262
262
265
262
308
276
262
262
262
265
262
283
298
264
262
262
264
262
262
320
287
262
262
262
264
262
308
299
262
262
261
264
261
455
332
304
308
295
272
284
314
265
261
261
265
261
261
299
282
261
261
261
301
261
261
288
261
261
261
265
261
261
261
288
281
270
271
269
269
270
272
270
269
269
271
270
269
269
270
269
269
272
269
269
270
272
269
269
269
272
302
297
299
291
278
273
313
285
261
266
261
261
261
270
261
261
261
320
262
261
286
261
261
261
286
261
261
261
286
261
261
285
262
261
261
286
261
261
261
286
261
261
261
286
261
261
286
261
261
261
285
261
261
261
286
261
261
272
274
261
261
296
360
278
270
265
327
309
283
254
254
254
312
254
254
325
289
305
273
278
263
264
266
261
263
285
265
262
262
262
264
262
261
261
264
262
262
264
261
262
261
263
261
262
262
264
262
262
261
264
261
262
262
264
262
261
264
261
261
262
264
262
262
359
341
275
266
291
326
309
279
254
254
254
373
349
262
265
262
261
261
264
261
262
262
264
262
262
263
262
261
262
265
262
262
262
264
262
262
262
264
261
261
261
264
262
262
263
263
262
262
264
262
262
262
264
261
261
262
274
262
261
262
264
303
309
308
292
268
334
312
255
254
298
262
262
262
288
261
262
287
262
262
261
287
262
262
262
287
261
261
272
275
262
262
286
261
261
261
298
254
254
254
279
254
254
254
312
254
254
278
254
254
254
290
254
254
254
279
254
254
254
278
254
254
266
361
318
269
289
288
348
338
271
255
298
270
254
254
279
254
254
254
314
254
254
254
279
254
254
278
254
254
254
278
254
254
254
278
254
254
254
279
254
254
254
279
254
254
254
282
254
254
296
269
254
254
279
254
254
254
313
254
254
254
279
254
403
366
272
265
308
351
292
279
254
254
254
279
254
254
254
279
254
254
254
278
254
254
254
313
254
254
278
254
254
254
314
254
254
254
278
254
254
254
282
254
254
254
278
254
327
327
270
254
253
257
254
253
254
256
253
254
256
253
254
254
307
290
515
330
426
344
392
270
254
280
254
253
253
278
254
254
265
266
254
253
278
254
254
254
278
254
254
327
283
254
254
253
280
253
253
312
253
253
308
297
261
261
261
286
261
261
285
261
261
309
286
261
261
272
274
261
285
312
261
261
261
512
317
314
290
283
334
267
262
262
265
262
262
261
264
262
262
262
264
261
262
262
264
262
262
319
262
261
262
264
262
262
262
264
262
261
262
264
262
262
264
262
262
261
264
261
262
299
276
262
262
262
264
262
262
280
302
271
270
273
270
269
632
538
329
352
292
266
262
262
262
265
262
262
261
264
262
310
308
261
261
261
264
261
262
262
264
262
286
301
262
262
261
264
261
261
321
264
261
261
264
262
262
262
264
262
262
309
276
262
261
261
308
265
285
291
261
261
261
266
261
430
312
325
294
296
278
352
347
268
254
254
294
254
254
341
266
254
290
316
254
254
254
279
254
254
321
262
262
261
264
262
262
262
286
262
262
311
263
262
262
286
261
261
298
277
262
261
261
311
264
285
289
261
262
262
264
262
262
311
470
663
348
286
347
264
263
262
287
262
262
306
274
262
261
287
262
262
310
265
262
273
302
262
262
262
264
261
262
262
264
262
262
261
263
262
262
264
262
262
262
264
262
262
261
287
262
262
262
264
262
261
263
285
262
262
264
262
262
262
379
293
281
276
273
275
272
273
270
270
271
270
270
270
272
270
270
270
273
270
270
271
270
270
270
273
269
270
269
272
270
270
270
271
270
269
272
270
269
269
272
270
270
270
317
262
261
265
262
262
262
264
261
262
261
275
262
262
262
263
261
355
299
269
263
305
284
262
261
266
261
261
261
265
261
261
261
264
261
261
261
264
260
261
264
261
261
261
265
261
261
261
264
261
261
261
265
261
261
261
264
261
261
285
274
261
261
264
261
261
261
268
261
261
261
265
261
261
263
262
261
261
264
370
312
277
263
263
361
271
254
253
254
280
254
254
254
254
254
254
281
254
254
254
257
254
253
254
256
253
254
253
256
253
253
253
256
253
253
254
257
254
254
254
316
265
262
268
262
262
262
288
261
262
262
264
262
261
261
288
262
262
263
262
262
261
441
273
266
268
327
307
254
256
254
254
254
255
254
254
255
255
254
254
256
254
254
254
279
254
254
253
257
254
254
254
281
254
254
254
256
254
254
254
310
262
261
264
262
263
262
265
263
286
261
264
262
262
261
264
262
261
261
264
262
261
287
261
274
317
303
268
264
291
296
263
262
265
261
262
262
264
262
261
264
262
262
262
264
262
262
262
264
261
262
262
264
262
261
261
274
261
261
276
274
262
262
264
262
262
261
286
261
261
262
263
262
261
263
261
261
261
264
261
262
262
264
262
262
262
265
482
424
414
269
303
286
263
262
287
262
262
262
263
262
262
287
262
261
262
264
272
262
262
261
264
261
261
261
286
261
261
262
261
261
261
264
261
261
261
270
254
253
253
312
253
253
253
277
254
254
264
302
253
253
278
253
254
253
324
290
272
272
264
288
340
292
253
254
254
278
254
253
277
253
253
253
281
253
253
253
312
253
253
253
278
254
253
253
303
273
261
286
261
261
261
286
261
261
261
285
261
261
285
261
261
261
286
261
261
261
286
261
261
261
286
261
261
288
261
261
380
354
268
262
341
310
255
280
254
254
254
282
254
254
254
278
254
254
254
278
254
254
254
279
254
254
267
309
263
262
266
261
261
261
266
261
261
261
264
261
261
265
261
261
261
264
261
261
261
265
261
261
260
264
261
261
261
264
261
261
264
273
348
305
306
291
307
356
255
255
255
312
254
254
279
254
254
254
313
254
254
254
308
255
254
265
267
254
254
279
254
254
254
278
253
254
254
278
254
254
254
278
254
254
254
279
254
254
280
287
254
254
279
254
254
254
312
304
255
267
266
254
254
321
337
285
279
277
350
279
278
253
254
253
278
253
254
279
282
254
253
278
253
253
254
310
254
254
253
277
254
253
254
310
254
253
278
253
254
253
278
254
254
253
278
253
253
253
278
254
253
253
278
254
254
277
253
253
253
282
253
253
253
296
265
301
389
271
271
266
294
329
305
279
254
254
254
322
275
271
273
270
270
270
273
270
282
262
287
262
261
285
261
261
262
287
262
262
261
286
262
262
262
286
262
261
286
262
262
262
286
262
262
262
298
263
262
286
263
261
261
287
262
263
263
287
334
369
277
263
265
342
323
253
254
315
265
262
265
261
261
261
266
261
261
261
265
261
261
261
265
261
261
261
264
261
261
264
261
261
261
264
261
261
261
265
261
261
261
268
261
261
261
265
261
260
264
261
260
261
265
261
261
261
264
261
261
261
367
297
306
299
279
296
291
277
262
262
286
261
261
261
287
262
262
273
275
262
262
287
262
262
262
287
262
262
262
287
262
261
286
261
261
261
298
261
261
261
286
261
262
287
262
262
261
287
261
261
261
286
262
262
262
287
261
261
285
261
262
346
384
274
263
332
281
262
265
261
261
261
265
261
261
261
265
261
261
261
264
261
261
261
264
261
261
264
261
261
261
283
295
276
261
291
261
265
264
261
261
261
288
261
261
261
264
261
262
262
265
290
287
266
262
287
331
319
268
271
390
474
311
274
268
264
268
339
292
254
283
254
253
253
257
253
253
256
279
253
253
256
253
254
253
261
254
254
253
258
253
254
253
256
253
254
253
257
253
254
253
258
254
253
253
257
254
254
253
281
253
253
254
256
253
253
266
268
254
253
295
312
254
254
399
310
271
275
263
287
359
254
254
254
257
253
254
254
257
253
254
253
260
253
254
254
281
254
253
253
257
254
254
254
281
254
253
256
253
253
253
256
253
253
253
256
253
254
254
257
254
254
254
256
253
253
253
256
254
254
253
335
262
261
276
273
261
286
315
274
265
266
365
269
255
256
254
254
254
266
254
254
254
257
254
254
254
256
254
254
254
256
254
254
254
255
254
253
255
254
254
254
280
253
254
254
257
254
254
254
281
254
254
254
256
254
254
254
257
254
254
254
303
276
334
268
298
262
293
295
594
304
275
274
302
300
262
262
287
261
262
262
264
261
262
262
288
262
262
264
261
262
262
264
262
262
261
264
262
262
261
264
262
261
262
262
262
262
264
262
262
261
264
261
262
262
287
261
262
262
300
263
261
287
261
261
261
263
261
261
261
323
319
289
278
266
278
297
277
262
262
265
262
262
261
264
261
262
262
264
262
262
262
286
262
262
264
261
261
262
289
262
262
262
264
262
261
261
263
262
261
263
262
262
261
264
261
261
261
287
286
285
285
264
285
285
291
272
273
285
310
262
317
314
303
290
283
277
277
272
273
270
270
270
273
270
269
271
270
270
270
272
270
270
270
272
270
270
272
270
270
270
272
270
270
270
273
270
270
271
270
270
269
272
269
270
270
281
262
261
261
275
262
261
264
262
262
262
264
262
262
262
264
262
357
307
267
264
324
314
254
254
296
269
254
254
279
254
254
254
312
254
254
254
279
254
254
278
254
479
321
254
254
254
278
254
254
254
279
254
254
254
279
254
254
254
315
264
261
290
261
261
261
265
261
261
261
289
261
285
265
261
261
261
284
351
281
278
273
311
287
264
262
262
261
264
261
262
264
261
262
262
265
262
262
262
286
261
262
262
264
262
262
274
262
262
261
263
261
261
261
274
262
261
262
307
274
293
288
262
262
261
286
261
261
262
287
262
262
286
262
262
262
287
262
262
409
283
274
271
270
271
270
271
270
272
270
270
270
271
270
269
272
269
270
270
272
269
270
269
315
337
312
297
268
265
305
308
262
261
287
261
261
261
286
261
261
290
261
261
261
286
261
261
260
285
261
261
273
273
261
261
287
261
261
261
286
261
261
261
286
261
261
286
261
261
261
286
261
261
261
286
261
261
261
285
261
261
285
261
261
504
501
430
325
327
256
280
255
254
281
254
254
254
279
254
254
254
278
254
254
254
279
254
254
254
279
254
254
254
345
256
254
279
254
254
253
278
254
253
254
278
253
254
253
277
254
254
267
264
253
254
278
253
253
253
278
253
254
254
278
254
472
318
274
268
302
339
294
254
278
254
254
254
278
254
254
278
254
254
254
279
254
254
254
278
254
254
254
293
254
254
254
279
254
254
277
254
254
254
279
253
254
254
279
254
254
254
278
254
254
254
280
254
254
254
278
254
254
278
254
254
254
286
391
300
273
263
314
325
280
254
254
278
254
254
254
278
254
254
254
279
254
254
254
278
254
254
254
308
254
254
278
254
254
254
278
253
254
254
279
254
254
254
279
254
254
254
279
254
254
254
278
254
254
279
254
254
254
290
254
254
254
279
254
254
321
330
271
263
268
351
269
267
265
254
254
278
254
254
254
279
254
254
254
278
254
254
254
312
254
254
266
265
254
254
278
254
254
254
278
254
254
254
279
254
254
254
279
254
254
254
278
254
254
287
254
254
254
279
254
254
254
279
254
254
254
278
254
340
311
277
273
286
320
262
262
287
262
262
261
287
262
262
262
286
262
262
274
338
291
300
302
286
298
304
284
285
313
261
262
262
264
261
262
262
266
261
262
262
274
262
261
263
262
261
261
264
261
262
262
264
262
262
262
264
261
262
261
277
309
276
292
263
301
283
287
261
262
287
261
262
261
286
261
262
262
438
2255
323
349
322
387
275
272
319
329
353
281
322
310
338
381
304
288
280
272
272
272
274
271
317
273
289
274
282
288
263
262
338
307
314
294
300
386
291
290
263
263
287
265
263
262
279
277
262
262
287
262
262
273
275
262
261
286
261
261
262
299
262
262
262
287
262
262
287
261
261
262
289
262
262
262
287
261
261
285
262
262
262
286
261
261
261
287
262
262
261
285
262
600
409
393
309
297
277
267
261
262
262
300
261
261
261
265
261
261
265
261
261
261
268
261
261
261
264
261
261
261
264
261
261
261
264
261
261
264
261
261
261
264
261
261
261
265
261
261
261
265
261
261
261
265
261
285
265
261
261
260
264
516
531
298
277
279
271
270
270
285
278
262
261
265
261
261
261
267
261
261
286
261
261
261
263
261
261
261
286
261
261
261
263
261
261
262
262
261
261
264
261
261
261
263
261
261
261
263
261
261
261
264
261
260
261
263
261
261
287
261
261
261
365
285
276
275
274
329
261
288
261
261
265
262
261
260
263
261
261
261
263
261
261
261
264
261
261
261
263
261
261
261
263
261
261
286
261
261
261
263
261
261
261
287
261
261
261
262
261
261
263
261
261
260
263
261
261
261
263
261
261
261
263
261
304
317
280
272
275
368
275
270
277
269
270
270
274
269
270
269
271
269
269
273
269
270
269
272
270
269
269
272
269
269
273
270
270
269
274
269
269
269
272
269
269
273
270
269
269
273
269
269
269
273
269
269
272
269
269
269
272
269
270
269
275
284
287
292
277
303
282
283
262
262
265
262
285
262
265
261
261
261
264
261
261
261
267
261
261
261
264
261
261
264
261
261
260
264
261
261
261
264
261
