2893
2708
2724
2700
2734
2951
2630
2624
2625
2625
2687
2818
2652
2623
2625
2627
2683
2677
2792
2671
2625
2627
2681
2637
2662
2622
2624
2747
2733
2683
2756
2624
2625
2625
2712
2626
2786
2795
2809
2997
3016
3029
3617
2826
2710
2809
2948
2955
2870
2777
2822
2839
2702
2735
2864
2800
2715
2714
2699
2727
2698
2700
2723
2699
2706
2723
2699
2698
2730
2773
2708
2698
2803
2700
2749
2728
2699
2699
2770
2700
2860
2708
2699
2699
2727
2699
2725
2699
2699
2698
2691
2670
2678
2746
2647
2620
2673
2626
2641
2621
2621
2620
2621
2683
2652
2700
2739
2714
2726
2786
2798
2766
2721
2700
2710
2850
2699
2699
2699
2698
2708
2771
2700
2698
2700
2707
2698
2778
2703
2700
2698
2709
2699
2792
2701
2701
2709
2700
2701
2788
2700
2701
2708
2701
2700
2787
2702
2707
2701
2702
2749
2740
2735
2754
2698
2698
2782
2648
2939
2621
2646
2646
2706
2623
2817
2728
2622
2646
2768
2631
2712
2644
2647
2621
2673
2653
2732
2620
2622
2671
2690
2714
2723
2723
2698
2699
3301
2704
2776
2702
2745
2743
2792
2785
2783
2784
2784
2794
2784
2782
2800
2773
2709
2725
2724
2725
2702
2704
2766
2737
2702
2726
2726
2728
2699
2753
2726
2699
2701
2776
2749
2748
2767
2786
2786
2852
2782
2783
2783
2785
2783
2847
2804
2785
2784
2793
2782
2784
2783
2783
2766
2714
2687
2839
2698
2723
2694
2722
2698
2777
2767
2774
2743
2767
2766
2790
2742
2775
2766
2766
2766
2745
2708
2703
2699
2701
2703
2708
2700
2700
2646
2619
2622
4864
3521
3142
2947
2811
2742
2727
2725
2702
2655
2711
2723
2744
2725
2724
2711
2725
2755
2740
2701
2701
2731
2748
2750
2724
2700
2699
2690
2736
2736
2733
2689
2708
2725
2713
2665
2813
2744
2689
2700
2936
2767
2921
2769
2766
2809
2728
2702
2781
2700
2724
2748
2701
2700
2783
2701
2700
2748
2725
2708
2724
2724
2724
2724
2701
2755
2699
2621
2646
2702
2627
2623
2671
2645
2622
2719
2650
2648
2622
2748
2672
2862
2723
2721
2723
2945
2724
2724
2723
2700
2700
2788
2752
2701
2721
2722
2700
2758
2754
2724
2783
2722
2721
2797
2723
2722
2721
2699
2699
2837
2778
2699
2722
2722
2700
2762
2745
2721
2699
2685
2758
2724
2774
2722
2722
2666
2687
2890
2729
2700
2702
2753
2699
2921
2766
2767
2769
2743
2766
2767
2766
2742
2769
2766
2766
2769
2662
2626
2620
2647
2648
2698
2674
2675
2620
2622
2648
2705
2648
2623
2646
2648
2622
2744
2839
2648
2620
2622
2673
2681
2666
2766
2648
2620
2623
2796
2647
2673
2650
2645
2648
2690
2621
2727
2671
2620
2649
2740
2620
2678
2647
2646
2624
2686
2645
2672
2620
2622
2674
2758
2737
2750
2855
2700
2620
2791
2747
2699
2803
2757
2722
2698
2721
2722
2773
2698
2744
2722
2699
2698
2776
2698
2722
2723
2726
2692
2718
2721
2750
2664
2688
2760
2743
2664
2752
2722
2665
2687
2746
2722
2691
2687
2757
2664
2711
2721
2742
2715
2688
2798
2711
2805
2717
2759
2664
2687
2721
2912
2739
2664
2722
2721
2664
2765
2760
2687
2664
2722
2722
2772
2690
2722
2722
2664
2687
2859
2768
2744
2766
2766
2773
2962
2743
2766
2767
2766
2745
2926
2708
2723
2700
2698
2713
2808
2623
2623
2647
2650
2680
2694
2731
2649
2625
2621
2710
2648
2671
2623
2675
2621
2703
2725
2728
2688
2691
2698
2755
2689
2743
2708
2723
2687
2696
2675
2647
2623
2648
2649
2705
2725
2754
2777
2693
2688
2786
2688
2704
2846
2723
2688
2695
2725
2723
2714
2688
2758
2716
2667
2723
2782
2664
2688
2761
2722
2664
2742
2758
2664
2720
2722
2723
2688
2688
2825
2735
2664
2688
2759
2664
4687
3113
3145
3018
2735
2750
2700
2707
2755
2757
2756
2756
2727
2702
2701
2758
2741
2730
2700
2750
2702
2737
2646
2674
2621
2622
2650
2646
2676
2681
2645
2648
2625
2620
2727
2795
2621
2647
2651
2621
2646
2839
2723
2703
2702
2704
2724
2714
2646
2648
2623
2623
2646
2882
2625
2622
2646
2648
2621
2698
2675
2621
2623
2647
2646
2737
2624
2646
2648
2622
2620
2768
2650
2621
2623
2673
2620
2695
2671
2646
2623
2622
2647
2787
2793
2620
2644
2644
2627
2679
2832
2619
2620
2644
2651
2672
2671
2643
2647
2626
2619
2754
2724
2744
2699
2749
2722
2698
2722
2823
2726
2698
2821
2644
2619
2671
2677
2619
2679
2644
2643
2675
2626
2643
2704
2700
2698
2748
2745
2699
2722
2745
2699
2729
2846
2723
2755
2699
2728
2723
2722
2698
2745
2699
2698
2701
2747
2726
2666
2731
2725
2689
2694
2756
2689
2672
2723
2724
2689
2709
2756
2725
2700
2701
2796
2724
2706
2724
2725
2701
2792
2755
2726
2701
2700
2750
2747
2734
2790
2785
2783
2783
2798
2711
2711
2722
2722
2701
2745
2721
2722
2699
2746
2724
2746
2699
2721
2722
2724
2819
3036
2916
2676
2721
2725
2720
2794
2722
2722
2666
2687
2787
2723
2746
2722
2732
2699
2722
2735
2736
2706
2698
2746
2722
2698
2746
2729
2699
2698
2746
2723
2682
2622
2671
2621
2644
2646
2675
2621
2621
2700
2788
2793
2783
2782
2783
2783
2783
2790
2783
2783
2783
2783
2789
2784
2783
2783
2783
2782
2763
2766
2789
2704
2813
2731
2819
2722
2845
2784
2769
2824
2723
2722
2833
2723
2887
2745
2760
2805
2799
3214
2891
2934
2790
2816
2980
2785
2839
2762
2826
2768
3291
2799
2780
3085
2876
3156
2897
2913
2806
2958
2834
3005
2784
2975
2944
2802
2996
2923
2892
2797
2912
2701
2778
2903
2652
2726
3171
2830
2729
2821
2652
2654
2622
2624
2690
2812
2674
2624
2647
2647
2682
2671
2677
2623
2621
2648
2682
2675
2626
2648
2647
2623
2700
2919
2852
2948
2825
2724
2788
2784
2777
2724
2700
2699
2743
2716
2710
2700
2700
2715
2792
2701
2795
2643
2642
4516
2967
3340
2942
2735
2748
2748
2710
2796
2702
2758
2724
2699
2721
2761
2713
2700
2723
2722
2741
2729
2754
2700
2724
2721
2723
2779
2699
2721
2771
2699
2698
2756
2725
2740
2785
2784
2793
2797
2745
2737
2810
2724
2734
2793
2702
2888
2958
2928
2977
2972
2901
2925
3055
2654
2626
2818
2721
2622
2633
2620
2623
2673
2733
2629
2623
2621
2622
2646
2708
2779
2700
2699
2698
2700
2853
2619
2619
2620
2618
2619
2844
2624
2624
2623
2622
2624
2742
2623
2623
2623
2622
2630
3039
2889
3520
2915
2636
2620
2930
2741
2621
2621
2665
2685
2749
2701
2723
2710
2698
2749
4825
4357
4863
3684
6597
3565
3392
3962
5284
2836
2862
2922
2706
3737
2629
2622
2677
3055
3385
2822
2627
2622
2729
2701
2842
2738
2624
2619
2987
2655
3079
3034
2886
2911
2801
2708
2974
2979
2986
2856
2830
2819
3365
2929
2700
2635
2622
2623
3090
2798
2686
2621
2802
3024
3155
2729
2900
2765
2623
2836
2787
2680
2695
2625
2623
2624
2944
2792
2705
2699
2699
2698
2984
2738
4788
3096
2891
4672
2812
2790
2749
2715
2844
2740
2727
2792
2711
2711
2914
2794
2786
2784
2796
2783
2875
2863
2707
2700
2711
2701
2894
2765
2625
2635
2622
2623
2853
2712
2621
2632
2620
2619
2932
2831
2640
2620
2814
2621
2678
2967
2665
2621
2620
2670
2802
2962
2625
2623
2622
2621
2696
3185
3187
2799
2801
2675
2681
2948
2630
2623
2624
2657
2622
3019
2662
2624
2700
2685
2624
2774
2737
2624
2621
2904
2647
2926
2728
2622
2633
2761
2622
2876
2777
2634
2621
2774
2621
2835
2847
2642
2694
2770
2623
2694
2824
2622
2675
2621
2805
2622
2926
2624
2677
2622
2621
2621
3264
2627
3006
2802
2773
2873
3120
2627
2768
2623
2633
2623
3038
2627
2674
2653
2631
2622
2984
2708
2621
2633
2621
2621
2903
2968
2626
2632
2624
2623
2757
2910
2634
2622
2679
2622
2800
2836
2634
2622
2620
2622
2706
2981
2649
2622
2622
2621
2625
3049
2657
2621
2622
2621
2621
4884
3495
3066
2675
2904
3078
2710
2702
2696
2703
2795
3188
2796
2689
2665
2700
2714
3229
2693
2666
2700
2719
2665
2991
2628
2633
2621
2683
2697
2975
2670
2700
2689
2726
2689
3013
2776
2690
2670
2689
2689
2928
2639
2624
2622
2744
2717
2782
2722
2624
2624
2794
2623
2972
2731
2623
2695
2624
2621
2880
2869
2626
2650
2622
2634
2621
2923
2625
2696
2644
2635
2621
2966
2631
2680
2633
2624
2623
2929
2724
2687
2633
2621
2622
2850
2725
2658
2622
2620
2622
2784
2761
2687
2622
2621
2622
2622
3040
2676
2622
2622
2621
2622
2920
2765
2621
2623
2621
2621
2933
2735
2645
2622
2622
2631
2917
2711
2624
2621
2622
2632
2844
2889
2624
2621
2632
2622
2701
2799
2626
2624
2635
2624
2622
3019
2624
2632
2621
2622
2677
3010
2626
2632
2621
2620
2716
3055
2743
2623
2624
2623
2804
2986
2797
2623
2621
2622
2732
2896
2726
2623
2622
2621
2674
2811
2939
2625
2624
2624
2687
2634
3001
2625
2621
2622
2675
2622
2893
2626
2621
2622
3147
2933
3089
3006
2691
2864
3363
3238
2803
2626
2636
2831
2624
2986
2722
2635
2767
2726
2672
3307
2831
2707
2744
2690
2665
2894
2788
2690
2698
2689
2717
2893
2682
2625
2690
2622
2624
2664
2827
2769
2712
2689
2666
2700
2911
2664
2654
2624
2632
2624
2891
2679
2646
2622
2633
2620
2943
2732
2621
2632
2627
2620
3010
2806
2623
2650
2775
2623
2893
2759
2636
2622
2620
2622
2728
2907
2702
2622
2621
2620
2791
3987
2628
2621
2622
2651
2811
2730
2624
2621
2665
2622
3439
2791
2627
2621
2622
2620
2934
2754
2623
2621
2621
2632
2766
2972
2629
2622
2635
2622
2754
2886
2626
2621
2634
2652
2621
2909
2626
2621
2632
2702
2622
2941
2687
2633
2621
2678
2622
2735
2728
2637
2622
2721
2650
2739
2964
2628
2624
2689
2624
2622
3026
2625
2621
2680
2621
2631
2919
2650
2622
2679
2620
2633
2827
2683
2621
2678
2621
2629
2958
2730
2624
2674
2634
2622
2834
2857
2667
2621
2633
2622
2621
2869
2721
2637
2622
2622
2621
3016
2668
2633
2621
2621
2622
2935
3043
3633
3498
3094
2963
2812
2671
2622
2621
2622
2825
2842
2623
2623
2624
2621
2773
3002
2693
2666
2689
2700
2891
2858
2667
2689
2688
2675
2721
2888
2626
2621
2633
2621
2677
3007
2686
2621
2632
2622
2644
2955
2718
2635
2622
2623
2719
2883
2690
2633
2621
2622
2711
2790
2726
2636
2622
2621
2767
2698
2780
2625
2621
2620
2677
2621
2852
2623
2622
2620
2724
2683
2885
2664
2622
2622
2693
2632
2871
2725
2622
2622
2686
2636
2825
2722
2620
2620
2654
2619
2632
2828
2623
2676
2631
2620
2621
2908
2624
2677
2630
2620
2620
2855
2639
2683
2627
2623
2624
2819
2721
2832
2649
2622
2620
2845
3463
2682
2625
2624
2622
2832
2750
2740
2620
2621
2620
2702
2834
2675
2620
2621
2620
2630
2840
2711
2621
2622
2632
2621
2821
2655
2621
2622
2631
2621
2744
2767
2621
2622
2631
2620
2712
2833
2650
2634
2623
2622
2623
3024
2630
2632
2624
2622
2623
3064
2640
2621
2621
2621
2620
3018
2710
2624
2622
2623
2629
2828
2734
2622
2619
2620
2662
2808
2765
2687
2622
2621
2680
2631
2969
2624
2622
2621
2706
2649
3066
2627
2622
2622
2762
2756
3429
2631
2622
2631
2860
2689
2959
2692
2665
2698
2714
2664
2923
2625
2632
2621
2724
2689
2860
2654
2633
2695
2621
2622
2789
2730
2623
2662
2620
2622
2769
2807
2626
2673
2647
2624
2632
3061
2627
2680
2621
2620
2634
3190
2628
2676
2623
2784
2621
3061
2681
2715
2688
2676
2688
2901
2638
2733
2632
2621
2621
2851
2899
2624
2630
2622
2620
2749
2771
2633
2621
2622
2621
2622
3002
2731
2665
2688
2689
2691
2976
2670
2688
2688
2665
2687
3051
2693
2665
2688
2689
2665
2886
2708
2702
2700
2701
2834
2890
2625
2622
2622
2620
2688
2833
2723
2621
2622
2630
2678
2758
2829
2665
2687
2697
2756
2929
2798
2623
2632
2621
2678
2622
3054
2628
2634
2621
2689
2623
2903
2660
2623
2622
2684
2622
2861
2638
2623
2622
2644
2622
2840
2722
2622
2622
2650
2622
2734
2717
2622
2702
2620
2622
2656
2859
2623
2676
2646
2632
2622
2980
2638
2674
2622
2634
2622
2875
2700
2854
3199
3553
3449
2903
2739
2717
2743
2665
2979
2911
2731
2689
2665
2689
2849
2879
2689
2622
2622
2621
2650
2872
2800
2664
2688
2688
2664
2909
2830
2769
2767
2754
2765
3085
2715
2688
2664
2687
2698
2906
2668
2690
2688
2676
2689
2976
2720
2621
2622
2632
2621
2917
2697
2688
2677
2688
2688
2958
2661
2623
2633
2621
2622
2795
2724
2633
2622
2620
2621
2702
2919
2635
2622
2620
2622
2651
3076
2624
2622
2622
2620
2679
3029
2627
2621
2622
2620
2677
2846
2694
2621
2623
2669
2631
2768
2754
2621
2622
2655
2631
2674
2849
2624
2621
2685
2620
2621
2820
2627
2668
2714
2720
2621
2883
2629
2621
2759
2622
2621
2874
2708
2633
2672
2621
2622
2785
2728
2634
2674
2621
2621
2654
2918
2704
2872
2698
2700
2699
2886
2623
2630
2622
2620
2630
2865
2625
2673
2623
2620
2632
2839
2673
2767
2623
2632
2621
2913
2807
2624
2622
2632
2621
2867
3098
2623
2632
2621
2622
2859
2749
2625
2633
2620
2622
2622
2925
2640
2634
2621
2622
2623
3092
2719
2725
2701
2701
2699
2996
2641
2624
2622
2624
2650
3327
2771
2623
2623
2656
2752
3090
2732
2624
2622
2624
2704
2931
2731
2626
2624
2622
2801
2767
2709
2621
2621
2630
2671
2620
2827
2622
2621
2630
2676
2620
2871
2623
2632
2621
2677
2621
2802
2658
2632
2621
2729
2669
2931
2776
2622
2621
2651
2621
2866
2952
2625
2621
2784
2665
2860
2740
2624
2666
2648
2622
2632
2938
2691
2673
2620
2622
2631
2998
2668
2794
2688
2698
2664
2884
2627
2644
2622
2632
2621
2864
2789
2715
2706
2688
2687
2846
2784
2769
2778
2767
2743
2843
2739
2747
2702
2701
2702
2770
2718
2696
2623
2621
2626
2634
2922
2737
2622
2622
2620
2622
3148
2627
2622
2622
2621
2632
2908
2626
2621
2623
2621
2632
2904
2783
2624
2622
2633
2621
2910
2719
2626
2622
2634
2622
2739
2832
2741
2666
2701
2689
2689
2843
2692
2699
2665
2689
2720
2901
2668
2698
2687
2690
2724
2841
2704
2664
2689
2715
2688
2933
2668
2688
2688
2694
2712
2888
2629
2622
2620
2677
2648
2954
2724
2622
2621
2915
3999
4095
3078
2672
2753
2715
2911
2826
2668
2722
2700
2665
2961
2789
2690
2740
2701
2701
2799
2804
2667
2730
2688
2664
2789
2750
2710
2810
2767
2766
2990
2787
2727
2689
2688
2677
2772
2794
2700
2621
2623
2623
2621
2860
2720
2730
2682
2624
2633
2867
2804
2624
2623
2622
2635
2958
2654
2622
2622
2622
2631
2740
2759
2625
2623
2631
2624
2727
2706
2646
2621
2631
2621
2619
2913
2624
2631
2619
2621
2645
2824
2707
2713
2701
2699
2739
2839
2738
2665
2688
2687
2696
2958
2737
2623
2621
2622
2651
2781
2765
2623
2620
2622
2682
2627
2922
2757
2688
2664
2726
2670
3048
2624
2622
2622
2688
2622
3112
2633
2621
2622
2749
2621
2861
2660
2622
2634
2630
2621
2824
2737
2624
2631
2652
2621
2761
2766
2633
2671
2620
2620
2619
2953
2638
2676
2624
2624
2621
2847
2634
2680
2646
2625
2622
2918
2705
2681
2619
2620
2620
3074
2698
2672
2621
2620
2631
2846
2732
2725
2699
2699
2712
2796
2758
2682
2621
2633
2621
2623
3011
2744
2688
2675
2688
2687
2828
2634
2633
2622
2625
2623
2905
2783
2638
2623
2653
2628
3065
2744
2621
2622
2622
2620
2967
2890
2625
2622
2623
2623
3002
2765
2624
2622
2621
2621
2845
3027
2624
2623
2622
2620
2663
2954
2625
2624
2624
2633
2679
2881
2626
2622
2622
2633
2695
2995
2727
2621
2635
2622
2650
2972
2765
2623
2632
2669
2664
2820
2729
2635
2623
2622
2674
2622
2902
2699
2623
2621
2682
2624
2887
2624
2622
2620
2862
2999
2900
2631
2622
2661
2624
2622
2870
2629
2622
2701
2668
2632
2926
2730
2623
2650
2622
2632
2819
2898
2623
2652
2631
2622
2622
2904
2625
2894
2702
2664
2688
2915
2734
2676
2688
2688
2664
2914
2760
2704
2644
2621
2622
2905
2811
2624
2623
2622
2625
2969
2872
3044
2625
2622
2624
2983
2724
2624
2622
2621
2622
2992
2809
2842
3068
2747
2634
2855
2759
2621
2622
2633
2621
2835
2724
2622
2622
2632
2621
2782
2795
2625
2621
2632
2621
2753
2875
2628
2635
2624
2665
2728
2916
2631
2634
2621
2669
2622
2805
2751
2689
2666
2804
3413
4308
2986
2721
2703
2626
2812
2782
2625
2625
2693
2622
2635
2902
2625
2622
2676
2620
2656
3009
2631
2623
2692
2632
2623
2900
2626
2620
2682
2636
2622
2869
2732
2646
2810
2621
2620
2787
2760
2683
2632
2621
2621
2674
2969
2719
2754
2622
2623
2624
2839
2866
2626
2623
2622
2625
2892
2680
2621
2620
2619
2620
2960
2635
2622
2623
2622
2623
2777
2776
2698
2621
2621
2631
2715
2892
2626
2624
2624
2632
2624
3040
2627
2620
2632
2621
2620
2972
2625
2621
2632
2622
2649
2914
2662
2621
2632
2622
2620
2873
2830
2634
2620
2622
2623
2882
2757
2726
2622
2621
2720
2690
3003
2669
2689
2689
2666
2719
3013
2626
2621
2622
2673
2629
3212
2625
2622
2621
2761
2660
3030
2693
2665
2688
2736
2664
2927
2627
2621
2622
2692
2621
2883
2757
2623
2631
2686
2622
2773
2746
2624
2631
2700
2669
2797
2871
2692
2715
2688
2664
2687
2961
2704
2690
2688
2688
2665
2972
2693
2718
2664
2688
2688
2953
2625
2730
2672
2621
2633
2970
2704
2742
2622
2622
2632
2817
2716
2836
2621
2632
2622
2818
2791
2866
2624
2661
2695
3079
2965
2736
2632
2620
2651
2866
2871
2759
2633
2621
2620
2792
2921
2636
2621
2622
2620
2622
2945
2636
2621
2622
2622
2622
2989
2629
2621
2622
2622
2621
2940
2628
2621
2622
2622
2622
2881
2814
2691
2665
2688
2733
3000
2802
2624
2623
2674
2663
2852
2868
2624
2621
2634
2621
2681
2920
2690
2724
2687
2718
2621
2896
2624
2632
2621
2755
2625
2924
2625
2632
2622
2697
2622
2956
2672
2633
2622
2673
2675
2937
2741
2622
2622
2677
2621
2743
2892
2623
2620
2681
2621
2629
2893
2626
2622
2678
2622
2631
2937
2694
2689
2695
2699
2688
2994
2625
2623
2646
2631
2622
2753
2692
2622
2703
2623
2646
2791
2736
2624
2840
2731
2664
2797
2788
2636
2621
2622
2621
2622
2966
2700
2643
2622
2621
2621
2902
2733
2688
2664
2688
2687
2876
2730
2623
2622
2622
2621
2913
2779
2622
2622
2620
2663
2769
2785
2623
2621
2621
2631
2622
3105
2649
2622
2632
2621
2622
4681
3969
2988
2806
2686
3258
2635
2665
2622
2624
2692
2931
2682
2701
2689
2666
2747
2888
2643
2622
2624
2621
2708
2778
2718
2699
2700
2700
2722
2805
2679
2621
2620
2620
2675
2867
2735
2649
2622
2623
2675
2731
2917
2629
2623
2621
2799
2623
2844
2623
2621
2619
2691
2817
2865
2627
2624
2634
2762
2645
3001
2628
2619
2632
2644
2619
2838
2772
2634
2623
2631
2622
2807
2723
2634
2685
2687
2626
2778
2828
2623
2680
2621
2620
2621
3021
2721
2665
2689
2689
2676
2945
2684
2622
2621
2622
2661
2960
2682
2622
2622
2635
2622
2789
2751
2623
2621
2631
2622
2739
2781
2646
2632
2621
2622
2637
2952
2671
2634
2620
2622
2621
3045
2631
2633
2622
2621
2622
3225
2641
2621
2622
2622
2650
2944
2677
2622
2620
2621
2621
2895
2798
2690
2665
2689
2753
2835
2754
2623
2622
2621
2685
2662
2943
2668
2688
2687
2716
2649
2935
2626
2621
2635
2698
2621
3019
2629
2622
2632
2655
2650
2934
2626
2634
2620
2677
2623
2775
2747
2701
2677
2708
2689
2782
2725
2657
2676
2621
2622
2621
2854
2690
2717
2687
2664
2687
2817
2668
2780
2782
2778
2887
2950
2674
2739
2688
2665
2699
2878
2750
2701
2704
2714
2702
2836
2670
2624
2621
2633
2623
2786
2787
2623
2635
2621
2621
2769
2757
2625
2632
2622
2622
2620
3021
2637
2623
2620
2621
2622
3077
2661
2621
2622
2621
2651
3107
2628
2622
2622
2700
2622
2993
2729
2622
2622
2622
2620
2948
2729
2648
2622
2624
2671
2836
2849
2626
2622
2621
2690
2621
3025
2624
2622
2632
2675
2622
2966
2624
2622
2632
3387
2806
3066
2625
2635
2622
2650
2622
3086
2644
2622
2624
2675
2622
2969
2639
2622
2621
2651
2621
2828
2743
2622
2621
2687
2623
2788
2724
2622
2621
2649
2622
2630
2840
2624
2676
2621
2631
2651
2949
2628
2814
2647
2634
2622
2939
2699
2788
2633
2623
2624
2894
2703
2696
2632
2622
2621
2761
2709
2688
2633
2626
2620
2706
2812
2712
2688
2688
2665
2688
2945
2687
2621
2622
2622
2650
2867
2679
2622
2621
2622
2621
2950
2706
2622
2621
2621
2632
2912
5063
3168
2880
2639
3264
2802
2647
2623
2632
2622
3171
2738
2621
2621
2633
2620
3156
2785
2622
2633
2624
2652
2912
2763
2688
2699
2688
2691
2792
2827
2632
2623
2622
2676
2691
2955
2707
2688
2688
2721
2688
3032
2628
2625
2623
2674
2624
2979
2626
2622
2622
2775
2633
2823
2733
2621
2622
2758
2721
2779
2758
2622
2621
2902
2622
2756
2751
2689
2718
2675
2687
2785
2771
2624
2736
2668
2621
2622
3054
2626
2700
2625
2620
2621
2959
2631
2746
2690
2689
2678
2866
2708
2693
2621
2623
2648
2746
2758
2724
2689
2665
2688
2827
2764
2677
2688
2688
2664
2843
2784
2647
2621
2621
2621
2632
2928
2720
2664
2688
2700
2664
3096
2624
2622
2620
2630
2622
3112
2663
2623
2633
2620
2651
2983
2651
2621
2632
2623
2621
2833
2724
2631
2622
2621
2620
3158
2821
2642
2623
2622
2683
2689
2845
2691
2689
2666
2741
2737
2950
2693
2666
2690
2752
2675
3026
2629
2624
2622
2743
2659
2896
2626
2624
2622
2640
2624
2854
2674
2622
2621
2682
2622
2859
2726
2649
2634
2628
2626
2752
2786
2622
2631
2673
2620
2620
2823
2624
2718
2699
2731
2760
3025
2648
2710
2624
2623
2623
2930
2734
2662
2622
2624
2623
2769
2710
2679
2620
2620
2620
2750
2709
2673
2619
2620
2630
2619
2874
2779
2760
2620
2632
2621
2790
2679
2621
2619
2630
2686
2935
2741
2648
2633
2621
2651
2856
2733
2623
2633
2668
2622
2803
2901
2633
2622
2621
2620
2623
2994
2636
2647
2624
2622
2624
2888
2692
2666
2689
2690
2666
2913
2693
2689
2666
2690
2739
2924
2734
2688
2687
2666
2740
2900
2727
2622
2622
2634
2648
2827
2800
2625
2622
2636
2682
2800
2853
2692
2701
2666
2719
2778
2889
2669
2701
2690
2690
2689
2890
2635
2621
2622
2680
2621
2840
2637
2622
2622
2648
2650
2787
2674
2621
2622
2978
2646
2904
2729
2625
2620
2680
2622
2836
2901
2646
2795
2622
2633
2729
2739
2624
2654
2622
2631
2623
2877
2669
2719
2699
2688
2665
2901
2629
2680
2633
2622
2645
2814
2652
2671
2630
2621
2620
2826
2728
2696
2645
2623
2624
2699
2997
3223
3744
2914
2909
3353
2726
2646
2620
2622
2622
3197
2633
2623
2624
2622
2635
3036
2629
2622
2622
2621
2659
2810
2729
2624
2624
2636
2622
2872
2727
2623
2621
2632
2620
2707
2985
2626
2692
2630
2622
2650
3044
2626
2633
2621
2622
2677
3035
2649
2631
2622
2622
2681
2878
2686
2624
2623
2622
2858
2835
2738
2622
2622
2670
2774
2818
2731
2623
2620
2694
2625
2633
2890
2624
2621
2677
2656
2621
3044
2691
2688
2688
2699
2688
3054
2694
2664
2730
2688
2665
2953
2694
2719
2676
2689
2723
2905
2625
2686
2622
2620
2622
2776
2721
2708
2625
2621
2622
2818
2817
2674
2676
2622
2621
2622
2918
2754
2686
2625
2622
2623
3009
2722
2679
2678
2689
2700
2877
2752
2690
2690
2666
2734
2962
2658
2621
2622
2632
2621
2809
3158
2688
2664
2698
2688
3044
2665
2621
2635
2620
2621
2880
2728
2622
2630
2622
2621
2792
2837
2652
2623
2621
2623
2837
2842
2623
2622
2622
2621
2678
2902
2694
2666
2688
2689
2696
2892
2708
2701
2699
2701
2739
2798
2705
2815
2701
2701
2725
2835
2626
2620
2621
2689
2620
2742
2703
2621
2622
2689
2836
3068
2878
2625
2633
2676
2651
2802
2850
2622
2636
2662
2621
2622
2922
2635
2622
2674
2621
2622
2899
2637
2621
2651
2621
2622
2898
2636
2621
2758
2622
2621
2745
2725
2622
2682
2622
2620
2725
2755
2622
2680
2645
2632
2651
3022
2627
2756
2622
2711
2621
2960
2625
2677
2620
2632
2622
2825
2642
2758
2631
2621
2621
2758
2769
2720
2701
2664
2687
2862
2689
2631
2623
2620
2622
2622
2924
2690
2688
2688
2664
2688
3084
2698
2621
2621
2622
2620
3101
2626
2622
2620
2622
2630
2975
2669
2625
2622
2624
2634
2892
2724
2623
2622
2621
2633
3048
2734
2623
2624
2634
2622
2694
2993
2624
2622
2634
2621
2695
2930
2625
2631
2622
2620
2865
2977
2632
2637
2622
2624
2680
2925
2677
2646
2621
2622
2646
3010
2804
2625
2622
2620
2785
2796
2729
2623
2623
2681
2623
2645
2864
2623
2622
2678
2621
2663
2949
2625
2621
2652
2630
2622
2866
2626
2621
2676
2655
2621
3011
2725
2623
2688
2622
2622
2851
2797
2928
3355
3420
2969
3259
2691
2703
2701
2701
2653
3150
2698
2622
2622
2621
2651
3045
2657
2621
2622
2622
2620
2901
2725
2622
2624
2623
2621
2785
2781
2720
2622
2624
2633
2847
2795
2692
2678
2666
2699
2861
2909
2623
2622
2632
2621
2622
3001
2626
2624
2634
2622
2626
3089
2661
2631
2622
2621
2620
3102
2626
2633
2621
2622
2621
2857
2736
2622
2620
2621
2675
2795
2758
2623
2621
2622
2645
2622
3071
2624
2622
2621
2675
2632
3018
2625
2622
2620
2651
2665
2976
2626
2622
2622
2683
2622
2777
2723
2622
2622
2690
2622
2774
2725
2622
2697
2817
2646
2789
2848
2625
2633
2807
2963
3224
3110
2976
2960
2948
2890
2921
2676
2622
2682
2622
2650
2893
2747
2646
2621
2622
2621
2844
2725
2655
2621
2623
2622
2657
2851
2742
2691
2665
2699
2688
2863
2734
2781
2710
2676
2688
3002
2764
2626
2632
2622
2620
3012
2688
2623
2631
2622
2651
2868
2799
2700
2688
2664
2688
2915
2755
2633
2621
2621
2775
3081
2981
2944
2760
2969
2844
3200
3155
2807
2769
2858
2803
4202
2828
2839
2876
2863
3370
2866
2883
2774
2756
2838
3318
2791
2705
2748
2991
4318
2796
2748
2814
2745
2829
2949
2725
2817
2729
2843
2749
3435
2784
3002
2809
2801
3212
3204
2766
2752
3106
3195
3154
2817
2751
2718
3102
2885
3438
2809
2944
2923
2815
3020
2937
2846
2938
2881
2864
3338
2965
2897
2792
2761
2735
3203
2735
2862
2738
2820
2940
2950
2797
2752
2810
2704
2961
2856
2707
2846
2725
2703
2989
2944
2857
2700
2701
2789
2975
2906
2777
2794
2706
2677
3048
2863
2754
2698
2722
2754
3067
2878
2676
2675
2730
2676
3092
2785
2747
2803
2951
2871
3494
3116
2879
3020
2821
3535
2827
2802
2751
2813
2835
3458
2830
2834
2749
2847
2841
3212
3033
2876
2831
2886
2827
2843
2635
2621
2622
2921
2837
3286
2679
2622
2622
2750
2825
2809
2689
2688
2665
2759
2836
2686
2622
2623
2621
3068
2819
2988
2662
2624
2762
3025
2812
2829
2624
2621
2911
2867
2778
3009
2722
2667
3121
3397
3509
2703
3036
2761
2621
2842
3066
2719
2689
2621
2651
2622
2970
2626
2915
2854
2622
2621
3019
2955
2723
2690
2666
2689
3028
3029
2659
2623
2624
2623
3143
2674
3255
3046
3085
2973
2778
2622
2757
2862
2621
2922
2747
2689
2687
2664
2733
2744
2664
2902
2852
3085
2837
2909
2836
2833
2913
2795
2992
2916
3058
2821
2922
2728
2854
2807
3304
2866
3000
2874
2936
2757
2919
2912
2711
2861
2729
3053
2867
3047
2887
2970
2898
3036
2868
2985
2946
2857
2874
2701
2767
2778
2961
2827
3119
2840
2790
2944
2775
3047
2822
2863
2837
2968
2870
2999
2903
2768
2927
2795
3053
2968
2781
2831
2726
2867
2721
3034
2788
2828
2980
2753
2916
2988
2911
2709
2737
2951
3301
2911
3597
2730
2704
2702
3007
2967
2751
2937
2752
2963
2840
2879
2624
2750
2624
2632
2840
2777
2623
2620
2651
2632
2808
2689
2623
2621
2632
2624
2766
2687
2622
2621
2630
2621
2672
2825
2623
2644
2632
2622
2621
3049
2628
2636
2622
2624
2621
2832
2625
2630
2624
2655
2693
3074
2966
2670
2622
2620
2721
2747
2656
2620
2621
2620
2671
2763
2944
2884
2621
2621
2703
2737
2756
2686
2676
2675
2734
2687
2784
2687
2687
2664
3222
2730
3019
2689
2688
2685
2702
2688
2815
2664
2687
2696
2698
2687
2744
2687
2670
2751
2778
2664
2712
2687
2696
2696
2625
2622
2647
2627
2620
2797
2622
2669
2712
2695
2663
2717
2686
2663
2716
2687
2676
2729
2687
2687
2670
2714
2717
2663
2687
2693
2621
2772
2674
2651
2621
2628
2620
2680
2651
2620
2622
2628
2620
2644
2621
2676
2658
2621
2622
2621
2647
2649
2627
2620
2622
2621
2680
2622
2626
2622
2622
2621
2677
2653
2621
2622
2622
2650
2706
2711
2621
2651
2651
2621
2737
2815
2621
2622
2650
2649
2686
2681
2649
2651
2644
2621
2683
2674
2621
2622
2650
2650
2697
2624
2817
2621
2621
2652
2717
2692
2771
2722
2688
2672
2770
2715
2774
2664
2698
2688
2664
2687
2785
2621
2628
2622
2704
2622
2644
2621
2627
2622
2650
2623
2622
2654
2622
2621
2904
3101
3589
3025
2642
2624
2675
2622
2632
2704
2622
2676
2622
2661
2621
2738
2623
2676
2671
2630
2621
2705
2621
2650
2622
2628
2621
2621
2713
2682
2651
2621
2621
2622
2644
2677
2628
2650
2651
2621
2647
2681
2626
2622
2622
2621
2648
2678
2621
2622
2620
2651
2651
2626
2652
2651
2649
2622
2622
2659
2981
2690
2687
2663
2696
2901
2687
2663
2687
2687
2666
2910
2705
2688
2664
2695
2687
2748
2723
2688
2688
2705
2722
2696
2646
2680
2627
2621
2651
2680
2644
2622
2657
2650
2622
2650
2650
2651
2626
2622
2678
2672
2698
2689
2649
2644
2622
2686
2650
2923
2621
2647
2621
2690
2620
2806
2621
2620
2647
2680
2628
2706
2622
2621
2621
2645
2624
2684
2622
2624
2626
2681
2632
2644
2644
2619
2618
2680
2644
2618
2619
2644
2643
2719
2647
2642
2643
2642
2618
2701
2619
2621
2651
2800
2627
2681
2654
2621
2622
2644
2661
2786
2692
2667
2681
2713
2621
2794
2654
2622
2622
2743
2762
2696
2690
2690
2666
2750
2690
2693
2737
2691
2733
2701
2742
2787
2740
2666
2697
2690
2801
2870
2929
2817
2836
2905
3069
2848
2760
2911
2779
2867
3026
2990
2833
2886
2891
2925
2984
2821
3053
2802
2895
2803
2763
2701
2700
2701
2802
2854
2852
2780
2910
2750
2819
3290
2841
2825
2800
2894
2853
2734
2718
2664
2688
2696
2691
2828
2688
2687
2663
2783
2715
2669
2688
2688
2693
2665
2675
2648
2621
2622
2649
2622
2651
2647
2621
2621
2626
2622
2790
2621
2621
2626
2621
2622
2672
2645
2706
2656
2651
2622
2676
2680
2714
2627
2650
2651
3902
2620
2708
2622
2621
2683
2651
2621
2653
2651
2649
2647
2620
2656
2651
2646
2622
2770
2622
2632
2650
2649
2622
2697
2812
2775
2724
2958
2704
2806
2795
2768
2768
2965
2767
2972
2861
3020
2883
2897
2869
2798
2688
2664
2687
2701
2882
2964
2757
2938
2790
2651
2806
2757
2814
2781
2734
3016
2790
2973
2820
2861
2969
2867
2897
2758
2892
2790
2908
3067
2835
2862
2797
2875
3043
2764
2715
2758
2760
2729
3046
2832
2714
2780
2700
2817
2826
2676
2735
2678
2675
3702
4083
3287
2977
2958
2852
3062
2820
2732
2702
2735
2758
3031
3684
2771
2790
2892
2847
2861
2767
2809
2825
2775
2836
2775
2820
2814
2802
2853
2804
2863
2815
2862
2823
2813
2850
2749
2699
3187
2731
2695
2805
2689
2738
2764
2751
2764
2859
2778
2760
2695
2702
2702
2776
2702
2796
2986
2709
2787
2958
2764
2952
2690
2767
2741
2965
2784
2692
2740
2681
2681
2974
2797
2743
2682
2682
2748
2903
2723
2715
2666
2715
2701
2743
2827
2667
2667
2723
2664
2776
2828
2692
2742
2728
2693
2854
2909
2696
2802
2697
2767
2896
2696
2792
2701
2758
2752
2926
2774
2709
2702
2783
2743
2817
2733
2696
2771
2696
2749
2858
2878
2847
2717
2777
2782
2933
2738
2767
2777
2752
2754
2976
2719
2764
2716
2904
3087
2856
2798
2695
2622
2685
2621
2825
2622
2621
2622
2690
2621
2681
2621
2621
2629
2694
2651
2622
2702
2622
2628
2743
2622
2621
2773
2622
2631
2686
2623
2621
2680
2629
2622
2708
2622
2622
2620
2652
2621
2735
2706
2688
2663
2800
2687
2782
2700
2702
2844
2942
2664
2747
2688
2696
2664
2738
2713
2664
2688
2694
2664
2688
2711
2670
2688
2696
2688
2755
2760
2839
2767
2849
2744
2739
2871
2730
2622
2725
2720
2763
2849
2748
2810
2689
2748
2799
2845
2799
2798
2809
2758
2771
2809
2754
2756
2766
2815
2801
2743
2767
2767
2767
2743
2730
2622
2621
2645
2622
2626
2714
2774
2683
2633
2696
2802
2695
2739
2766
2684
2713
2811
2742
2846
2622
2830
2844
2784
2725
2939
2727
2794
2726
2678
2752
2865
2731
2621
2728
2930
2731
2849
2763
2835
2758
2839
2757
2873
2821
2787
2948
2729
2843
2923
2729
2843
2812
2845
2740
2803
2867
2851
2822
2787
2719
2898
2777
3086
2668
2675
2694
2939
2761
2751
2692
2738
2713
2783
2727
2746
2691
2668
2668
2771
2700
2710
2776
2698
2621
2859
2707
2697
2695
2621
2769
2706
2681
2621
2620
2622
2621
2724
2689
2625
2620
2623
2621
2879
2803
2623
2645
2623
2630
2717
2875
2623
2621
2622
2632
2621
2757
2622
2621
2621
2629
2620
2708
2622
2621
2628
2621
2888
3362
3407
2916
2641
2623
2674
2770
2688
2700
2688
2689
2764
2876
2699
2687
2698
2715
2687
2788
2630
2622
2645
2651
2622
2660
2626
2622
2620
2681
2620
2627
2644
2621
2622
2702
2669
2802
2901
2845
2741
2771
2774
2845
2848
2727
2778
2800
2852
2767
2825
2767
2767
3081
2821
2870
2790
2742
2793
2690
2688
2665
2787
2688
2719
2665
2689
2688
2716
2697
2726
2665
2689
2688
2738
2671
2775
2621
2620
2622
2653
2621
2732
2689
2664
2687
2747
2836
2675
2832
2687
2767
2862
2818
2760
2791
2761
2750
2837
2773
2797
2664
2774
2687
2690
2913
2688
2740
2697
2663
2769
2766
2621
2631
2694
2620
2655
2804
2622
2699
2622
2620
2645
2705
2621
2628
2650
2621
3108
2853
2631
2622
2621
2622
2685
2983
2778
2690
2761
2664
2717
2734
2773
2664
2688
2763
2725
2772
2723
2687
2663
2840
2726
2687
2753
2621
2621
2698
2836
2622
2806
2695
2622
2651
2683
2694
2750
2620
2622
2812
2703
2622
2743
2620
2622
2687
2690
2621
2622
2732
2629
2705
2695
2629
2705
2777
2629
2708
2621
2622
2622
2643
2628
2650
2621
2621
2621
2652
2622
2697
2651
2651
2621
2627
2845
2802
2716
2740
2817
2740
2946
2783
2775
2740
2749
2859
2800
2960
2778
2782
2739
2664
2931
2690
2773
2752
2751
2764
2956
2763
2755
2675
2735
2687
2722
2694
2687
2663
2687
2687
2760
2672
2735
2687
2698
2722
2747
2664
2756
2688
2688
2696
2778
2688
2663
2720
2720
2715
2689
2680
2621
2620
2651
2674
2793
2652
2650
2649
2622
2657
2650
2789
2621
2620
2690
2677
2620
2710
2651
2620
2627
2680
2650
2646
2621
2650
2657
2621
2681
2680
2645
2627
2651
2650
2680
2622
2649
2657
2622
2620
2725
2651
2705
2627
2680
2620
2810
2651
2734
2657
2622
2653
2680
2622
2626
2693
2650
2708
2622
2687
2795
2778
2723
2821
2695
2770
2651
2892
2771
2727
2830
2712
2700
2856
2718
2817
2854
2798
2827
2763
2798
2834
2840
2751
2829
2872
2804
2839
2763
2816
2763
2904
2867
2723
2780
2730
2702
3030
2802
2891
2750
2845
2907
2802
2858
2809
2893
2751
3414
3570
3008
2850
2845
2824
2988
2838
2772
2700
2712
2870
2813
2772
2700
2711
2779
2748
2881
2758
2728
2769
2697
2751
2910
2695
2758
2720
2750
2769
2815
2704
2770
2695
2862
2697
2742
2927
2721
2734
3326
2808
2876
2780
2871
2810
2746
2753
2854
2747
2751
2823
2968
2765
2840
2800
2664
2883
2805
2756
2865
2747
2797
2730
2856
2771
2726
2707
2806
2695
2664
2728
2633
2621
2683
2724
2621
2622
2708
2650
2746
2622
2620
2622
2644
2620
2658
2620
2622
2622
2620
2627
2657
2668
2621
2621
2620
2711
2678
2621
2622
2621
2622
2762
2650
2622
2622
2620
2627
2901
2897
2719
2713
2711
2711
2859
2741
2735
2708
2709
2709
2858
2739
2796
2707
2629
2708
2814
2772
2700
2702
2698
2700
2761
2844
2715
2709
2778
2698
2753
2900
2629
2763
2635
2699
2820
2886
2749
2849
2751
2753
2786
2674
2966
2779
2914
2794
2776
2860
2781
2897
2759
2940
2813
2754
2952
2819
2890
2808
2958
2869
2839
2971
2882
2829
2863
2756
2683
2627
2885
2872
3066
2714
2712
2721
2806
2667
2801
2646
2710
2631
2715
2622
2742
2624
2630
2622
2693
2623
2721
2629
2623
2622
2659
2623
2623
2693
2622
2623
2692
2620
2620
2628
2619
2619
2710
2622
2629
2642
2673
2619
2676
2619
2625
2618
2701
2644
2824
2773
2694
2621
2661
2622
2649
2628
2621
2621
2644
2621
2677
2653
2622
2620
2621
2651
2746
2629
2621
2621
2622
2621
2657
2622
2621
2621
2621
2620
2719
2714
2664
2688
2688
2719
2758
2721
2687
2663
2688
2707
2923
2665
2687
2687
2663
2692
2769
2664
2688
2687
2669
2687
2700
2621
2622
2622
2626
2621
2707
2621
2622
2626
2621
2621
2680
2622
2621
2625
2622
2622
2671
2729
2651
2658
2622
2621
2689
2779
2629
2621
2680
2622
2678
2738
2659
2621
2644
2650
2646
2621
2651
2650
2651
2620
2648
2687
2647
2621
2651
2650
2673
2656
2650
2651
2621
2621
2674
2658
2621
2622
2649
2651
2682
2643
2680
2705
2620
2651
2681
2621
2622
2780
2650
2622
2743
2663
2637
2680
2620
2688
2713
2622
2652
2677
2620
2628
2778
2651
2621
2621
2677
2659
2929
3477
3063
2903
2730
2749
2824
2842
2666
2741
2848
2689
2666
2689
2698
2666
2779
2724
2714
2666
2699
2719
2697
3055
2727
2885
2768
2756
2912
2810
2835
2822
2871
2920
2804
2914
2762
2862
2760
2695
3015
2792
2762
2756
2756
3005
2848
2779
2824
2772
2914
3154
2739
2752
2747
2622
2832
3086
2653
2622
2621
2644
2866
2711
2622
2651
2864
2877
2684
2984
2761
2723
2723
2904
2814
2984
2823
2779
2870
2875
2810
2746
2765
2853
2909
3062
2846
3051
2771
2896
2818
2796
2905
2946
2745
2778
2870
2788
2852
2828
2778
2837
2816
2881
2871
2756
2862
2755
2789
2890
2876
2829
2729
2853
2795
2756
2941
2755
2862
2784
2723
2895
2814
2751
2756
3287
2878
2751
3003
2809
2970
2723
2918
2753
2942
2828
2854
2917
2777
2910
2812
2718
2893
2763
2787
2723
2787
2827
2664
2854
2748
2757
3102
2836
2741
2687
2687
2858
2734
2727
2778
2710
2834
2699
2747
2851
2664
2687
2722
2793
2743
2688
2756
2714
2623
2907
2751
2665
2688
2688
2674
2740
2720
2687
2664
2687
2695
2691
2742
2687
2698
2731
2793
2717
2764
2712
2687
2728
2699
2698
2622
2650
2656
2622
2620
2675
2833
2633
2629
2672
2620
2720
2646
2887
2621
2622
2644
2721
2627
2691
2651
2622
2621
2699
2679
2651
2622
2650
2649
2668
2627
2674
2650
2621
2643
2763
2656
2620
2704
2680
2621
2680
2656
2649
2755
2623
2683
2656
2622
2620
2771
2651
2680
2631
2680
2620
2681
2720
2682
2628
2621
2649
2650
2705
2682
2651
2651
2621
2622
2706
2742
2625
2647
2620
2621
2715
2663
2647
2623
2619
2646
2712
2687
2622
2671
2620
2621
2624
2780
2647
2621
2625
2631
2622
2834
2627
2622
2624
2630
2623
2819
2625
2619
2644
2628
2619
2682
2701
2619
2650
2644
2643
2691
2648
2644
2631
2619
2618
2693
2642
2622
2656
2650
2621
2680
2650
2656
2622
2620
2650
2695
2705
2827
2756
2687
2664
2714
2693
2843
2675
2688
2687
2744
2694
2737
2664
2688
2687
2709
2682
2743
2665
2649
2622
2688
2650
2674
2621
2620
2680
2682
2620
2651
2649
2622
2626
4652
3572
3021
2794
2691
2718
2698
2650
2791
2634
2652
2676
2622
2622
2742
2659
2673
2644
2680
2622
2644
2658
2665
2632
2622
2650
2656
2648
2620
2678
2651
2621
2627
2704
2621
2677
2649
2649
2624
2621
2650
2709
2645
2627
2652
2649
2706
2651
2664
2642
2622
2621
2772
2775
2670
2650
2650
2621
2643
2901
2657
2621
2622
2680
2704
2621
2656
2649
2622
2622
2671
2743
2622
2620
2651
2651
2683
2720
2680
2621
2622
2651
2681
2729
2622
2650
2651
2621
2687
2735
2651
2621
2645
2679
2789
2622
2743
2650
2622
2627
2680
2654
2644
2620
2652
2657
2682
2622
2706
2620
2622
2626
2695
2622
2647
2650
2656
2620
2651
2650
2650
2622
2627
2650
2706
2645
2621
2734
2628
2620
2676
2650
2622
2723
2650
2651
2678
2620
2651
2657
2643
2621
2755
2620
2622
2656
2672
2622
2664
2650
2656
2622
2647
2651
2677
2620
2627
2650
2680
2651
2677
2678
2626
2621
2650
2651
2676
2697
2673
2649
2622
2704
2703
2657
2621
2621
2680
2714
2760
2650
2674
2649
2713
2743
2715
2620
2622
2680
2621
2622
2856
2667
2688
2687
2698
2734
2772
2687
2699
2722
2688
2669
2819
2687
2687
2698
2727
2687
2730
2683
2650
2620
2628
2680
2789
2621
2651
2656
2621
2622
2677
2776
2622
2626
2651
2651
2648
2680
2680
2626
2621
2697
2675
2645
2627
2650
2651
2621
2678
2676
2656
2621
2676
2680
2646
2621
2656
2650
2622
2621
2746
2703
2707
2620
2650
2650
2667
2630
2802
2621
2622
2651
2706
2627
2735
2683
2650
2622
3873
2680
2772
2622
2650
2708
2622
2621
2692
2650
2620
2660
2650
2651
2622
2646
2680
2774
2680
2710
2722
2743
2671
2753
2756
2687
2664
2889
2694
2721
2697
2720
2688
2804
2722
2914
2623
2620
2680
2652
2620
2680
2651
2620
2627
2651
2676
2679
2622
2672
2658
2622
2646
2738
2621
2621
2656
2649
2622
2646
2650
2655
2621
2620
2650
2701
2643
2627
2680
2620
2622
2764
2649
2627
2621
2650
2651
2773
2621
2657
2651
2621
2622
2751
2642
2622
2620
2682
2622
2650
2682
2651
2620
2621
2650
2678
2653
2622
2650
2650
2620
2679
2680
2621
2622
2651
2650
4378
3586
2803
2806
2783
2817
2909
2666
2689
2688
2673
2719
2688
2792
2690
2722
2712
2691
2688
2669
2621
2628
2622
2680
2622
2647
2622
2628
2620
2685
2622
2648
2627
2622
2621
2651
2621
2622
2627
2620
2622
2705
2696
2651
2711
2620
2650
2705
2620
2627
2759
2620
2622
2708
2742
2664
2645
2650
2651
2886
2630
2651
2651
2649
2621
2707
2626
2622
2650
2677
2622
2686
2655
2651
2621
2621
2651
2719
2620
2621
2680
2621
2622
2791
2667
2688
2687
2698
2831
2725
2686
2746
2722
2687
2828
2732
2687
2687
2697
2723
2719
2799
2700
2689
2688
2673
2814
2712
2687
2697
2722
2694
2771
2698
2723
2687
2669
2756
2690
2675
2710
2721
2695
2666
2775
2751
2663
2695
2757
2687
2725
2819
2728
2687
2663
2726
2733
2797
2684
2688
2688
2663
2748
2780
2666
2690
2724
2725
2666
2749
2759
2666
2689
2774
2694
2722
2690
2689
2666
2721
2696
2643
2651
2622
2643
2705
2693
2659
2694
2651
2621
2686
2651
2649
2777
2622
2649
2808
2647
2859
2708
2621
2634
2701
2651
2622
2648
2651
2657
2673
2621
2679
2644
2622
2660
2759
2622
2622
2650
2656
2623
2685
2650
2650
2620
2627
2650
2707
2645
2620
2680
2711
2620
2707
2650
2621
2627
2651
2783
2680
2622
2650
2657
2621
2679
2709
2622
2621
2716
2651
2645
2676
2651
2655
2621
2622
2674
2678
2621
2678
2679
2621
2621
2678
2657
2621
2622
2649
2650
2756
2632
2646
2621
2620
2622
2886
2628
2620
2647
2646
2621
2801
2757
2646
2622
2621
2646
2702
2750
2619
2672
2621
2620
2704
2731
2620
2621
2646
2646
2686
2684
2623
2624
2622
2628
2746
2644
2642
2644
2643
2627
2753
2662
2766
2620
2618
2653
2670
2618
2711
2668
2628
2621
2700
2649
2644
2622
2657
2652
2685
2620
2651
2683
2621
2622
2700
2620
2622
2651
2680
2622
2647
2651
2651
2626
2621
2650
2677
2621
2627
2650
2651
2633
2690
2680
2628
2621
2734
2680
2621
2622
2655
2651
2715
2621
2680
2657
2620
2622
2703
2620
2677
2656
2649
2621
2622
2676
2676
2627
2621
2651
2651
2646
2685
2679
2620
2622
2621
2680
2654
2620
2650
2651
2620
2621
4974
3714
3045
2706
2807
2715
2627
2620
2622
2620
2899
2871
2623
2731
2620
2631
2687
2929
2622
2621
2620
2629
2686
2731
2624
2623
2628
2623
2675
2684
2624
2623
2628
2623
2624
2685
2624
2622
2629
2624
2670
2649
2773
2627
2627
2624
2671
2626
2903
2631
2623
2625
2704
2784
2652
2642
2644
2619
2868
2644
2649
2619
2643
2644
2657
2619
2648
2667
2619
2619
2699
2650
2622
2621
2680
2621
2683
2656
2650
2621
2622
2650
2714
2650
2620
2651
2733
2620
2651
2704
2620
2622
2743
2650
2677
2622
2650
2650
2644
2620
2682
2651
2620
2622
2707
2625
2743
2724
2699
2688
2688
2843
2697
2688
2687
2698
2728
2812
2750
2699
2687
2688
2728
2754
3185
2624
2651
2631
2622
2745
2649
2622
2621
2656
2651
2838
2621
2651
2657
2620
2622
2818
2620
2622
2657
2650
2621
2675
2675
2651
2627
2621
2650
2680
2703
2656
2680
2621
2622
2735
3540
2914
2693
2957
2623
2781
2748
2622
2621
2622
2621
2645
2763
2621
2622
2676
2624
2815
2764
2622
2621
2622
2621
2676
2622
2646
2627
2622
2621
3398
2666
2740
2687
2664
2747
2687
2687
2665
2687
2694
2752
2688
2687
2687
2722
2693
2709
2718
2687
2799
2621
2658
2677
2620
2710
2951
2689
2621
2680
2621
2621
2621
2686
2621
2681
2622
2669
2628
2645
2622
2675
2621
2621
2629
2648
2678
2622
2643
2818
2628
2620
2674
2651
2620
2627
2680
2620
2679
2674
2650
2628
2621
2651
2767
2621
2620
2655
2649
2621
2749
2688
2643
2622
2621
2680
2650
2643
2656
2747
3312
2743
2830
2660
2712
2705
3723
2683
2659
2652
2621
2623
2621
2821
2947
2689
2688
2664
2687
2740
3497
2659
2622
2623
2796
2856
2813
2808
2782
2781
2975
2791
3063
2769
2749
2804
2806
2816
2801
2797
2815
2803
2771
2745
2793
2767
2844
2767
2744
2767
2792
2775
2755
2757
2768
2768
2780
2671
2671
2644
2620
2627
2680
2683
2672
2621
2621
2621
2627
2714
2651
2620
2621
2621
2627
2697
2621
2620
2621
2620
2627
2671
2621
2622
2621
2630
2622
2620
2675
2622
2620
2627
2621
2649
2677
2621
2620
2655
2651
2621
5298
3302
2802
2779
2740
2883
2709
2634
2621
2622
2701
2729
2916
2622
2725
2622
2736
2620
2899
2622
2624
2622
2685
2629
2728
2624
2621
2623
2674
2627
2685
2623
2621
2624
2661
2623
2685
2622
2623
2623
2679
2675
2624
2768
2624
2625
2901
2928
2732
2863
2718
2655
2769
2714
2667
2763
2738
2675
2882
2701
2739
2779
2698
2689
2860
2725
2747
2756
2836
2863
2805
2839
2763
2786
2803
2797
2687
2774
2728
2743
2743
2702
2687
2687
2671
2762
2672
2622
2673
2657
2620
2698
2756
2621
2620
2658
2649
2621
2719
2649
2651
2627
2620
2650
2736
2620
2629
2679
2621
2621
2833
2649
2627
2621
2649
2651
2650
2622
2656
2651
2621
2621
2772
2723
2688
2722
2663
2687
2747
2838
2698
2687
2687
2699
2770
2855
2723
2723
2664
2687
2749
2748
2687
2688
2709
2716
2673
2674
2649
2622
2620
2656
2677
2646
2652
2680
2649
2627
2678
2673
2651
2621
2627
2703
2682
2644
2767
2650
2629
2622
2707
2650
2739
2696
2664
2637
2706
2622
2914
2691
2622
2650
2730
2622
2621
2684
2651
2621
2725
2723
2673
2689
2721
2750
2663
2687
2728
2722
2687
2692
2722
2695
2664
2746
2722
2822
2687
2729
2722
2725
2622
2677
2620
2627
2650
2709
2714
2676
2657
2651
2622
2620
2709
2651
2628
2621
2728
2620
2646
2685
2650
2621
2621
2649
2675
2653
2620
2674
2650
2621
2621
2685
2651
2622
2620
2680
2684
2645
2652
2652
2622
2622
2687
2735
2621
2621
2650
2651
2656
2680
2753
2622
2621
2658
2707
2620
2681
2649
2649
2785
2705
2672
2677
2621
2621
2685
2665
2619
2676
2650
2625
2622
2675
2650
2622
2620
2659
2650
2620
2764
2723
2776
2664
2722
2755
2664
2687
2827
2687
2664
2772
2687
2663
2744
2687
2687
2744
2693
2676
2676
2622
2622
2700
2651
2628
2647
2680
2621
2664
2658
2651
2620
2622
2649
2741
2632
2623
2625
2772
2623
2701
2651
2624
2622
2867
2744
2666
2623
2624
2625
2736
2779
2675
2625
2624
2622
2624
2739
2690
2624
2624
2621
2623
2690
2670
2627
2623
2623
2625
2687
2682
2626
2622
2623
2630
2622
2756
2624
2623
2624
2628
2622
4820
3532
2857
2755
2628
2922
2626
2627
2632
2622
2625
3056
2627
2622
2708
2624
2622
2973
2627
2629
2625
2624
2623
2838
2624
2631
2625
2623
2622
2671
2691
2622
2625
2624
2622
2670
2696
2623
2624
2622
2624
2683
2800
2624
2626
2622
2623
2689
2622
2967
2623
2625
2623
2677
2622
2736
2624
2622
2623
2821
2660
2686
2624
2625
2627
2756
2645
2667
2620
2618
2652
2676
2618
2619
2668
2618
2625
2684
2643
2620
2620
2648
2645
2723
2686
2723
2857
2683
2737
2804
2688
2664
2859
2734
2717
2664
2721
2722
2749
2663
2756
2687
2664
2727
2775
2687
2672
2651
2650
2625
2622
2674
2693
2621
2621
2686
2622
2620
2796
2651
2625
2622
2650
2650
2674
2644
2658
2650
2621
2621
2827
2627
2621
2650
2651
2620
2801
2659
2650
2622
2621
2649
2830
2630
2620
2679
2621
2620
2860
2689
2677
2775
2687
2713
2713
2720
2687
2664
2687
2797
3056
2831
2877
2728
2806
2935
3454
2874
2625
2623
2659
2651
2749
2646
2621
2653
2621
2682
2792
2767
2727
2630
2674
2621
2622
2649
2620
2630
2638
2636
2678
2648
2628
2622
2621
2685
2621
2620
2627
2622
3396
2868
2671
2720
2625
2621
2714
2741
2623
2768
2712
2623
2749
2623
2631
2622
2864
2624
2692
2621
2632
2645
2677
2620
2673
2619
2627
2665
2642
2619
2672
2626
2620
2619
2619
2642
2670
2951
2927
2784
2784
2619
2681
2621
2650
2622
2620
2621
2709
2644
2622
2622
2621
2703
2681
2621
2622
2621
2622
2685
2731
2622
2622
2621
2622
2627
2751
2621
2621
2621
2625
2626
2780
2622
2621
2621
2627
2621
2707
2651
2620
2622
2659
2650
2754
2804
2680
2621
2628
2620
2710
2729
2621
2659
2649
2620
2674
2781
2651
2627
2621
2649
2683
2676
2620
2688
2622
2620
2893
2690
2721
2663
2687
2710
2692
2687
2714
2687
2663
2687
2716
2669
2690
2687
2663
2687
2718
2646
2650
2621
2621
2680
2741
2645
2703
2653
2621
2621
2687
2650
2622
2752
2650
2651
2685
2621
2680
2681
2620
2657
2795
2620
2621
2736
2649
2627
2665
2650
2651
2680
2694
2688
2651
2621
2651
2651
2667
2622
2709
2650
2622
2621
2682
2650
5091
3189
2871
2757
2729
2702
2725
2702
2677
2848
2771
2689
2713
2698
2690
2819
2700
2689
2689
2674
2689
2748
2677
2621
2628
2621
2623
2622
2753
2690
2693
2667
2802
2989
2936
2824
2815
2850
2778
2720
2785
2804
2693
2802
2786
2819
2743
2771
2651
2651
2621
2651
2846
2621
2622
2651
2650
2683
2837
2681
2650
2622
2622
2852
2677
2622
2621
2680
2628
3008
2679
2651
2623
2621
2661
2680
2621
2622
2649
2651
2628
2672
2699
2705
2621
2661
2674
2649
2622
2786
2650
2631
2622
2707
2651
2633
2668
2687
2622
2667
2651
2650
2646
2625
2651
2678
2622
2622
2681
2651
2621
2662
2680
2620
2627
2651
2649
2664
2622
2793
2729
2694
2689
2845
2781
2700
2687
2798
2688
2713
2694
2664
2688
2815
2664
2717
2697
2664
2687
2722
2687
2700
2672
2621
2621
2677
2650
2662
2622
2649
2651
2651
2646
2708
2621
2621
2651
2651
2620
2666
2650
2672
2622
2621
2654
2756
2689
2664
2689
2688
2785
2754
2688
2692
2736
2804
2814
2695
2621
2696
2690
2675
2716
2887
2689
2666
2697
2689
2695
2739
2690
2690
2672
2689
2758
2694
2689
2696
2643
2622
2748
2675
2650
2627
2621
2680
2704
2743
2650
2860
2622
2621
2681
2695
2715
2621
2790
2621
2688
2703
2744
2621
2622
2649
2717
2629
2645
2651
2651
2621
2677
2683
2648
2622
2651
2650
2673
2627
2650
2650
2621
2620
2651
2650
2621
2622
2650
2651
2677
2644
2680
2706
2621
2650
2650
2622
2621
2731
2719
2628
3912
2651
2621
2681
2656
2650
2651
2621
2649
2675
2628
2622
2698
2622
2621
2652
2685
2621
2680
2651
2650
2627
2622
2649
2791
2622
2621
2686
2622
2621
2720
2651
2621
2628
2678
2681
2720
2621
2656
2650
2621
2772
2723
2688
2674
2688
2688
2768
2663
2694
2734
2664
2687
2832
2687
2669
2687
2687
2664
2772
2692
2643
2621
2622
2649
2706
2627
2621
2680
2622
2621
2710
2741
2621
2621
2648
2646
2686
2786
2645
2647
2621
2620
2730
2866
2620
2647
2648
2619
2685
2741
2646
2621
2621
2650
2725
2624
2683
2625
2623
2627
2693
2624
2683
2624
2629
2623
3007
3577
2803
2807
2785
2783
2704
2702
2793
2633
2621
2672
2621
2620
2737
2629
2620
2667
2621
2620
2651
2622
2621
2678
2621
2622
2630
2646
2622
2676
2620
2621
2627
2648
2622
2680
2621
2627
2621
2621
2622
2682
2622
2685
2621
2622
2621
2718
2650
2630
2645
2622
2793
2678
2652
2646
2620
2621
2918
2649
2628
2646
2645
2621
2718
2718
2771
2620
2618
2643
2643
2752
2620
2667
2618
2620
2645
2701
2619
2619
2642
2645
2618
2683
2645
2649
2622
2621
2658
2722
2703
2621
2680
2645
2626
2646
2732
2620
2621
2656
2650
2680
2774
2650
2650
2627
2621
2674
2680
2621
2653
2656
2620
2649
2651
2674
2627
2620
2650
2680
2620
2646
2686
2621
2622
2680
2649
2622
2627
2650
2651
2649
2705
2710
2683
2620
2622
2694
2719
2697
2824
2688
2663
2719
2694
2664
2737
2687
2665
2718
2697
2664
2742
2687
2687
2697
2727
2688
2730
2722
2721
2701
2620
2680
2622
2621
2651
2651
2644
2622
2649
2651
2627
2678
2669
2651
2621
2706
2686
2672
2728
2646
2880
2713
2629
2709
2650
2622
2621
2678
2651
2660
2621
2678
2621
2626
2678
2658
2622
2622
2649
2656
2704
2662
2650
2651
2626
2622
2744
2776
2622
2651
2658
2622
2644
2711
2727
2697
2686
2699
2722
2932
2721
2705
2687
2687
2698
2808
2632
2621
2652
2699
2622
2847
2687
2622
2621
2650
2717
2646
2627
2651
2650
2645
2620
2741
2651
2621
2622
2680
2621
2687
2655
2649
2622
2683
2724
2793
2796
2687
2698
2722
2721
2722
2857
2688
2687
2727
2730
2687
2742
2698
2721
2695
2727
2650
2644
2621
2650
2656
2711
2666
2722
2741
2672
2688
2789
2676
2675
2746
2728
2664
2717
2722
2699
2695
2687
2756
2700
2668
2651
2738
2622
2622
2678
2651
2627
2692
2709
2651
2715
2623
2655
2619
2754
2691
2651
2645
2629
2650
2677
2674
2621
2656
2650
2621
2646
2692
2755
2627
2651
2650
2623
2648
2681
2658
2622
2621
2651
2650
2703
2622
2649
2651
2621
2704
2683
2621
2620
2650
2651
2749
2689
2651
2650
2622
2622
2714
2706
2622
2621
2680
2622
2684
2677
2650
2621
2621
2655
2706
2646
2621
2650
2651
2625
2850
3335
3195
2890
2706
2965
2753
2743
2690
2666
2699
2721
2666
2916
2690
2701
2714
2689
2689
2762
2621
2629
2649
2707
2622
2671
2679
2660
2621
2672
2680
2620
2721
2651
2650
2651
2622
2649
2675
2622
2621
2674
2651
2620
2654
2680
2621
2705
2802
2709
2776
2733
2721
2727
2687
2694
2809
2757
2687
2756
2729
2664
2687
2777
2698
2728
2738
2682
2656
2647
2621
2924
2622
2622
2650
2678
2680
2629
2650
2651
2621
2622
2649
2678
2622
2621
2679
2622
2626
2719
2651
2644
2622
2650
2703
2648
2621
2649
2651
2627
2712
2677
2622
2621
2651
2659
2643
2675
2651
2650
2622
2626
2651
2687
2621
2622
2687
2621
2622
2706
2650
2622
2626
2649
2651
2647
2622
2650
2656
2622
2621
2943
2718
2697
2687
2664
2688
2719
2822
2673
2688
2688
2664
2768
2830
2723
2699
2687
2687
2699
2748
2687
2687
2699
2757
2627
2676
2680
2621
2621
2681
2661
2644
2622
2650
2649
2672
2627
2650
2651
2620
2621
2710
2644
2622
2734
2649
2621
2712
2648
2782
2789
2622
2650
2792
2622
2621
2704
2622
2628
2677
2651
2621
2622
2678
2657
2651
2620
2651
2651
2647
2629
2717
2620
2622
2649
2656
2622
2674
2649
2649
2621
2626
2651
2723
2668
2622
2688
2621
2706
2702
2650
2622
2626
2651
2793
2666
2620
2651
2659
2669
2645
2859
2620
2628
2651
2650
2622
2785
2650
2659
2645
2621
2651
2729
2620
2627
2680
2620
2621
2756
2657
2622
2621
2650
2651
2765
2651
2651
2651
2621
2622
2646
2741
2622
2621
2680
2621
2677
2744
2651
2621
2622
2706
2657
2644
2622
2650
2651
2686
2621
2707
2621
2620
2651
2715
2621
2622
2675
2649
2622
2626
2709
2651
2621
2622
2687
2621
2705
2651
2736
2622
2628
2650
2679
2621
2620
2744
2659
2620
2677
2680
2620
2650
2651
2649
2674
2622
2650
2683
2622
2621
2730
2651
2621
2654
2651
2649
2655
2620
2687
2622
2620
2651
2795
2621
2627
2650
2649
2621
2684
2672
2659
2622
2704
2679
2673
2627
2651
2704
2770
2756
2731
2664
2687
2721
2753
2812
2694
2722
2698
2687
2687
2813
2695
2687
2722
2697
2687
2718
2650
2650
2622
2621
2651
2822
3723
3402
2932
2856
3011
2708
2655
2623
2620
2634
2775
2805
2621
2622
2644
2632
2644
2784
2622
2622
2628
2622
2649
2679
2623
2621
2627
2622
2714
2695
2689
2696
2664
2687
2687
2716
2687
2693
2663
2687
2740
2687
2743
2691
2687
2663
2739
2623
2847
2622
2622
2621
2769
2623
2787
2621
2621
2622
2680
2629
2680
2620
2622
2621
2707
2811
2820
2664
2687
2688
2781
2664
2688
2743
2664
2687
2753
2664
2687
2711
2687
2664
2715
2687
2663
2711
2686
2669
2755
2623
2620
2705
2622
2627
2648
2622
2621
2625
2771
2649
2622
2622
2621
2622
2648
2646
2621
2621
2621
2621
2652
2681
2622
2621
2622
2621
2651
2710
2620
2622
2651
2656
2622
2677
2650
2651
2621
2626
2651
2650
2773
2689
2766
2664
2687
2878
2691
2665
2696
2688
2664
2767
