65109
65160
66145
68652
69098
68572
70042
72882
69706
67244
69183
66643
65122
64274
65838
64271
64388
64678
65532
66380
70828
71416
69990
67116
65178
75751
79960
68251
68029
69486
68272
67092
67856
67838
67680
66259
69036
94493
69403
66588
64522
65135
65193
65054
69924
70768
72085
66089
65242
65691
64282
67749
67964
66358
68988
69595
65997
67229
66669
71136
70698
67319
67860
66826
66087
64874
70408
66516
68834
70530
67454
65317
66127
70527
67585
66029
64714
65488
64544
65889
71552
76100
65798
65829
68706
65201
64102
65621
64464
66201
65083
66488
67102
66396
64610
66355
77876
67274
64474
65983
71331
66919
65849
65179
64462
64471
64261
66089
66522
67050
66116
66604
64726
65254
65884
64866
65895
66373
67671
69009
69848
68849
65824
67918
69698
68169
70432
66263
68280
70378
69557
68230
70195
69685
69301
69235
67632
69276
68682
68687
67968
67205
71355
69234
105345
70686
67904
67095
68012
70364
70586
71437
67686
74181
82165
72773
73518
67473
65034
64295
65736
70010
73087
73597
70786
66851
65178
64551
72521
71655
66746
64776
64544
66714
68877
69342
70079
70691
71466
70130
65594
65943
65242
68515
65404
64301
65029
65228
65615
64375
65511
65000
64354
65692
64355
65894
65671
66246
68266
67706
65552
64483
64428
65203
64365
65867
64178
64355
65841
64455
64303
64667
64122
64484
66646
65945
65646
64392
65751
65561
65174
64283
64233
64691
64109
64456
64440
64280
64474
70871
74024
67301
71705
69778
67041
65073
64523
64095
64678
65540
72239
72745
71872
70237
71823
68482
68003
68368
66435
67276
65359
66279
67651
65515
64644
64292
66399
67020
65519
69280
64636
68200
65879
64629
65856
64897
65272
65158
65454
65844
64148
65985
65615
64303
70726
96133
110418
68460
68822
70633
67439
65708
64573
65688
65450
71203
69733
65775
67448
66322
66953
65587
67581
66107
67204
66158
65672
67064
70676
70195
67713
67356
68541
70867
67251
65827
66651
67296
67937
65306
64478
64943
65919
65588
65056
65804
65497
70529
68617
68787
71718
68422
65492
65927
65982
65808
65464
65620
65420
64271
64339
64013
64261
66566
65437
66050
68443
68715
67321
64974
65855
64506
64451
66423
66575
67291
65725
66266
66435
64872
65856
64793
66529
66586
66508
65646
64680
66612
68734
69479
67110
66130
66254
67911
64327
66121
67904
66272
66162
66353
66532
65245
64685
66236
65641
65130
65518
66149
70172
67842
67349
66760
65715
65806
66392
66599
68567
69584
68053
67706
67024
66350
64790
68054
64966
64445
64484
64583
68882
67400
64435
66020
71612
66479
66215
66189
65978
66896
68430
66340
70840
66604
65732
66805
67026
67970
71685
69109
70728
70433
69869
67207
67322
65558
66135
65505
65754
64350
65653
68071
64845
64367
66327
65842
65650
67575
66691
65692
67783
65258
66262
64299
70277
68409
66924
66499
67061
66517
66943
66241
65683
65636
66761
66723
71548
65302
65658
69662
69008
64830
64552
64588
64302
67298
68496
67570
70713
71105
67487
67123
83193
128075
72101
67161
67348
65877
64712
64174
64702
64780
64326
67166
67380
66473
65214
65297
65946
71542
66552
66018
64579
65449
65082
64580
64357
64286
67190
65550
68859
70538
66845
66119
73260
71872
71009
65645
65100
64233
64842
67437
64806
66466
66137
65334
64668
64552
65455
65672
65757
64602
64161
65843
66409
64703
66472
65272
64345
68573
65787
64498
64338
66172
65099
65265
65250
65580
64389
64511
65421
65131
64830
64329
68275
66035
64879
64307
64993
64921
64587
64469
64143
64400
64268
64387
64435
64461
66420
68754
67092
65216
67058
65573
64873
64509
64516
64106
64427
64218
65938
64363
64330
66421
64357
69457
65591
64316
64453
66179
64485
65265
64276
140465
85564
67697
66396
65665
68883
64584
65214
67169
66642
68842
65679
65931
64474
64541
64551
64572
66263
66300
64516
65337
66911
64557
66065
66291
66995
66046
65780
64194
65202
66048
64653
65762
66441
67516
67797
67509
64613
64421
64281
64972
64910
67474
66984
67555
67535
67030
67641
66883
66071
67447
68572
67560
66788
65894
66459
66139
67843
66249
66089
67037
65276
67533
66954
67515
67255
68135
67355
66183
65550
65319
66598
65967
67933
66415
65376
64524
66477
67149
65425
64622
66424
66888
66862
67716
67057
67319
66474
67148
67034
67124
68100
68128
67997
68784
67975
69491
66693
66445
65452
65629
67197
67894
66064
66586
66899
66505
64626
65965
67054
64928
67902
65853
65847
65932
65596
66433
65009
64760
65538
64535
66025
66390
65661
64419
64251
66714
64848
65669
66026
66103
66132
66031
64178
64769
64432
64277
65008
66207
67047
66426
68318
65478
65950
64929
64563
64313
65534
66821
65629
68553
70008
69275
67980
65911
67756
76165
69062
67899
66075
68740
66614
67973
67545
67714
67596
66527
67959
66832
66379
66095
68771
67522
66342
66797
67886
67178
64995
66235
65155
65270
64726
65529
67885
66762
66264
68776
69179
68266
66253
65040
64680
66748
65621
67182
67309
64999
65314
64920
67311
67195
69611
66629
65939
66728
64608
65674
64617
66293
65445
65735
66210
68512
71940
71004
68409
68208
67158
67778
69018
68489
69152
68872
68566
74217
80503
69861
71300
72293
86232
82435
71392
69786
69106
71230
68928
66934
69647
68789
68497
68690
66968
66918
67382
68306
67444
65863
65355
65089
66131
65663
66366
66427
67279
67442
68368
65558
65861
66368
67739
66635
71977
67538
68089
66316
67288
66556
65698
64749
65568
65929
66574
66676
66934
68952
67953
67525
66781
66869
65705
66117
65585
67470
65704
66015
67524
65769
66341
65810
69003
64451
66215
67634
66595
64857
65904
66203
67503
67767
66410
66192
66450
70072
69554
74375
69308
67394
66073
65917
67772
69269
65914
66950
66376
66723
67314
66001
70256
66012
67453
64382
66666
66510
66302
65443
65612
65594
66293
64458
67506
69317
66747
67299
65110
68011
67396
66211
65693
65392
66357
66490
64757
64403
64477
64440
65025
65064
65390
68855
69347
66294
66715
66160
65312
65209
66133
66740
66226
64741
65559
65022
66582
67323
66154
68920
67327
66293
65704
65338
64258
65858
64133
67397
67165
67486
66258
64753
64420
64319
66463
68155
67899
66958
67412
65774
65702
64625
67899
68489
67969
67450
66986
67481
67123
67624
67741
68367
66443
67331
66671
65806
64422
66363
65701
64705
66000
66441
67406
67633
72372
67055
66623
66778
66441
67414
67578
66231
66927
68061
67066
66540
67003
73629
65753
77533
70478
120108
102272
68050
66619
66268
65158
64605
65483
64591
64942
65642
83676
112471
73667
68727
67057
65852
65252
64312
64307
66024
64513
64413
64537
65780
65049
67305
64870
67105
137456
73606
67991
65837
66698
69399
72169
71395
69203
67006
68412
68085
66861
66152
66282
65928
64290
64450
65421
65809
64493
67470
72282
69183
65720
69416
65353
64378
66161
64890
64683
74420
72853
70916
66862
66016
66014
65383
64560
67172
67840
65321
65710
64981
65493
65879
66048
65824
64778
64848
65136
125061
96307
66488
67359
67290
68567
70256
71288
67632
66117
69687
67351
66028
67483
70290
69112
66300
67413
70816
66689
66705
68131
67779
66346
66921
70749
69370
68421
66797
65807
66194
65754
67132
65993
64904
71131
66813
70981
70238
67689
69674
68844
67111
66480
69383
71923
66357
68150
64507
65454
64893
66257
68579
69015
66730
65904
66073
66237
64597
64714
64649
65399
67561
66654
69784
67605
69035
67588
66168
65995
64779
66795
66592
67108
65517
68984
71415
70329
67222
66990
66930
65478
66269
66762
65805
64401
64402
65368
64971
64311
65920
65574
79051
69657
68471
68957
69449
72429
73216
67920
65151
65545
64722
70268
67716
64521
66576
68905
64930
138295
80343
68249
72000
71746
68769
68117
70295
73634
68554
68981
74105
69396
67845
69331
74556
67812
67031
65013
64973
65086
67988
72583
69235
64803
66572
73348
70185
67949
86567
69198
66443
64494
68676
72609
72063
72394
68381
66048
68252
70164
65194
67046
65930
66606
64753
65728
64451
64040
65896
64817
64354
68818
102749
93904
68658
67164
64995
66010
65790
65512
66245
65514
68220
65379
65180
66796
66066
64783
73385
85429
101188
72677
68897
67154
66620
65742
68406
68043
66930
65936
66202
68112
71834
67948
67159
69452
68468
77640
69040
65318
65207
65728
69232
69031
67912
65741
67102
69822
68739
66231
69429
67309
68206
66727
67922
68389
67697
66790
68318
67280
67284
71296
76422
67442
66656
66507
71132
71117
78092
70140
67957
69203
70659
70752
69028
65061
69298
67883
67924
68005
66230
65975
67274
67885
67847
67258
67227
66914
66328
65940
65631
67375
66012
66154
65187
67927
67810
67969
68018
67053
66727
66794
66577
68949
68095
68915
68079
64326
66047
67566
65448
65005
64542
65972
65030
64637
65990
66285
65834
65005
65004
66792
64251
64450
64383
64592
64827
64692
64601
64619
64982
64309
64001
64477
64250
64566
68029
65897
64831
64422
64528
64338
69496
70101
72022
71622
68913
70950
72026
70277
68128
69649
70766
65632
66233
66551
70548
69407
70974
71261
70866
71346
69155
65241
69833
73990
66404
65673
65478
65695
65310
71545
69322
67807
65839
70833
70564
68467
69478
67615
67546
65686
70031
69342
68090
68851
65676
64335
64773
64771
64263
66431
67403
66527
66108
70237
66976
65601
65914
66774
66182
65423
64517
64150
64679
64498
65735
64691
65291
64453
68714
68509
67372
66751
66445
65909
66757
66337
64360
65756
64579
64383
64336
64334
65766
67766
64756
65237
65718
68677
68718
68122
67995
67642
67557
66224
64918
65628
64315
64305
68197
64363
64478
64394
65003
65650
65261
65769
64997
64493
65679
65979
64722
64320
65933
67553
66493
65816
65274
67450
64756
64027
67531
66518
66295
68893
67906
67064
67293
67226
69898
66542
68257
67742
65341
65401
65100
65802
64332
68764
65925
65042
64651
64710
64180
70215
73147
65374
65307
65186
70900
69930
65747
66175
64677
65369
65926
65095
66746
66576
72455
68204
69663
67525
66388
67440
66481
66977
64384
65391
64354
64572
64543
65896
64773
66778
71784
67700
68703
67784
66697
66796
68126
66025
65394
65992
66547
66411
65788
65570
65898
66740
65870
65466
66578
64936
65594
65858
65061
64356
64089
64160
64909
64285
64206
65212
67910
71579
66255
67697
67532
70642
65168
66549
66166
68957
72977
65350
64524
68747
66414
67952
65236
65669
66590
65439
64271
67232
69672
68162
65938
64628
64543
65359
65558
65824
67926
67855
64398
64982
67591
69592
71445
65695
65580
64219
63997
64760
66640
66010
66691
68502
75014
70481
66914
64297
65617
65871
66174
64962
64467
64462
64338
64900
64508
65959
65941
65756
66235
66465
66127
65424
65469
66338
66151
66036
66450
66057
66011
65833
65407
65690
67012
66420
64732
65028
65945
66669
66485
66013
66213
66404
65701
64458
64125
64132
64067
64046
67088
65132
66505
66470
66670
67196
68046
67319
66109
66277
65514
64562
64057
64067
64131
65861
64170
64843
65068
64556
64651
64070
64470
64246
65170
65618
66425
64969
65774
64462
65131
66283
64385
64377
64397
70673
69360
65760
64107
64336
65509
65244
64543
65147
65193
65176
66656
68611
66343
64866
64403
64733
65276
65584
65038
68518
66031
64311
67655
64043
64682
69177
66011
64423
64254
64262
64352
64201
64732
65318
65636
67251
65889
65771
65120
65997
67138
64362
65772
65758
65428
65890
64921
65882
66052
65262
64030
64799
66088
65516
65161
65338
66284
64751
64996
65102
64312
64500
65270
65351
67630
66308
65105
64202
64258
64807
65354
69506
64787
66254
65487
65014
64478
65672
65789
66435
65046
64677
64903
64276
64157
64751
66294
67679
65875
65058
64391
64312
65356
64457
64455
64699
66084
66389
66010
65642
64911
66323
69284
65246
64463
64517
64519
65590
65863
64549
63892
64699
64565
64140
64137
64555
65189
67454
64608
64919
65296
65756
65365
64319
63987
64187
65334
65488
64762
64318
65487
65299
66619
64253
64249
65236
67080
64497
65955
65611
65187
64171
64715
64831
63950
64195
65013
66624
66668
65377
65719
65124
65450
64843
65285
65242
64696
65980
64776
64451
64240
65938
65621
66950
64496
64676
65894
65172
64888
64046
64399
65209
65555
65112
64804
65526
65129
64628
67568
65603
65921
64754
64333
65848
65916
65155
66345
64836
65209
65434
64772
64249
64114
66372
65071
66696
64804
64410
65141
65177
65761
66017
65930
64881
64697
65541
65384
64793
65645
67981
64851
65634
67058
65423
64683
65381
64689
64906
64095
64232
64874
64153
64167
64211
68442
65232
64297
66143
70827
70201
68958
64667
65374
67267
66104
65078
66189
66902
66579
67014
64564
67206
64397
64328
64246
65506
65480
65505
64312
64135
64762
64191
64456
65134
67184
65712
66022
65888
65974
65360
65708
64833
66006
65927
64781
64744
64733
66317
66017
65513
69706
69658
68194
70133
64210
64114
64214
64330
68849
67402
66448
64290
68470
70826
73483
68085
67107
65684
67849
65658
64114
64337
65451
70308
69315
70340
71881
67126
72810
74465
69320
66748
69894
69430
70708
66684
65267
67089
65924
65530
64407
64496
64335
65903
67821
64544
65519
65220
65966
66002
66427
67804
68187
66185
65684
64590
65882
64623
64191
72250
69963
67112
69543
72074
70449
67524
68845
68104
65559
70515
65522
64329
65748
65883
67361
69465
69121
65548
64462
63978
65207
65248
66492
66780
65863
70639
67317
65060
64603
71328
69977
70377
72489
69913
69940
69915
71140
71060
69673
68337
71607
68360
65832
67147
65106
65848
67324
67331
65498
64187
66343
66577
77193
67208
69162
65675
65399
65232
68937
65110
68106
75992
66577
65069
64376
64129
67377
69556
68036
68641
67882
66874
67302
69314
64321
64541
64236
64004
64200
64028
64103
64364
64001
64238
64262
64099
64046
64869
69470
67041
66914
64995
66736
66464
67095
67292
67048
64699
64238
67002
65627
64049
64170
79715
71385
66297
64363
65374
73243
69287
68540
70443
69655
68462
66377
66997
65771
69660
70054
66781
66995
66307
66460
65986
65682
65439
65502
66609
69960
69266
66108
69248
68003
66251
64276
65432
65502
65032
64116
64127
64062
64090
64370
64708
65431
65090
64165
64116
65696
65363
64476
64896
65408
66692
64726
64243
65161
66276
67450
64803
65040
69978
68183
69075
70155
65809
67178
67096
66156
69487
71097
67339
66998
66098
66523
66955
66957
66281
68701
66718
66752
66349
66402
65928
65035
65329
64487
64103
64388
64077
64156
64070
70952
67600
66485
66534
70399
64859
64490
63975
65027
64377
65256
64572
64804
68429
68475
64377
65055
66857
64456
64448
65719
65104
64652
64487
64562
70901
68156
70286
68348
68197
67556
67210
71508
68992
67778
66373
65699
64309
66754
70370
68703
67797
66348
65970
65887
65389
65508
70202
65897
68346
66553
67792
65049
68148
67028
66121
66337
66825
66667
65795
66269
66885
66757
64611
65723
65848
68720
69795
68271
66956
65021
64137
64641
65142
67597
65887
64090
68243
65756
67573
66702
66113
66388
67170
65631
65279
64768
64428
64730
64306
66443
65795
68732
64755
64644
64506
69680
69270
70303
69596
69575
68655
68183
67919
70126
69096
71369
70701
67206
64323
64310
64638
64452
64477
67151
66187
66881
64632
65845
64966
66151
65323
68822
67126
66533
65548
65697
64339
65627
64430
64355
66118
65752
65060
64614
64165
64460
68310
65936
66006
66408
67196
65387
64877
64370
68434
68504
69387
68797
66385
64254
64542
66802
64399
65406
65625
66557
66189
66100
67511
66756
67817
66739
65235
66856
69001
65899
66630
64328
66717
64734
66592
66043
66383
68318
71168
70363
67940
64388
65217
65934
66501
68406
65542
64763
64289
65824
64606
66647
66701
66123
64305
64541
64193
65094
66352
66761
70300
67084
64746
64299
65483
64930
64166
66290
66430
66772
65488
64368
65751
64979
65003
69189
66412
66812
64300
64289
66212
64288
64299
65755
66308
66468
64704
64321
64474
64315
64371
65768
66465
66969
64597
64444
66160
66324
64380
64392
67191
66472
67433
65707
65388
65804
66837
65768
66805
65863
65566
64726
67024
64259
66411
65823
66610
66537
67070
66470
65833
70199
67785
66964
66949
66499
66414
65515
64334
65913
67884
66675
65210
66060
67785
67317
71396
68208
66577
67801
66748
65803
64944
65962
65984
67877
64873
67069
66568
67130
66867
69902
66607
66751
67019
66128
66177
64324
66023
67133
66753
65911
64417
67405
66621
66511
66952
65244
66249
67365
67820
66139
66260
65465
66755
67165
66259
67120
67442
66595
65607
70891
67151
67569
67573
68156
66331
67622
66738
66943
67514
66544
65705
66163
66354
66216
69895
67013
65708
67101
67485
65615
67030
66308
67103
66158
65025
65578
67167
65987
66982
70162
67293
66892
66084
66543
67223
66982
65900
65543
65932
65954
67008
67847
65839
65445
69410
67062
65865
64665
64573
66209
66977
65811
64356
64583
64461
66751
66802
66460
66210
67752
66150
67341
65700
67885
67156
66435
66139
67841
66888
66897
66638
67268
66065
66557
70259
67409
66963
65898
67929
68282
65822
67268
67085
66371
65932
64552
66088
67272
66481
73066
68472
67916
67139
67981
66904
66945
65590
66420
66387
66716
65417
66206
66090
64420
71457
67682
67550
65791
67084
66941
66757
67267
65842
67643
67396
68325
66901
66755
68770
68931
67368
66921
66397
66145
66812
65475
65757
64289
65042
67495
67771
66839
64092
67273
69244
66154
64793
65850
67244
65710
64428
67674
67560
67162
67871
66501
67268
66687
66466
70040
65731
66353
64785
65642
66701
64244
65486
66248
66466
67351
65836
66151
64919
65664
68421
65356
66536
65268
64590
64488
64082
64395
64385
65812
66016
66614
64725
66267
66680
68719
65071
67325
67143
66831
66507
64080
64343
64219
64882
66345
66791
67162
66741
64390
67915
64396
64808
65356
66135
66528
66757
65021
65020
64959
64397
64371
65595
65776
65796
69014
65310
65172
66091
64887
65939
67110
66868
66009
64879
64440
64494
66216
64824
67369
70530
66648
64882
64580
64536
65855
65004
66277
65975
64723
64390
65714
68676
71616
70918
71021
68694
70098
68958
68958
65953
67917
66977
66486
74514
69734
70772
66077
68804
70669
73330
67934
66197
65384
69100
68148
69404
68131
64597
68593
67298
70947
92392
68874
69300
66702
65592
64538
69002
70941
70233
67573
69612
68339
69335
68070
65874
69864
69097
70900
67867
66383
65890
65820
66712
64937
65830
67024
66115
64566
70151
69363
69448
68441
71981
71206
67557
66172
66235
66260
64838
67185
65982
67832
67662
66913
66247
67862
68621
67378
67472
65372
64331
65429
65569
64615
64370
66342
67844
66306
64771
64822
65343
64788
67926
66584
65354
65417
64501
67625
65632
66185
66400
65493
64597
65959
64400
64120
65595
70128
68382
67199
66870
66815
65349
65715
66064
68902
67569
67859
67409
66412
66583
67212
69709
67003
67960
67028
65892
67065
65142
65510
65436
65566
67621
67253
66442
66295
65207
66532
67543
69772
67897
67845
67486
68062
67370
67802
65891
66637
64430
67566
66666
67078
71145
65559
65937
64462
64406
65833
64302
69375
70576
68133
68277
71089
66149
64544
66285
66750
66431
67917
69629
66856
65957
65548
64370
64441
66380
68683
68709
66984
65843
65478
65682
64688
67654
65480
66503
64470
66752
66104
66075
66514
67818
68713
65296
65071
64373
67983
65893
67120
66441
66017
67036
66224
67758
68586
68692
69339
68224
67625
65694
66636
66582
66148
66266
64967
68559
65326
66764
65900
66260
66827
67140
66488
66430
66471
65542
66837
66450
65195
64439
67317
67273
67395
66298
68381
67132
66924
64471
67039
66425
67314
69099
68173
68217
66822
66545
67076
66631
65329
67604
66224
67525
66587
67214
66499
66482
70430
68275
67829
66317
66119
64571
65731
67024
66577
65360
65078
65344
66714
67074
66020
67912
65369
64488
65143
66051
64987
66755
66733
65411
64314
64333
66400
64232
64953
66662
69007
66263
66148
66069
66119
65865
64904
66986
66906
66537
65350
66956
64474
65615
64498
69292
67217
66658
64811
64336
64372
65446
64334
66982
67602
66257
66469
64816
66537
67538
70540
66769
67717
67776
68196
67614
68909
66932
67012
68991
68801
67465
65782
64786
66200
69959
66710
68263
67404
66283
65479
67430
69283
66398
65349
65131
66773
68090
67191
67991
69434
66445
65366
65696
66984
66654
66078
67407
66987
68266
67840
70469
67687
66925
66918
69478
66698
70378
67150
67163
66334
65212
66279
65910
65909
65442
64887
66181
66941
66212
67401
65260
64900
67898
66969
66686
64747
64195
65983
65575
64991
64689
66312
67008
66333
67308
64383
65903
66089
66224
66779
67198
64231
64508
64452
64344
64454
64209
66712
66528
68114
65616
66326
64810
65920
65104
66543
66866
68257
66313
65094
64564
64925
65644
64808
67994
66783
67089
67024
66902
66214
64778
67688
67523
67646
67544
66346
67680
66268
65820
69787
66164
66402
64930
66139
66718
65505
65703
66195
67004
67599
66995
65615
67207
67323
67700
66544
68416
66429
66700
65155
65235
66773
68132
67621
65687
68248
67142
65162
67120
71220
66895
66041
64658
65861
65301
64407
66858
66561
66111
65970
65341
65110
65418
65159
67963
67132
68471
66795
65815
65464
66134
67003
65950
64404
65005
67338
66310
67722
67296
69717
64331
64669
65446
65939
65850
64497
65398
67034
67471
64497
64491
65743
64443
64133
67659
66838
66173
65597
65119
67111
66722
66768
67833
68454
67822
67330
66462
64484
64025
67450
70715
68949
67946
74929
70749
68296
67577
66936
66692
66894
66312
66615
66891
67032
67521
65678
65288
66701
67192
67004
65367
64976
67182
65550
65652
64977
66780
67556
68730
68933
68418
67497
65089
64541
65430
67398
65138
65848
65938
66164
66020
66074
64513
64607
67226
67925
67250
65984
65592
64937
66863
66873
64603
65945
66017
67048
65576
65290
64437
66933
65122
64936
66741
68234
66760
67431
66954
65026
66300
65991
66347
65086
65461
66362
66978
68677
66181
66457
65536
64659
64338
65153
66194
66733
68884
67606
66189
65895
67814
66404
69535
67650
67438
67891
67166
66250
66901
66575
65447
64559
66443
64570
66073
65954
67473
70030
67130
68142
65481
66575
66154
67880
67551
66187
66628
65855
64903
66494
67225
66827
68229
66150
67556
67609
67786
67226
67714
67680
66708
65108
65308
66605
68160
66839
68841
68731
68112
66971
67996
67121
67150
67031
64662
64810
65330
64981
64162
64224
66415
69878
68040
67491
65867
64887
66025
67397
67444
66472
66249
66001
66581
67208
65950
67532
67867
66383
66859
67119
65252
66817
66390
68099
67890
67769
68435
66228
68073
65721
66184
71706
68566
66690
66495
66774
66023
64282
67080
67393
68217
67181
66737
67077
67916
64874
69000
66876
66300
65606
65974
66489
67379
67433
66463
64944
65525
65343
65547
64458
65062
69165
67141
65395
67196
66050
64462
64560
64204
66287
66775
65089
65194
64839
64401
64212
64557
68996
67141
65449
65486
64465
65141
64847
64439
65939
66599
67256
64797
64358
64173
64668
67385
65974
67303
66307
65924
64560
64140
64378
64320
65138
66485
66910
67438
65237
65724
67934
69493
67307
65857
65467
65243
65533
64928
64966
66437
66706
65557
65150
64395
64425
66804
65026
66133
66195
65850
66094
64679
65865
64389
64419
65268
66523
67110
65311
65802
67531
66154
64848
66415
66122
66632
66053
64502
64200
64448
65396
64841
65953
66561
69247
66889
68919
66044
66442
66272
65800
65826
66480
66910
66837
67044
66249
67286
66072
66348
66079
68957
65911
68299
67493
67145
65099
67782
68462
66495
66422
66366
66924
66332
64386
66276
67734
67441
66126
64904
67027
66903
65655
65203
66818
66277
66205
64815
66064
66402
65230
69766
67814
67391
66374
67306
66944
66663
64863
65639
64978
65885
64835
65674
64263
64320
70629
67592
66322
66267
66479
66529
66006
65024
64555
64152
64521
64757
66763
67013
67161
70397
66097
65635
64341
66404
66161
66483
66057
65616
64934
66450
65988
65311
65405
64714
67717
64438
65553
66119
66253
66843
67125
67118
66945
64525
64566
65450
65012
65399
67076
69173
66135
66019
66468
66884
67383
66386
65353
65665
66804
65856
65361
67284
66600
64974
67955
66733
67079
68730
66265
67723
67060
66653
66257
65984
66264
67517
66467
65923
66667
70054
66954
66406
66858
67057
65489
66055
65496
64385
67246
66982
66460
65591
64055
65450
68153
67098
66665
66298
66517
68339
66486
67002
66905
67128
67290
66587
65669
65942
66315
67513
64405
66185
66016
67325
65464
64312
65397
65868
65904
64528
66776
66871
66400
64923
66411
65094
66599
65519
65547
65667
65013
64382
64162
66142
67762
68149
66625
65440
64480
64324
66389
64467
67160
67207
66443
66401
65655
66810
66792
65583
66034
66992
66890
66706
65863
67035
65878
66295
66261
66063
67274
65575
65802
65566
67161
66722
65042
65826
67068
67443
67279
66788
67008
65584
67682
68317
67080
65231
66674
66773
66466
66687
66375
64432
64517
68792
64263
65526
65453
66281
65818
64303
64433
64199
66151
64284
66561
67183
66418
67120
67349
66240
66787
65611
66816
65374
64825
66680
65597
65529
66752
65983
66414
66140
65890
67809
64975
65530
65145
64167
65960
66624
67609
66408
66530
66800
65265
65604
64734
67167
69806
65916
66560
64329
65939
65457
66594
67009
65354
64595
69635
67030
65367
65577
64318
70170
70240
68526
68932
68791
70150
68543
67284
66805
71357
70535
67674
70436
70769
69671
68634
66072
67080
79525
68870
70385
67752
64441
64261
65904
64797
66111
67440
68223
73049
68311
68808
65908
67159
67113
67500
67956
67133
70688
68265
65194
64515
67429
67270
67095
65798
66192
70031
69212
69153
69017
67460
65619
66575
68125
66563
68520
81669
71082
74380
67349
66442
66015
66744
67112
66253
67643
71615
66037
64735
65581
70181
68282
66860
68689
65218
65245
69871
68618
69915
67693
68065
66963
66961
64398
66234
64202
68975
71234
67587
65961
66623
69332
69892
70327
66612
66311
67103
68265
68291
66056
65037
66643
70266
68502
68226
66833
67735
66764
66132
66729
66307
65543
67149
65647
64248
65591
65708
69118
66574
66643
66868
67160
65892
66936
66494
64725
64727
65561
67196
67665
65931
64751
67915
66126
65435
64580
65003
66661
66922
66128
65474
64481
64261
65431
66028
66919
68245
69428
66995
69234
67224
67225
66193
64950
66310
65487
65252
65861
66748
65859
64183
66618
69941
67285
66821
64792
66834
66837
66209
66974
66577
64934
64279
64412
66514
67767
66952
69710
68164
66182
67272
66063
66885
66256
66377
64762
66967
66688
65399
65437
64618
65793
66755
66587
64945
67365
67303
67962
66149
64582
65195
64533
64468
66971
70283
71473
69402
71341
71355
69794
70602
67486
66476
66140
68454
64499
65762
65271
65938
67054
70161
67948
66829
64668
65338
70442
69408
67048
66627
66634
72907
73098
68215
67671
66227
66646
66817
66301
66353
66728
68371
67409
66032
66311
64678
66464
66508
66132
67920
67033
71201
70259
70706
68093
68090
66477
67385
68807
66418
66585
67932
66336
67915
67206
66347
65981
68662
69829
65069
66181
67639
67349
68322
65259
66400
66376
66489
68521
67201
65941
64678
64485
68809
68725
68388
67082
65710
65820
66243
65879
66650
67276
67069
67479
66042
66472
67231
70252
65247
64896
66091
67105
67145
67492
67052
67868
68528
67947
67908
67285
67331
69138
68134
68152
69074
68466
66863
66529
66030
64299
67098
68181
67755
66822
65623
64781
67700
66167
66051
66339
67327
67303
67444
66248
68390
67698
67533
64724
64659
64925
66138
67153
66202
65460
68746
72103
68317
70124
68006
69588
70583
66826
65667
64217
64739
64057
65918
64348
64319
65676
65216
64646
67604
64676
66636
64685
65095
66137
65234
65110
65684
65967
67933
64937
65690
65388
67323
65773
65276
64845
66411
66071
65689
64798
64448
64570
65101
66263
65298
66162
64688
64453
64472
63919
66890
66365
66535
65496
65157
64400
64686
65099
68720
65230
65366
65514
65667
65403
64500
66176
64968
64543
63998
65758
64523
63988
64311
66487
66257
65569
64292
64917
64199
64423
64121
64343
67731
65752
65536
64959
63907
64711
64871
68123
65562
66433
65411
65644
66756
66051
65192
66017
65340
65694
66071
65899
65648
64524
68052
65878
64628
64341
64656
64837
64831
64099
64157
65337
65779
67575
78248
66311
66826
75167
68803
70039
67677
66148
65972
71275
68281
65691
67728
67950
69323
66361
65961
65311
66975
65241
64838
64578
65683
65669
64505
67270
67936
65137
65680
65143
67617
66920
65995
69441
66595
66350
64109
69002
66574
66077
65456
70947
67204
66341
66471
67017
68167
67572
73376
66350
64729
64230
64094
64174
65230
65704
66008
64451
64571
64360
67801
65692
64785
68705
69012
68755
67383
67162
70692
67226
67563
70828
68638
64685
67245
65831
66792
70248
72002
67584
67420
64440
64409
63968
64062
64180
64121
65093
65502
64898
64011
64344
64137
66609
64609
64988
65364
65197
64087
64107
65308
64497
64188
64639
67087
65398
64372
64450
65925
64810
64215
65558
65841
65003
64208
63938
64383
64054
64156
64496
65245
65740
64565
64386
66193
64476
64766
64179
65927
65653
64602
64143
64087
64166
64052
64186
65253
65260
65354
66535
64657
64496
64419
64548
64491
65261
65423
64203
64704
64115
77869
88456
68251
65499
74681
69280
69676
71309
70116
64601
64039
64200
70326
75160
83100
67587
65793
72230
74988
68401
69316
68964
67550
65056
64799
64256
64327
64490
65526
66271
65222
64216
65372
65737
64347
64308
64429
64364
64248
64032
64377
64122
64352
64235
64120
64437
64106
64185
64533
67205
64525
64387
64439
64325
64029
64741
64136
65146
65412
64600
64421
64784
66120
65825
81688
69397
84129
74951
74127
72568
66563
64531
73774
66043
64720
64036
64078
64548
65876
65928
64078
65294
64197
64238
64117
63890
64286
64096
64409
66606
64406
64782
70082
71002
82083
65164
64352
64188
64196
64356
64032
64093
64136
64296
65171
65414
64734
64353
64375
67689
67811
64947
64357
64030
64346
64174
64620
64070
64387
64394
64035
64358
63989
64164
66331
65449
66844
71568
68043
65206
64620
66751
69208
73429
67897
71713
70179
67322
64151
66580
64726
64037
64442
64056
66850
65023
64172
64469
65579
71104
65704
70728
69368
67147
69123
65727
65387
68183
68603
66747
65737
64940
65103
64684
64396
70577
75009
66809
64681
66720
64470
64093
64637
64856
64133
64050
63893
64302
64606
65613
64915
64832
64164
63995
68094
73790
65814
65979
70065
64793
65328
67218
67630
66858
66255
66736
65467
66516
65674
66336
64627
64130
65425
71404
77996
73656
69657
73604
71977
70869
68697
68729
70664
74854
77102
65042
67703
67843
66522
65860
66561
65438
64537
65959
64820
64514
63994
64151
64095
66355
64176
64804
64324
64283
64169
64117
64011
64132
64259
64322
64134
64207
70373
69047
71146
65882
64441
65074
65808
65943
64733
64229
64083
66293
64879
64440
65656
64116
63932
66531
65068
64429
64690
64155
64504
64117
64222
64136
64008
64288
64172
64179
64314
65386
64704
66524
64263
64556
64513
64338
64481
64168
64680
64348
64425
64123
64582
65545
65652
64782
66647
64576
63989
64572
64281
64187
64380
70713
73744
78459
70235
73486
69924
75072
67993
71963
65056
64734
64371
69777
106868
67915
64534
64352
66309
69862
70105
68228
65462
68468
64140
64451
64879
64543
64252
64140
65551
65332
64840
64310
64112
65379
64072
64135
65895
68308
65937
66052
65449
65637
65310
64213
63957
64556
65403
65137
64735
64308
66157
65336
67452
64190
64942
65514
66264
64684
64734
64571
64707
64111
65317
65667
65481
65598
65029
67197
64991
64732
66192
66574
65290
64985
64775
64298
64854
64287
64233
64014
64733
65924
67676
64733
64159
64348
64078
64580
65565
65009
65286
66343
64924
65067
64136
64121
64485
64384
65823
64882
65746
65591
65160
64226
64048
65495
64680
64924
65121
66194
65359
64401
64743
66389
64088
66136
65367
65489
64770
64445
64182
64343
64451
64550
66560
66909
65353
64356
64072
68665
64275
64178
64242
65285
65510
65116
64622
67517
71021
72624
69886
69835
68217
69295
76790
68436
67887
69041
68569
68244
69988
71123
81713
69931
74078
77872
75258
76577
69658
68046
66795
65892
65043
65021
71187
69305
67731
68192
65687
66166
64959
70558
80790
84963
83279
76849
70522
69065
69380
67360
69379
69568
68706
66428
65267
65791
69017
65756
70583
76374
77184
71274
76551
69041
67308
83814
97439
69146
67858
66343
69936
66325
65797
65585
66688
67620
68449
65602
66373
66874
67718
64761
64344
66782
69539
68155
65922
66239
66078
68604
67692
67136
66453
65964
65543
65771
64553
65805
66930
69448
67238
67468
68828
66351
65824
65667
65308
66106
66183
67056
66942
67691
66601
66609
69191
65378
66999
68033
69236
67155
64933
64663
64218
66229
66817
66224
65674
66724
64534
67921
67255
66008
67374
68019
66075
65936
65375
64894
67785
66521
66686
64970
64458
67718
66081
70374
67050
66363
64952
64487
64273
64423
65375
67061
67221
66744
66922
66892
67737
68566
71503
69501
70647
67451
67382
66564
66869
67089
66643
66259
66923
64368
64851
64997
69622
68421
67168
66285
66641
65684
65675
64510
66468
66892
65554
66955
64748
65491
65720
68529
68585
67685
67350
66753
66077
65811
66240
65728
65855
66226
65402
66078
65695
66258
66112
69331
67172
67620
66141
66082
66743
65947
65958
66678
67040
66790
66371
64888
65508
65641
66989
64556
66487
66602
66836
65526
64608
65239
66861
67439
69216
68810
68336
64996
65542
68335
65302
66524
66913
69708
68283
64373
64237
65177
69536
71328
66263
67186
65223
65518
67120
67061
66450
65550
65699
66293
66464
64297
66114
65948
66438
66254
70298
67122
67093
68204
66014
66432
67748
67302
65385
67125
66061
70941
66440
65806
67119
66967
65584
70045
68407
68056
67810
66909
68203
68021
68125
66635
67539
65629
65967
66423
65541
66989
67171
67613
66854
65964
65190
65233
65723
66057
65517
65497
66829
67014
66696
66190
66270
67315
66218
65187
64428
64516
65265
67231
67543
66522
66814
65664
66481
65791
66308
66417
64989
68338
66946
67155
65448
65832
64857
69860
67321
73689
70003
77916
70663
68103
65397
69064
71244
68025
71269
69587
68877
68972
66188
71389
69563
71835
70157
71695
71247
82007
68667
67270
66243
65750
68652
67963
65662
67062
70426
70347
69546
65195
80245
71708
78074
66747
66807
64467
67747
67949
67161
67157
66727
65694
67143
67889
66201
66533
66113
67794
65959
67395
69750
68713
70318
70824
69776
68869
67859
67191
67633
67856
66323
67532
69330
69552
69066
69589
69847
68177
66810
65705
66568
83859
86865
69071
68872
69754
66736
70285
71338
69006
67966
67111
67018
66832
64789
68200
69357
68673
68735
68708
68832
66749
64798
66510
66885
66179
66426
65260
67610
66975
67804
69391
67092
67017
65943
69472
72824
70158
68460
66475
64502
65827
64120
65390
66587
67060
67841
67161
68625
66072
70630
67889
68119
67696
67667
65800
66325
67055
67874
65438
65092
64566
65759
67365
66709
68164
68835
66660
66357
66012
64337
66434
67569
67053
70634
67824
68426
67135
65307
67825
70532
69282
69360
69276
66329
65491
65170
65952
65871
66212
65055
64033
68677
71006
67047
68969
67955
68153
67581
67849
68136
66065
64798
67131
67494
66743
64436
65695
65499
64404
67949
64830
66403
65782
64350
66064
65423
65165
65083
65119
65670
65949
66757
66551
64458
66856
67846
66308
66426
65087
66246
65635
65144
65656
66246
65260
66666
67701
67104
64455
67031
66011
64729
66094
66845
66989
65062
66324
66727
67409
67079
66522
65089
65515
70653
70804
67090
66387
65089
67487
66197
66494
66069
69232
68136
66748
67491
66730
66938
69771
75937
70074
67651
67575
68963
67449
66528
67319
65651
66962
69754
67921
64879
66523
71326
68065
71564
67826
66908
67186
64699
64283
64559
64583
64286
66401
66620
66352
68170
70231
67353
66381
66213
69969
70888
69352
66842
65595
65977
66802
65812
66959
67795
69313
70380
67706
66409
68327
66062
65010
65125
65741
65207
65850
64472
64291
64485
64926
65117
68560
65984
65379
65253
65152
65205
64310
65160
66158
67944
66853
66530
67247
66610
66578
70117
66473
65089
66819
66852
67380
67543
66650
67406
67576
67126
66239
66203
70712
69582
73750
68602
70119
66416
64652
65497
68362
67326
66076
66786
66964
67917
66360
64430
65593
68643
66134
65512
66950
66592
66370
66282
64723
64398
65889
67256
65378
64691
64278
64887
67276
66130
64978
66232
68211
70669
68120
64316
64413
65419
64349
65016
66330
66347
67062
67966
66883
66433
67801
70304
67465
66528
64627
64099
65599
64370
68754
65641
66119
67538
68069
66832
66038
65870
66131
66020
66266
67228
66561
65031
69378
68796
66921
65344
65102
75049
69538
69645
66148
69911
67893
66846
66504
67331
66598
65270
65461
65095
65821
67637
72565
66117
65438
66109
65119
64578
66125
66185
66412
67479
65579
64654
65857
64606
64096
67987
66366
66011
65355
64186
65666
64390
64247
66429
69203
66444
69838
65781
67914
66364
68106
66153
68297
67648
64703
66760
66866
64113
65639
66361
65920
66075
64474
65727
64966
68136
65148
64672
67533
66891
66865
66111
64483
64386
64330
64279
65621
67543
65197
64722
65289
66764
64202
67634
66733
67010
65655
64360
64428
64347
65544
65080
64517
66290
67590
67802
71371
66778
65574
66965
65954
66637
67174
64928
64535
64954
65935
64237
65613
66344
67436
69691
68118
68153
69929
69159
65540
65227
65749
65411
66145
67601
66533
66288
65016
64327
68594
64948
66785
66302
65398
67122
66667
65234
65694
66076
66690
67049
66569
67496
67554
68086
65571
65303
69494
67889
67027
66554
68076
69092
68098
68115
68147
67781
66799
66117
72377
66770
66553
65763
66486
66841
67049
65989
66037
66851
66489
65247
65418
63971
66792
66756
66204
66239
65997
66796
70227
67785
65893
65304
69646
69485
68503
68136
67586
68321
73102
68294
67555
66368
66446
67625
67490
67657
69195
68057
68079
67451
68567
67071
71272
66119
66975
66524
66197
65498
65429
66038
64671
66317
66384
65189
64617
67837
69753
68264
68599
67479
69977
69392
68696
66655
66005
66490
65760
65946
66458
70010
68933
64726
68112
64510
65490
66091
66068
65653
64417
63945
65159
65214
64776
64876
65250
68204
66094
66259
65241
65078
66065
65418
65489
65106
64201
65471
64605
66121
65344
65130
64476
65459
67713
67567
66024
65508
64136
64537
65538
64211
64410
64723
66896
67843
68812
67088
67976
65883
67025
66193
66832
67425
66875
66711
66616
65839
66596
65793
64593
67401
66004
65521
66517
72427
67037
65227
65751
69852
69349
68230
65708
66068
66593
68039
66070
66785
64615
64297
68992
68152
65975
65250
67547
67864
67420
66999
65735
70823
68550
66118
64431
66123
67811
70383
68469
70798
68704
67211
67283
66956
67978
66244
66106
64904
64437
66180
69850
67040
67253
64863
64870
69155
65810
66668
70822
66088
68866
69605
68187
70329
68049
69467
69963
66597
65895
66732
65351
65101
65224
64171
64509
64922
66720
66924
66938
64803
64438
68798
65541
65945
65994
67356
67896
65908
64388
64423
64528
66321
66725
67364
71575
69153
68380
66498
65350
66252
67178
69309
65631
64941
65077
64966
65616
64755
65663
65840
66036
71010
68843
66366
67081
67389
67418
66271
66375
65199
64474
64228
64615
64243
65694
65522
65617
71352
67483
65890
66484
66849
67105
66188
65222
64853
64394
64982
67355
66083
64889
64285
66691
66466
66435
64998
66148
66093
66529
65664
65754
66039
64250
66191
64806
66539
67366
68960
65039
64967
66073
64597
65645
66623
66349
66914
65104
64557
65389
66151
65896
66820
69947
67548
66123
65087
64921
65294
65458
65479
66346
66200
64736
64830
65447
64373
64547
68548
67059
66866
66365
65916
65940
64857
64009
67810
66611
65931
66231
65944
64553
64691
66990
65109
64915
66892
66905
64394
64532
64304
65902
65112
65720
67137
66434
67416
67552
67812
66334
66071
67753
67337
66834
65186
66683
65997
66563
67554
66681
65465
65807
67743
70167
66194
65536
65229
65307
64455
65742
66052
65301
66586
65887
67566
66038
67955
67194
69756
67324
66567
66511
66651
66937
65554
65720
66972
65976
64660
65596
64397
64314
64332
65531
71454
67930
66064
67709
65307
65190
65925
65405
65966
65704
64143
64603
64565
65596
64443
67021
67318
67718
66803
66114
64783
65865
64516
64349
66863
68569
67529
66149
64660
64529
68646
67321
66815
67221
66525
67545
65845
65813
65394
64678
66401
66000
64470
66762
66172
72357
67057
67376
67598
67458
66111
66132
65929
64858
66044
66788
65201
64641
65640
64785
68630
67096
67699
67470
66810
66709
66647
66943
66877
64339
65649
64613
67755
65057
65796
69412
67274
66919
68171
66863
67953
67427
66060
66854
65713
66604
66507
67745
67384
65980
69666
67796
66542
66037
65686
66083
67341
66565
65162
65806
66549
66234
66190
67454
67006
68681
68156
66797
67056
64555
64473
68595
66602
65863
65571
65116
66964
66914
65158
66046
70716
67920
67864
67080
65860
65888
64847
65323
65111
65210
65475
65684
66373
66499
66103
67181
66143
66168
64945
65726
65819
66894
65868
64312
64661
64556
65184
64905
66400
67687
67954
65798
65279
65303
65275
64297
65928
65349
65735
66933
65251
65972
64820
65480
65259
66850
67300
66843
65919
66081
64170
66104
64808
65455
66354
66474
66931
64769
65341
65361
64383
68608
66441
66344
66306
64607
64602
64641
64237
66767
65712
65876
66045
65261
64876
64136
68251
68715
68219
69012
68326
67661
69338
69246
68142
68474
66236
66132
64794
67557
67532
70263
66854
65871
66002
66779
65857
66690
66070
65546
67504
66120
67179
66077
66182
67186
68499
66578
67223
66923
66783
65820
65281
64211
66290
65657
64721
67580
67096
65351
65161
76447
68326
66179
66978
67618
70167
66654
65407
65476
65972
67066
67322
67447
66145
66668
66261
65789
66037
67912
67703
66335
67669
66694
65679
67414
66983
67780
66544
64543
67367
65865
66805
67024
67052
65735
67185
65738
65859
67316
67123
66551
66489
67230
66323
66605
66774
66343
65921
64918
65241
64822
65900
66664
67078
66716
65972
66856
66731
67124
65922
69869
66566
65207
68041
67444
66952
65671
65946
66285
66898
67229
66968
66636
66174
67525
67478
66721
67180
67320
67386
68149
67812
66373
66054
67263
66748
67615
67319
66447
68348
65762
66188
65996
64978
65643
65350
64771
66037
64342
67477
67517
67487
67558
68967
68252
66342
65942
66057
66069
64572
66772
65669
65594
66348
66870
67247
66773
65642
66911
67683
68672
67136
67461
66805
66411
67208
67165
66908
68454
67968
68211
68067
68166
66851
68937
66069
65862
66485
66623
67898
66864
66247
64566
67030
68339
66810
66411
67619
67177
72503
65935
66124
65037
66508
65570
66812
67554
67454
66413
64579
65972
65229
64391
65540
68281
68366
67284
66809
67114
67066
66046
66058
65193
65422
67287
65431
64701
66388
67860
68878
65861
65905
65238
66988
66069
66531
65716
64361
64253
67239
65670
65702
66463
67186
69829
67664
66130
65080
70247
69123
66239
68040
69413
65064
66547
68084
66016
67140
66438
68348
66192
65755
64553
64670
64525
65228
64654
66433
68007
73622
66770
65509
65862
66168
68464
65132
66461
66120
67168
66721
65461
64257
65760
64325
65031
65181
64353
65930
64400
65302
66273
64330
67383
68241
69227
66284
64275
66546
76594
69766
68156
72357
67178
66019
67496
66337
67129
67045
67481
65303
65287
64808
64241
65185
65570
66345
68254
66208
66158
64835
68527
65989
64122
66137
66299
68050
66483
65694
65681
64788
66749
69973
68536
66467
64240
66860
64753
65748
65767
66038
66126
66072
66562
66095
64375
67107
65841
64306
67357
67392
69591
66775
69335
67150
66773
66642
66508
66200
65466
66401
66864
67138
65420
64091
66077
66759
70698
66868
70531
71819
67100
67110
71221
66971
67449
67958
66820
67470
67778
70432
67356
67495
66283
67242
66032
65359
66542
66386
66658
65435
66564
69958
70843
69862
70051
69565
67730
68693
66605
68555
67136
67520
67210
66356
67358
67110
68221
69657
70130
68823
66464
70116
72966
69769
70135
69016
64824
64461
64493
64220
65490
66627
66851
66906
66756
65493
65896
68664
68922
68430
66153
65014
66081
64822
65669
66725
66869
65145
64716
68158
67255
67252
66809
69057
65991
67342
64807
68388
67942
65296
65161
68134
65317
65826
77739
69199
67651
67806
67008
67570
66597
67028
64542
66609
66060
65963
66496
71040
72651
66291
66872
71362
66631
66438
71443
71616
68967
66881
66338
66151
66004
64610
65811
77500
67617
70597
73487
67857
64661
66144
68801
70220
70870
70137
69437
67846
64952
64238
68480
68146
66850
66584
65279
64482
65833
66599
66217
68748
66094
68594
64604
64630
64144
67218
68827
71543
70536
69709
68983
68155
65578
66938
66118
64883
64288
64333
64333
64042
75180
68209
65809
65260
64536
64122
64193
63949
64259
69293
66760
65425
64194
64320
69264
67262
64768
64406
68315
70246
64212
64233
64219
64192
64257
63948
65228
69198
66776
64602
64435
66851
64383
64604
64363
66569
66578
68658
69783
66037
67259
68532
67044
65540
66153
64908
66368
64174
64388
71069
68986
70398
69999
65852
64269
65006
64186
68984
72567
71995
71507
67036
64559
68502
70223
71739
67754
65453
69511
65477
64460
65758
64343
64009
64369
73598
72246
70364
69750
69026
67478
64424
65164
65111
65402
65813
66778
64638
65545
64535
65235
67703
65171
64674
66920
69812
68777
67677
66282
65965
68337
69349
70796
65980
67188
73384
65584
65668
66130
65673
64696
64279
64028
68670
70980
69863
71710
68444
67370
69809
71366
65027
67454
65378
65451
67275
64180
64260
70637
72122
68525
63995
64979
66673
70003
72621
68765
65524
66178
64567
66602
71099
69271
69473
65542
66180
64762
64367
64497
71078
64155
70017
71050
68929
65393
66907
68516
66172
71038
70206
65599
64202
64691
65190
70600
72521
64479
64169
64783
64947
65374
68927
68201
65635
68976
65726
68129
65022
64344
64988
67128
64259
72502
66388
70946
70633
71108
71637
68803
68022
67979
69908
65976
64437
65236
67910
65319
66501
64449
66202
68854
69343
65544
67330
64307
64635
67966
71868
67709
64239
69120
64485
67842
65117
66771
67436
65573
65616
65183
65076
65064
66951
68401
68679
65178
66439
65619
64759
64537
70014
67944
73445
69083
67990
70660
69634
67946
67274
67087
64479
68580
64624
64068
65439
69940
69597
72434
70515
64966
65524
66552
70895
68822
69695
67431
67722
66100
67265
69442
68323
65678
64661
64176
63930
65143
65026
65495
64842
65734
70007
69540
64211
65470
64399
65742
64344
64200
64965
69411
64762
64087
64015
64329
65696
66972
74645
67793
65974
64835
67346
65364
65497
65163
66495
64757
64351
64589
66460
68106
65533
67290
66081
65502
65265
64182
64240
65216
69755
68962
69158
66865
69847
67285
65871
64163
66377
64632
66940
65286
65595
66248
66506
66283
64170
64406
64502
65496
64808
69571
69043
67875
68906
67497
64506
64824
65157
65174
64273
64377
63894
64222
64031
64699
67719
66009
64948
66030
64388
64359
63942
64612
64977
65487
65291
64157
64231
64051
64035
64078
64511
65520
67201
65928
66208
65013
65543
64043
64289
64346
69671
67070
65346
68437
69810
68891
65568
67456
66976
70437
66060
66533
65471
65307
64235
64278
64272
64085
71449
67360
69898
66146
71269
66720
65681
64823
65510
64376
63987
64447
68180
69685
70359
68915
69269
64582
64248
71655
65393
65694
65549
64137
64194
69104
67870
67726
67739
65746
68437
66500
64586
64367
66459
64911
66901
66724
64992
64606
64176
64026
64162
64150
64284
65068
65291
65017
63956
66130
64624
64544
65661
70849
66561
71567
67825
69050
67429
64931
64461
65025
65766
65905
72675
71813
68837
67445
69392
66623
64183
63972
64128
64910
64184
65316
64083
68029
67207
68120
66828
67017
65509
66191
66176
65421
65653
65374
66443
65501
65603
64832
66477
64360
64672
68669
66505
66303
66143
64686
65809
65900
65347
65317
65842
65532
64540
66700
65198
64445
68273
64297
64886
66388
66245
66165
65251
64030
64222
65150
65274
65139
65242
65122
66101
67964
65914
66380
66162
65242
64440
64640
66640
65153
64385
64583
64005
64900
64309
64460
66706
66954
65650
65316
64200
68506
67865
64368
68265
66733
65695
67008
69019
67488
65680
69993
65481
65514
65850
64790
64805
64257
64038
64167
64715
65348
65441
64601
64269
64082
66498
68869
66246
66243
65820
65874
64394
64603
64965
63957
64180
64260
64931
65194
64824
64981
70190
68347
64536
64673
64610
66568
65956
64661
63991
67759
66380
64375
65285
65084
64589
66204
65158
64568
68565
67080
64192
65238
65319
64719
64205
64147
64380
64113
68404
65382
68809
65209
68850
69600
67758
65550
64387
65992
64983
65141
69995
65307
64542
64072
64594
65063
69756
72402
64898
64024
66825
65816
64435
64378
66547
67000
66371
65075
63945
64118
65033
74763
70645
65941
64783
68732
70557
68986
72555
66126
65309
66325
71348
78124
68733
70444
72133
77040
72426
65817
72691
70672
64757
66232
74379
72396
65574
65003
69621
72832
65455
67321
68047
65873
69357
72761
68712
69220
68161
65652
64314
68151
68147
69712
71201
66978
65431
64102
64166
68480
68613
65808
68893
70095
66032
65283
65486
63970
67424
67508
77015
66128
64571
64582
64279
64675
71993
69230
72095
67230
65246
67415
69226
69024
75237
69379
68630
70080
69400
67948
65532
67471
67889
67959
66717
67962
68587
69047
70700
67811
69203
68916
64179
67839
64704
65013
65172
64250
64591
64188
65256
64710
66756
69210
67334
65776
65163
65552
67224
82847
68797
68066
66492
66676
68538
72054
72241
71948
74271
68269
65919
65542
64738
69781
69464
68512
68454
70029
68814
68331
68911
66827
68303
66349
68488
69045
68022
68502
69266
67569
67893
68203
66873
67880
67843
65125
65165
67333
66131
67187
66718
67035
66429
66579
65115
65200
69614
70288
70298
68779
66345
66575
73894
68575
66380
65755
65921
69428
72784
67751
70945
68994
66841
67301
65784
68426
70029
69882
89730
68842
67528
65763
65183
64434
65068
67833
68566
68727
67974
68422
66665
67878
65055
69108
67844
68277
70531
69217
65414
65500
64857
65745
64341
64257
65151
66572
74057
69219
66192
67308
68055
66458
67246
64777
65712
65923
67330
70427
69092
68847
68476
68158
67261
64542
66508
71117
79003
68490
68558
65826
69332
67014
66249
65457
65323
69216
65704
65912
65683
65071
64404
65672
64259
65404
65135
66763
66176
66693
79239
75698
76853
72674
70143
66331
66642
70095
69384
69031
67381
70020
76390
75669
72328
70484
84363
74664
68680
69520
72643
67593
66008
82179
78840
68587
66529
66776
66094
65382
65728
68995
65756
64367
65646
64478
64479
65536
67670
67064
66368
67628
65782
64325
66039
64520
76066
68715
65753
66087
65268
65417
66727
64208
64925
65555
65097
65622
66137
66778
64436
67183
64726
65755
66100
65340
66070
67021
67140
66132
65753
65232
68035
67477
67285
66935
73223
67760
67896
68659
66745
70309
68261
64708
64110
64862
66083
66287
64712
64521
67477
69478
75263
67072
65593
64932
64251
64508
65851
64173
66832
67248
67435
66589
67264
67594
68291
65745
66252
66297
66254
66308
66911
67202
65837
65764
65472
70054
67877
69139
70119
70402
67931
66732
64563
64234
64453
64426
67846
69582
67001
65496
66166
66660
65848
64668
70522
69448
66298
66011
67161
67989
70702
68941
68591
66353
65419
64938
66002
66042
68755
65387
67175
68546
68116
65166
64696
70637
68876
67073
66888
67379
66455
67146
68911
69209
66279
66846
65822
65534
68805
70218
68866
67884
66477
67348
68742
66070
66011
64601
67568
66091
67158
65268
65836
67424
67777
65772
64468
65272
64815
65160
65546
66019
67041
69934
67344
67585
65478
66436
64853
65477
66176
66004
69888
67530
65310
64334
65816
65529
70378
66790
66290
64548
65152
65077
65609
66179
69074
71593
69319
69443
67486
67771
65449
67562
65168
67814
66774
66170
68518
68477
65570
65589
65613
68180
66627
66407
64667
66888
68635
68344
70200
65770
65485
67842
64765
67414
70772
69977
67503
64880
66232
65088
65751
68180
66226
66324
67220
66083
67580
70709
66045
66693
66683
66883
67210
68070
67215
67471
68533
66486
64758
66694
65761
66052
67473
64258
65436
66501
65344
66890
65989
65119
64338
69295
68087
65783
66316
66089
66371
66275
66010
65771
64865
64222
64498
64042
65965
65615
67429
66775
66084
65959
65493
65593
65078
66255
68511
66765
64555
64500
65685
65314
64752
67174
66248
67812
70427
69155
68715
68956
69186
66394
68750
68958
66341
69213
68054
67257
70932
65072
66470
65103
65665
65728
65966
66735
67332
64994
65777
66386
67013
67214
67126
73874
69243
67867
65896
65423
64988
66206
66067
66074
65995
65464
65523
65963
69219
67975
76290
68980
66620
66121
66233
67990
64669
64259
66263
64438
65745
64445
64213
64846
64375
66257
67008
69124
66318
76015
69524
68909
71453
67787
66234
64089
65718
65887
66689
67506
68902
67629
65421
65874
65368
65215
64448
65666
65751
65328
64086
64467
64310
64848
66191
65365
70017
67042
65323
64407
65025
66087
66569
66667
66639
64502
64760
65647
65216
65846
65726
67880
66236
64323
65462
68181
66267
68821
66905
66456
66507
64569
64452
64114
64907
65781
67903
68762
68412
67013
66787
65284
65129
66692
66895
66003
64246
64555
67844
65933
64688
68173
67406
65940
68664
67819
67995
67402
67179
66422
65394
65826
67180
65098
64401
66439
67990
65930
66281
69988
67575
65774
70878
68266
68497
68317
66002
70077
65871
65312
66932
70161
65240
68714
67541
66860
66004
66195
67173
66529
66101
73775
67304
66664
66316
64399
68289
69692
66835
66390
69454
67905
64708
64946
65333
65971
65962
64932
66881
66939
71807
69077
70751
68044
69304
66232
70107
68172
66917
65357
65964
66401
68371
69257
67147
67904
69302
69743
68621
67832
66847
66373
66383
67992
65363
67362
67037
66339
66450
66195
70583
76023
71850
68482
65752
66106
66078
67486
70462
69654
66947
65504
64195
66082
65603
65451
67036
68694
69088
65875
64767
67161
68481
67002
67914
68270
67677
65710
67601
71235
67999
69069
67080
66960
65812
64737
66035
69260
66671
65004
65376
70135
67155
67561
65741
64906
70261
67408
66305
66720
70183
69451
67766
67021
65644
66805
64481
66756
64479
66484
66158
69858
67008
70576
69186
67021
65548
66644
66662
66481
68260
70713
68823
69570
66864
68874
70197
67387
65678
66211
66224
66602
68251
67923
65304
66457
67327
66495
65137
66970
67231
67186
66288
65327
68618
68364
66298
64854
65255
66547
65695
64382
64548
65532
64918
66028
69992
72235
67014
66578
64159
65170
64509
66185
71381
69465
69126
69773
68568
65220
73882
69285
68939
67775
66193
65131
66548
66770
67128
69681
70512
68300
69630
67624
66494
66562
66219
66529
66038
64240
66270
65791
64965
66204
64931
65972
66023
65402
65734
67253
76191
68557
68245
70807
70021
66694
68025
67556
66926
66271
66285
64931
67676
69097
69035
71155
66998
67209
65704
65142
64677
64347
70733
68222
74549
69620
68896
68006
68093
71165
68184
67561
66351
65605
65889
65867
66915
67765
66137
70837
69102
67923
65786
65410
67176
65473
67209
70211
67277
67000
66011
70036
72392
68393
70234
69512
68643
69514
68512
70095
69612
69161
66706
64227
66427
64958
67271
65112
65584
65994
66456
66283
66414
64758
68187
66437
64793
67622
66432
66690
66488
66135
66401
67033
67228
66385
64229
64480
66709
69699
66076
65685
66170
65823
67231
65372
64375
65948
66329
65279
66725
66825
66244
65483
68559
65090
65441
64940
68310
71689
68717
67297
67579
67200
71076
68924
68235
68002
72427
71826
67655
66144
64575
66291
66366
65522
67126
65127
64555
65654
65332
65898
68005
67739
67684
65233
66644
66677
66160
66396
64540
65718
64441
67260
65153
65753
66588
67517
67206
69008
67450
64889
64966
66452
67834
69822
68854
68649
68568
69508
72770
70231
69669
73120
68376
68782
67072
68954
67665
69512
67801
66000
65690
64696
66935
70252
67357
67099
67099
66206
69766
67259
66263
66723
67491
65813
67307
64142
64533
67171
66121
66799
66934
69968
65900
68416
67841
67348
66113
64373
65397
65139
64109
64653
65841
69368
67448
66121
74676
69586
68254
66431
65972
67000
69600
68007
68551
65859
65920
65832
64349
64343
66231
72038
68591
68104
68682
67302
66637
65325
66337
67122
66520
64973
65662
66417
66094
69021
76074
67554
66342
64628
66887
67331
66530
66473
67268
65229
66188
69740
69046
66383
66832
70042
68414
65750
65578
70866
67700
68256
66563
68819
64916
68410
66849
65654
66194
67576
71215
71480
68981
67565
66809
66054
64980
66149
65258
66512
69000
69770
70456
69625
76200
66853
65657
66246
65329
65761
64575
65813
67776
66586
67323
65886
65309
66687
72286
74323
69507
67433
65999
70371
70523
68359
66275
65404
64477
64132
64675
64280
64379
64879
68040
66041
64768
65702
64448
64334
64476
64170
66085
64381
64470
65132
64844
64575
64327
68002
65860
64871
64419
64240
64355
85105
69291
64743
67985
64278
64749
68087
67709
68911
68214
67109
66069
64256
65833
64945
70253
66314
64365
64554
66218
70703
67366
64444
65725
67633
65925
64671
64317
64358
64618
65262
65316
68481
67436
66923
67217
67892
66583
66629
70195
66752
65552
64835
65699
68300
66817
67366
67152
67173
66045
65372
66363
66721
66566
69030
65739
66213
64702
64186
67323
66839
67131
66174
66176
66610
65537
65823
65980
67644
69283
67835
65155
66316
65942
65298
64607
65616
65660
67469
65887
66829
67006
67028
68225
69224
66221
67790
68295
67108
67230
68233
68053
66329
66243
65684
65266
65964
64496
64636
68456
67452
68571
68607
67147
64221
68912
66572
66429
67289
66474
66694
68222
68276
70183
73854
67343
67384
66440
66529
70870
70355
68212
67429
66937
66674
67024
67959
67312
75753
68518
68327
67083
66806
67170
67796
68533
66965
65618
65937
65941
65789
64915
66178
70133
66931
66328
64998
64404
64782
65102
64721
67373
68469
67265
65898
67672
66472
66548
68072
65874
66028
65991
66048
66033
64191
65860
64555
66030
67809
66662
67174
67821
70226
74141
68581
68933
68475
67005
66558
68247
68339
66470
65913
68026
66432
66410
67138
66625
67862
65456
66041
66285
70922
69143
68128
66910
65017
65745
65139
66584
65641
66763
64388
68088
65751
65869
66835
67074
66384
66669
67315
66521
67251
68956
69083
68149
64824
65498
75104
68908
66911
66447
64996
68632
65293
65823
66739
70352
69591
67559
66453
65652
66112
68649
64747
65665
70019
68065
67577
68405
68003
66621
64739
66877
66554
66818
67024
67004
71240
66008
65698
64544
64310
66363
67500
65960
64990
66989
65869
69332
67185
66137
66949
71033
66250
67025
66581
66341
71442
67293
67017
65597
69142
65449
65255
64788
65739
65514
68030
64469
65865
65836
64409
64314
64514
64252
64520
64510
64676
64419
64129
65449
65498
68002
66378
66088
65076
64365
68309
67391
66946
68259
67930
67452
67526
64324
68362
65894
70099
67388
67353
66351
66975
67847
66850
65884
65857
65015
66430
67792
66618
65865
66060
71821
67237
67457
64606
66525
65918
66115
64482
64659
64787
68012
65453
66296
67981
66875
79731
68856
66837
68463
67133
68913
71122
70105
69214
70423
68593
66040
69993
66594
72286
74911
69835
68081
67778
67491
66187
67305
65203
64854
65163
65242
64781
70079
71521
74134
70087
72044
70403
71088
68514
65250
70100
66982
69738
67113
70285
67541
69833
70308
74438
69302
70074
67197
65859
68641
67874
69556
76156
68354
71163
67240
66393
64827
68228
64734
66054
66487
68228
67996
67339
64577
67849
68007
66409
66820
66130
66345
65865
68142
68279
65515
72637
67403
65039
65053
68608
69440
68256
68481
68093
67348
65588
67024
68200
66673
67755
68391
68820
67860
64471
65501
67406
68114
66076
69459
77595
70804
69073
67150
65406
69861
70038
69981
70045
71488
71364
68570
66425
68194
67774
65565
65875
71223
68409
66958
66805
69233
71917
77481
68873
69609
69296
66367
69717
65245
65730
70131
66531
66625
68584
69962
68064
67370
66667
66776
68725
67856
65500
68575
67305
65146
67848
67880
71379
71534
67209
69802
69031
66881
66909
69001
68559
67709
69419
65397
64788
69923
68986
68264
67059
65088
64160
65928
66063
65802
66223
66100
67939
69317
74171
71393
73334
68342
69531
68915
67518
67494
68393
68431
67218
65646
66019
66343
66581
65252
68145
65425
64803
65383
65663
66138
67039
65899
64371
64254
64297
64407
65021
66704
67257
66298
67502
67295
66025
65295
65614
66425
66786
64417
65305
64149
65669
64244
64984
66673
67973
74700
67714
66037
67263
65998
66624
66786
68363
67091
66047
64891
64474
64206
65806
65806
67863
66723
66724
64905
65221
65874
64410
65047
67096
66575
65990
64482
64258
65045
65741
68700
67629
67259
66626
64864
65508
66770
64164
65854
64715
66138
66010
64097
64540
64881
68801
66225
67718
67319
67014
66328
67366
65965
66965
67688
65863
65647
66832
67833
66828
68593
66420
66749
65740
65194
66206
65522
66822
67426
65328
64702
65882
64499
68408
64705
68630
66560
66455
66450
66008
66523
64380
66421
66235
66913
66268
65226
65665
66260
66088
69632
66350
66412
66517
65776
65332
66446
66150
64140
67070
68983
67916
66297
64301
64965
67279
66547
66959
67432
66966
65530
66120
67425
67261
65178
65141
66244
66898
65685
66061
68549
65555
65624
65304
65360
66586
67108
66125
64431
64231
65174
64709
64639
66116
66138
68476
67120
66181
66429
65053
64385
65063
67408
67493
66160
64420
66232
64806
72263
71414
71257
69381
69472
70630
70282
67786
66848
69227
68127
71614
90427
72975
72974
68567
69037
73707
68171
67361
68657
69718
67727
66921
65471
64371
69853
67126
65128
65374
65474
66760
68816
68287
65777
65407
65886
78249
73753
73919
71264
68907
66328
69671
69552
72657
70575
67127
70357
69038
65294
65541
65288
64813
65256
65297
65204
66137
66452
65222
64408
69117
70114
69005
68324
67977
66696
66012
67353
64985
66491
72966
65343
66388
65502
65714
67800
65894
65407
64425
66908
64317
65189
66087
70043
69812
68726
65180
64771
64229
64351
66371
64823
65195
70550
72805
67756
69022
68392
67038
80777
84680
69755
69281
66777
67483
64897
64337
64773
68612
67409
65662
65278
65736
64278
64726
64632
66836
70557
68871
71864
65543
64523
64926
64653
65774
65720
64293
66036
64296
64160
64167
64025
64757
65388
66837
65250
64422
64583
67053
67770
66006
65409
66251
65029
64084
64396
64100
65016
65822
66782
67185
64249
71518
70839
68285
65116
65027
65953
64629
64527
64550
64199
64368
64465
65793
69600
67028
66435
66472
65830
67191
65957
64584
65026
65598
65785
65413
65998
65230
65579
69271
65261
64711
64418
64326
64564
64167
65681
66232
65373
65753
65010
64586
66245
65004
67026
65875
65184
68505
69672
71805
68523
77399
69643
68453
65908
66223
71792
68370
70421
68976
68235
69483
70974
64618
69259
70984
66063
65387
65268
68903
67922
64540
64185
71608
72465
72218
70570
71114
69652
68870
69652
70327
71930
72521
71810
72659
70346
69483
71249
68828
67936
68039
72628
72301
65589
68467
65360
69728
70314
79365
69888
67730
89109
70471
68950
70211
66055
70083
71631
77467
71814
69999
68765
68538
67792
71002
68456
65295
68794
78314
69137
69757
65274
67907
67299
64100
65266
66430
66611
65997
68739
73906
71882
72397
72356
66539
64924
70816
75037
70655
64618
64169
69754
73619
68510
70033
64183
64196
64248
68150
67610
83566
68197
67236
64546
64752
64491
64911
64788
66202
68989
64907
64175
64311
64651
64871
65828
64459
65781
67377
64911
72205
72158
72207
67985
69602
67311
65867
64919
64181
64206
64196
65350
65147
65283
64299
64692
64925
64350
68102
74537
77539
72106
69225
68806
67498
65164
86629
82586
67156
69364
65286
64393
65963
68048
72202
67132
68336
66177
65260
63996
64884
64000
69150
64581
64648
65601
64626
66838
67942
64518
64462
64066
64263
65294
65131
65303
65407
64290
63953
64234
64120
64235
66997
69620
66648
65506
65895
65478
64306
64402
64990
67011
67713
66989
65780
64742
64471
64257
64883
67844
65402
64756
64457
63960
64171
71137
66581
70847
73329
70600
70527
69899
68652
69360
65059
66568
69061
64528
