68030
68125
67463
66860
67755
67477
67801
67838
67820
68037
67868
67290
67506
68184
68267
69784
68106
67576
68119
67660
67821
67573
70000
85782
68003
67830
67871
66724
69922
67947
67349
67532
67718
67642
67864
67986
68062
68040
67887
67827
67204
68089
67840
68096
67848
67831
67676
67652
67223
67729
66723
67885
67392
67324
67135
66893
66940
67807
69584
67845
67842
66881
67187
67926
68105
67879
67817
67975
66809
66965
66376
67772
69860
67850
67775
67923
67837
67771
66972
67188
67236
66710
67252
67804
67770
67538
67701
68152
67881
67832
67464
67602
67602
67935
67413
67951
67504
67653
67687
67667
67822
67786
69422
66292
66307
67079
66695
68959
71419
68626
68786
69479
69214
69127
67282
70043
69118
67355
66147
66199
67142
66337
67704
66098
66305
66196
67229
66788
67398
66130
66306
66899
67161
66334
66120
66124
67211
67093
66350
66573
66151
66194
66627
66433
66474
66272
66950
68974
66316
66565
66799
66151
66249
66179
65768
65921
65569
66359
66415
66711
66249
68997
67208
66029
65793
66814
66754
66292
65975
65795
66229
66396
66180
66527
66383
66252
66661
68523
66909
66081
66249
66284
66026
66709
66247
66553
66266
66814
66197
66588
66395
67546
69299
66512
66215
66225
66266
66358
66390
66158
66419
66535
66189
65922
66199
66549
67169
69647
67006
65563
66202
66101
66082
67916
65714
65550
65446
66952
66411
66394
66287
66179
69591
66560
66599
66407
66249
66049
67646
65240
66306
66971
66591
66579
66691
66195
66250
70344
67070
66608
66262
66676
67368
66769
66221
66229
66282
66212
66900
66817
67438
66229
68274
66521
67199
67051
66491
67425
67001
66172
66209
65968
67341
66351
66712
67542
66370
69575
66686
66935
67555
66639
67386
67319
66491
66291
66266
66304
66068
66747
66982
66451
69022
66214
66127
66637
65816
66221
66367
66810
65169
65020
65111
65174
64997
66003
66180
69311
66682
66230
67138
66205
66617
66896
66418
66521
67291
66328
66159
66866
66382
66157
69125
67578
66074
67139
66244
66293
66512
66760
66350
67113
66372
67123
66373
68021
66489
68138
66659
66053
66254
66022
66349
66424
66416
66344
66482
66940
66776
66169
66420
66377
70116
67032
66487
67143
66205
66137
66474
66197
66298
66235
66567
66759
65999
66459
66162
68307
66374
66114
66634
66086
67178
66437
67722
66393
66153
66277
66375
66326
66913
66176
68293
67513
66873
66291
67080
66854
66066
66457
66337
66043
66352
66120
66867
67407
66095
68671
66460
66078
66196
66014
66847
66124
65734
65393
66151
66228
66113
66130
66776
66229
68044
66795
66181
66684
66737
66363
66427
67301
66168
66072
66672
65898
66194
66921
67298
69289
66830
66903
66470
66175
66700
67037
66603
66363
66138
66280
66050
66273
66964
66411
68366
66832
66567
66297
66112
66351
66181
67267
66629
66579
66344
66132
66824
66339
66186
69510
67542
67208
66196
66256
66217
66134
67162
66747
66725
66721
66980
66962
67412
66814
69294
67337
67093
66185
66040
66233
66394
67040
67540
66573
67307
67061
65106
66229
67147
68682
66747
66336
66449
66100
66363
67034
66099
66341
66043
66863
66921
66097
66786
66680
69434
66491
66366
65426
66135
66257
66189
66811
66625
66414
66393
66715
67313
66838
67438
68337
67080
66503
66188
67201
66250
66425
67169
66134
66101
67147
66160
65831
66581
66116
68382
66244
66868
65618
66173
66343
66229
66576
66100
66105
67161
66216
66185
66833
66197
69835
66886
66236
66258
66125
66280
66336
67328
66206
67103
66294
66367
66809
66186
68010
68501
66275
67431
66210
66188
66265
66221
66863
66418
67238
67072
66280
66138
66361
66961
68742
67605
67027
66263
66070
66228
66347
66519
66588
66173
66280
66210
66160
66123
66792
70095
67303
67067
66323
66179
66176
66260
67032
67156
66840
66393
66015
66371
66199
67132
69326
66289
66337
66146
66207
66527
66571
66622
66406
66857
66529
66196
66942
66246
66557
68476
66350
66262
66247
66142
66183
66204
66330
66307
66133
66281
66261
66209
66157
66953
69161
66974
66342
66557
67003
66227
67115
67961
67377
67022
67419
67349
66356
66269
66718
69530
66465
67239
66668
66331
67025
67457
66765
66362
66112
66246
66470
66779
66350
66475
69471
66378
66920
66253
66152
67004
66237
66460
66434
66153
66222
66020
67852
67322
66909
69723
66434
66436
65126
65514
66260
66263
66600
66326
66111
66815
66997
67241
66549
66893
69335
64718
66200
66820
66296
66223
66065
66807
66147
66276
66278
66507
66764
66055
66555
69251
65767
66415
66127
66314
66275
66062
67335
67173
66308
66124
66919
66206
65975
67226
69418
67390
67206
66434
67221
66599
68955
67745
66396
66994
66250
66476
66422
66022
67328
68006
66304
66597
67101
66351
66175
66194
66885
67109
66282
66331
66197
66284
66090
67393
68967
66460
67112
66434
66431
66689
67272
66788
66205
66809
66190
67222
66325
66047
66532
68462
66306
67203
66731
66912
66533
66760
67678
66174
67173
66375
66515
66868
66090
66532
68082
66447
65494
66125
66608
66753
66985
67083
65540
66279
66315
66996
66434
66094
66590
69885
66902
66536
66136
66334
66336
66208
67413
67148
66308
66321
66105
66284
66201
66702
69527
66397
66320
64950
66291
66165
65779
66175
66389
66538
66087
66822
66735
66030
66344
69662
66633
66219
66042
66249
66036
66863
67246
66091
67213
66729
66253
66160
66165
66460
67888
66480
66255
66162
66274
66075
66256
67003
66669
66548
66097
66371
66141
66181
66314
69130
67231
66336
66169
66075
66081
66291
67425
67098
66587
66022
67015
66070
66315
66555
69203
66562
66372
66253
66354
67364
66964
66568
66103
66380
66512
66267
66028
66149
66578
68401
66670
66040
67255
66211
66030
66284
66350
67025
66907
66564
67042
66348
66239
66259
69411
66402
65983
66664
67077
66273
66252
66400
67183
66306
66262
66314
67307
66432
66271
67974
67377
66327
66272
66182
67053
67147
66734
66504
66537
66323
66229
66165
66294
66955
67892
67265
67546
66362
66245
66114
66840
66610
66133
66541
66036
66867
66239
66308
66490
69046
66901
65960
66258
66266
66082
66373
67060
67145
66849
66203
66364
66085
66206
66392
68749
66732
66102
66279
66226
66147
66306
67439
66984
67301
66372
66632
66537
66259
66857
69462
67372
67069
66389
66263
66003
67284
67704
66604
67020
66444
66248
66196
66231
66153
69282
66975
66802
66495
66304
66048
66188
67242
66313
67267
66152
66274
66174
66078
66449
66077
70241
67861
67323
67302
66491
66775
67351
66210
66779
66602
67163
66461
66826
66248
66181
68174
67264
66441
66594
66979
66173
66877
66066
67240
67237
66235
66410
66167
66282
66077
68380
66378
66040
66365
66017
66324
66342
66567
66396
66098
66241
67060
66638
66457
66129
69196
66814
67161
66274
66735
66723
66662
66610
66608
66661
66689
66233
67122
66424
66063
68535
67319
66478
66282
66113
67084
67368
66338
66370
66139
66143
66161
66125
67294
66988
69526
66865
66475
66188
66186
67009
67389
66250
66656
66346
67502
66868
66085
67424
66204
69535
67445
67033
67299
66209
66120
66508
64855
66060
66290
66512
67502
66637
66319
66326
69599
66246
67284
66544
66155
66826
66766
66837
66687
66490
66883
66592
66153
66262
66149
68631
66491
66048
66307
66044
65834
65951
66109
66446
65413
66222
66222
66109
66330
66030
68336
66571
66573
67183
66034
66207
66574
66134
66184
66479
66252
66013
66191
67080
66165
69003
66164
66273
66376
66646
66669
67626
67412
66252
66322
67279
66118
66211
66502
66943
68328
66833
66270
66788
66128
66213
66987
66751
66214
66718
66495
66755
66845
67029
66242
69343
67041
67057
66315
67116
67362
67115
66663
66574
66543
66230
66245
65904
66367
66005
68343
66945
66984
66430
66066
67251
66714
65870
66426
66265
66155
66487
66215
66893
66177
68219
66380
66248
66245
66046
66427
67096
66785
66297
66309
66245
66891
65805
66155
67023
68276
66385
66824
66191
64861
66084
66713
66405
66342
66364
66419
65981
66272
66310
66180
68444
66588
66232
66245
66029
66228
66687
67254
67286
66685
67205
64385
66355
66573
66900
67849
66959
66312
66200
67147
66977
66937
66976
66141
66232
66446
66739
66420
66277
66195
68946
67980
67453
66738
66094
66417
67256
67232
66138
66462
66312
66279
66191
66391
66588
66287
69221
67493
64984
66294
66288
66674
66472
66180
66130
66451
66050
67179
66835
66694
66468
69131
66545
67279
68359
66277
66467
66964
67100
66510
67415
66692
66246
66170
66259
66485
67880
66362
66226
66523
65308
66751
67312
66360
66676
66648
65007
66468
66337
66309
66623
68323
65913
66120
67276
67259
67082
66202
66665
66196
66824
66486
66198
66616
66215
66680
69721
66167
66135
66150
66278
66829
66265
66084
66237
66248
66126
67093
66489
67178
66390
69097
67239
66223
66393
67491
66972
66965
66216
66280
67103
66139
67260
66192
66183
67169
69798
66485
67074
66180
66299
67860
66758
67480
66754
66451
66943
66688
66284
65757
66459
68485
66216
66171
66506
66146
67785
67465
66245
66224
66430
67192
66611
67310
67241
66498
69452
67174
66135
66155
66953
66399
66463
66735
66695
66432
65991
66549
67123
66669
66992
69668
66689
66296
66857
66597
66252
66460
66373
66256
67561
66741
66318
66462
66991
66389
68319
67258
66365
67106
66254
66132
66435
67243
66750
66919
66381
66212
66283
66931
66428
68091
66775
66974
66263
66308
66219
67160
66042
66181
66824
66865
66403
66135
66236
66435
68444
66597
66135
66955
67048
66725
65743
64869
66359
66551
66482
66868
67204
66272
67382
68153
66803
66033
66241
66105
66706
66251
66328
66859
66517
66980
66602
66156
66237
66231
68053
67544
67436
66205
66099
66377
66901
66720
67217
66361
67028
66237
66297
66172
67089
69762
67388
66092
66340
66290
66369
66354
67302
66342
66266
67066
66355
66161
66325
66408
68357
66439
66103
67689
67037
66982
66872
66290
67183
66279
67861
66463
66415
67178
66332
67979
66026
66119
66944
66749
66298
66687
66243
66857
66785
66163
66237
66067
66178
66385
67530
66678
66152
66252
66300
66264
66494
66968
66681
67201
67048
66712
66065
66171
66288
67847
67004
66917
67185
66200
66359
67004
66203
67009
65461
66391
65779
66100
67270
66308
68994
67585
66152
66544
66745
66645
66302
66768
66178
66115
66620
67260
67166
66415
66443
69554
66771
66815
66192
66438
66428
66630
65985
66305
66019
67070
66548
66612
66342
66160
67953
66548
66508
66373
66071
67455
67071
64658
66343
66067
67039
67430
66181
66481
66252
69507
67795
66865
66259
66083
67558
69221
66479
66656
65134
66597
66197
66133
66605
66470
69178
67452
66965
66333
67480
67170
66754
66648
66660
66241
67163
66784
66801
68199
67207
68598
67335
67068
67341
67432
67254
66467
66606
66621
67111
65114
65438
65269
65944
65011
70587
67266
66521
66732
65544
66318
66854
66486
68003
68730
66916
66161
66392
66378
70223
70393
68002
66528
66487
66445
66845
66886
65203
65166
66595
66424
67062
66360
66282
66697
70195
66993
66582
67971
66440
66215
66899
66517
66330
66277
66599
66894
66153
66819
65385
68756
66836
66842
66056
66376
66577
66482
66087
67261
66389
66547
68343
64712
66317
65330
67341
64487
64602
64652
64829
64592
64762
64990
64667
64472
64755
65564
65182
64589
64584
68175
64644
64494
64306
64524
65628
65344
66048
64500
64521
65746
64695
64840
64987
66078
67828
65341
64576
64568
64563
64832
64618
65106
64440
64528
64536
64575
64930
64524
64704
64751
67635
64674
65767
64988
64570
64576
65067
66068
64773
65075
64457
64618
64725
64645
65556
69976
64600
64910
65135
64378
64691
64437
65796
65141
64785
64502
66135
64737
64465
65122
67599
65414
64482
64798
64490
64671
65582
64877
64620
64678
64330
64559
64651
64701
64516
64702
68429
64737
65197
64531
64577
64666
64579
66043
65119
64701
65786
64996
64704
64516
64850
66003
65056
65124
65148
64718
64635
64651
65044
64592
64700
64631
64661
65284
65718
64989
65152
66593
64539
64449
64754
64816
64924
65745
66238
64542
64615
64605
65651
65015
64551
64553
68047
64108
64561
64584
64706
64969
64413
64971
64497
64693
64928
65421
65696
64206
64705
67473
64986
64748
64570
64575
65286
65525
65413
65161
64619
64348
64622
64726
64540
64741
64741
68702
64562
64717
65910
65776
64684
64641
65153
64530
64521
65479
64940
65573
64545
65255
69248
65118
64907
65002
65802
65585
64426
65490
65920
64716
64570
64579
64848
64454
64682
68300
64690
64429
65036
65166
65238
64799
64787
65684
64780
64408
64782
65655
64951
64418
64588
68856
64701
64622
65651
64707
65704
64283
65792
64860
64691
64562
64600
65091
64504
64727
68243
64958
64992
64431
64749
64605
64576
65229
64756
64637
64716
64611
65197
64958
64535
66292
65734
64415
64834
65582
65338
64686
64361
66161
64851
64453
66561
64555
65813
65011
64647
67320
64525
64691
65032
64735
64624
64554
65755
64624
64625
64615
64634
64951
64475
64708
67104
65503
64492
64713
64639
65030
64742
65077
65640
64617
64387
64497
65315
65537
64453
65160
65911
64146
64267
64488
64742
65165
64756
66660
64657
64678
64465
64553
65671
64950
64809
66651
64820
64499
64664
64424
64994
64640
64602
64526
64478
64579
64584
64478
64952
64549
65192
67456
64362
65393
65386
64975
64675
64391
64772
64535
64514
65966
64521
65029
64430
64722
67328
64368
64724
64921
65905
64583
64540
64949
64766
64648
64663
64720
64787
64667
64801
66402
64445
64501
64273
64825
64670
65700
64765
65856
64974
64522
64656
65121
65995
65931
65005
69022
64239
64257
64518
64932
64604
64387
65654
65038
64800
65847
64372
64657
64785
64631
68675
64685
64752
64699
65984
64500
64305
64730
64768
64983
64987
65942
64729
64718
64768
66341
64491
65185
64771
64867
64573
64664
64443
65543
64928
64483
65594
64958
65107
65943
64530
67653
64393
64884
64651
65166
64711
64429
65021
65010
64602
64513
64511
64761
65617
64999
66675
65007
64997
64701
65939
65227
64608
64300
65078
64362
64108
64334
64433
64530
64421
64360
66769
65448
64341
64515
64566
64738
64570
65349
65065
64415
64468
66502
66549
65563
66892
66705
64465
64485
64538
64786
64188
64268
64638
64857
64675
64469
64668
64809
64766
64747
66718
64864
64302
64653
64835
65286
64278
64429
65603
64759
64648
65879
64553
66062
64649
64843
67221
64324
64284
64321
65056
64616
64532
65397
65776
64866
64630
64566
65607
65404
64700
66409
64452
64616
64437
64880
64806
64785
64448
66515
64989
64672
64594
64588
64568
64913
66296
65726
64259
64922
64786
64864
64668
64443
64794
64364
64389
64282
64632
64595
65027
65389
67291
64445
64645
64544
65637
65469
64629
64763
64562
64776
64364
64600
65037
64351
64614
66466
64969
64865
65284
64693
66405
66046
64495
65042
64338
65117
65459
64574
65997
64832
64687
66268
64431
64688
64430
65114
64799
64829
65467
65238
64708
64693
64570
65595
65661
65556
66472
64258
64315
64214
64783
64898
64662
65104
66778
65525
65274
64867
64709
64389
64753
66836
64529
64255
64282
64657
64978
64657
64375
65780
65146
64520
64627
64452
65911
64760
66231
67419
64606
64663
64505
64995
64737
64530
65265
65800
64774
64464
64745
64651
64507
64518
66016
64375
64703
64421
64666
64955
64690
64454
64802
64643
66178
66294
64781
64416
64412
69678
65827
64562
66054
64477
65496
64437
64119
64695
64540
64587
64790
64520
64995
64513
64944
67443
65266
64323
64427
64902
64510
65877
64813
65071
64449
64222
65084
64542
64610
64915
66824
65357
64450
64572
65507
65307
64710
64663
64742
65311
64345
65882
64728
65281
64803
65332
67864
64256
64698
64500
64964
64949
64584
64587
64702
64615
64584
64691
64672
64930
64924
66956
64730
64585
64902
65575
64735
64560
64223
64616
64420
64408
65982
65941
70563
68392
73270
66061
66363
66947
66493
66497
66506
66421
66780
66893
66118
66455
66690
65875
66610
68195
65136
65004
66313
66285
66460
66320
66093
67184
66263
66033
66302
66135
66302
66636
70511
65642
65317
65062
65517
64838
66464
64753
65172
66901
65216
66481
65711
66282
66252
68310
66458
66394
65412
66433
66297
66561
67962
69212
65986
65297
66239
66303
65771
66469
68656
65286
65533
64994
66016
66313
66525
66106
66953
66356
64639
67151
66288
66125
65667
66274
68678
65023
66222
68948
68330
67194
66183
66157
66297
66057
67267
67146
66273
66634
66704
66841
66236
66293
66670
67566
66506
66143
66165
66791
66020
66239
66216
66402
66448
67170
67586
66179
66221
66206
66544
66888
66016
66373
66492
66166
66235
66202
66386
66862
68267
67987
65719
64698
65766
66346
67129
65653
67037
66661
66081
66334
66404
66138
66197
65192
68022
65015
66279
66058
66423
66447
67459
66062
66199
66286
65166
65491
66455
65997
66613
68500
66424
66060
65971
66259
65665
66360
66419
66354
66360
65505
66175
66200
65769
66353
68960
66128
66330
66116
66375
66288
66209
66105
67039
65380
65703
66972
66707
66216
66336
69018
65237
66122
66155
66589
66308
66238
66342
66469
66526
66323
66049
66263
66044
66381
69690
66129
66390
65978
66611
66225
67078
66756
66136
67182
66217
66266
66963
67375
67234
67990
67022
66540
66622
66611
66434
66221
66128
66343
65941
65397
67262
67617
66011
67272
69988
66505
66476
66688
65766
65378
66358
66191
65531
66338
66304
66132
65936
66321
66419
68580
66176
66264
65990
66533
65834
65413
67128
67304
66289
66294
67559
67240
66783
66468
68450
66373
66949
66903
67110
66267
66823
66883
65400
65343
65501
66634
66845
66185
66822
68318
66020
66322
65338
66600
66254
65889
66039
66179
66216
66005
66158
66477
66129
66374
69496
66246
66333
66082
66215
66534
66178
65733
65203
66264
66229
66921
66355
64759
66037
69078
66361
66451
66026
66258
66506
66044
66316
64430
66874
66609
66360
66309
64864
65996
67812
66693
65869
64564
66018
66404
66299
66484
66160
66814
66165
65275
65009
64545
65762
67635
65994
64892
65452
66357
66531
66561
66580
66336
66535
67529
67167
66693
66117
66355
65602
68721
66307
66232
66367
66231
66644
65585
66233
66524
67318
66490
65460
66782
67229
65506
68167
66216
66390
66344
66573
66353
66319
66273
66339
65986
66225
67088
66695
65407
66252
69607
66084
66302
66285
66456
66575
66448
66311
66260
65801
65176
64793
66349
66816
67421
69785
66721
66726
66562
66936
66395
66415
66217
66444
66400
66543
66228
66988
66545
66000
68386
66121
66423
66146
67193
66395
66017
66682
66232
66302
65067
64609
66170
66093
65561
68039
64709
66118
66116
66922
65516
66201
66214
66272
66663
65276
64769
65914
66091
66416
68400
66202
66503
66029
66693
66150
66233
66065
66081
66740
65807
66690
67743
66884
66739
67841
66635
66593
66098
66434
65910
65900
66955
64873
66509
66790
66636
66261
64835
66219
68417
65264
66433
66194
66553
66210
66262
66572
66127
66482
64933
66359
66391
66067
66809
68724
66536
66271
66776
65808
64868
65230
66434
66737
66723
65436
67132
67048
66324
66307
66144
66243
66416
66196
65662
67555
66201
66437
66073
66424
66440
66377
66461
66108
66472
69186
66239
66392
65535
66026
66358
66175
66279
66444
66378
66147
65592
65551
64704
66065
68860
65546
66010
66146
66495
66419
66574
64831
66326
66354
64582
64894
64955
66736
67131
64814
68503
66099
66294
66266
66251
66461
66009
67470
67188
66107
66241
66135
66727
66478
69957
66601
66235
66294
65687
65529
66504
65910
66614
66195
66271
66933
67932
67395
66803
67984
67377
67215
66441
66449
66865
66333
66828
66662
66433
66027
66375
66508
66353
66281
66333
69813
66269
66782
66286
66278
66341
66060
66788
66774
66651
66192
65628
66291
66426
69046
67299
65877
66556
66174
66281
66994
67387
66886
66680
66162
66239
65002
66095
66156
67078
68178
65469
66354
66269
66540
66329
66305
66530
66174
66307
66219
66450
66454
66202
67069
68130
64556
66384
66141
65757
65725
66086
66259
66452
66583
65808
64713
65749
66480
67443
69786
66029
66428
66303
66324
66369
65999
66205
67542
65567
65380
64900
66238
67726
66939
68776
64751
66388
66311
66487
66300
66206
66291
66367
67759
66349
65443
66449
66116
67319
69555
64708
66182
66139
66548
66363
66324
66194
67205
66462
66358
65730
66292
66041
66980
70188
65049
66005
66141
66572
66278
66174
66222
66381
66540
66179
67181
66220
65626
65911
68590
66436
66402
65545
66117
65235
66660
66367
66850
66227
66133
66210
66285
66011
66753
68279
65785
65383
65777
66570
66222
66272
66210
66276
66383
66378
66193
66307
66064
66429
67385
67315
66635
66197
65155
64560
64832
64946
66391
66527
66082
66286
66841
66286
66459
68463
66782
65523
66635
67280
66556
66900
66159
66184
66926
66009
66289
66646
66316
66801
66308
69772
65115
66985
65847
64728
66130
66397
65206
65967
66081
66373
66266
66201
64983
65849
69012
66128
66421
66259
66352
66463
65563
66317
66621
66242
66250
66173
66321
66506
66284
69509
66038
66690
66605
65623
65537
66232
66143
67170
65315
65514
66276
66318
66984
66528
68969
64965
66270
66079
67214
66324
66499
66538
66356
66605
66230
66957
66178
66154
66986
70267
66327
66553
66179
66491
66484
65956
66950
66079
65922
65454
66288
66254
66120
66656
69828
65062
65643
65789
66587
66121
66190
66327
66141
66405
64727
64927
65489
65970
66295
67973
65606
65890
64950
66170
66103
66245
66260
65415
66360
66333
66285
66224
67342
67074
67636
66174
66309
66323
66526
66138
66747
67168
66811
66492
64652
66780
66167
66161
66396
67338
66351
65061
66616
67068
66382
65880
64873
66304
66354
65461
66009
65958
64969
65279
65924
68730
66508
66421
66972
66189
66202
66036
66352
66654
66110
67298
66443
66358
66440
65996
68588
64810
66434
66595
66275
66213
64795
66276
66308
66348
66409
64917
66447
66939
66924
69549
66320
66458
66489
66258
66358
65980
66344
66454
64784
65701
66200
66289
66206
66402
69111
66138
66248
65502
64811
64655
65981
65427
66226
66935
66227
66250
66374
66240
66665
69077
64753
65906
66608
66330
66237
66122
67005
65160
66587
66111
67101
66345
65254
65489
68038
66168
67245
66080
66167
64897
66253
66228
66231
65883
64666
66419
66365
66249
66822
69059
66380
66767
66384
66574
66307
64872
64658
64779
65979
66161
66410
66186
66318
66362
68960
67510
66864
66692
66735
65157
66382
66154
66370
66557
66191
66555
66299
66331
66210
70010
66427
65038
66266
66746
66108
66282
66275
66220
66368
66444
65923
66201
66291
66369
66019
68121
66144
65932
69928
70604
68944
68702
68929
68439
66636
65407
66780
65443
66393
68349
67794
66479
66023
66795
66578
66085
67499
67350
67997
66851
65441
64734
64958
66218
66020
67343
66366
66105
66517
66216
66417
66178
66062
66776
66522
66357
66364
66046
66337
66374
68742
66480
66038
66602
66176
66151
66193
66180
66308
66792
66179
66232
66153
66273
66463
68702
66455
66118
66845
66583
66220
66341
66441
66126
65502
64792
65507
64574
66373
66199
69213
66023
64902
65961
65179
66192
66148
66132
66146
66394
66259
67146
66158
66383
66659
68440
67783
66008
66407
65736
64646
65829
66089
66361
66491
65584
66428
66267
66024
65018
68180
67031
64783
66397
66148
66165
66255
66141
66877
66496
66600
66376
66151
66237
64702
67076
65109
64733
65481
64810
66351
66107
66289
66200
66457
68143
67137
65907
65712
64523
67986
66441
66083
66571
66616
66257
66258
65983
67080
67465
66777
66675
66312
66531
66252
69360
67820
65590
65672
64798
65765
65215
66140
66310
65962
66598
66540
67084
66857
66163
66010
67566
67232
68291
68531
70546
69535
69569
67930
68198
70365
68597
66714
66934
68124
69589
67223
68142
67957
67750
68561
66991
66478
69206
69412
68505
68152
66206
66796
68330
70068
65410
66176
67137
69513
68591
66260
66642
65941
66750
66739
66419
66382
65613
66320
70311
66321
66511
65640
66300
66447
66325
66834
66716
66147
66309
66995
66413
66141
66298
68417
66551
66554
66359
67767
66753
65737
64840
64647
66502
67246
67256
67860
64889
66148
67997
66176
66359
66190
66286
66263
66281
65324
64931
66586
67343
66409
66415
66168
66729
69666
66492
66489
66706
67010
66223
65977
66292
66562
66308
66709
65420
66095
66314
66146
69435
65266
65988
66455
66486
66224
66799
67504
66272
66415
66206
66321
66436
65081
65580
68791
65357
65740
66236
66584
66572
66257
66266
66157
65771
65663
66210
66208
66359
66170
67199
66206
65970
66412
67380
65986
66233
66124
66145
66273
67496
68033
66481
66816
67010
70265
65001
66085
66370
67403
66125
66273
66468
66048
66193
66827
66212
66807
66891
66422
68767
66566
66259
66336
66570
66190
66394
65837
65193
66048
67831
69034
65650
66322
66297
68221
66926
66374
66409
66141
65909
66082
65219
66351
66268
67093
66289
66196
66797
66619
68538
67453
66187
65870
66375
66111
66359
67222
64698
65368
65270
66307
66074
67131
65463
66059
70015
66354
66453
64971
64743
66093
66190
66177
66039
66674
67614
65774
66486
65832
66162
69562
65869
66665
66132
66288
66269
66088
66179
66239
67087
67503
65984
66358
66343
66072
69376
66157
66481
66377
66125
66351
66391
66152
66767
66130
66468
66351
66367
66269
66131
68811
66177
66427
66440
66571
66290
66036
64690
65299
66686
66991
66092
66462
66762
66079
69483
66082
66447
66391
65589
66329
66158
66379
66238
66486
67007
66927
67389
65895
66178
69361
64817
66501
65882
66248
66259
66296
66459
66205
66621
66412
66956
66500
66372
66416
68294
66236
67143
66791
66353
66350
66095
66284
66016
66427
66576
67242
66835
66023
66059
68875
65926
66740
66934
66302
65306
66318
66215
66866
66717
66320
66229
66493
66099
66430
69034
67141
65467
66224
66295
66341
65706
66056
66188
66194
66442
67180
66582
66708
66277
69199
65382
66239
65979
66299
66227
66180
66318
65954
66350
66452
66690
66110
66146
66273
66906
66614
66780
66300
66409
66348
66149
66271
66003
66206
66241
68508
65329
65083
66238
69185
66339
66395
65828
65229
65010
64787
65312
66137
66252
66372
66960
66495
66100
66236
69289
66404
66151
67615
66531
65754
66375
66200
66602
66403
66830
66400
66320
66220
65748
65341
70058
66126
67306
66372
64778
65680
66353
66231
66341
65642
66623
66589
66278
66576
66094
68614
65050
66607
66375
66124
66422
66352
66292
66174
66265
66356
64619
66508
65944
65020
67647
66103
66309
66399
66312
66267
66825
66744
65128
65947
67732
67298
66765
66927
66340
68443
65870
66874
65896
64747
65552
66149
66233
66364
66403
65661
65656
66756
66647
66572
68361
66205
66450
66105
66206
66366
66241
66408
66700
66332
65558
66500
66523
66067
66272
68040
66291
66642
66134
66581
65095
66282
66331
66108
66618
66405
66408
65393
64767
66010
69236
66232
66756
65226
67307
66765
64713
66679
65166
66510
66191
66336
66457
65991
66298
68712
66151
66556
66218
66697
66209
66412
66278
66075
66348
65172
65752
66616
66102
66286
68168
65025
65691
66118
66681
66360
66646
66181
66097
66466
65714
66508
66435
65820
65246
67180
66391
66497
66213
66391
66264
66119
65158
66761
66281
66145
66325
67044
66273
66323
69543
67277
66302
65398
66764
66146
66450
66258
66147
66876
66304
66329
66525
66217
66112
69561
65730
65514
66461
67328
66265
66425
66235
66226
66234
66427
66217
66337
66274
66279
66348
69973
67741
67222
66812
66160
66275
66205
66417
66211
66604
66211
67636
66547
65845
66294
70438
67273
69000
68861
68431
68271
68998
66485
67093
66461
66203
67323
66006
66378
69076
66548
67044
66161
66303
66037
66785
65426
67300
66068
66561
66613
66521
66120
66442
67805
67799
66208
66223
66159
66108
66529
66048
66203
66388
66346
67214
67348
66604
66666
66246
68056
66572
66339
66499
65002
66147
66002
65926
66346
66634
66399
67040
65358
65352
65802
68638
66421
66132
66170
66366
67584
66095
64780
65257
66211
66647
67315
66375
66091
66126
70000
67981
66431
66228
66209
66598
64997
65472
64682
64979
66555
66207
66548
66751
66492
69810
66054
66383
66848
66471
64992
66497
66953
66533
66371
66439
65828
66437
66564
65616
67957
65090
66361
66040
67888
67648
66527
67343
68088
66388
66339
68677
70098
66055
66236
68518
66133
68932
66755
66122
66268
65224
67689
65986
66407
67135
65203
66475
66232
66441
69946
66307
66372
66386
66481
66380
67405
65437
65117
66372
66534
65708
64943
64914
64850
68837
65367
65584
66459
66298
66188
66202
66271
66136
66861
65996
66781
67969
66853
66723
70539
67396
65423
64186
64310
64391
64805
64583
64894
65815
64972
64712
64729
64656
65813
67252
65272
64384
64327
64640
64509
65145
64229
64204
64594
65177
65576
65227
66247
65165
66184
67735
64791
64815
64295
64664
64553
64820
64671
64391
65026
64376
64757
65302
64578
64998
66653
65355
64604
64472
64639
64609
64914
64438
64457
64662
64719
64487
65534
65097
64521
64613
67885
64761
64560
64453
64534
64732
64873
64668
64608
64988
64514
64572
64761
64670
64579
67915
64671
64577
64483
64661
64639
64878
64789
65072
64748
66517
66005
64700
64601
64599
64652
68730
64856
64965
64736
64866
64655
64333
64847
65969
64772
64539
64225
64931
64297
64736
68814
65867
65566
65209
65854
64676
64702
64687
64580
65153
64412
65086
65201
65410
64728
66868
66549
64553
64172
64646
64509
64467
64466
64299
64530
64709
64687
65734
64826
64567
64633
67777
64521
66410
64890
65534
64682
64739
64639
65456
65735
65035
65505
65463
64743
64758
67943
65123
64663
64619
64414
64157
64562
64390
65313
64870
64263
64616
64400
64735
64517
64639
67635
64148
64404
64635
65195
66092
65393
64623
64619
64777
64468
64336
65721
64454
64619
68496
65369
65602
65122
64654
64448
64461
64263
64248
64564
64487
64769
64510
66054
64699
64545
68343
64255
64325
64279
64151
64660
64810
65815
65543
64868
64661
65866
65666
66118
64815
68310
64384
64689
64437
64559
64658
64945
64615
64560
65228
64551
64276
64629
64462
65602
64693
68566
64428
64228
64404
64227
64595
65686
65233
64767
65911
65013
64476
64289
64560
64681
67863
64621
64652
64603
64439
64889
64303
64952
65909
65108
64707
64514
64886
65272
65644
64748
67129
65017
64569
64424
64646
64542
64826
64568
64814
66300
64917
64339
64642
64536
64599
67935
64792
64437
64623
64482
64620
64737
64451
64812
65293
65871
64227
64620
64780
64441
65885
67389
65834
64764
64151
64605
64528
66328
64775
64512
66391
65746
66083
64758
64557
64657
68103
64439
64446
64748
64740
64421
64877
65275
64589
64887
64210
64771
64525
64598
64628
66582
64572
64209
64619
64464
64641
64751
64645
64768
64774
64619
64567
64559
64904
64494
64826
68251
64957
64674
64397
65919
65186
64774
64626
64643
65917
64608
64749
64867
65260
64740
67948
65052
64392
64516
64970
65178
64853
64941
64652
64835
66018
64647
64422
65637
64624
65171
68714
64547
64579
64458
64769
64546
64844
64765
65004
65849
64555
64659
65507
66344
65256
67514
65184
64561
64885
64563
64478
64565
65650
64758
65650
64769
65182
64532
64976
65431
68118
64945
64403
64499
64661
64650
64515
65660
65989
65232
65985
64848
64380
65413
64753
65011
68236
65400
64683
64601
64612
64632
64761
65621
65503
66477
64599
64604
65324
65766
64666
67694
65304
65791
64668
64526
64462
64608
64824
64705
65510
66857
64577
64440
65693
64703
68636
64752
70555
70135
70124
69069
70077
69807
68631
69082
67362
67695
68017
64838
66314
67929
67031
64992
64871
64415
64330
64669
65903
64828
65410
65399
64654
65745
64874
64573
65323
66817
64561
64523
64579
64845
64706
64651
64694
64463
66393
64596
64846
65677
64519
64736
67105
64435
64655
64357
64895
64711
64538
64918
64507
65815
65251
64594
64550
65885
64677
67292
64652
64814
64431
64637
64453
64601
64942
64581
64920
65618
64701
64386
64784
64674
64894
67134
64852
65673
64510
64548
64631
64367
65105
64492
65261
64776
64351
64696
64596
64662
67338
64671
64292
64169
64720
64464
64585
64992
64517
65457
64936
64723
64478
65667
65313
65728
66245
64594
64589
64426
64501
65787
64521
65907
64823
64676
64575
64508
64791
64594
64758
68172
64473
66035
64578
64628
64629
64415
65014
64523
64995
64806
64584
64561
64665
64679
67127
64386
64439
64634
64753
64411
64642
65256
64621
65279
66795
64958
64522
64776
65148
65533
67047
64135
65459
65494
64965
64633
64493
64885
64550
66240
65293
65487
64841
64586
66328
66658
64187
64505
64417
64656
64602
64621
65471
65181
65573
64688
65237
65752
64877
64552
66293
65767
64373
64559
64405
64818
65526
64957
65468
64888
65539
64658
64426
64612
65187
64958
67783
64910
64615
64456
64600
64601
64623
64982
64586
65213
64586
64488
64356
65327
65390
68198
65663
64444
64400
64620
64468
64624
64853
64690
65436
66366
64658
64382
64583
66281
65402
68963
64629
65189
65336
64835
64762
65959
65886
65534
64727
64648
64404
64680
64831
66032
68587
64532
64414
64013
64363
64234
64237
65051
64173
64904
64542
64704
65115
65784
65032
64813
68671
64807
64515
65908
64695
64740
65945
65555
65062
64766
64376
64107
64737
64720
64889
68908
64979
64743
64984
65845
64672
64475
65024
64697
65989
64757
64468
64284
65530
65580
65889
64269
64502
64423
65031
64505
64673
65337
72119
69033
70069
67703
66949
66249
67203
69433
66609
66681
66819
66479
66368
66283
66301
66837
66447
65151
66342
66146
66415
67378
69243
66506
65988
66139
66286
66230
66638
67362
67610
66393
66066
66211
66158
66273
66743
68971
66145
65531
66198
66285
66042
66255
66315
66417
66349
64585
64806
64669
66283
67692
67838
67022
66203
67280
66315
66092
66274
66428
66592
66485
66317
66367
66106
66407
66679
68024
66480
64596
65903
66187
66086
66262
66289
67500
66697
67269
67568
65713
66304
66261
69047
66376
66213
65796
64733
64665
65727
65896
66258
66459
66236
66146
65031
66340
66523
65642
68400
64731
64993
65287
66135
66346
66380
66593
67524
66841
66236
65999
66394
66600
66584
66664
64506
66305
66198
66444
66272
66086
66558
67311
66734
66327
65050
64844
64792
65696
67646
66420
67090
66571
66147
66359
66225
66374
66375
65763
65228
66342
67127
64842
66139
69132
67192
66372
65941
66434
66650
67659
67461
66825
67409
67137
66965
66701
66062
66927
69374
66207
66728
66044
66369
66410
66209
66331
65981
66203
66193
66224
66323
66316
67093
67530
64802
64881
64561
66365
66247
66392
66433
66260
66571
66097
66296
67744
66040
66491
67867
66193
64810
64494
66068
66095
66283
66366
66186
66573
66109
66179
66793
66079
66652
67909
66408
67090
66029
66357
66016
66280
66252
66538
66460
66115
66297
66175
66217
66657
67536
66122
66747
66329
65929
66146
66379
66441
66234
65569
67790
67188
66280
67120
66956
69541
65291
65659
65867
66250
66113
66324
67382
66498
67373
66506
66134
66348
66082
66702
69627
67682
65547
66319
66435
65932
66383
66384
66084
66651
67348
66210
66069
66053
66476
67876
66301
66112
66184
66454
64765
66201
67551
66239
67117
66742
66953
66394
66264
66793
70038
65289
65541
67399
66309
66202
66246
66217
66141
66569
66287
66281
66204
67623
66509
69066
66361
66691
66171
66185
66260
66284
66281
65450
65882
67036
66202
66056
66217
66858
69006
66522
64988
64648
65387
66042
66316
66570
65834
65697
66404
66339
66279
66163
66213
67555
67730
66165
65567
65384
66165
66282
65159
64882
65332
65039
66188
66216
66225
66267
66387
68917
66109
66032
65457
66117
66301
66081
66283
66603
66351
66345
65936
66261
66143
66906
70431
66870
66985
66380
67234
66526
65328
66456
66318
66547
66329
66007
66613
66296
66549
68317
66266
66482
66270
66202
66231
65983
65352
64701
65799
67015
66129
66288
66052
66427
69813
66206
66529
65355
66326
66106
66252
66710
67320
67305
66249
65755
64867
64533
65089
67880
66119
66366
65187
66249
66029
66200
66450
65000
66065
66404
66324
66223
66041
67128
68324
66911
66464
66261
66429
65913
65656
66358
65322
65361
66395
64893
66255
66462
66492
66361
69448
66519
66209
67464
66707
65618
66633
66359
66588
66222
68022
67816
68711
68018
67136
67619
66861
65727
64898
64597
66378
66441
66648
66402
66107
65935
66486
66379
66775
66625
69458
66352
66170
66441
65968
65961
66618
66262
66290
65122
65927
66079
66286
66500
66615
69544
65230
66428
66488
66478
66924
66635
68659
68323
65342
65277
64601
66323
66312
66250
69616
66150
66354
66262
66149
66356
66035
66530
65503
66098
66266
66018
67845
66251
67162
68741
66098
67394
65626
66228
66271
66078
66228
66275
66573
66336
66010
66500
66126
65115
67220
66130
66315
66123
66246
66668
65310
66208
66147
67457
66605
64977
66071
64919
66044
69213
66272
66349
66320
65963
65692
65421
66240
65487
65292
66318
65048
65716
65024
65507
68839
66414
66329
66015
66404
65663
66336
66731
65989
66569
65950
66126
66225
66310
66387
67170
66267
66167
66750
66409
66390
66646
66316
66663
66988
67785
67275
66380
66129
67411
69831
67325
66700
66115
66299
66117
66359
64697
64616
65590
66092
66199
66308
65640
65534
65430
66494
64830
66335
66274
66119
66513
65227
64716
65365
67367
66321
64934
66301
66601
66292
70106
66100
66244
66163
65997
66425
65953
66421
66347
66387
66084
65061
66198
66585
66026
69794
65760
66124
66285
65987
66359
66555
66208
66403
66374
66314
66453
66476
66124
67094
69403
66160
64727
65728
66018
66468
66902
66111
66230
66813
67384
66390
67066
65898
65205
68079
65692
66313
66018
65995
66371
65585
65630
66482
66327
67246
66796
66094
66515
66267
68853
67196
65179
65863
66086
66277
67764
65106
64914
64578
66309
66350
65607
65635
66169
66345
68761
66252
66339
66100
66113
66552
66324
66744
65148
66155
66135
66432
66072
66118
67075
69579
66334
65487
66235
66374
66088
66796
66207
65369
65009
64556
65813
66033
65356
65447
68569
67233
66222
66963
66297
66316
66312
66400
65750
65571
65081
66202
66551
66345
65452
68053
67560
66378
66315
66101
66241
66369
64693
65012
65128
66333
66438
66720
65518
66847
68850
64911
64570
65982
65989
66202
65406
66805
66518
67083
66296
66211
65271
66103
65475
66622
67407
66252
66247
66061
66473
66307
66609
67352
66115
65903
64899
66430
66511
66286
66154
69390
66132
66351
65985
66348
66326
66151
66420
66337
66460
65294
66205
66575
66346
66409
68265
66114
65546
66533
67197
66172
66329
66231
66215
66650
66009
66388
66287
66493
66900
68195
66236
66323
64713
64816
64568
66001
66237
65782
65642
66331
66355
65131
66422
66331
68174
66488
66092
66324
65492
66351
66224
66148
66139
67552
66187
66521
64752
66487
65982
68806
66495
66297
66270
66788
66119
66638
66303
66382
66243
65408
65438
67351
67071
66805
69939
65612
66249
66208
66279
66867
66828
65698
64934
64643
66378
66184
66592
66822
64775
67931
67706
66372
65808
66080
67043
66423
66260
66310
66181
66313
67090
65077
65586
66816
69359
67039
67387
66498
66088
65569
64938
66540
66296
66249
65966
67140
67645
66887
66343
65990
70237
66235
66598
66320
67307
67366
66284
66566
66735
65951
65483
65776
65520
66187
66375
69551
66258
66279
66062
67023
64774
66294
67267
66390
66382
66394
66432
66223
66043
64919
66714
66266
66257
66072
66125
64724
64629
65636
66214
66375
66208
66517
66789
65452
65975
69054
65641
65367
64550
64974
64472
66338
66345
65508
65196
65567
66221
66413
66151
66270
68184
66574
66142
66254
64947
64639
66278
66277
66310
66356
66225
66739
66427
66289
66481
65945
69394
66338
67235
66024
64555
66348
66214
66153
66989
65500
68739
67071
66252
66301
66044
69574
66265
66174
66175
65605
65193
64724
64931
66599
67518
66264
65525
66369
66414
66060
68527
66408
66209
66395
64969
66560
67254
66244
66262
65369
66191
66524
66423
66438
65169
68962
67868
66100
64981
64627
65235
66178
66195
66295
65419
65187
64908
66323
66122
67449
68720
67743
65713
65307
65178
65838
66251
66277
67518
66686
65916
66318
66468
67050
66194
66562
68822
66282
66230
66755
66283
66188
66393
66589
66418
66296
66386
66383
66179
66288
66400
67963
66325
66273
65619
65743
66119
67595
67004
66605
66301
66285
66327
66017
66158
66213
68012
66537
65315
66323
66714
66195
66271
65940
67612
67351
67100
66277
66011
66323
66132
67503
66362
66319
66990
65837
66361
66432
65868
67692
66231
67267
66601
66620
66422
66165
68554
66357
66054
66377
65087
66329
66357
65727
66163
66300
66717
66412
66037
66397
66135
69097
66491
64692
66431
66934
66368
66103
66215
67233
65934
67661
66460
66657
66248
66014
69780
66346
66676
66433
65220
66798
65263
66212
66733
66977
66688
66212
66684
66339
66021
68075
66898
65878
65865
65189
66190
66083
66251
66316
65589
66755
66009
65907
66360
66563
67346
67060
66251
66770
66168
66344
66362
65944
66249
66251
66622
66106
66275
66453
66207
68784
64942
66949
66808
66758
66510
66109
66509
66311
66477
66670
66279
67447
66296
65908
67067
65132
66116
66232
65981
65447
66187
66315
67263
65812
64922
64786
66374
66162
66174
66214
70365
66230
65266
66203
67339
66608
65017
65182
66578
66281
67016
66549
67197
66225
65520
67823
65948
65077
66238
66723
66076
66353
66159
66129
66740
65178
65917
65720
66334
66073
69335
66985
67122
65070
65121
66163
66289
65034
66717
66431
65448
65189
65645
66348
66505
69872
65462
66224
66379
66103
66132
65450
66200
66430
64968
67020
67187
66060
66349
65075
69569
66298
66100
66324
66317
66903
65491
66587
67186
66351
66512
66324
66377
66555
65329
69183
66351
66423
66603
65328
65839
65406
66676
66370
66166
65594
66223
66287
66383
66057
69055
66550
65079
65973
66661
66398
66637
65204
65383
65174
66719
66134
66269
66242
66332
69296
67770
66247
64847
64525
65866
64933
66386
66005
65173
66170
66059
66352
66840
65675
66354
67534
66326
66162
66208
66351
66194
66219
66660
66206
66654
65404
66449
66235
66110
66325
67744
64882
65121
66174
66428
64664
66194
67014
66460
66516
66395
67161
66405
66191
66386
68365
66030
66015
65047
65454
65771
64824
64769
66342
66481
64947
64786
65424
66399
65804
69116
66399
67167
66443
66633
67301
66317
65980
66348
66383
66640
66275
66104
66292
66152
68533
66832
65361
66122
66135
66396
65876
66256
65828
66628
66733
66425
66141
66312
66065
69263
66598
66155
66440
66604
65614
65358
67274
66400
66393
66619
66216
66463
66586
65530
66572
66759
66250
66321
66058
66673
66217
67060
66329
66201
66238
65182
66189
66433
66058
66247
68044
67461
66352
66018
66383
66664
66218
66737
66509
66556
66220
66141
66236
66193
66247
69789
65991
66418
66602
67291
66691
65332
65815
66150
66592
66232
66284
66256
65987
66378
68465
66266
65524
65065
66373
66215
66108
67114
66084
66551
66063
66254
66043
66235
66327
68039
67239
66824
64898
66473
66288
66225
66438
66822
67291
66411
66238
66200
66078
66247
67819
66148
65676
66097
66422
66022
66287
67053
66285
67237
66148
66235
66345
66273
65975
69353
66037
64994
64696
65199
64635
66233
66153
66295
66286
66309
66317
66186
66449
65411
68904
66919
66313
66494
66423
66682
66232
70248
66626
67702
66108
66356
65741
64510
65915
69385
70781
68514
66804
66143
64840
66397
66181
67358
66503
66024
66225
65419
66100
66267
64714
69085
64781
66010
66455
66020
66674
66428
66679
66537
66058
66222
65429
66448
66288
66079
69048
66162
66482
66617
66215
66224
66423
66501
66449
66565
66313
66044
66529
66569
66853
67436
64690
66305
66126
66375
66475
66174
66414
66337
66287
65976
65955
67201
66301
66345
69508
66169
66352
66618
65745
65614
65089
65575
65932
65403
65612
66274
66025
66124
66409
69447
67394
67489
66845
66312
66363
66169
66518
66567
66476
66185
66405
66114
65437
66435
69872
66195
66359
66164
66419
66626
64749
66128
66655
65749
65851
66369
66515
66383
66438
68901
66718
66395
66429
65279
65811
67315
66936
66484
66326
66194
66207
65934
65737
65356
67783
66555
65619
64549
65233
65470
66162
65739
66120
66812
65693
65761
66418
66542
66426
68766
66656
66272
66929
66435
65923
66293
66540
66760
66553
66996
66301
66354
66290
66460
68980
66588
66257
66148
66507
65261
66334
66780
67608
66995
65625
66228
66369
65192
65801
66197
68709
65192
64669
65412
65880
65052
65007
65878
65798
66239
66309
65644
66729
66300
66251
68738
67480
66472
66970
67441
65721
67937
66406
66384
65759
65876
66160
66329
66579
65381
68783
66251
64846
64736
64914
64742
65598
66175
66399
66443
66509
66363
65409
64668
65767
67772
65934
66303
66861
66201
66360
66029
66716
65946
65344
66542
65908
66314
66385
66271
66401
69128
65118
64872
66315
66792
66397
67539
66564
66280
66358
66134
66248
66104
66348
66252
67619
66733
66424
66361
66228
66268
67638
67910
66540
65259
65813
66357
66096
66296
66246
69567
67467
66376
64947
65188
66485
66957
66945
66921
66667
66237
66082
66086
66215
66145
68611
66499
66174
66365
66327
66140
67342
67354
66346
66629
66354
65492
64576
66471
66899
69445
66798
66156
66299
65761
65090
66073
66381
66328
66957
65314
66249
66021
66359
66462
68046
67300
66757
66370
66353
66199
66906
66299
66404
66423
65886
65139
65204
64890
64530
65226
68577
66228
66307
65957
66077
65391
66352
66324
66222
66417
64932
66617
67128
66017
66722
68083
65474
65433
64708
64782
66271
66431
66504
66442
66364
66052
66277
66146
66412
65333
68323
66200
66210
66600
66041
66264
66525
65476
66281
66977
66549
67764
67113
66821
66764
68048
65063
65563
65112
66108
66098
67237
66890
66231
66380
67587
66296
66328
66219
66322
70347
67569
66151
65618
65164
67044
68999
67105
65947
65242
64606
65266
67062
67542
65547
67638
64723
65719
66266
66352
66078
67148
66752
66363
66766
66560
66999
66113
66269
65633
68167
67096
66352
66794
66956
67001
66434
66478
66321
66474
66252
66200
64893
65545
65071
68004
66417
66956
66576
66260
66214
66784
66951
65588
66315
65284
64844
64443
64695
64549
67821
64936
65001
64638
64907
64590
65414
65580
64676
64473
64956
64398
65003
64582
64583
66080
65449
64535
64231
64521
64732
64479
65610
64826
64864
64915
65554
64563
64783
64679
64185
66539
64921
64999
64548
64406
64676
64899
65095
64421
64262
64711
64561
64557
64565
64819
66002
66513
65221
64262
64536
65740
65475
65999
64523
64564
64778
64397
64638
64222
64290
64674
66597
64358
64244
64602
64562
64603
64607
64923
64436
64260
64489
64243
64585
64534
64771
68100
65064
64518
66400
64741
64439
64595
65003
65004
64639
64574
64450
64688
64600
64651
64629
68617
66609
65063
64340
64436
64599
65037
64781
64689
66090
65485
64624
64883
65095
64669
66980
65467
65224
64398
64080
64356
64516
64987
64764
64661
65866
64898
64584
64626
64727
64637
66943
66231
64905
64510
64455
65476
65932
64377
64691
64860
64678
64841
64476
64713
64698
67458
65584
64404
64387
64692
64684
64843
64761
64632
64601
64834
64643
64801
64644
64523
65998
65364
64766
64914
64569
64549
64382
64682
64264
64227
64388
64305
64687
64793
64755
64640
67492
65001
64526
64699
64376
64834
65565
64944
64680
64481
64895
64769
64548
64712
64792
67180
64950
64418
64372
64414
64618
65012
65022
64520
64547
64623
65598
64714
64494
64613
65050
67784
65012
64587
64691
64477
65810
65143
64697
64693
64327
64665
64457
64645
64663
64531
66773
64578
64658
64651
64511
64580
65218
65235
64804
64376
64259
64528
65528
65046
65060
65485
67680
64455
65205
65418
64659
64559
64787
64453
64947
64726
64786
64637
64491
64664
64683
67000
66057
66090
65978
64546
64511
64921
64735
64700
64528
66178
65230
64485
64825
64452
64645
68000
64730
64925
64442
64740
65178
65521
64841
64446
64588
64877
64657
64560
64468
65579
68758
65344
64287
64798
64675
65642
64984
64831
64982
64569
64885
64711
64691
64779
64604
65855
65728
64313
64327
64508
64729
64772
64823
65718
64732
65610
64653
64590
64801
64556
64681
66675
64444
65149
64426
64641
64823
65042
64586
64740
64553
64619
64598
64474
65026
64857
66304
66217
70827
70586
69636
68189
68316
68291
68228
67310
67743
67348
64957
64906
66306
66255
66103
66085
64388
64294
64187
65014
64770
64676
65298
65073
64651
64532
64600
64800
64659
68625
65280
65963
64185
65602
64584
64373
64536
64387
64363
64751
64545
64669
64516
64708
67879
64892
64439
64171
64667
64547
64940
64193
64383
64484
64471
65166
64773
64794
65118
64528
68412
65248
64605
64445
64832
65111
64106
64754
64692
64821
64892
64458
64716
64633
65860
66307
65631
64646
64250
64342
64279
64673
64419
63996
64366
64468
64884
64684
64546
64712
64478
66428
64563
64552
64668
64355
64869
64504
64649
64674
64539
64811
64651
64637
64663
65057
64618
66488
64410
64548
64719
65910
64820
64628
64490
64715
65196
65499
64820
64289
64412
64096
67206
64977
64586
64550
64607
65253
64523
64554
67492
64454
64546
64499
64791
65037
64504
66217
66702
64588
64682
64449
64876
64983
64662
64578
64599
64847
64739
64613
64718
65818
64419
67402
64863
64664
64416
64694
65885
64995
64480
64755
64523
65578
64529
64731
65432
64613
66761
65650
64977
64257
64655
65195
64479
64935
64672
64603
65389
64231
64196
64335
64315
64301
66815
65808
64218
64544
66004
64764
64656
64586
64933
64517
64620
64579
64531
64700
64385
66214
64903
64146
64560
64607
65047
64631
64389
64745
64650
65006
64494
64611
64636
64529
64733
68405
65397
64497
64483
64652
64714
64597
64580
64537
64878
64663
64640
64626
64629
64506
67740
65134
64534
64776
64546
66122
65332
64535
64852
64504
64837
64449
64403
64446
64055
66240
66088
65885
64896
64896
65408
65591
64743
64805
64380
64830
64605
64820
64529
64701
64644
66771
64741
64549
64619
65908
64973
64634
64504
64736
64456
64960
64612
64790
64640
64406
66564
65412
64373
64409
64469
65049
66376
64650
64464
64714
64658
64660
64716
64900
64675
64676
67741
65112
64111
64313
64245
64725
64745
64511
64744
64661
64766
64777
64628
64687
64802
66042
65829
64359
64649
64442
65662
65535
64709
64753
64464
64713
64717
64377
64362
64636
65433
68103
65600
64192
64372
65094
65806
64656
65506
65959
65365
66386
64892
64672
64608
64582
66890
66214
65119
64533
65640
64742
64152
64324
64761
64295
65085
64582
64615
64677
64340
66471
65491
64754
64523
64576
65389
65808
65031
64568
64371
64572
64318
64406
64179
64310
64273
67150
66004
64569
64364
64624
64901
64600
64395
64838
64939
66744
65647
64802
66152
64796
66780
64844
64289
64462
64155
65048
64465
64379
64249
64260
64679
64914
64723
64795
64988
64916
67877
66085
64875
65980
66225
65669
65261
64430
64622
64552
64763
64636
64793
70120
69454
78723
66087
64917
65818
66458
65853
66893
66522
66344
66476
66263
66245
66133
66544
64851
68507
66994
64617
64831
64977
66145
66195
66153
66717
66560
66464
66276
66184
66660
66204
67926
66505
66130
66269
66410
66318
66390
66180
66232
66411
66692
66077
66226
66311
65959
67483
66813
66198
67340
66995
66377
66300
65932
65612
66531
66429
66431
66135
65460
66316
69366
65810
66288
66983
65968
68160
66716
66271
66734
65397
66406
66188
66316
66191
66369
69691
67924
66271
66733
68288
66527
66399
67548
66880
66333
66597
66387
66359
66221
66173
68288
66219
66271
65900
66697
66923
66168
66281
66341
66134
66578
66263
66436
66136
66199
66324
69476
66180
66463
64968
65965
66049
66351
66281
66018
66432
66661
67091
66317
66236
66535
68492
66438
66443
66521
66469
66213
66317
66367
66163
66460
66435
67229
65010
64751
65755
68716
66042
66906
66319
66940
67063
67199
66229
65447
66645
67068
67360
68137
67860
68379
69806
67913
67406
67527
66279
66052
66760
65811
67563
67977
66432
64978
66410
66029
65718
68838
66558
65850
66304
65802
66177
66919
65997
66283
66649
66756
66590
66119
66239
66624
68802
66176
66066
67797
67295
65565
66130
66312
66300
66321
64826
66173
66112
66291
66245
67473
66160
66216
66289
66549
66236
66371
66224
66183
65063
64764
65680
66165
66326
66269
66979
65692
65374
66369
65344
66298
66181
65675
66743
67187
66275
66509
66508
66865
66395
68252
67356
66414
67134
66218
64729
65524
64469
64845
66365
65879
65810
66241
66279
66186
69118
66512
67204
66696
65662
65597
66947
65844
65955
65920
65319
66540
66857
66576
65990
69844
66495
64993
65374
66584
66423
67354
66201
66159
66085
66418
66416
66216
66857
65979
68077
66519
66414
66696
67291
68271
66179
65974
66307
66089
66488
67368
66176
67105
66960
68724
67310
67776
65696
65907
68531
67282
67079
66769
66340
66055
66450
66186
66491
66376
68129
66012
65312
67596
68181
67307
67063
66099
66479
66870
66163
66748
67358
66313
66757
68921
66521
66356
66161
65053
64733
65796
66261
66264
66435
66878
67039
67467
67387
66373
68804
66439
65949
66292
66488
66211
66374
64557
66056
64967
65681
65448
66357
66374
66075
67566
68219
66853
65943
65960
66242
66385
66252
66195
66428
65739
65980
65644
66667
66214
66367
69670
67373
66654
66385
66230
65550
66033
66448
66382
66039
65870
66200
66696
65448
66449
67739
66387
65554
65997
66263
66919
66334
66282
66047
66435
66359
65890
66370
65027
66278
69582
66421
66423
66767
66309
65622
64689
65526
64980
66591
66774
66566
66317
66087
66421
69789
66376
66427
66336
66321
66264
66325
66212
66193
66643
64745
66391
66528
66222
66404
69050
65412
65434
66366
66151
66332
66298
66199
66522
67297
66165
66586
66155
66175
66410
67704
65606
65677
66353
66065
66201
66609
66000
65700
66503
66069
66528
66430
66083
66649
67995
66800
66578
66503
66594
66050
66143
65310
66234
66412
65994
66429
65174
66277
66564
69065
66665
65656
66026
66390
66252
66382
66202
66230
66379
66229
66288
64909
65478
65048
68423
67719
66406
66957
67590
66198
66328
66045
66441
66423
66160
67098
66689
65175
64791
66437
68112
66086
67754
67170
66358
65915
66071
67244
66888
66207
66256
66268
66026
65104
65061
67828
66458
66729
67095
68150
67950
66387
67877
66865
67943
68039
68010
68118
67978
67654
66693
66243
66208
66604
66109
66231
65968
66385
65830
67001
66442
65360
67575
66843
66191
68797
66161
67222
66437
66222
66517
65946
66371
66088
64728
65575
66440
66325
66132
66296
69574
66125
67609
67301
66438
66548
66048
66319
66197
64670
65299
66454
66720
66362
66899
69956
66383
66420
66316
66312
66710
65526
65683
66342
67291
66558
66504
67175
67227
66544
68997
64577
66492
66619
67803
65985
65653
66300
66039
66224
64995
66288
66910
65126
65582
66888
66110
66426
66545
66426
66294
66139
66247
65945
66289
66478
66174
66568
66172
66339
68340
66086
66880
66443
66313
66428
66280
66266
66269
66410
66309
66658
66807
64664
66140
68312
66104
66431
65666
65858
64699
66717
66243
66223
66522
66180
66977
66819
66260
66351
67639
65467
65706
65574
65713
66071
67537
66681
66940
66471
65544
66292
66324
66147
65925
67951
66721
66292
66693
66325
66108
66316
66380
66397
67149
66150
65635
65117
66264
66508
67581
66811
66159
66845
66579
66014
66467
66024
64628
67064
66587
66955
66308
66296
66409
67260
66494
66128
66656
66250
66258
66344
66029
66501
67428
66534
67210
65960
66114
65491
66487
67943
66023
66877
66219
66228
66816
65804
66460
66849
64811
65726
64651
64994
65681
64816
69141
65603
66296
65242
64737
65431
66249
65947
66124
66306
66217
66248
66233
66154
66370
69587
66937
67172
66619
66365
66163
66211
66177
66289
65932
64740
64741
65310
64658
65960
68174
65745
66203
66630
65719
66179
66358
65859
67235
66633
66149
66411
66174
66304
66396
68338
66453
65908
66618
66258
66141
66317
67182
66629
66993
67852
68894
66166
64685
65678
67781
66322
67803
65466
65242
64635
66782
66515
65585
66262
66362
66345
65982
66433
66345
67828
66585
65002
66966
66175
66070
66268
66053
66349
66255
64786
65777
66127
66466
66246
68945
66352
65277
65953
65289
64525
65966
66115
66303
66542
67062
67035
66339
66894
66136
67379
67427
66920
67136
66455
66239
66364
66165
66640
67176
66598
66518
65336
65574
65511
66293
70046
65915
65488
65458
67331
66871
66027
66918
66401
66215
66291
66092
66662
65588
67206
66243
64510
66541
66443
66258
66306
66351
67126
67319
67023
67197
66840
66504
66259
66371
68054
66244
65468
65080
66292
66271
66129
66278
66213
66386
66347
66098
66470
66197
66298
68368
67462
67873
66234
66745
66227
65473
67800
67516
66123
66512
66322
65899
65057
66186
69868
67585
67280
66989
66193
66215
66129
66379
66113
66273
66260
66045
66388
66165
66244
69305
66144
66544
65467
66292
66091
66205
66257
67420
66643
66443
66175
66300
66488
66431
69217
66103
65975
65077
66562
66394
66313
66163
66483
66421
66137
66078
66736
65840
66508
68683
66199
66602
66661
66351
65359
66491
66117
65831
66305
66093
65799
66121
66374
66085
67587
66312
66742
66792
66861
65690
66098
66189
66286
66137
64815
66428
66101
65617
64983
68583
66634
65283
67457
66592
66480
66489
66353
66711
65802
66233
66321
67414
67326
67118
69016
66143
67047
64954
66412
64995
66503
66502
67104
66164
66467
66159
66275
66702
66858
68595
64703
65448
64476
66356
66264
66508
66252
65848
66672
65214
66543
66210
66264
66433
68834
66224
66344
65188
65281
64877
67635
67417
66465
66413
65302
64641
65314
65632
66000
68303
67080
67039
65677
64974
64519
66262
66196
66414
66791
65319
66109
66233
66252
66422
67676
66368
66569
65339
66389
66962
66482
66247
66117
66613
65109
66173
66192
66085
66256
66969
66452
66240
66589
66346
66360
66299
66104
66236
66337
66108
66365
66147
65339
66005
69023
67072
66831
66567
65737
64982
65661
64789
65104
65213
65019
66390
66441
65763
65408
66279
69331
66426
66431
65623
66413
66303
66016
67286
66554
65411
65909
66344
66625
66431
66341
69121
65212
66575
66156
66286
66226
66146
66315
66259
65817
66680
66118
65934
65185
66315
69532
66282
66689
67047
66769
67261
66869
66265
66293
66984
66565
66504
66511
66238
66604
69141
66464
65738
64729
65012
65661
66061
66401
65500
64816
66484
66129
66260
66317
66409
69675
66781
67011
66220
66009
66651
64550
66750
65400
65477
67092
66350
66967
66773
66530
69494
65100
66767
66152
66194
66541
65896
66292
66302
67478
66686
66180
66253
66103
66552
69006
66015
67076
66161
65560
65882
66090
66465
65970
66706
65902
66207
66310
66201
66234
69065
66349
67196
66440
66421
65265
64733
65886
66084
66210
66103
66771
66815
66320
66553
68150
66143
66477
64736
65888
66523
67284
66204
66282
66919
66108
64676
65429
64794
66568
69214
66827
66106
65121
66967
67004
65294
64730
66145
66422
66502
66256
65045
64937
66184
69332
66283
66346
66378
66310
66649
66345
66332
66055
68050
66571
65619
66687
66536
66344
69846
66317
66794
66773
67190
66640
66289
66365
66315
66358
66827
66799
66241
65608
65717
69097
66549
66298
66902
67389
66624
65604
65887
66368
67268
66237
66087
67320
66072
66261
68905
67716
67269
65129
66031
66238
66419
66387
66070
66411
66124
66333
66285
65291
65961
67016
66847
66092
66376
65771
64416
67423
67218
66840
66326
66656
66057
65699
66025
66405
66051
68532
66401
66675
66280
66395
67638
66623
66360
66364
67280
65897
64804
66254
66455
66339
69449
66339
66300
66627
64721
65605
64941
66421
67399
66180
66771
66453
66255
66342
65765
68644
66343
66641
66729
67090
66408
66256
65955
66324
66259
67428
66775
65495
66064
66166
68933
66274
67275
67107
66749
67527
66111
66256
66238
66089
66013
64886
66068
66548
66009
67929
66178
66382
66270
66048
66486
65947
66221
66254
65775
66214
66280
66149
66295
66277
69249
67317
67463
65117
66165
66512
66585
66443
66623
66375
65591
64757
66329
66289
66150
69920
67083
67960
67611
66295
66481
67636
66523
66967
67104
66191
66194
66121
66347
66051
68677
66240
66912
66207
66903
66298
64741
65760
66676
65994
66345
66087
66275
66124
66276
69041
66602
66711
66120
67503
66023
66057
66093
66194
66601
66233
66515
66414
66158
66304
69935
66219
66493
66108
66240
66433
66180
66323
66444
66357
66846
65357
67131
64870
65190
68015
66356
65853
66288
66441
66510
67296
65877
67113
66469
66449
66609
66324
66839
66384
69000
66208
66324
64914
65828
66323
66425
66300
66149
66320
66164
66250
66326
66451
67325
69122
66162
66649
66492
66370
67436
66382
66265
66140
66341
66507
66280
66292
66432
66368
67945
66317
66484
65992
67215
66557
66078
65774
66972
67421
67377
66140
66159
66111
66663
67984
67612
66962
66602
66259
66098
66522
66626
66267
66246
66100
66336
64728
66314
66112
67825
66461
66359
66351
66275
65484
65883
64701
66490
66278
66323
66349
65100
66257
65099
69315
67586
66262
65950
66828
65488
65605
66803
66218
66354
66471
66424
65999
66416
66205
66154
69699
66932
66443
66539
66881
66184
66267
66129
66117
66282
66176
66016
66420
66014
68295
67556
66348
66420
66218
65336
65566
66320
66266
66050
66352
66926
65428
65360
66320
67512
70366
66397
65845
66018
67068
66647
66409
66746
66221
66280
65155
66328
66451
66211
66652
69655
66238
66312
66726
66513
67446
66598
66375
66266
66249
66248
66402
66680
66295
67072
69683
66029
66544
66521
66423
66034
66306
66330
66254
66239
66310
66429
66951
66619
66256
69067
64995
67037
66928
66881
66580
66466
67266
67110
66673
66650
64928
64811
65646
66271
69662
66117
66015
65656
66080
66224
65982
66340
66212
66412
66414
66092
66407
66162
66308
69863
66466
66491
66223
66166
66157
65994
67597
67620
67655
67171
67087
66724
66172
66200
67942
66302
66623
66119
66183
66351
66015
67639
67670
66941
67282
66075
66427
67292
65836
69017
66461
67004
66029
66169
66606
66161
66843
66636
67591
65993
65621
66336
66098
66359
69223
66282
67052
66083
67102
65492
66107
66912
66089
66519
67923
66462
66367
66040
66290
69590
65251
65539
66405
67258
66339
66184
67488
66681
67027
66339
66482
66419
66285
66852
68744
67252
66627
66198
66275
66278
65602
65881
66142
66432
66227
66720
66500
66141
67363
67008
66339
67165
66713
66531
66336
66089
66723
67110
66358
66229
66213
66309
66132
66222
69051
68106
66462
66131
66294
66419
66185
66675
66441
66807
67176
66868
66410
66125
66463
69903
67697
66602
66099
67101
64854
64966
65920
66183
66346
66101
64781
64826
65876
66399
68546
66442
67282
66166
68382
68723
66256
66604
66874
66437
66458
67612
67448
66425
67647
68933
65229
66633
66183
65553
65035
66837
66696
66494
66224
66313
66131
66305
66170
66250
67749
66354
66570
65934
65892
66112
67544
66688
66502
66670
64584
66796
66758
66224
66329
70178
67279
66987
66037
66254
66287
65346
64563
65973
66107
67028
66536
66146
66345
66393
67989
68555
67759
66165
65638
66565
66270
66053
67071
66820
65137
65885
65742
66158
66331
67824
66439
67067
66173
65811
66171
66358
66333
66335
66679
66188
66580
68331
66539
66295
68496
67621
66709
65622
64866
66532
66254
66378
66551
66431
65746
66030
65020
66202
65859
67609
67032
65840
66468
67950
70183
66327
66246
66534
66448
69071
65671
64999
65375
66733
66125
69994
66796
67010
67466
66262
66280
66537
66479
67306
66057
66338
66804
67155
66350
69743
66509
66404
66835
66554
66943
66268
65817
67007
67366
66416
65450
65582
66917
66482
66471
67895
66037
66165
66644
66003
64873
67289
64760
65210
64589
64931
65401
65027
65740
65043
67990
66144
64190
64588
66168
65894
64668
64805
64959
64650
64672
64496
64676
64613
64477
67634
64732
64888
64503
64528
64524
64538
64700
65335
65345
64896
64503
64493
64627
64631
64471
68686
65083
65198
65409
64427
64585
64633
64513
66007
64589
64770
64684
64805
64643
64647
68308
64624
64877
65298
64699
65955
64838
64409
64408
64738
64726
64475
66119
65190
64640
67672
65424
65156
65724
64771
64863
64524
64638
64595
65566
64322
64660
64380
64807
64605
64509
68891
64700
64753
65067
65791
65903
64580
64695
65468
64172
64594
65738
64734
65283
64949
69119
65372
65753
64726
66107
65717
65062
64805
