65727
65730
64480
66632
66784
67947
72667
67825
67217
66670
67708
66962
67797
69077
87219
68410
67831
68050
70279
69608
70126
81386
67517
69574
67867
68393
69098
69860
67918
67852
70484
69867
69564
69694
69607
70190
68921
68110
68849
69479
69383
70356
67995
68374
68882
68918
67795
68152
68417
67961
68304
68641
69294
68827
68141
67840
71853
69150
69042
70315
68304
74701
73104
68225
78986
80030
67992
67795
67330
67926
71922
67799
67825
69489
67594
67014
67837
67466
68421
67625
67490
67574
67606
67887
67532
69545
67879
67650
68866
67845
67772
66902
67764
68292
68235
67800
68382
67774
67761
69346
67405
66545
67432
67065
66965
66773
66889
68178
67521
68795
67836
67786
67784
66709
69513
68622
70013
73133
72191
75955
75757
69077
69423
70786
68314
68501
68252
71809
82795
77358
69073
76425
72359
68480
69946
72269
68437
68367
71371
68727
81657
69043
71603
67905
69742
72222
68395
67348
69682
69109
70575
69830
68477
67858
68481
67817
69649
68397
67794
70150
68412
66998
67568
66846
67078
70719
68053
67531
69040
67905
69174
66972
69964
67785
67831
67790
67301
68656
68038
67595
67888
67313
66938
66876
67759
67252
67296
65686
65233
66606
65819
65933
67688
65140
65732
65186
67774
64515
64559
67096
66318
68409
66426
67160
65507
64648
64672
65982
66843
65477
66140
66418
65304
65081
67871
67946
68337
68864
80569
86034
67454
68663
67194
65737
67657
68921
68033
69431
69024
68415
69082
69537
69530
76485
69377
67253
69237
86476
72993
67955
66887
71327
78201
70479
73696
85678
73030
67750
66794
70511
69651
68130
67899
71468
70984
72121
71000
71200
71598
66475
67101
72553
71538
71701
73959
69907
66084
67459
71696
68020
73146
77871
73576
71050
68414
67305
65598
64567
66742
68679
68046
66506
66298
66956
66203
65526
67107
69203
65633
66208
68009
64545
64183
65813
66615
65764
66266
64434
64870
65184
65867
66756
68214
65480
64288
66047
65589
64469
64366
65541
65977
64377
65632
64432
64108
65602
64947
64511
68126
69685
71317
71194
74802
70351
70994
69781
69264
67936
68171
68023
68807
68224
69902
67749
67380
67940
67306
66184
67816
67799
67784
67834
67843
69225
67520
68740
67392
69442
70461
67115
66574
70983
71166
71981
70258
69699
85559
77243
72487
74825
70710
76039
69944
69967
72883
75864
74942
71906
70142
69117
68017
68299
67882
69720
68425
71312
66112
64969
64427
64615
67722
69837
65381
64833
64790
69579
68142
66338
67509
66356
68371
67740
67217
66076
66730
67075
66969
68397
67265
66014
65781
64820
65327
70446
68567
69696
68203
65606
65596
64424
65957
65875
65621
64771
66104
71631
70793
70748
69506
69864
69471
69128
64653
65739
64209
65124
65497
65784
64784
64379
65301
64413
70426
70910
67594
67241
67537
71707
68102
70473
72222
71284
72372
76852
69040
66609
71279
68905
66956
65976
66904
65667
64842
64888
64319
66752
64385
74566
73246
72028
74420
69105
68217
71763
78114
73499
73363
70359
72195
68724
78166
69977
69578
68383
68329
68172
69200
72149
74078
84304
93151
81025
104374
72144
70982
73316
73930
70799
71405
74320
118770
80836
69043
81853
78968
74477
80274
83331
81656
118349
101873
81738
77964
72115
76373
72510
72501
75354
69859
71124
77915
74415
70942
71000
71892
73651
74940
69666
73060
71208
83419
74648
87347
91064
79481
74892
84222
87716
82501
75073
110297
93520
77366
103956
76760
75759
70662
89751
76035
76959
74209
71079
69749
71849
72471
72402
70013
68613
68605
72889
86382
89750
71726
69105
68286
67993
68164
67294
68375
84416
72107
70092
69354
69271
68016
67995
67674
83469
73719
69349
68901
68272
67005
64730
67909
72678
73358
74593
72285
71331
68064
67087
66685
67251
65644
67835
71818
72036
70442
68363
70577
71282
72385
73260
69660
71384
69992
75123
69438
70307
69077
69119
70136
68845
66836
67111
68145
68640
67234
66758
65659
64386
70491
66149
65356
66493
64912
64710
64093
64858
64773
66320
66222
65771
64900
63977
64458
67336
66455
66078
64885
65830
65485
70247
67882
72226
72324
67875
68731
67378
66808
65012
68536
67103
66201
65101
64048
65783
65127
65175
64811
65384
65301
64749
64635
64304
64157
64462
67119
65835
66134
64514
65274
65590
65867
67964
66303
66150
66591
66710
64567
64485
65325
68733
66573
65669
65410
65610
64903
64917
64771
65804
64968
65548
64729
64352
65629
64752
67881
66302
64159
64262
64461
63982
64356
64212
64609
66428
65088
64403
64525
64388
64313
67184
65759
64209
64385
64379
64228
64442
65747
66361
65871
67117
66773
65320
64352
64678
64846
66633
64872
66197
64234
64360
65388
64228
64423
64184
66115
64779
65380
64476
64189
64424
67528
66271
66073
64633
64495
64246
64265
64290
64125
65890
65658
64375
64750
64129
64424
64205
67118
66302
65077
64293
64174
66905
67280
65563
68214
66031
64616
66082
66524
64368
64330
68305
67391
65091
64737
64585
65503
68494
66667
65158
65456
64453
64398
64282
64447
64372
68035
65025
64183
64457
65597
69023
68656
67517
64721
64174
66176
65282
64210
64597
64447
67161
66033
64170
64498
64193
64336
65725
65676
64476
64167
66128
64523
64321
64359
64392
64483
68585
64552
65034
64617
64762
66957
67825
65294
64359
64922
67550
66366
67181
65377
65970
69737
66846
64388
64087
64351
64346
63992
64342
64375
64551
66503
65035
64802
67648
67762
65248
66939
64276
64295
65665
68603
64161
64472
64368
64381
64649
65350
70510
66865
65654
65903
70600
68221
69331
68264
67307
67713
65623
65150
66304
69708
70607
68035
65758
66750
68478
71975
66762
67329
66235
67791
68516
68121
69636
71265
69938
70453
69449
69615
67818
68322
68726
67504
66993
67445
63980
64178
64080
64066
64871
64424
66710
65914
68882
67232
64941
68254
64016
64145
65045
64193
64462
64108
64262
64579
64095
64356
67411
67590
68875
67264
69639
64260
64174
64080
67531
68279
66204
66894
65356
64602
64277
64124
64121
65209
64738
68367
64124
64164
63981
64176
65807
64149
64810
64448
64729
64308
65068
64132
63994
64844
64495
66328
64188
66522
64503
65326
64946
64172
64119
64558
64281
64327
63998
64030
64404
64013
64485
66786
64827
64226
63958
64431
64985
64298
65246
67825
69060
69771
67840
66406
65878
65062
67948
64989
64056
64032
64180
64102
64181
64067
64433
64269
64219
64099
66675
67335
67742
69909
66501
64285
64005
68548
67747
64577
64262
67009
72852
74252
74677
72173
65084
64508
67365
65478
70362
66721
68223
65727
67457
67354
67547
68445
71849
70939
68629
70815
75305
72317
72632
67775
68965
70052
66687
66946
70427
67081
73164
85225
69853
72020
72872
87270
69400
65089
65179
64697
65850
65333
65005
65119
65805
65695
66457
65635
65316
65765
66992
66678
64676
64162
64053
69195
68231
65975
66209
65243
65251
65677
67834
67011
65498
69120
66655
68126
68984
69643
65135
64729
66380
65593
72133
70268
67122
65393
65905
66999
67642
65720
65618
67383
67847
65536
67325
67409
67047
67281
66109
64108
64253
64371
64205
70523
64369
64487
65210
67616
70455
64158
65062
64648
64295
64385
69007
70431
70164
68536
67947
63989
64361
65044
68811
68807
64793
64882
67388
67434
67421
70300
68968
67050
64684
68050
64615
63995
65361
68831
65776
66215
69645
64969
68982
66648
69198
67593
68551
68483
71997
65641
65989
66721
64541
66046
66139
65776
65426
66863
65750
65785
64952
64353
65611
68417
64502
64875
64465
64812
64911
64194
64692
65453
65750
64713
64233
64511
64123
64430
66911
65398
65928
64910
65399
64915
64334
64156
65194
68623
71848
66544
65084
64537
64126
70289
68293
68440
65901
65412
64493
66500
65142
65359
64838
65417
65978
66054
65394
64461
66382
65841
66618
71378
65717
67108
65415
65303
65977
64896
64623
64470
68893
67100
66676
73032
65304
64606
64270
69418
66911
66803
65416
65918
65202
66633
66768
65393
65202
66519
65568
69729
65452
64973
64445
64066
66927
64989
66279
65425
64536
67598
64928
67750
64905
64588
70980
64846
64802
63966
65319
66433
66616
64920
67242
65054
66099
65006
64903
64671
66880
70071
64533
64204
64122
64502
67399
65354
65373
65235
64399
66515
65416
65704
66494
66788
65408
66795
66194
65234
64787
64485
64179
64375
67060
65749
64298
64123
64455
64905
64529
64484
66818
65625
65726
65236
63978
64123
64119
64502
64539
64675
65521
65631
64189
66467
65562
66475
68097
65731
66721
66534
65547
65401
65711
65990
65636
65894
64905
64486
64120
65049
65030
67198
65801
65383
67295
65940
64531
64484
64365
63904
64275
63877
65575
65903
66251
64632
63916
66971
65296
64225
66971
65848
64869
64738
64176
64134
63875
64198
64281
65589
66589
64968
66090
64463
64244
64187
64020
64517
65460
65954
64200
64178
64202
63966
64417
64907
65483
65703
66015
64336
64099
64109
64243
63921
68189
65460
65050
68054
65294
65863
65850
65313
65160
66090
64409
66982
65685
64572
64361
64943
65906
69033
64406
64024
66540
66346
66054
66933
70908
66638
66786
66843
64774
64362
65022
67119
67027
66022
64570
64135
66334
65372
65171
64335
71532
65769
65447
65384
64583
64554
64682
64398
64262
64457
64869
65867
65850
66346
64372
66343
64315
66197
65391
64795
64235
64797
64034
65449
64264
64251
64961
66121
65742
66561
66454
65127
64444
64464
64620
65058
66179
64570
64234
64294
64238
64010
64089
65594
65303
64679
66025
64219
64414
64353
64748
64090
67580
65410
64354
65323
64271
64648
64067
64380
65280
67551
66132
64347
65735
64622
64145
66513
64447
66092
67363
64508
64371
64025
64281
64277
66592
66961
65662
64069
64125
63998
64567
64065
64561
67459
66487
65330
66746
66099
68807
65959
70010
66160
64771
64322
64639
65732
66766
65401
66609
65199
65112
67161
65205
64597
66216
67529
65382
64367
64411
64046
65125
64570
64303
65197
65281
65154
65014
64370
64739
64334
66273
64515
65500
65657
64732
64557
67248
65645
67117
65069
66010
66107
64878
67906
65646
69683
67232
65629
65762
64827
64212
65619
64323
64453
64954
65384
65933
65706
64995
65192
64617
71199
68468
71620
67209
66460
64682
67174
65367
64183
65903
65017
66629
66603
67265
65312
69649
67297
65528
66109
66016
66879
66081
64945
64273
64376
64283
64299
68392
66844
67230
72814
67672
68434
66869
66730
67465
66442
66558
66772
65709
66360
66158
69078
68754
69888
67492
67956
68444
67056
68031
66934
67088
68184
66816
67485
65850
65832
68753
67430
68426
68455
68394
67237
66917
68622
67638
68426
67446
66415
66272
68117
67783
67643
67286
68420
68592
68264
65841
65717
66634
67648
68090
68107
68018
68242
67593
67639
68424
65321
69651
66475
65279
65604
65523
66114
66508
68234
67335
66620
68274
65780
65999
66137
68554
68927
67715
67226
67954
67464
68317
68004
66625
64910
64936
66094
65510
65994
68021
66829
70690
67530
67712
67065
65372
65324
65395
66064
67174
66758
68080
66245
65707
64841
65826
69164
68299
68795
68458
67786
67878
66198
65821
68294
68226
67039
67284
68384
67522
64756
69212
68630
67073
66242
65490
65841
66658
67783
67895
70030
67591
65967
68565
67903
71087
68565
68054
66288
67308
65849
64777
68868
68835
67931
67082
65325
65819
64731
64535
71048
67324
66315
65957
66235
66963
65587
66271
66702
66480
68142
65877
68360
67304
66863
70247
66344
65308
64760
65001
66105
64014
64771
66881
67934
66551
66466
69678
67495
67787
70782
66493
67186
68264
68218
67990
66323
66226
65175
67127
68187
66131
66988
68101
66300
69006
67431
65554
69265
68470
67552
66850
67856
66826
66632
66334
65314
65382
66157
66745
66032
67575
65207
64384
64367
64401
65233
66327
66871
65089
68246
65702
65809
67078
64461
66350
67112
67099
65836
67412
67747
65964
64945
65691
65712
65387
64396
65805
68219
66847
67395
67790
65044
64502
68115
66771
67412
66164
67412
66563
65829
65562
65818
65418
65877
64306
72118
69368
67717
68119
67401
68425
70161
68109
67190
65714
66964
66345
66498
67070
69639
68393
66054
65829
66398
66535
64270
65356
66775
66517
64926
65397
64627
65629
68273
66448
69020
66606
64770
65831
65362
64289
65785
66545
66221
67252
64266
65410
66052
64861
68489
69959
68166
69066
67579
68853
66336
67947
71025
70226
68602
69525
66807
67059
67778
68011
69405
68144
67009
64882
66269
68924
68666
68294
67018
66808
64589
64959
67212
64842
64830
70430
66938
66922
66714
66010
64818
64532
65001
64816
65729
65858
65739
66501
64591
65942
64328
68821
68451
66730
66193
67939
68448
68086
67361
67337
65961
67932
68486
69689
68989
69144
67873
68418
65978
66923
66579
66317
65342
64563
68881
66294
67116
68184
67072
66503
68357
65934
66568
68665
67981
67057
67759
67621
65460
68644
66353
66716
67053
67541
65553
69933
65655
69456
67781
66977
65706
65388
67711
66038
67588
65638
65211
65922
66181
65448
68058
65952
66853
67337
66298
66169
65724
64323
65040
66778
66831
66806
64762
64723
65183
68886
66208
65896
67630
66636
65948
64260
64340
64442
65916
65621
66732
65725
65956
65144
64409
67261
65604
66964
66791
66766
64939
64683
64930
64148
65988
64528
66678
66613
65020
67192
68245
65067
64550
64108
66371
67010
65001
65287
64405
65232
64157
65828
66531
66655
65839
67022
64518
64742
66001
64895
65864
68739
66341
66773
66719
64921
66699
65556
64833
65277
67355
67082
66774
64755
69035
68189
67507
66133
67761
65513
65887
67473
68540
69611
66561
72879
68283
66739
64523
64438
64878
65756
64506
64624
64918
68901
66909
67501
68158
64380
71590
66675
65824
65881
64402
65497
66486
67066
65457
65457
69298
68348
68787
67933
67400
68262
66138
68255
66546
65232
66889
67155
66069
65292
64228
68005
66213
64877
68630
67659
70135
68979
67171
69459
68273
68085
68274
67732
66717
67627
65856
67026
69149
67264
65696
69009
65580
69300
66694
67323
68091
66486
66159
65623
67097
66032
67700
68822
67800
66970
69118
68592
68585
67385
68214
69827
67304
68891
69106
68901
68333
68953
67444
66810
66239
69450
66815
66571
68963
66552
67719
66852
67172
70065
67568
66511
65931
65902
66795
71071
68949
67355
65518
67103
65543
68530
67461
66079
67055
68093
67778
67021
64810
68305
69877
68810
67607
68322
67351
67142
65306
66000
67155
66170
65640
68623
67040
67150
65993
66322
66515
66376
64299
65963
66965
67407
64976
66102
69118
68978
66650
66021
67198
67304
66118
68442
70747
68776
68075
68248
67955
70554
68546
65822
64792
65668
64409
67929
67264
70161
66295
65054
66534
65929
64565
64394
70243
70290
66340
67102
67720
68671
65743
65489
67803
67822
67209
71016
68416
68279
68883
69517
66534
64744
65789
64263
64369
64237
66323
69597
68255
68937
64723
64458
64203
64288
66474
68149
67653
66434
65969
64878
64490
67472
69533
66267
71932
65829
65084
65624
64156
64566
64758
65825
66877
64486
64864
64276
66516
70963
66643
66107
66660
66054
66185
64176
64499
65553
64205
66046
66921
66314
66004
65254
67531
66399
68718
66028
66035
67427
65467
66734
66220
64854
64341
64938
66152
66577
66049
68756
65500
64692
65044
65327
65860
66620
66533
66961
67183
66034
65715
64182
65387
65499
68742
67377
65298
64479
64097
64714
65821
66694
67721
69459
70851
66703
65967
66138
66300
67943
66198
64243
68047
66278
65458
64428
65524
66294
67449
65922
65302
68310
65089
68334
69038
69915
68810
67284
66950
67420
67454
66919
67091
67391
67109
68338
67090
67151
68613
75594
68900
68998
68031
65056
64341
65163
65993
64541
65163
66504
66833
69539
69351
66961
71776
69062
67291
66868
67739
66763
67309
66365
66139
65996
65455
66311
65360
67257
64899
67796
64384
65733
66038
64618
66236
66060
67135
64767
64333
64453
64898
64904
71055
68159
69725
65558
64338
64882
66581
65920
66296
66524
66552
65505
66224
66592
66295
65370
66046
69764
66666
64648
64777
68518
65597
64212
64981
65919
66319
67568
66198
64413
64410
66840
72467
66808
68007
67632
67053
67046
66091
64712
65618
65345
65972
67036
66323
65755
64223
67189
66874
65686
66008
68359
67496
66777
64917
65549
64330
65298
66195
66690
65085
64377
65247
66541
65577
64817
65041
66633
66479
64722
65550
64385
64135
65709
65132
66830
66746
66019
68150
65572
65663
65502
64396
66501
67287
66093
65697
64097
64743
66055
64973
64200
66794
67542
66174
64798
65160
64764
64718
64337
65468
67010
66268
64915
66266
66174
65052
65063
70262
68484
67812
66732
66782
67793
65292
64246
66025
67488
65825
65296
65367
64544
64281
65953
66351
67010
67528
65829
65640
64245
64430
64839
64967
66187
67457
64703
64434
64277
66763
65712
65907
66014
66120
65736
64154
64325
65789
64403
66398
66890
66972
65795
67738
68560
67963
64227
66308
67604
66318
66861
64211
64435
64269
65651
65956
66773
67269
66249
65374
68043
64333
65108
65498
67646
66868
66910
64426
64211
64773
65486
64879
67207
67465
68807
76458
68131
67723
66410
66964
67637
67845
64905
65382
65833
65160
64546
65754
66184
65933
67518
64370
66381
66051
64407
65830
65988
64522
64794
64239
66285
66915
66152
64483
65946
68280
64350
64333
65903
66693
67255
65856
64607
69842
67163
65241
65797
64418
67131
66400
68687
65618
64456
64422
65160
65502
66267
66648
68230
68974
66993
68124
68146
67455
68227
70174
66699
65107
66328
65913
65891
66127
67098
65588
65792
64103
66175
65358
65015
65496
67246
66425
66214
65657
65852
66161
64414
64730
65863
65945
66431
65877
67599
64646
65738
67241
66307
66832
66623
65250
64202
65669
64263
64196
65361
66594
67738
67694
65190
64654
64052
68026
65868
66909
66631
65267
64625
64290
64305
64366
64195
67451
66401
64916
64455
64255
67951
64263
64333
64750
67368
66279
68077
65885
67121
65144
64565
66212
65780
66557
66211
66375
64481
64444
64407
64074
67041
66798
67250
66153
64660
64434
65129
65413
66351
67126
67242
65642
64475
65652
64150
65274
65720
66495
68155
65502
64771
65338
66987
66025
65092
69565
67639
66970
64557
65011
68621
67791
68321
70091
69052
66221
65773
69066
69534
67263
72427
71383
68642
65720
66521
69835
67940
66403
67020
67069
66548
66040
65878
64049
66450
69310
67518
66527
67519
68374
69670
68458
68450
66594
65035
64814
64753
66501
66413
64288
67713
66009
69426
72142
70380
68839
69201
68185
67029
65316
64931
66867
69549
67712
65712
66833
65341
66498
65115
65256
67118
67909
65988
66410
65913
67438
66751
70718
68346
67260
69435
65365
66076
67455
68622
68195
68073
68001
66105
66805
68197
64999
65111
67225
67546
69313
66751
69745
68318
67552
66292
65451
64510
67239
67899
65242
64505
66017
67602
74394
69266
68330
67071
66810
66911
66214
67396
66972
66571
66037
66879
66249
64529
67177
68633
69080
68217
67629
64851
65982
64506
64324
64405
64639
65247
67299
67129
66304
66252
69098
66310
68065
69700
68133
68549
66119
64429
66470
66522
68872
71855
68682
67188
66678
69387
66326
65222
65298
65459
66824
67059
67481
66837
66840
66614
67233
66342
65935
66130
66228
64582
66056
71593
68217
65624
70972
69975
67526
67901
67671
66791
65216
66471
65244
68690
66440
65421
68214
69577
68876
67376
65079
64385
66361
64820
66159
66013
66919
68357
75688
67763
65666
64488
65068
69543
68947
68029
65287
66111
65490
66029
64587
65800
65940
68135
66835
66498
65105
65346
64327
64593
64166
64406
65812
66204
67231
66317
65566
66610
70321
65744
64900
69787
68564
67738
67339
66752
65824
65455
64883
65756
66140
66523
66148
67051
67081
72810
67941
65588
65384
67131
67370
65376
69737
68142
66669
66334
65430
67039
75263
68297
65486
65837
66365
65339
64819
66051
66125
66651
65539
64762
65456
66124
66002
69758
66428
65996
64923
64546
65164
64298
65291
65172
66132
66067
66748
64668
64075
64437
67876
65559
67199
66810
64702
65863
69597
69114
65592
65021
65855
66995
66820
65760
69252
71960
67408
66093
66161
65817
65959
64063
65991
66293
70468
68942
65826
66671
69510
69245
72428
67983
65301
64950
67831
66514
68227
70285
70277
68689
67649
64820
66729
66944
66005
66945
64474
64102
64331
65142
65714
65224
65787
64778
64227
64263
64677
64056
66282
67006
68653
65739
64003
65848
64334
65155
67845
66134
66409
65175
65014
65575
64629
64630
65490
68136
68639
64457
66013
64318
65023
65758
65668
66904
66465
64230
65211
65111
65095
65397
67311
67976
70196
69413
69249
69665
69515
69639
70038
68640
67519
67358
65647
68522
66194
67723
65851
66589
65991
68193
69759
67903
66293
66490
65302
66708
67598
65511
64305
64330
66703
65826
64818
67006
66442
65755
64237
64439
64071
65829
64361
66833
66669
67085
65610
68606
67488
64758
65718
66252
66226
65235
65581
65019
64078
65423
65097
66426
67190
69843
69687
71605
68728
68194
66360
68457
68278
66894
64342
66546
65486
66066
64984
67222
66814
66523
77962
67848
65945
64475
65927
66038
66363
65907
64497
64093
65551
65876
64661
65627
66107
69050
66556
65212
65202
65771
65817
65617
66086
65008
64155
64726
64077
64498
64553
77633
69329
66441
65278
66592
66375
64435
64490
65620
66082
66529
66377
64172
64832
65820
65136
64382
68609
66309
68653
69729
67463
64611
64172
64352
64240
67011
66753
65861
65669
64589
66046
67509
65338
66496
66110
66150
64847
65256
64365
64172
64458
65951
66091
65896
65084
65896
67454
65086
64528
65003
66614
66988
65404
64381
64082
64540
64684
65818
67578
67048
64875
64721
67688
67033
67185
65593
64743
64233
65790
64242
67220
66561
66081
65450
67688
64288
65404
68236
65848
70185
69161
68296
69393
68566
67266
66687
68777
67269
65935
65228
64739
65670
69475
67233
65624
68847
69964
66866
65293
66658
67444
71553
70336
68433
67027
65554
65587
73181
68029
69273
66713
64789
66643
66026
65777
66524
66555
66880
66302
65966
64411
66792
70369
68428
68496
66090
64332
64742
66040
68520
68155
66195
65553
66093
64926
65644
64668
68456
68496
67003
70091
68341
67778
65981
67269
69853
70783
67275
66056
64705
64328
64310
68565
67634
67058
66545
64441
64159
64607
64194
64315
65799
65279
69925
70200
66717
65050
67056
68130
66855
66708
67592
66612
70906
68192
68656
70202
70107
69493
67292
64512
64633
68096
65244
65766
66195
66514
66358
66110
64856
67037
65776
66832
65689
64434
64324
69089
73086
66908
65454
67552
66178
65483
64558
68491
67173
66637
66546
66682
65432
66436
66660
70491
66855
66085
67849
65788
66045
64864
65563
66399
67055
67577
66456
65986
64648
65708
70498
67007
66797
66891
68840
67964
66602
65182
66310
64493
64637
67049
67687
65740
65323
70046
67594
67473
66947
65991
64262
70040
66636
66156
67354
68339
65782
64979
66078
66697
69719
67715
65527
65013
65649
65665
65973
66361
67274
64940
64241
65370
66281
64236
64531
68477
67801
65119
67014
70670
67905
65904
64021
64487
64901
65104
64633
64815
65458
65922
72516
66580
66067
64676
64504
65476
65871
64163
66210
64879
64119
64829
64411
68249
65276
66439
65086
64200
65730
64102
66017
66440
64422
64379
66320
65421
66991
67104
65023
64448
68142
65656
64682
64234
64886
64361
66237
65933
65340
65443
64122
64035
64689
64094
69024
66375
67896
65072
64855
67212
64001
64364
64058
64042
67533
66425
65079
66060
66793
66375
65197
67007
65538
65096
65229
65643
64596
65181
65247
64661
64858
64554
64524
64160
64140
63969
67137
66550
64684
65061
65131
65714
64358
63974
67621
66345
65838
66332
65835
65203
64838
67936
66245
64916
65500
66700
64357
64312
66876
65752
64515
64366
64075
66590
64953
64184
66200
68220
65305
65120
64865
64095
64059
64419
64542
65054
70069
68142
65709
65444
65267
66707
68460
66923
65368
67227
66656
65567
65110
68609
69642
66732
64604
65268
64902
65112
64311
68956
65310
66390
69283
65880
66114
66286
67282
67600
70883
68678
68281
65044
64404
65914
68656
68457
71302
68902
64319
64268
65763
64397
64597
65131
65827
65583
65737
64709
63922
66967
65111
64909
65618
65699
69443
66987
65291
64462
64334
64788
64607
67382
69474
66031
66097
66216
65854
65407
63967
64927
65295
65190
64233
64073
64174
64335
64439
64511
65636
65350
66554
64531
64307
64068
64162
68749
68767
65507
65455
64508
64346
64703
64217
68404
67673
67739
65543
64492
65706
65439
64964
64428
64531
64106
65234
63978
67418
71432
68184
68771
72942
68336
65499
64137
64556
67332
66179
64222
64567
65124
64025
65350
65339
65088
65035
68009
64220
64906
64799
65262
65385
64400
64376
64142
64247
64037
65517
64662
64920
64206
74009
68787
66042
66003
65851
65687
64210
64255
63988
64683
63972
64030
64348
68504
65730
64506
66347
65020
64262
64173
65590
65399
64052
64167
67798
65927
64226
66028
77390
72049
70809
81296
66043
64706
64352
64184
63969
64137
65001
65754
64916
63866
67155
70615
69698
67381
67636
65954
65502
64213
64174
63966
64037
64052
64092
66113
64994
65422
64203
64029
64095
63918
72152
69273
67309
65905
64592
64097
64110
63934
64658
63865
68006
68258
70522
69765
67347
72752
65545
64438
66756
65903
68869
70224
64934
64573
64038
65116
64850
67167
65465
69830
72679
65308
65562
64047
65078
64110
64520
64591
66218
64909
65341
64548
64779
65264
74653
67785
65251
68474
64284
65076
67220
68870
66645
65923
64911
64414
65189
65566
73192
66175
67650
66735
65557
67075
66521
66479
65022
65532
76382
68679
70821
68370
66812
65062
65137
68275
65514
68039
66083
65600
64195
67180
69713
65602
66021
66012
66654
65179
64441
64819
66577
69155
66360
65488
63994
64304
63896
64104
65603
68775
68185
65459
65761
65899
65606
64809
66970
64467
65374
66140
64613
63906
64067
64453
64095
64365
65366
65923
66167
64800
64532
65975
68933
68738
65730
66460
71802
67998
65631
75641
70685
70990
70384
66261
64494
65046
68397
66318
69101
65423
65438
68513
67114
66233
65429
66664
65247
64213
64282
64605
65037
68242
64780
65831
65920
66759
67987
66207
65548
65304
64403
65113
64000
64317
64132
70351
69671
65257
67438
67045
66946
66325
65873
68179
68487
66120
65646
74028
66256
66304
65736
67672
66095
64631
64697
64064
64320
69400
69768
64402
78211
67477
66532
67843
72917
69305
72160
67379
66381
65816
64953
65117
64116
64404
64985
66315
65179
67204
73255
66538
67173
67934
65348
66514
68714
65230
64400
64097
64654
65377
71418
74331
68258
73219
68987
66595
69365
64410
69989
69746
64746
66483
66352
66248
66001
66627
67304
66900
66024
64288
64208
66865
64560
66267
68635
66065
66398
66623
66705
66826
65166
67973
67883
65082
64752
67012
72071
65054
64153
64867
65986
65944
64707
66308
65265
66714
65111
70154
71849
68344
67888
68633
69568
68305
69239
69966
67844
68889
65403
64316
65344
66371
66733
65747
66011
65140
66966
64403
64040
63938
64424
64148
64419
66826
68165
65526
68737
66017
64572
64182
64426
70245
69487
67085
63907
64370
63983
64075
64396
65186
66224
68037
67801
66279
65684
65634
68781
65387
67115
65730
65520
64813
65302
65761
64321
70191
64678
66497
67991
66738
65442
68685
64766
65306
65795
64820
64186
64609
64664
64178
64609
64617
64260
64560
64404
64522
64688
65909
64285
64076
64212
64093
64041
64323
64357
64183
64240
64698
64283
64476
64927
70591
66494
64259
64043
64950
64047
64169
63991
64307
64079
63939
64552
64058
64202
64245
66306
66674
67718
66379
66544
66288
68501
68243
66089
67427
65825
67650
70290
67634
73924
65271
68750
64988
64915
65863
64445
64226
65308
65604
66100
65599
64405
66007
64099
65784
65315
64541
67796
66159
64902
64899
65361
64342
64410
65437
64163
65240
65964
65078
66512
66767
66013
69321
65742
66043
65027
64152
64346
64065
65833
64421
68200
68772
68657
68490
67040
68122
73115
67068
71948
71288
69403
67742
67887
65974
66004
64420
64394
64429
64145
66020
64715
67401
66156
65101
66095
64542
65621
64301
66739
66135
65009
65631
65973
64915
64536
64383
67997
68279
66644
68720
66731
66203
67303
67722
67676
67693
66204
67286
69068
67894
67604
69074
65649
64128
64426
64333
65063
65087
64850
65975
64941
65417
65274
66222
64273
65947
67100
65114
65896
65175
64685
64338
65686
65233
66717
65210
66232
66106
64805
65670
64943
68638
65602
64204
64343
65358
66136
65636
65738
65549
65492
65995
64930
64200
64342
64490
65783
68143
65922
66721
64858
65768
65422
64525
67009
65680
66526
68999
68573
68896
68026
69992
69044
67608
68329
69356
68387
68595
68306
67824
67711
66237
66467
66982
66895
65773
67645
67450
66565
67686
65578
65899
67618
65658
65990
66130
66355
67531
66106
69721
67960
72666
69497
69256
66721
65082
64850
65966
66784
64676
64122
64818
67822
68002
67804
67139
68452
66906
66839
67382
66902
66846
64489
66205
69962
67508
67493
67324
66353
67066
68424
71140
67858
67290
66381
67161
68116
65543
65609
67335
66348
66521
65075
66502
65427
64267
67852
66488
66364
66336
65111
65396
64200
65443
66286
69244
70623
67143
64643
65092
65011
67445
66746
68365
67326
66800
68564
68565
68977
66026
70332
70611
65785
67544
67154
65638
70097
65640
67166
66680
71354
66876
70268
65585
64583
65447
69894
67707
67286
66705
67102
71099
66720
65816
68007
66020
67015
67191
66976
66494
65378
66110
64677
67404
67877
65634
68602
64384
65316
66160
65512
64283
67827
67835
68115
66146
67057
66030
67188
65846
65759
68410
64999
66013
65513
64375
64667
67838
68676
70127
70998
70292
68787
69598
69214
75078
68687
69239
69023
67531
64508
66337
69019
67607
66080
65944
66085
65229
66253
68689
68120
66997
68227
77873
75738
76001
72802
85640
73280
72198
68682
67876
72639
68054
81932
66699
66808
66641
64480
69252
76256
66157
68747
68404
67922
66623
66800
66840
66725
68882
65942
69598
69525
65982
66025
67662
67756
70238
66211
65420
70610
68274
66345
67382
70946
69523
66950
66729
67435
65875
67291
67072
72430
69985
68676
67892
68174
67364
67526
66934
67704
67120
68367
67712
72080
69339
69714
68735
67197
66417
66244
66178
65139
68992
67770
66740
72443
67453
71452
70324
66693
65805
65351
64966
65984
66346
64936
64206
66145
64029
65542
66689
67033
64477
65811
66773
65014
66140
64246
65137
69304
70560
67465
77157
69339
67175
65761
65918
66596
67563
68272
71411
67798
67543
67747
67799
67725
70773
70727
68931
66381
68764
70200
70098
70096
68832
80173
69019
70594
66862
65167
66270
76433
68233
66039
66249
66006
66706
65663
67066
66632
66041
65246
66110
64582
65967
64967
68062
66416
65899
68570
71212
68751
67862
66435
64283
66114
64920
65724
65242
67216
69184
75100
67612
65965
67758
66876
69892
70031
69205
68111
67954
65741
65010
65815
65298
66138
66142
65167
64407
66226
65015
66647
67522
66164
64147
64413
64475
65475
65036
66700
66723
68633
66181
65874
65093
65403
65160
69028
75286
77513
69926
76784
74013
74500
69724
75165
68452
69191
67609
64817
66715
65236
65938
66009
67863
65081
66203
66057
66362
67924
76264
66637
64276
64572
64544
66363
65973
66233
65915
65614
66861
68391
66881
68136
69046
74371
68413
67961
69928
69998
67818
71240
84747
97955
72772
72197
69026
74405
80510
76756
80903
82953
67916
67422
71523
74319
71401
68293
71361
69337
68038
71977
77087
68443
67863
68478
69526
68405
75169
68841
66188
67880
71078
70527
69209
71983
72099
69750
67252
67183
65619
65621
65497
67206
66847
67548
66372
65643
65132
65547
64842
69488
66485
70765
66858
65935
64462
64434
64654
66261
65972
67174
65287
64405
65926
64343
67733
66286
67382
67216
66276
65382
65923
65770
65789
64654
68073
67692
65925
65698
64459
67219
66840
67720
67267
67649
66070
64736
65263
65632
66091
69741
67800
67378
67150
66647
68836
66219
66157
64833
65431
66857
67375
66345
66232
66978
68437
65698
66293
66764
68450
70046
64856
64873
64528
66415
66490
66538
65877
64714
65748
65301
66239
64809
67431
68095
72000
67209
65446
68737
66755
66033
66321
67091
67184
65648
64370
64241
65845
66130
67535
68981
68233
65307
64180
64216
65294
64954
66223
65980
66583
65019
65787
64523
64504
65801
67230
68064
65384
64249
65230
64312
63989
67272
66389
66220
66987
64890
67781
64317
66695
65799
66956
66347
66983
67329
68102
67844
66977
66542
65439
65056
64330
65524
66840
67704
66727
67725
64674
66114
68872
68572
66921
68688
67409
67531
68272
67438
68489
67508
67103
65646
69423
66737
66042
67576
67608
66772
66511
66567
66114
65752
67150
66749
66186
68820
68781
66238
65026
64743
65278
66315
65885
66305
68345
66270
64943
64532
64121
64396
64601
70781
71275
70995
70257
70175
68715
69215
68996
67613
66282
65652
68881
69742
66196
65780
68136
66769
67489
65904
64822
64497
64841
66589
69347
67114
71048
68326
66822
66014
65362
74644
69447
68910
67555
67425
71703
69771
68397
68607
68545
66655
66699
66647
67355
66996
71437
65942
65869
66410
68170
66501
66048
66450
65844
68928
66280
65432
64843
64275
64449
69956
66144
66525
66401
66488
65901
68074
67461
68379
66942
66968
66051
67789
65553
65381
70441
64377
67297
66905
66638
66926
69706
68698
68355
67628
65010
66768
65477
67441
65334
69472
67089
65254
64777
66955
63977
65271
68661
67217
64698
64117
65869
64336
64275
69759
74341
68142
66877
66753
65596
65540
68900
68041
68153
67486
64716
64512
67237
66521
67165
68409
64068
64423
64333
66203
67677
67732
65294
64751
69333
68471
65936
66595
68020
68064
71852
68383
66380
64526
64049
65296
67222
67335
66987
65287
65719
64370
64271
64229
66408
69451
66422
64484
67395
65782
65717
65903
67794
66869
65182
64523
64283
64444
64291
64326
68368
67375
65228
64900
65238
65051
64337
64565
65868
66729
66366
64427
64372
65328
69437
72624
71988
68008
72840
72024
70616
70247
68842
69111
69075
71062
69003
67262
69223
101560
76003
69919
72264
79782
75774
68530
69228
68768
70638
77961
68657
68477
68180
69853
74557
73817
73792
72156
70703
68729
66673
66397
65486
64305
66091
64537
64498
65715
66012
65353
64287
64357
66553
64105
68429
72429
73244
71736
68750
65962
65502
64211
65743
67033
67168
69881
68417
70948
71450
72362
70371
66121
66700
65983
66460
66934
70021
74316
67880
68311
65789
65448
64923
64298
66603
65756
66961
65339
64298
64175
64458
64440
67958
65152
64033
64328
64685
66024
65090
66068
65668
65308
65684
64437
65522
67893
64315
66260
66788
64051
65845
64264
64351
64510
64929
65498
64325
65429
64448
64365
64734
64279
64379
67823
65321
64345
64279
65365
64182
64294
65785
65282
64472
64369
66112
64703
64512
65908
67912
65976
65632
64096
64466
64228
64204
65422
65509
65064
64480
65590
64312
64230
64505
67022
65725
65171
65850
64337
64211
64182
64557
64214
64319
64025
65976
64546
64308
65443
72151
73270
66228
65399
64509
64144
68228
69314
68498
68749
67311
65226
66255
67083
67812
73843
69493
68405
66356
66515
64271
64359
64882
65491
64387
64232
66235
66080
64644
64730
64437
69716
66430
65666
64459
64987
64483
64140
64554
64300
64057
64392
65420
64519
67716
64472
67805
66207
73903
73026
72818
71132
65906
64979
65425
64626
65416
64838
65551
71004
67775
80677
76166
76285
69342
66336
65868
68993
65777
66546
74477
74966
71879
72415
68894
71026
67674
65895
66102
65585
64489
64397
68727
68198
68217
66876
67921
69490
65216
67749
67981
65671
65421
64496
64169
64193
64505
65897
64404
64359
64327
64446
65680
64471
64448
68196
64636
64165
65730
65840
65281
64526
65319
65476
64179
64308
64466
65762
65050
65040
66918
66192
64863
65356
64153
65590
64459
64391
65607
64070
64464
64270
64359
64602
65977
65604
67021
66067
65819
64609
65443
64514
64488
64762
65426
65422
64280
64757
64482
66150
64454
67503
66190
65098
64412
64476
64109
64381
64673
65203
66672
65715
64432
64233
64712
65323
66347
66723
65641
65706
65297
64834
64322
64234
65889
64914
65215
66038
64563
65532
64443
64254
68045
65925
64419
64380
68553
70658
73196
70948
71307
70254
67575
65238
65871
64821
66804
68060
66288
64035
65661
64515
64219
64283
64815
64407
65353
64790
64313
64219
64653
64208
68318
64738
65929
65077
64226
64811
64416
66328
72195
67980
66303
64759
64199
64689
70878
73333
67325
65960
64413
64109
64259
64317
64365
65546
64683
65589
64201
64161
65395
71713
74501
71025
67808
66773
65205
65326
64789
65445
66783
66735
66359
64320
63968
64371
65759
67597
66150
65184
66513
65785
65460
65434
64925
64516
64305
64177
64506
64066
64406
64591
64306
68974
66478
66168
66044
65815
64262
64068
65994
64382
64483
64472
64068
64458
64209
64551
66379
65862
65351
65604
64448
64249
64206
65744
65281
64526
72736
66266
64439
64948
66727
71706
71725
70196
65507
64288
64567
64182
65537
65079
64077
64407
64172
64471
64314
64570
69183
65589
65762
66507
64635
65668
64788
65262
64395
64524
64849
64331
64696
64515
64643
68684
65553
64548
65533
67477
67802
66559
65379
65864
66062
65115
64369
64889
64524
64592
65489
67769
64420
65447
65533
64331
64095
64373
64421
64323
64311
64151
66873
64931
64926
65389
68343
66053
64742
66046
65950
65086
64391
64872
65738
64402
64199
64349
64022
64395
64227
67134
69936
69601
70549
72044
77039
67711
70666
65650
66152
67298
65159
65317
64866
64486
66988
66268
64504
65736
67776
70150
69726
68338
68615
72207
71182
70321
70026
68270
68274
69476
71003
80018
82406
68124
66463
65460
64763
64332
64276
64268
65017
64917
64839
67855
65575
64971
65148
67992
68140
66709
65606
65277
67085
67076
68211
72990
70023
67815
69666
66208
65714
64374
65336
64586
65613
65199
65431
65428
64931
64222
64541
65821
65492
65870
65747
67816
65385
65460
65719
64612
66155
64431
65773
65059
64875
65923
69395
66476
67744
68558
69322
68620
66306
66768
68136
68483
67315
68362
70120
79204
93112
71042
72271
70007
70162
68897
69238
67367
67319
67862
65504
65582
71102
67750
66630
66635
67126
68920
67063
67959
67114
67562
67947
67306
69225
69120
69890
66996
66756
66880
68152
66797
69193
65547
65942
65135
68191
68503
68526
69702
69457
68607
68678
67681
67812
69164
67774
70107
68336
67881
67825
66234
68519
68070
68037
68028
68435
69541
68383
68703
67265
72281
70002
68334
68484
71206
67914
64860
65731
68447
68966
68237
68610
67834
69824
70516
72604
70645
69322
67515
71313
67690
67458
68748
68220
69964
67373
66348
67053
67134
74859
67760
66419
66741
65796
69750
68546
68215
66785
67874
69426
68214
69661
68352
68978
68380
68435
68349
68162
67926
67570
66465
66380
65793
64418
64273
64889
67953
67723
67636
71828
69701
66470
67036
68687
70490
69792
68444
69725
68237
68583
67821
67012
66839
65852
67556
64849
65993
64422
66051
65801
67436
68785
69702
71366
69693
66750
68242
68135
69350
75955
72178
70051
70866
70848
72136
68729
68535
71222
71302
67252
65927
65901
69361
89293
76175
82998
76633
69132
67763
67900
71934
69169
67367
68342
67223
68155
65453
73953
73488
74852
74909
68873
67576
67426
67750
72247
68567
67390
73846
70502
66957
69781
67319
66512
66935
65941
66501
66529
65832
67094
68033
66504
70976
70396
71186
68123
68038
67056
70962
69313
67556
70905
70898
70843
65797
65411
66304
66572
64877
64930
74421
69525
69516
66684
68167
69877
69240
67531
70104
68961
67760
66304
66328
70780
71151
71853
66830
66222
64212
66552
67709
68183
65936
65315
64473
65061
67711
67724
72082
69812
72388
69206
68939
69581
67007
65791
65467
65564
66311
65675
65968
65982
65494
65473
67282
69145
67792
66420
66489
64421
65981
64454
64826
66949
65702
66289
67505
66220
65336
64597
74162
67059
65709
66441
65252
65340
66923
65837
64899
66562
65544
65740
64536
66074
65231
70425
70775
68249
68024
69043
68725
68650
66688
68181
67434
67141
68384
66500
68379
70078
68767
65612
66595
65848
69187
65746
65864
66813
68196
67067
67192
65899
68007
66204
68187
68262
68078
66323
65198
68210
66897
67425
66411
65041
64910
65395
66346
66402
64291
66925
67717
68075
65183
65229
65022
65544
64602
65205
66226
66602
66234
65400
64445
64385
68475
72020
69845
67368
66660
71514
69735
67858
69531
70526
69366
66694
65435
64100
64186
66435
64409
64972
65994
65791
65556
65573
66801
66840
69087
67465
65473
66092
64551
65449
67155
64886
64238
64445
64733
70800
66462
67805
68964
68923
65302
65059
64216
64179
64140
64811
66447
66049
68684
68378
69005
69027
71906
66927
65891
66496
66939
65807
66535
69506
72980
65015
65733
64289
64447
65550
65530
65933
69175
69178
66040
64027
64918
64813
64024
71519
67941
69613
66094
67064
66205
64375
64890
64522
65158
67299
69762
65264
65265
63935
66806
65257
66067
66158
66303
65105
64018
66425
66501
65576
72255
66774
64237
64641
65610
67366
65099
66565
67397
65812
68657
70472
68397
66032
64135
63981
64292
65265
65354
64275
65478
64987
64430
67165
64579
65852
65163
66341
71007
65045
65747
69143
64011
64212
66769
67919
69603
64724
64745
64460
64379
64311
65583
71031
68026
64365
64377
63997
69339
69247
69744
77240
67242
71188
69109
66538
64449
64547
68723
70355
68170
64209
64171
63982
64096
64772
69893
66621
67351
68526
64137
68595
69883
65449
69759
68259
67147
70787
66862
65887
67968
65146
65146
65759
65974
65330
64244
64916
64422
65512
65458
69643
66666
64336
64088
64150
66504
66576
68973
67563
70664
67553
67698
66322
67456
64684
66682
69131
64452
64359
64294
66887
65829
72108
69443
70167
70504
67519
67144
68748
65718
65233
66399
65636
65162
68721
67352
68353
65439
64320
64730
64300
64386
64514
64436
65409
65901
65538
65600
64242
67123
67676
65148
65146
66074
65026
65908
69893
71436
68520
69692
68183
65513
65645
65950
65844
70922
67226
64884
64390
64975
64141
65581
64683
64199
65430
64154
68794
69376
68964
66145
66554
64195
67064
65000
64117
65110
65241
66481
66609
64724
64192
65444
67219
66639
65019
66568
67006
65602
67620
65910
65346
69121
70853
66542
64163
64122
64348
64216
64830
68375
67716
71596
66369
65548
66251
64029
65716
70673
70213
68631
66128
67784
68392
66533
65209
68470
73359
66400
68771
65204
63872
65678
64485
64207
71060
71274
68630
64389
66459
68293
68379
65023
65650
65260
64732
65162
65446
64965
68799
68281
67870
64071
64146
66988
66907
71132
71390
71330
67319
68334
68602
66199
65472
67230
67935
65576
64023
64092
64323
68116
72739
65046
64337
64133
64847
65375
64941
65416
70408
64593
64579
65621
69360
68381
64980
70501
69129
63963
64093
65731
65473
70704
68402
66456
67879
68822
68554
64828
69254
68452
68693
65689
63958
64187
64082
67846
68665
64992
65313
65559
64015
64509
63981
70199
65594
65160
77237
67866
67191
66632
68869
66123
65581
65218
65942
65605
69825
69276
66067
64371
64111
66884
65132
65885
64881
64173
66049
70361
66804
67439
70487
68352
68452
67431
66451
65115
66112
66210
65892
69095
64956
66459
65938
65007
64090
65886
70463
69342
65241
64391
64354
66385
65846
65913
66620
65431
64910
65876
64875
64065
64233
64207
67545
65849
65458
65542
67569
70387
64478
64512
64493
64504
65448
64238
64208
64943
65128
65432
64766
64154
64150
64128
66057
64996
65302
65929
64374
65277
65430
64911
64119
64026
64089
64175
64297
64093
65148
67651
65710
66358
64302
67310
65569
65820
64906
65459
64517
64771
64163
64558
65147
65308
64892
68159
64330
63942
64071
64223
65520
66056
65263
64146
64170
64073
69927
72164
71193
69421
68771
66653
64083
64294
69158
69799
70549
66392
66808
66030
64334
64769
65235
68049
66377
67992
65334
64375
64939
65453
66553
65821
64977
63918
64091
64050
64614
64129
67471
69868
73518
69476
73215
68224
71812
71775
65802
64978
64040
65574
69862
66060
65921
64827
64210
66160
64492
64295
64045
65697
65447
64663
64278
64118
64252
64000
65807
71200
71264
67678
70091
64203
64273
65318
64286
65888
65760
66318
70833
66159
64889
64141
64388
64758
65306
68048
64320
64162
64035
64216
64945
69881
69962
67125
64050
66838
66832
68945
67251
65711
66960
65714
64442
64197
64509
64617
65593
64502
68939
66568
65591
65533
66837
65345
64709
65733
65138
66489
67308
65268
65327
64821
64504
64454
64229
64532
64220
65864
68316
64288
65004
67274
65054
64310
64145
64647
65798
66598
64539
64325
64147
63884
65055
70878
68971
65824
67818
63980
64049
64591
65223
63990
65698
67754
72412
73073
70382
68432
64903
64604
64650
67283
64553
64536
64141
64656
64363
64534
64558
64236
64417
64602
64220
68153
69616
64967
68192
64456
66203
70990
70364
64783
65643
64195
64762
70004
68076
71628
68925
69605
67007
68571
67579
64652
64379
66002
65357
66188
64460
64492
65543
67414
66359
64247
65078
65644
67691
65527
65847
64959
66259
65451
64777
66831
65945
65771
65081
64530
64625
64573
66547
66177
66558
65612
64316
64811
65812
64648
65817
64436
64306
64437
64194
64530
65234
65018
65742
66410
66116
64235
64125
64429
64085
64959
64281
64206
64505
64039
66851
65644
66225
66126
67465
69064
66916
67473
67479
66485
67403
66123
65107
66332
64672
65997
66929
65890
65632
67647
65025
65062
65129
65397
66147
65887
64280
64188
64551
64197
67392
64814
65926
66277
70608
71429
67947
66179
66704
65684
67225
68340
66809
64511
64244
64207
65681
64788
65920
71186
67125
65530
64247
64382
64817
65658
65568
66693
65628
64405
64877
65183
64450
66162
66212
68658
65556
64872
64523
64248
64481
68746
68743
68303
67059
67275
65646
66811
65774
65977
71848
67894
66270
65999
67616
66642
66118
64968
66121
66204
67398
66304
66318
64313
65578
66893
65683
65159
66374
66887
64689
65953
69082
70196
70695
69381
68153
66936
66108
67998
75113
68314
67007
67766
66599
66724
66419
65018
64643
65193
65265
64799
65946
67196
64275
67526
65831
65803
64523
69695
69378
69015
67279
68018
66777
66849
65734
67610
67492
66354
69188
71097
69202
68836
67744
68151
68595
73133
70435
69040
68406
67272
69693
65547
75567
69179
71383
67511
69968
67548
72040
67579
72173
69729
72734
77047
68752
68481
77872
68194
70183
67810
67206
66137
66723
68220
68039
67516
66758
66066
65022
65920
65886
67939
64807
66358
67132
66325
64884
65536
64527
64559
64863
65487
65430
65476
65774
64418
65571
66288
65028
65734
64923
65977
66518
64168
67877
64897
65262
64426
64637
66419
66888
66202
66112
66147
65983
64808
65888
66622
66307
65956
65046
66364
66104
64562
64526
64327
66034
68911
65416
64646
64767
66515
68875
66331
66499
69809
66611
69985
70900
69611
68328
67185
70101
69513
69078
68465
66381
65518
64351
64803
67229
67722
68952
65993
66445
66552
73319
69613
66975
68118
66814
65526
66329
64885
64836
65845
66778
66161
65559
67530
69198
73020
66311
65354
66635
67855
65523
64517
64182
65148
64748
65206
66517
66199
64682
64195
65524
65993
64579
65607
66213
67120
66526
66303
64326
66971
69777
68863
66089
66964
64624
65101
65650
69958
67321
67903
67847
66545
66778
65576
64280
64144
64173
64894
69716
69461
71549
68330
69495
68031
83634
69765
69379
67947
65836
64488
65785
69759
68978
68898
67911
71872
64771
65779
64663
65638
65892
65023
66480
64483
64334
64322
64153
65676
64137
65470
68443
66054
65796
64410
65956
67240
65287
66411
64592
64288
64761
65301
65693
64353
64454
65478
64657
64549
64164
65135
65898
65743
69433
65825
65935
64476
65126
66622
65949
65785
64392
67521
64527
64296
65758
64791
65543
65717
65360
65031
66361
66413
65336
64292
64567
65719
68460
64650
66712
66397
66238
65835
65801
64756
65661
66188
64341
64720
65801
64317
65145
70039
66264
64770
65283
65450
64361
65856
64824
64427
64289
64214
64337
64081
64467
64674
67953
66986
64656
64398
64761
65357
64809
64126
64452
66787
65528
64409
64676
64510
64166
64420
66881
65829
64393
64116
65659
64709
64444
64454
66450
65618
66426
66093
65611
64269
64570
67515
64841
64519
64238
65623
66145
65510
65457
65155
64643
64745
65609
64865
64362
64873
66251
66113
64363
64146
64631
64868
65707
64460
64086
65946
64546
65497
64460
64147
64439
64306
67809
64515
64150
65083
65950
64239
64848
64179
65992
64977
64563
64759
65375
106226
116611
69558
68473
70853
69213
70026
67608
66817
68411
70789
69700
69777
72466
70890
70979
67814
68000
66795
64996
64094
65744
64714
64313
68876
70567
66830
68569
68849
68906
70272
67163
67312
67294
67435
66005
66445
65408
64381
65701
64547
65941
70405
69800
67566
73252
69167
66796
65578
68622
69595
65531
65441
64428
64373
66262
69078
69203
69453
66796
69738
66734
69091
68011
67210
68188
69358
68636
68033
65368
64573
64512
64243
66585
66753
70947
66039
65901
65036
65987
69782
69992
69968
65599
64259
65903
65675
64837
67042
68445
74849
67994
64881
64874
65261
64607
65087
66196
66880
66947
65190
66752
64862
64326
64411
68052
69345
68634
68903
67104
67307
69043
70806
70608
69905
69993
69838
69708
70083
70827
67208
66609
66758
65560
64191
66028
64217
64564
64295
65654
66789
67642
66032
64659
67382
65359
64180
65964
65971
65792
66111
66128
64604
66582
64998
65199
66739
65820
64598
65809
67078
64138
64481
64690
66347
66744
65931
66186
65464
65884
64684
65058
65869
65538
66044
68220
64389
64707
65495
65901
66463
67533
65539
65038
65897
64766
64135
64648
66416
66722
68068
65263
64352
65038
64680
65668
67260
66483
65931
66783
65213
65618
66442
65877
65431
68113
66758
65077
64369
64392
64362
65251
66525
66297
65351
64413
64198
64144
64451
64310
67390
67065
66399
65543
64911
64347
64505
65342
66028
66401
67322
64624
64165
65124
65128
66059
67057
66366
67304
66327
64636
64260
64636
65301
64290
66151
65388
66162
66140
67055
64835
67921
66375
65691
65373
65432
64254
65565
64823
64028
65586
67300
66852
66403
65926
64687
67444
65012
64330
65515
65828
66538
66177
65217
64999
64524
65612
68331
66979
69556
70376
75153
67952
66554
65491
65646
66978
67730
66944
64989
65231
65566
64060
66354
66922
65941
67620
70197
69707
69264
68663
67552
67629
69839
70312
69270
68302
68154
66913
66717
67512
70002
66696
65990
66355
65985
71662
69026
69785
68832
67535
68175
67100
66847
64220
66427
65039
65668
70355
69035
68128
68375
68039
68050
67246
65981
66312
66489
66078
67924
67781
67557
67886
66679
67735
66045
70265
67501
66917
65964
66572
66326
64939
65923
65533
68172
67641
67346
65703
65833
65970
65894
64755
65863
70185
70637
69362
67281
65213
69237
74746
68531
70765
69324
67096
64445
67484
68733
65563
65320
67253
67446
72687
68116
68176
68865
66126
66990
65855
65658
66593
67918
70428
68515
68896
66185
67960
66857
66523
67658
71656
69366
66526
67952
70177
68860
68502
66507
65804
69798
68275
68875
68670
68812
68457
67235
64575
65691
66583
68486
67064
67293
68231
66773
65144
67700
66149
66396
66271
70260
74870
71070
67120
66590
64412
65203
65158
64549
65419
69927
70148
69293
68632
69295
74128
69937
68302
66424
66110
64753
66437
64570
68196
69290
66144
65939
66244
67533
66570
74325
67997
67669
68476
67542
64458
66321
67383
69015
70225
69923
69291
67898
64822
67404
66602
69017
68399
68290
66596
67477
70321
67957
67993
70651
69068
66022
66617
70379
68259
66070
66703
66135
65368
64428
65420
66036
65110
65580
65219
68162
68342
66037
65602
68785
65431
65915
65380
67409
66836
65320
65564
64600
65840
67635
65491
67344
71191
68448
71089
64865
64399
64350
65482
67170
67129
67417
65340
64832
65368
64246
66603
68303
67323
68560
67154
66560
68257
67382
67868
67468
66862
65916
66242
66230
66013
64266
66117
64995
67421
65093
66430
64903
65599
65067
66565
66174
65949
64622
64363
64987
65764
64835
65592
66521
70451
66543
65233
64142
64442
64967
64858
64352
65679
66663
66514
65962
68939
68832
66346
68541
67006
65453
66501
66125
66170
67713
67970
66769
67495
67371
67950
67073
69303
68385
68860
67888
67744
68146
67872
67253
68087
67088
66058
66326
67785
67269
66610
66118
68444
66712
67100
65944
70926
68005
66160
66141
69795
69461
67114
64497
67182
69913
67650
70736
67890
67734
68061
64595
65472
65997
66209
67887
66701
66861
65734
64371
65138
65269
66618
65025
67128
66649
65897
65177
65403
65751
65346
67159
65332
65888
65387
64451
64619
68860
67624
67241
67463
68667
67336
67138
67160
65326
64246
66312
65052
66680
66867
68887
67326
67071
66433
69567
67875
67095
66898
65259
64375
64186
64272
64280
64124
66310
66252
67494
66050
64033
65615
64984
64223
66857
66288
66334
64870
64360
64457
64131
64449
65795
66858
70466
65953
64756
65725
65172
65048
66313
66514
66940
69862
66100
65122
64541
64566
66309
70021
66899
67626
67389
72151
67795
66234
66433
66903
66496
64634
64919
65182
64606
64251
69117
68549
71886
69683
69730
68177
67398
64192
65249
66406
66510
66577
67114
67528
64836
68721
66166
66880
66549
66423
66035
66151
68184
67165
66009
65655
64475
66603
65573
68122
75328
67446
66008
65257
65356
66420
66767
67460
64891
66026
67040
66796
67316
65975
68362
65520
67511
67155
66679
65314
64846
65675
66941
66602
66327
65763
64726
65474
65482
65854
69206
66380
66657
65829
64161
64889
64218
64384
64262
69700
73375
66890
64880
65552
65988
69422
66783
66194
64346
64130
65932
68293
69479
66888
66491
66163
64874
66543
64920
67145
71400
65108
67399
66197
66179
66449
64271
65456
67599
65626
66222
67524
68498
69090
72088
68759
64863
67182
66009
67509
67986
66364
65677
64859
64974
64373
64635
66190
71579
71155
66314
65820
65926
65050
64814
66130
67191
66442
65369
64676
64662
65575
64635
64307
67195
68676
65536
65124
64566
64276
64257
66010
65942
66213
65947
64426
64414
64290
69885
65916
68208
66671
66630
66648
66659
67469
64918
64274
64184
64343
64053
64513
66348
66543
65073
68458
66711
64435
65460
65733
66569
66921
66265
64883
64531
64127
64337
64351
65017
65958
69331
66159
64497
64725
66044
64855
64992
65247
66388
67297
64181
64339
64390
64348
64949
66660
69624
66241
64497
65386
64243
65660
64332
64971
66236
66416
64934
64311
65699
65778
66357
68045
67047
70845
68430
67308
70437
67370
66810
66156
67066
67548
66390
65394
64538
64419
68419
65415
65783
65948
65277
64462
64666
64521
64471
64314
65395
65797
65867
64955
64280
68228
65286
64588
66398
66786
65893
65239
64215
66524
65234
65320
67150
69650
66899
65976
68332
65920
64817
64439
66175
65801
66446
65003
64822
64466
65920
64769
66263
66126
66651
66408
66140
64900
64415
64996
66103
66884
66301
65577
64964
65617
65463
64871
65595
66077
67799
67007
64815
64530
64581
65863
66078
66217
68005
65796
65100
64499
64073
64386
64681
66710
71242
65565
66130
64354
66328
65933
65466
66912
66786
66026
65056
64221
64462
64399
64436
69349
65577
66899
67032
66906
67363
66447
66103
66584
66718
66506
64481
64406
64331
64447
66079
70367
70126
69145
67318
66368
65994
65664
66436
66312
66218
66246
64295
65998
67740
71488
66048
66751
68947
66395
64859
64999
65357
67392
67823
69495
67800
67130
64613
64399
68296
65910
66033
66443
66008
65235
65188
64195
65734
64872
65785
64404
66361
65919
65702
65870
66992
66372
67523
64785
65990
66861
66640
64979
64328
64508
65426
64340
66778
66007
69728
70007
67562
67059
65905
65267
65972
66299
67345
67679
65940
64755
65214
69070
68565
74904
68142
65849
65117
64689
64544
66108
65477
66635
67475
65598
66060
65278
67599
66509
77214
70021
73229
71467
68486
68416
67738
66485
66085
71507
72232
67115
69070
66590
68356
69566
65388
66456
67197
68557
71179
69401
66017
65945
65945
66411
65854
65222
66516
66961
67398
64676
64450
66098
67733
66532
67446
66065
65631
65285
64778
65773
67123
70370
67230
67620
65766
64389
65047
65764
64785
67105
65608
65669
66251
68440
69602
69896
68917
69037
68931
67906
65683
66348
65742
66191
65020
65690
64824
66110
68114
67063
66777
64462
70200
68460
66077
69027
67373
66029
67616
65468
65886
64424
66238
64951
66924
65566
66480
66978
69630
66608
67759
65371
68633
73216
68376
67871
66885
66146
65221
64336
65266
66039
67334
66388
66165
65560
64965
64171
69244
66483
65895
65347
65878
66638
66813
65694
69199
73881
70751
66800
66820
68206
66593
65052
67250
65106
64608
64279
66107
66442
66823
65966
67355
65786
71220
69839
66317
69371
71031
70880
69266
67445
65657
64424
66984
68433
65886
68037
64649
65689
64239
66152
66072
66608
65166
68122
64785
65430
69134
68164
66976
66600
70197
65772
64132
64571
65132
66005
65419
66330
67165
66400
64630
66483
64037
65319
65390
68321
66560
66318
65315
65087
65660
65740
65744
66099
69529
70426
68604
68553
65813
64847
66567
66092
66567
67418
66472
64514
66699
65911
71207
67695
69416
68686
66068
64299
66045
67273
65546
66704
68642
67916
65650
67866
66213
66344
66232
65728
65541
66933
67778
68388
67928
65202
64323
65509
66719
70916
66217
64610
64239
67127
70212
70258
68730
66832
64850
68456
65648
67087
66325
66862
66264
66747
65985
64572
64369
64497
68156
67383
68263
70465
71733
66057
64652
65423
66853
65515
66225
68049
65409
64625
66245
68387
67886
66045
66579
70883
65641
65989
66407
68623
64388
64649
67413
65872
64617
64551
64638
64205
64690
64286
67595
66394
66250
64143
63972
64096
64500
64017
65013
65216
64886
64969
66376
64554
64075
64692
67069
65038
65818
64511
64202
64251
64575
64449
64065
65919
65912
65069
64174
63940
64266
65711
64247
64567
66094
65387
64019
64506
64083
63985
64098
64293
66410
65575
64198
64193
63929
68393
64299
64443
65858
65878
65226
69961
68892
69565
70832
69125
68849
67367
68126
69888
68658
66564
68901
68820
68205
65915
66690
66245
65867
65454
65216
66980
65685
65304
66126
65126
64569
64524
64036
64097
65648
65708
66917
69728
68173
68756
67783
69467
70393
75345
71186
72196
73298
70272
69117
71424
67813
66283
66049
68696
65149
84581
68409
65845
67540
64200
64229
63909
64120
64084
64962
69872
69076
79658
68191
70242
70453
68988
69391
65715
65047
64238
65320
65719
66652
66318
69612
69847
68494
70394
68071
65452
64845
69336
64672
66527
67465
68050
65362
66010
64819
64173
68651
64611
64568
65624
65960
65532
68011
68627
68829
80540
70448
72948
78987
70486
67010
66520
68511
65990
64326
65086
71932
72835
71236
67999
66048
65419
66117
67789
65421
65013
66094
68862
67521
64535
65186
65719
70567
65857
69184
65720
64557
67741
67830
66914
64722
67558
70989
66310
66379
65275
64715
70511
64967
65240
65217
65766
64790
66937
67521
66315
65744
66157
64920
64952
64259
64605
66812
64900
64609
64184
64149
65286
66131
66714
65781
65507
67264
64078
65366
66042
66360
69157
65558
65638
64086
64273
64033
65330
65188
65655
65373
64575
64076
68397
69009
67231
67247
65668
65996
65636
64751
64196
64606
64096
68705
66591
66336
67266
66084
66469
66340
68616
64477
65646
65362
64783
64190
65022
64713
64992
67330
65852
65530
64543
64173
65191
71275
68722
65078
69069
66276
64960
65444
64302
64318
65185
69080
69942
66415
64316
65116
66947
66710
65073
67057
67396
64875
65765
64975
66025
64138
66523
64336
65524
66226
65592
65014
65994
65106
64860
65446
65651
66632
64800
64057
63992
65529
67397
70206
69746
64390
67918
66851
64379
68090
70566
68199
65816
64733
67285
63953
66725
64425
64849
68945
67289
65098
67377
66422
66412
64249
64557
64343
65475
65975
64055
64145
64354
65575
64969
65606
65476
67375
65204
64028
64070
64136
64137
64493
64617
65655
66016
64462
64503
64250
64415
64634
64219
69259
65143
64525
64425
64308
64175
64609
64632
65040
64878
65647
64210
64492
64670
64271
66451
64777
65006
65689
64076
64621
64583
64580
64263
65048
65966
64909
66515
64490
64457
66160
64836
64669
65450
65290
64423
64311
64222
63883
64008
64172
65199
65435
64337
65272
65209
66907
64670
64311
65732
65958
64582
64550
63945
64383
63985
63959
64986
66657
66497
69638
73765
67922
66145
64028
65092
65347
65280
64114
64187
64102
64010
65997
64540
65179
65409
66243
64721
64415
66042
69993
69454
69959
69709
68073
64553
64810
66080
64783
66519
66474
68758
64606
64231
66660
64242
63941
65926
66471
65639
64658
64765
64930
65811
67421
67788
64947
67989
64401
64002
64198
65226
67099
66725
65722
65420
66025
65791
64226
64034
65290
65963
67931
64404
66300
64272
64249
64166
65520
65134
65246
63987
64351
63928
65267
64260
64718
69280
65646
65124
65703
64991
65752
66171
65042
65242
65245
65150
66070
64915
65465
65912
66765
64905
64994
65156
64710
64442
66425
65706
65296
65437
65702
66218
65688
65569
66063
65086
67854
65527
65397
65305
66142
65393
66063
66301
65466
64823
65539
64918
65299
65333
65032
66047
64198
64667
64115
64210
63977
65734
66215
67217
65749
65722
64456
64344
65062
64371
65567
65311
89264
85287
70985
68736
67881
65671
64563
66756
66710
67473
67791
68319
69601
70530
67001
69127
66776
67120
66682
65217
64256
67865
68162
67395
67598
71132
70087
82048
68204
73026
90706
76071
67726
67465
67184
67541
68112
65485
66826
69343
67531
71355
66093
65970
67584
67540
66938
67336
67343
69386
68115
67003
66387
68146
90925
68885
76754
84698
68291
66619
67080
66734
66219
65896
65632
66840
66134
70329
68116
68418
71499
67292
67022
66630
65830
65728
66004
66896
66751
65624
67408
76755
90898
68618
68515
67550
64900
64712
64061
64244
65275
66121
65080
64746
65003
64512
64677
64102
63931
65395
66980
65097
65409
67523
66003
66353
64975
64287
66045
65304
65433
64121
65824
65381
65810
67937
64312
67213
70593
65431
64270
64617
67372
69165
69121
66622
64638
65340
65674
64752
67111
67550
65498
65126
65674
70449
67331
65355
65519
65857
65989
64053
65710
65637
66347
67755
66061
66166
66205
65636
64830
66366
66166
64910
66843
69826
70390
68490
67301
70343
71768
68347
68137
66101
65777
68142
72240
68953
69487
68167
67557
68688
68197
68118
65474
68502
65936
64382
64296
64490
65886
67028
66476
65756
68098
67486
69197
68676
68380
68877
69538
67374
65903
65185
67131
67638
67303
67420
66600
70485
68977
70862
69875
68356
68808
75387
105508
68038
69256
71362
68673
68003
67730
68279
68416
86660
65570
66063
69615
65152
66841
68851
65041
64376
65757
65818
64640
65199
66696
66822
67072
68343
67819
69697
67821
67306
66223
64260
64367
67616
67198
67693
67985
68988
68382
67598
65306
67399
67178
67313
67797
66986
67026
65861
67213
69568
67531
67254
67133
66220
68595
70980
70543
74198
68813
68458
67753
67074
69457
68792
68518
70876
70085
66284
66081
66579
70268
69465
71288
68234
66111
65721
68102
67100
67117
66993
68949
69591
70714
70787
68677
67410
74036
68968
70500
68895
67384
68090
68899
76344
72958
69131
67976
67809
67057
64928
64273
72257
67255
67478
70152
67865
67167
66084
65493
65053
66891
71279
66255
75929
66617
68302
64334
65545
64444
64451
64566
66231
67196
68227
66547
65685
64238
64405
64462
67043
70760
68032
68336
67834
67596
68025
67357
67861
68262
67377
67329
67671
67910
68197
66002
66396
80525
71040
68588
65928
68779
69806
70380
69520
69446
69140
69961
71615
68517
68548
66061
66520
68413
69209
68788
66989
65138
64391
64875
65936
66283
66439
68172
66973
68513
67083
66180
64738
64263
66235
66505
66456
64783
64318
65806
65577
64724
65810
66190
66267
68404
64561
64502
64398
65713
65133
67046
66853
65939
66030
66720
65119
65962
64828
67738
68114
67874
65919
64346
64258
65179
64737
65987
66106
67050
65522
65179
64471
64278
68353
69651
67423
67560
66329
65263
65435
64782
66834
66556
67602
66341
64344
66263
65130
65464
69323
66409
66709
67158
65475
65561
65844
65054
65093
64652
66045
66972
64485
65709
64884
67798
65776
66536
66903
67576
66791
67411
64216
64356
64121
64452
67134
67497
66060
65081
68986
66294
66095
64467
66338
66696
66730
70568
68425
71892
69389
67484
66104
