65609
65039
65250
64226
65692
66315
67431
65220
65301
65147
64135
65563
66626
65840
64641
65683
66908
67910
72184
71945
70368
69834
70614
71105
68784
66861
67262
67509
67223
66992
68593
67629
68441
68229
73070
68469
66701
66234
65050
65962
64430
66716
65362
71768
71029
68109
68207
68616
68320
68547
68841
68039
67543
67040
67293
68189
67523
67474
64577
66535
65539
65119
65197
82673
68086
66994
67767
68229
68084
67601
68176
65189
64868
64891
64980
65419
66699
66466
66024
67952
67322
64968
67451
66023
65211
70351
68020
67689
67770
66981
64507
64647
68607
70431
68231
67026
68054
70220
68935
68377
69466
68423
67687
66472
74684
67810
67775
70806
71921
69770
67826
67600
68128
67921
67462
67794
68060
69054
68288
68750
67974
68436
68156
68565
66759
65813
65238
66916
64634
66759
64968
64177
64208
64022
64108
64136
65253
65925
95442
84412
68555
72999
69827
72092
72000
68707
69843
67833
67184
65713
67275
69306
68963
65135
71742
66077
64445
64322
68150
64360
64761
64400
67009
65784
71884
74479
80221
65964
64284
65001
68804
69027
66419
68725
65589
72272
69327
65720
64807
65698
65303
64533
64167
64122
63925
66191
67793
66655
69178
65098
64157
64668
66551
65189
64159
64036
64353
63917
64391
63956
64168
64448
66887
64933
66960
64134
64040
64228
64289
63950
64173
64150
64052
66343
64073
64200
64436
64413
64154
65914
64555
64011
63988
63941
63985
64153
63910
64279
63954
64410
64282
64872
65064
64077
63983
66780
63921
64090
65906
64723
64377
64499
64332
66063
64501
64140
64065
64254
64223
64116
66372
64741
64328
64251
64482
64126
64539
64481
64456
64233
65229
69766
68160
69719
70864
78656
69624
67958
73850
68941
70988
67876
71897
68308
65177
66427
64904
65654
74996
65691
68036
66866
64848
65828
64919
67640
68249
70289
68255
71393
67681
65725
64721
67382
68684
66658
65250
64942
66783
67362
66135
65080
65639
65295
66368
64416
65963
65447
65657
66374
71112
66373
64403
64211
70439
67157
67743
67559
67536
65265
64802
65815
73443
66228
65179
67520
65796
67208
65731
66866
67591
68370
69637
68618
69095
67583
68193
67309
68183
70708
68746
67839
66139
67167
67029
64482
65666
67217
66013
67377
65423
66331
65193
65801
72958
71310
69728
68721
68619
68424
67928
67985
67669
66082
65817
65084
64575
65501
66324
68945
66838
66154
67528
67284
65785
64333
64554
64304
64586
66925
64826
67396
66953
65668
70008
64756
66113
65727
64263
64327
64363
65602
66931
65599
66288
66880
65918
66004
65538
68449
64831
64365
64307
65282
64298
64326
64388
64474
65056
65461
64485
67249
66063
68169
66981
67672
65770
67083
67351
66455
65414
64496
67671
64652
64491
64497
64423
66005
66151
64680
69818
66155
65756
65021
65358
64152
65490
66266
67269
66392
66547
68232
68942
105624
69292
71308
68123
67043
65591
64186
64385
64114
64354
64312
66702
65614
66014
66305
66021
65786
75055
67508
67457
67008
64409
66010
64730
65618
66182
66246
66573
68014
68908
66132
64941
69096
66108
67378
67725
70495
71300
70740
70238
69522
66983
69128
72980
71060
68811
69242
67512
65544
67050
66107
66142
64905
66597
67604
66874
67789
65643
65862
66537
68595
66343
68147
65092
68195
64295
65176
66562
66368
66190
64868
65044
64305
64363
65695
65894
64796
66655
66443
65078
64297
65717
64932
64249
65037
65254
64699
64839
66055
66308
65226
64433
66544
65539
64383
64401
64763
64104
64228
64279
64154
65249
64042
64440
64273
64537
64289
64108
65766
64522
64260
66076
66021
64648
64180
64810
64688
65545
65530
64571
65538
64975
64006
64310
67398
65863
64702
66440
66075
66414
67050
64311
66231
65669
64588
66274
65446
64107
68242
71236
67928
68385
68365
71135
71547
71493
70478
71041
68499
68282
66670
68644
68127
68667
69607
70973
70396
70326
67291
65154
64055
65869
65002
64217
65333
69467
70098
69761
68846
66179
70604
69741
66505
66330
64913
106256
69530
67911
66916
66235
64524
68603
69702
70478
69843
73083
70252
66178
67035
69712
68896
67244
70444
71735
70503
65071
65813
67193
66015
64850
64502
64615
71998
68353
70273
66957
65567
66775
71728
70938
68580
66327
83532
68001
70153
72675
94732
71201
68657
67190
66358
65850
64854
64384
68257
74242
77793
69235
70435
68014
67351
68996
70982
70281
67622
67046
66749
65856
64929
66814
69794
67862
66939
70000
68370
66329
64943
72102
70316
66374
66401
70841
70296
68346
67897
68166
66885
66121
65932
66661
66014
65461
64557
65477
66599
67241
65786
64305
64649
65610
72930
68969
67282
66245
67376
66220
66223
65912
67105
66289
67603
69456
68486
67191
66890
74626
69668
68210
68340
66386
68347
68049
66696
66136
67304
65455
64893
66365
68071
66875
74066
69165
67876
67957
68202
66684
65164
68693
67100
66862
67902
66728
66368
65255
67391
66983
65565
65945
65137
65337
65491
65751
66086
66864
66348
64987
66013
64173
64693
71957
73887
67901
71111
69938
70002
66989
65664
64758
65928
65206
65563
64814
64389
65360
66868
68455
66237
65106
64688
64907
64937
65712
64760
65982
65264
65133
65841
64656
64263
64233
68083
65573
65892
65712
66573
65151
65673
65345
68087
64923
64592
65062
64560
65026
64499
66672
65986
67369
69229
68780
65644
66568
67458
67456
64807
64547
67114
65469
65683
71783
70756
67777
66063
67409
66216
64408
64513
66737
66668
69242
68640
66828
67373
67431
67280
69180
66237
65160
66177
66147
65522
64252
66120
64621
71419
71574
71186
68264
64257
64259
67898
64620
65730
64378
66585
66428
65164
64594
65534
64078
65480
64841
66151
67041
66901
67439
67590
67927
67238
65971
67624
66994
67185
66818
67223
68174
66881
67073
67284
66582
68790
65901
66476
67172
66706
67329
66218
66953
66921
67141
66747
66508
66357
65957
65391
69273
66304
67511
68199
67560
66857
67619
67247
68126
67934
68033
68743
68173
67389
67758
68446
67963
66415
65745
66217
66336
66222
68674
67836
66996
67070
66255
67030
67871
65994
68068
67599
67728
66652
66918
68895
67106
66116
65076
68140
68143
66741
65425
66999
69402
66845
67251
67615
67903
66797
66974
67254
67472
66126
68344
67210
67421
67547
66899
68698
67263
67192
67763
67024
67302
67096
66695
66358
65048
65806
67389
66795
65020
65599
68608
66476
67409
67349
66775
68285
67802
66893
67663
67391
67247
67992
67077
67240
68024
71643
66782
67949
67632
68591
67514
67344
67643
67654
67496
67594
67444
68117
66356
65269
70681
67972
67728
67866
66546
66691
66957
67231
67678
66275
65998
69140
66893
67705
66777
73665
68116
68187
68167
66549
67029
66141
64963
67508
71965
67988
68139
71263
67193
68568
65682
71689
70172
68157
67692
67096
66430
65554
67196
67124
68435
67647
67463
68241
72751
67946
64985
64831
66073
67345
66098
66599
66691
65560
65322
65065
65480
64767
67329
67483
66193
65490
64359
65638
66803
66961
66615
66272
66278
64936
66371
65723
86271
127387
75958
67610
67057
65178
64635
64212
64591
65917
65379
66934
64997
65760
69858
70090
69745
65164
65473
64203
64209
64381
68239
65856
64349
64270
65443
65350
64276
65071
65195
67574
67749
65028
64237
64269
64341
64276
64517
64650
64099
64742
65435
65917
64237
64271
66846
66323
66499
64790
65401
64466
64222
64419
66358
65150
64542
64492
65935
64606
64351
64966
68354
65780
65896
65455
65073
65076
64611
64353
65771
64364
64752
64979
64079
64279
64248
66376
65355
68619
81371
116259
80324
67515
65286
65295
67445
67306
64615
66433
66118
70198
64856
64920
64470
65525
65038
65724
66617
66034
65694
64662
65355
65950
64605
65423
69751
67220
65551
64205
65377
64497
65450
64397
65558
65868
66035
65985
65606
65363
64662
65359
68925
66710
66609
65863
65066
65137
64190
64351
65311
66259
66302
67088
66645
67571
68056
70784
67449
66985
67856
66660
65646
64547
66123
65463
67223
65870
65701
66790
67332
67542
67099
65940
68525
68127
68820
67105
67131
66608
67051
66488
66937
67278
67109
66820
65981
71516
68384
67140
66260
66488
67294
66957
68096
67325
67975
67443
67139
67125
66122
66769
67282
68042
66412
65561
65935
67194
66210
67516
67176
67265
67300
66982
66003
64562
66919
65681
65861
66150
66746
64345
65762
64588
66656
66302
66041
67646
66736
66280
64915
67487
67924
66961
67573
66120
64549
64622
64273
65219
67470
67027
66846
65045
64558
65947
67155
69237
66993
64357
67847
66523
67776
66194
65022
64366
64173
66621
67714
65715
65374
67411
68737
67870
65459
65846
65628
64495
67097
66744
66770
65388
66941
67001
64626
66405
65654
68134
65991
65377
66037
67118
66453
66692
65942
64884
65640
65781
65734
67104
66321
66336
68675
67529
67853
65687
65076
66172
65126
64217
64846
65817
67713
66610
67872
66466
65822
68231
68627
66901
66070
65931
65050
64543
64827
65540
67056
66211
65551
66285
64658
65935
68212
66395
65347
65674
66892
64962
65916
65005
64606
65522
66306
66318
65941
65628
64683
66905
65927
65027
65672
66139
66904
64520
64531
64377
64376
64571
65873
65657
66341
65483
64311
68800
64574
65704
65128
66555
66217
64536
64635
65419
67214
64864
65092
67051
65978
65180
69347
66015
66295
68443
67145
66479
68154
66738
66593
64738
65117
65133
65278
67388
65652
67830
67255
65280
65838
64453
67000
66557
66421
65756
64300
64360
65589
64404
66057
66138
68610
66136
65511
65903
65788
68610
67134
66071
68157
67539
66212
65482
67198
65722
64740
68724
66095
65863
64251
64382
67323
68217
66126
66095
65450
64318
64892
64672
65956
67111
71103
67552
67622
64739
65568
65832
66990
66579
66569
66003
65502
65570
65961
65654
66461
69278
65453
65781
64320
64376
64286
64472
65543
66840
66929
65645
92189
109508
71816
69118
67346
66291
64221
64343
64420
64223
64516
65755
65596
65777
72879
97142
87782
70034
68314
66456
65007
64449
64288
64304
67111
66708
67672
67072
65459
67924
67077
66216
67072
68590
67280
68404
68011
67624
67524
67137
67535
66266
65433
64689
66193
65309
65585
66337
66972
66529
67260
65480
66532
64953
65004
65292
65531
66721
66236
65754
65017
64453
64648
66282
65708
65811
65703
66093
64604
64265
64637
68101
66464
67772
66697
66437
66511
66273
68359
67251
67344
66022
65758
64325
66121
64846
65497
66064
67496
67000
65051
64202
65925
67792
64720
65529
66173
66535
121958
79159
67872
66836
66153
64634
65709
64628
65267
67912
65991
66464
64742
64128
64647
66515
64363
116508
75873
68685
65628
64588
66690
68148
67891
66679
66148
64212
64243
64315
64615
66616
67905
67502
68091
66994
66645
67576
70084
65522
67441
66711
64983
65457
64715
65499
66806
66709
67824
66659
67018
66389
65730
67034
67749
66622
68229
66576
68415
69874
67178
67382
67441
66230
67413
66911
65541
65713
69143
67504
66372
64672
66078
66484
65486
66252
65601
64769
67389
68120
67752
66397
66467
127905
97767
67329
65725
65918
66859
66567
65518
66459
65719
65061
64476
64189
64336
67711
65827
65607
66349
101051
103261
68627
68666
67984
67485
67013
66759
66662
68331
69621
66355
68183
67807
67017
65958
66408
65678
66091
65674
64953
65653
67720
67388
68249
69707
68251
66665
66060
65216
78923
132949
70147
65350
65330
66404
64298
66326
64520
67437
65889
66176
66044
65431
65784
64771
65974
65373
64355
64321
65900
64916
64806
64861
67175
65226
65544
65068
65761
64676
64458
64113
64528
64899
64395
66085
67682
65987
66389
66221
66561
65560
64440
64388
64515
64302
64367
65836
64554
65832
64561
64598
67342
66034
64164
148931
75606
67850
65427
66043
64518
65056
65416
65707
69512
71728
69749
65174
79125
69134
69992
69027
67217
66323
65904
65884
65919
64971
65637
65182
66470
66924
66005
67588
65951
66854
65774
65565
71314
69229
67899
67212
67872
67576
69062
68306
68278
67963
77187
70719
68091
67981
68224
67990
69529
68644
68530
68756
67857
66684
65581
64246
66473
67174
67340
65655
66139
66191
65741
64862
71153
68857
67095
65958
65838
65665
68637
73963
67351
66121
66438
64302
65806
65251
64892
65668
65449
66085
67090
65285
65544
64590
67192
65665
65869
65705
66097
66323
66224
65987
68170
67361
67568
67516
66692
67245
64571
66872
67265
67199
66754
68131
67416
66050
65949
66857
64700
64417
66375
66055
66553
65909
65904
66457
64471
65560
64892
66074
67266
65955
65187
65361
64720
65813
66886
68942
68193
66501
69744
135140
71060
70876
69102
67125
66189
64778
64665
65631
64387
64097
67272
67744
66047
64813
65013
65428
64586
64830
67240
65920
66173
64537
65639
64840
64167
65492
65315
67665
64454
64131
65973
65361
66015
65556
64796
64429
64738
64845
65526
64852
65950
64254
67668
65015
64161
66604
65353
64205
64292
64822
65939
64513
64339
66246
65218
65739
64396
66939
65421
64840
74352
109346
68738
66271
64485
64976
65269
64900
64698
65584
67067
67047
69384
67095
66336
69765
69358
66575
71301
71139
68774
66324
67442
66553
65881
65748
67034
72045
65906
65614
65210
66199
68321
70461
68997
67566
69836
68757
67691
67939
65442
68891
66584
65241
65852
65622
66410
67898
67043
65911
65428
64918
66237
66993
66663
65571
68326
64667
70855
70648
70742
73043
70911
69414
70120
77594
70429
79820
71896
68680
71625
70767
68119
66768
65760
66598
66161
64217
68214
67364
68564
67575
67203
67622
66982
69098
66037
66037
67467
67573
67052
64842
64886
64765
66092
66080
65033
66447
66726
67721
69110
65555
67349
66051
65406
64247
64628
67830
66305
64520
66419
67938
65361
67493
68175
68732
67558
66564
64673
64703
66233
65848
65402
65666
67009
66672
66205
64106
64336
64431
65971
71024
67052
66883
67532
66661
67440
66856
65601
66660
66258
67424
66278
65799
65825
69322
64477
65829
67026
66577
67200
67623
67070
66917
65915
65494
66177
65865
66735
65280
68585
67637
67965
66495
66118
65995
65248
65192
64702
65089
65195
66005
66624
65122
67550
66571
67362
66015
64511
65695
64337
64558
67460
67062
67247
66452
66112
65947
65876
65664
65667
66526
66437
67301
66715
65067
65030
69219
67419
65325
68923
67617
68119
68282
66104
66689
72182
67496
66642
67785
67061
66951
67594
67562
69172
68504
68068
67893
67192
69828
70830
67003
67421
67409
66068
65369
64572
66956
66892
65464
65858
65905
66222
65117
66762
70168
67186
64839
65697
65788
64124
66444
65203
67310
120189
96609
68619
66857
66617
67648
65930
64467
64169
64322
64371
66791
65562
78271
103776
72505
68873
67601
67872
73478
68717
64470
65897
67939
65085
64671
64679
66643
65338
66096
66619
65006
65552
67463
68701
66067
66147
65513
65975
67138
67425
65207
66206
64697
65727
66098
69998
68340
67129
68298
66304
65027
64408
63949
65176
67225
65181
66566
68901
66473
64294
64955
64143
63907
64256
68424
66876
66176
66399
65548
66496
65971
65108
64030
64556
65688
66095
65574
64021
65298
67880
66296
64367
64895
66140
65622
64168
64201
66144
69806
68737
65393
64297
64473
65962
68324
65954
67376
67233
67401
66704
66925
67502
66705
64385
65960
67033
65340
67754
65154
69746
64619
64582
64654
64212
65958
66539
65671
66479
65142
65959
65707
66250
64554
65866
68499
65704
65097
64206
64750
66118
65848
64760
64872
65500
66193
65507
66002
64647
64155
64775
65772
64171
64231
65163
65265
65369
71204
67623
64070
64786
64324
68986
69696
67478
66573
68552
65194
64594
64415
67661
65870
65213
64282
66886
64500
64196
71341
66539
64445
71259
123766
71932
65159
65617
65096
70919
71859
69352
73290
65502
68877
65034
64284
65032
66010
64283
64168
63912
64109
64102
64036
64462
64427
64488
64287
64731
64279
64606
64559
66615
64379
64324
64009
64362
64024
64305
64024
64735
65079
64353
65949
64377
64114
64557
67064
65007
64325
64012
64216
64011
64219
64018
64395
64200
64873
64411
64066
64237
64282
65770
68010
64168
64382
63994
64113
64076
64057
64070
65217
64186
64303
64172
64201
64116
64325
65782
64612
64587
64335
64504
64284
64514
64675
64355
64253
64010
64237
64758
64139
64224
64273
66265
64131
64139
64206
64015
64341
64126
63972
64648
63884
64237
64444
64266
64154
63925
64858
65646
64118
63999
64037
64102
63956
64188
64545
64220
64062
64016
64391
64082
64441
64398
65977
64310
65550
68305
68152
72221
68255
68258
68338
67751
68036
67468
66365
66356
65946
67506
64626
64633
64285
64535
64345
64517
64128
64609
64190
64114
64302
64139
64062
64127
64081
66726
64076
64807
64307
64435
64538
64153
64706
64194
64036
64185
64627
64174
64007
64123
67412
64293
64268
63938
64125
64233
65517
64244
64237
64446
64210
64014
64280
63890
64143
63973
67177
64385
84655
108046
67537
64485
67489
70306
67481
69982
68581
65463
68824
71360
66681
65583
67298
64298
64179
64755
65653
65569
64071
64170
64081
64343
63963
64611
66744
67772
64440
64063
64060
64034
64097
64239
66080
65228
64491
64261
65121
64123
64300
64255
70543
66050
66001
64769
64459
65610
65826
65588
67618
66752
66735
66192
64483
65777
65135
66280
65587
65519
64523
64355
64653
66542
65223
64907
64457
64485
64721
64880
65678
65147
64703
66647
64119
68381
64381
64515
65846
64981
66148
65513
64644
65328
66490
65334
64973
65732
69196
65356
66133
65711
65019
64531
64726
65796
64165
64849
64254
67522
66931
65014
64061
67238
64651
65134
66314
64944
64658
64035
64193
65236
64671
64754
65523
65048
64500
65725
72810
67703
64528
64433
66009
65687
65426
65064
65001
64421
65732
65756
65973
65655
65117
65550
67068
64788
64297
64280
65345
64310
64193
66588
65910
64585
65075
65465
65904
65239
65900
67573
65465
64431
65437
64821
64055
64289
64697
131288
72278
66908
65210
65362
64924
65861
64979
64478
64699
65714
64280
64785
64231
64595
64582
65155
64768
64425
64098
64032
65235
66558
64037
64761
64377
64081
64027
64397
64404
64082
64259
64337
64163
64146
63992
64152
67137
64522
64755
64089
64337
63915
64109
64202
64297
64557
64424
64491
66078
64136
64503
64232
66375
64124
64171
64522
64412
64343
64068
64437
64207
64454
64343
64695
64222
64259
64057
65883
64645
64163
64647
64475
64066
104805
93893
68412
65397
64310
65019
64511
64339
64573
69504
65852
66984
66124
65507
65580
64497
64654
64370
64361
65042
67742
66949
66799
65381
67814
65701
65740
64636
64783
66075
66870
65761
65906
65471
66261
65375
64694
65793
65522
68482
65531
65528
64450
64576
63919
65025
64742
65757
65072
65424
64453
64774
65059
66712
68193
66106
65757
64657
64970
64407
64854
64033
70845
119240
70636
66585
66045
65379
64298
67853
64400
64037
64253
65277
64675
64416
64639
64581
64374
64335
64153
64097
64047
64033
66186
64139
64139
64121
64216
64466
64210
64357
66632
64427
64753
63973
64476
63970
64553
64546
66967
64306
64241
64062
64182
64420
64235
64250
64651
64585
64222
64371
64158
64122
64110
66387
64775
64161
64205
63947
64206
64501
64216
65430
64006
64416
64180
64807
64132
63886
64152
67318
66447
68317
69771
69130
67163
64320
65763
65660
64320
65786
65676
64752
64339
64239
67331
65899
65667
65016
65571
119611
102117
68770
66616
66469
67570
67402
66777
69351
67468
66034
64331
65954
66523
66186
64715
65455
65192
64139
65298
66925
67205
68119
69755
68349
67106
66473
66809
66696
67264
65729
66661
66658
65592
67450
67611
65347
66274
69638
66568
67270
68128
66245
67033
66512
66528
67657
66356
66448
66862
67288
67704
66918
69140
65675
66468
67515
64461
64921
66043
67665
66798
67090
67150
66292
65677
65234
64641
67703
65727
66219
66606
66611
65929
66482
66245
65876
65259
65406
64351
65669
66265
66541
66123
73131
66039
66484
67510
66846
67215
66905
66494
66627
66656
66635
66767
66113
65027
67701
70175
68268
66107
66572
67369
65951
66093
66451
66922
64989
72321
67585
68045
69282
70115
66297
66557
66650
64748
64705
67608
68145
67047
67088
67501
66584
66107
67329
68204
70597
66375
66689
67288
67345
66420
65224
65960
65321
68174
67053
67103
67720
66907
66451
68232
67208
67155
67088
67155
67628
66769
66623
66985
65497
67125
67166
65369
66372
65458
68578
67047
66014
66083
65323
66072
65331
64000
67509
66546
65854
66362
64203
65050
65557
67228
66337
65366
65954
66286
64590
64366
64170
65550
64642
65075
66320
66528
66643
66038
68888
66532
117454
88823
68422
68239
66678
64952
64998
64848
65580
65073
65427
66824
64740
69762
66451
65939
65185
65117
66594
66051
66223
65558
65717
65856
64887
64218
65125
64709
67480
64481
66070
65187
64973
64404
64240
64454
64964
64964
65719
65091
65843
64181
65903
68317
65241
65457
65365
65587
67110
64498
64475
65640
67611
64737
64708
64162
64218
65441
64963
67943
66021
64251
65658
65378
64193
64463
65626
64467
64648
64093
66067
64341
65864
64435
66996
64622
64613
64934
65195
64725
64417
64333
64230
64578
64179
64798
64811
64195
64415
64171
66914
64186
65902
64650
65680
66092
64740
66087
65059
64615
66221
65844
64446
64164
66023
68641
64417
66459
64395
64505
65039
64320
65626
65465
65057
65277
64932
64461
64485
65629
67747
66929
64736
64438
64183
65084
64586
65090
65349
64163
65202
65620
97328
131301
86964
76683
70346
69569
66170
66301
72026
70272
68844
68256
68357
69172
69180
67993
70547
66668
67550
66882
67655
67653
65384
66076
65731
65942
65271
64990
65861
66016
65449
66316
66730
65386
66412
66500
66301
65132
67811
64734
64236
65171
66306
67132
66239
69288
66265
68777
65346
65373
71608
69992
70712
68770
67320
67141
66027
65123
64345
64143
65266
66606
76208
69190
67821
67393
70049
67331
65327
65351
66282
67822
67304
66396
66810
67054
67208
71803
66467
67227
65013
66672
66653
67762
69874
67702
66777
65231
64228
65936
65847
65097
67770
65514
65147
65053
66905
66472
65168
65807
68301
67969
67995
66299
66509
64348
66192
70083
67316
66937
66620
66318
65609
65134
65934
67722
66154
66501
66054
65321
65353
67545
69929
68787
66883
67670
64902
64809
64490
67875
66246
66258
67926
65719
67318
65369
66400
67513
68491
67680
67199
67337
66670
65601
65432
66307
67361
66810
68243
67678
67500
68837
69701
68038
67367
66945
66167
64329
64403
64732
64729
65934
65388
68880
69461
68087
67548
69029
67407
67601
66928
64951
67399
65992
64370
66046
69212
67561
67323
67338
65840
67149
69481
64352
64216
64312
65621
65904
66501
66267
64365
65222
64505
65911
65710
65920
66806
68653
67409
65325
65171
65730
64573
65759
66422
66533
65860
64935
65016
65197
64066
65338
72694
68223
68418
66959
65089
64332
65718
64647
65245
66770
67904
67422
66757
65546
65127
68203
65133
64971
65778
66009
64445
64151
65418
65438
64593
67187
71456
72548
67031
65521
73582
71715
67701
70535
70434
67998
68141
67406
67401
68878
66764
65953
66348
66340
65257
68902
64745
64335
64710
67634
67868
65889
65232
66735
67074
67165
65932
65246
66106
64807
67685
65542
66885
66829
66266
64992
65573
65750
67513
65979
66192
66761
66309
65306
65319
66264
67195
66088
66131
67723
67599
68764
66328
67921
66373
66298
66970
66486
65043
64657
68628
65886
66263
67247
67712
65908
64461
65594
67429
67430
89866
117297
90794
71537
79911
70918
69752
70342
72290
69755
71037
69540
67204
70010
68818
68675
146630
108544
75731
82560
86887
69798
71842
74735
69717
69413
68183
73428
93869
70956
70476
68652
69091
66965
67159
68898
68278
66068
71057
67968
67056
67038
69141
67480
68724
68048
66976
64345
67973
67619
66915
68404
68275
67684
66490
67215
67348
67492
66105
69830
66917
67402
67188
67940
65353
67674
66930
68193
66043
66672
65992
75426
78543
100473
107865
97217
79537
77169
69233
70170
70200
72009
81728
92257
78517
82135
85995
80836
90925
80985
84080
82429
68816
69873
76216
74474
72014
74819
68120
67662
67439
66679
65914
72229
72544
70732
68779
67791
67328
67922
71661
72777
68529
70401
69610
66139
66137
69696
67856
65868
67497
66000
67265
66529
64301
65575
64891
65775
75656
66545
75317
71636
70507
71813
68345
83210
80915
76889
76454
74286
73418
73666
71806
68451
71207
70118
76076
72009
70936
84238
200611
103950
107116
95117
91286
78663
87205
81729
70722
69076
71082
76012
72709
71170
71922
69860
69068
69444
68433
71628
72759
67503
73925
78594
75132
71180
71405
80320
74635
155013
74664
73931
79436
75191
93574
90869
76402
100292
93107
77722
75907
74297
83990
69794
72661
71570
98022
84315
77767
71345
76300
72449
73354
85944
71460
69051
68956
69569
67331
66155
67500
67485
76659
68755
67423
67801
65745
65551
71004
68553
67071
68401
66691
73964
74092
73049
69062
70798
66672
69187
69043
70833
84353
71847
70725
70817
71224
70687
67442
67491
67441
70057
66159
68237
66674
67626
68468
70741
69290
71754
66166
66278
64461
66893
67871
67236
68806
68506
70085
67012
69309
71056
68428
67530
67843
68303
67108
68511
68474
67552
67317
67232
67780
67819
66564
65962
67599
76080
72574
73009
66142
65251
66958
64939
67106
70617
70614
68535
67221
65011
68281
77861
70185
66313
67551
70438
70508
71804
66640
66775
73553
70729
68658
67455
66095
68490
66855
70965
68568
67582
66394
66033
65926
65463
65640
64983
65123
65810
66525
66775
68789
71601
66146
64574
64481
64601
67667
69176
68293
67020
64974
66555
68776
70804
69625
67360
66676
67119
67953
69888
70752
68956
69602
67703
71397
71707
70292
68194
67539
67740
70855
66270
65806
67187
72448
67858
66163
65854
72916
69026
67827
66822
70779
68892
67257
68511
67484
69498
66225
67250
65923
66142
66197
66954
66097
65892
65748
68012
71207
68659
69182
66186
64417
67192
68788
69425
67311
67787
66876
65100
65919
65550
64080
65959
66268
69478
66054
65936
64618
65359
65270
64702
65783
69970
67540
67058
65146
65723
66989
64787
66443
66780
67102
66833
77545
66037
66263
65978
66119
65729
64138
64563
64619
65777
66725
68194
66469
66196
64969
66175
64113
67764
66283
64877
65300
64747
64553
64321
64271
65045
67892
65263
64677
64353
70187
67045
66986
67057
66065
66231
65057
66890
64824
67706
65689
69827
65574
65592
64215
64335
65911
65542
67134
67301
65921
64249
64317
64471
65018
65641
66557
74446
70625
68390
67217
65279
70041
68394
67483
68355
68660
72001
69525
66543
66460
66683
67587
67119
66015
65394
65643
64801
65938
64687
66607
69353
66074
64247
65374
64389
67650
67634
67767
66728
65639
64392
66597
66134
67593
64850
65882
66856
66517
65392
67305
68434
65160
67108
81332
70481
69004
68405
68087
66745
66382
64230
66617
68784
68144
68031
68064
70350
67588
69545
70563
68335
68074
70941
69702
69912
69490
67509
65240
64244
67618
74976
67947
67328
67979
69466
68800
69872
70012
67574
66036
66163
65575
64411
64757
70426
71258
68917
69407
69836
69335
68751
67280
67057
66109
66897
64273
65150
66038
66351
72233
67893
67124
66399
64188
65841
67425
65958
66810
67872
68442
66936
65847
64225
64361
64477
67901
66024
68906
67403
66223
64887
65824
67484
67536
65770
66319
66736
67230
65581
68335
70896
64678
65686
67635
67666
67660
69106
67817
66824
64880
69107
68175
65762
64893
65636
71110
65795
64454
64273
64288
66649
65726
65722
66162
66354
65152
64234
64338
65487
65349
69203
67087
67198
65401
64153
64586
64830
65078
66964
67219
66500
67108
67718
66717
65423
66550
66894
67394
65421
65115
67181
68535
66898
66124
65974
67154
65652
64364
66413
65660
67292
67226
64475
66019
64881
65298
64895
64506
65698
66104
65312
64921
65202
64427
65930
64886
66911
66813
66619
65313
64316
65045
65485
65085
67073
66949
66836
64547
65545
65077
64222
68431
66747
67954
67171
67683
65854
64734
65870
70488
67554
66631
66146
64527
65334
66140
72280
67323
66747
67102
67820
66167
64677
64512
64979
65709
66012
66017
66464
66541
65699
68053
66549
65697
65265
66092
66279
66254
64297
64178
64220
65915
64507
66700
66109
65952
66173
70731
65475
64984
66737
67761
66936
65307
64343
64022
64460
64208
64166
65311
68865
69169
68186
65909
64385
64283
65721
64667
65989
66850
64226
64570
64313
64171
64377
64491
66350
70732
66124
65380
64181
65214
65337
64934
66716
65590
64911
64331
64267
64620
66459
66875
66893
69238
67823
65632
67394
68362
67043
66171
67157
66135
66456
65046
65274
64216
64362
68147
67454
67781
66574
65414
69169
68748
68468
67381
65128
68842
69950
68137
66301
66114
67992
67859
67643
67556
67682
64915
64778
66071
65654
64810
66372
66094
66801
66216
64772
67256
66572
65926
66420
65860
66422
67512
64888
64481
64154
64452
64927
66448
67640
64783
65757
66339
66473
66350
65716
67113
67155
65736
66106
64892
66068
65950
64464
67425
67130
65389
66842
64471
65796
64441
65206
66919
66499
66803
66568
67268
66330
64889
65910
66814
66769
68700
64222
64540
65313
65364
66561
65671
65776
66376
64178
64313
64043
64405
64299
65446
68765
66961
65231
64835
66400
65398
64886
65277
66819
66775
65908
64353
64847
64480
64500
67176
68060
67082
64464
65153
66218
64977
64514
64968
65727
130485
77573
67761
69472
74269
68409
68910
72214
68660
86950
69582
65320
67120
67862
67657
69209
73575
71864
74469
73331
68038
67291
64715
65336
65849
64690
64468
64208
64392
64974
65158
65602
66211
66123
66485
65186
65681
64851
65863
65068
65243
64363
63983
65009
64105
64294
64850
64156
64514
68493
65888
65131
64830
66618
66052
64962
64330
65329
64906
64211
64315
65465
65183
65768
68312
64585
65442
65770
110666
75763
67969
67621
66344
65718
64902
64521
65651
73159
74430
70242
68047
67226
66805
65883
64664
66129
66499
67229
71509
77991
72794
71300
70444
72941
76802
69303
65507
67437
68741
68038
68749
65070
81664
71056
76477
69533
69757
68058
66950
64285
66565
70619
67547
64776
65746
69700
66576
69372
67647
68516
68342
67645
66639
70780
68536
66642
66770
69088
69256
66686
64276
65021
67403
64392
64950
67184
70416
70198
68454
66949
66955
65069
64913
68548
66907
68355
66713
67117
64617
65240
67182
65684
72748
70877
68191
67743
66515
65476
64675
65763
64526
66938
66046
66045
65479
65436
65858
65523
65835
64839
65951
67140
67249
65227
64593
65415
66363
65316
66239
66587
65182
64595
65924
67157
64373
64468
66480
67099
66643
64879
65942
65005
65298
66911
68463
66473
65241
65250
68894
66000
64587
64621
67220
66270
64726
64809
64180
64348
64208
66530
67051
66174
66214
69391
65513
64326
65763
65479
66404
67621
66947
64574
65608
64573
64268
64218
64188
66815
68766
65952
67288
66106
67707
67341
65835
66937
66832
65532
66656
66494
68039
66985
66936
67036
67741
66127
66200
65264
67623
66901
68003
67781
66001
66365
64645
66792
68253
66749
67524
69896
64957
64377
66729
68079
67182
67016
66509
64924
65717
65749
65368
65864
66546
66670
68124
65937
64939
67372
67954
67647
64848
65480
66272
66620
64419
64427
66039
66912
66468
68429
65639
64703
65292
66648
66895
66810
66696
64782
64340
64767
65325
65920
67130
66438
71895
67779
66133
67830
65543
66012
65994
66141
65298
68755
68011
68467
66328
65939
64866
69965
66610
67171
67772
68052
67654
68271
67019
65247
66106
65760
66095
66830
66982
66359
68509
66409
65342
66326
68109
69830
67834
65929
66713
66180
67132
65384
65200
65341
66587
69186
66853
64988
68237
68476
66965
71102
69692
67006
68661
71911
67640
66751
71748
73030
70364
70281
69708
70351
69689
65395
64343
65807
66993
70613
66349
67362
68237
66553
67810
66620
69540
69016
66923
65902
66069
65347
65704
65459
66026
66593
67342
66228
66721
66218
69507
67749
66862
68948
65259
65150
65620
69227
70418
68661
68948
69124
68395
65172
67136
64675
65349
65537
66374
66524
65627
67012
64170
64729
64534
64110
64234
66384
65907
64584
66023
64123
64161
64619
64157
64165
70497
70314
68737
67578
63961
64411
64066
64257
66931
75804
67604
64431
64574
65694
66614
67659
67647
68889
65385
63962
64147
64242
64647
64181
68412
65951
65042
64199
70063
69652
69984
67826
71058
69434
66085
64885
64098
65252
65002
66401
65074
65686
64847
64745
64035
64071
64503
64349
64695
65498
65465
64529
64293
64166
65914
64129
64512
66727
70831
65111
64401
64239
64163
64836
64907
65178
69126
65391
65681
69049
65130
64179
64563
67032
65899
64565
64909
65629
64792
64225
64288
64105
66983
68468
66428
66973
65480
65459
65296
64940
64300
64153
64300
64716
65099
66171
64647
66707
65499
66738
71686
67869
65806
64725
65413
64927
65068
65457
65510
65457
64510
67237
64537
64701
66284
68595
65787
64544
64698
65748
65117
65043
64616
66107
66717
64955
64536
64528
64140
64573
66623
65162
65648
65634
64966
64966
64135
63985
67163
71965
70160
70485
69345
66704
69596
71630
68276
65645
65541
69134
65397
67382
67975
64892
64173
69185
68988
69749
64006
64410
66418
64322
64953
65633
66071
65319
64523
64527
65768
64347
64217
64582
66094
65369
64879
64104
67952
64210
64962
64846
64789
65414
64592
64147
64194
63914
64380
64019
66121
65336
65111
66142
64244
64267
64298
67887
66054
65802
65636
67232
64130
64304
69849
69399
64806
65613
67313
64563
64208
64217
64316
71210
69974
67732
65049
64690
64545
64183
64042
64966
65244
67304
64335
64205
64226
64222
64089
64675
65797
65339
64022
64125
64282
64418
64461
64441
66112
67346
64357
64224
64070
64544
63934
64388
65092
65337
64984
63950
64304
63920
64285
64285
66683
65879
65110
64263
64691
63994
64170
67735
69602
67566
65012
64137
65009
64352
64438
64588
65961
65215
65203
64822
63971
64228
63961
64174
64154
65428
65599
64756
64224
64515
64112
67885
64067
65193
65355
65065
64134
65808
71347
66430
67854
71231
69001
65072
71673
67396
67364
66648
65608
65277
68267
67832
66635
66753
66231
65982
65489
64999
65249
69932
70766
68480
64649
67782
65052
64761
70459
70801
69314
69685
67167
65297
64618
69330
70752
67536
66410
64259
65166
66121
64815
64360
64163
64052
66755
68269
64240
65154
65683
64419
64653
67635
64300
64126
64125
64609
64427
65297
65215
64440
65133
64206
64169
65115
64810
64771
67267
65871
64166
67307
69711
64169
64502
64671
70409
65207
64275
64220
63925
64293
65070
65083
66879
65536
64818
64596
64046
64219
63981
64144
64792
65537
65573
64153
66961
64913
66046
69262
64361
65425
67231
65721
64649
64232
64193
63948
64006
66283
66006
65510
64412
64670
66406
64120
64214
64947
65852
66075
64225
64434
64223
64587
64572
64392
65742
66451
65041
64363
66207
64096
64684
70230
66716
65264
65797
64130
64199
67188
65920
69733
67747
67727
65947
66750
65414
64276
67312
67655
68994
65923
65410
65259
65003
64336
65740
64213
65017
66730
69767
69671
69079
70348
67417
65460
68474
69094
65270
65458
65220
64069
64127
64447
64505
67685
65411
65014
63975
64813
65232
66370
65991
65326
65540
72713
64977
64155
64051
64724
66279
64767
64274
70027
68167
68163
66215
67753
66946
67537
66679
64859
66165
65787
65919
69087
64782
64613
65638
65534
65778
64581
65493
64946
66405
64754
66492
66877
64896
64760
68056
65700
71090
67066
65540
71064
67714
66133
66232
65694
66206
65418
64803
66152
65456
71543
66031
66675
66364
66680
66872
64705
64534
64971
64235
66248
64408
64368
64734
64174
66122
66604
71210
66148
65203
65945
67913
67066
65106
64002
64136
65861
65708
65008
64431
65635
64807
64148
64419
64896
67516
66367
64569
64584
64406
64638
64034
64225
66451
65277
64987
66834
64195
64242
64067
64472
65036
65625
64949
64159
64157
64029
66992
66216
65194
66295
66600
66011
65665
65928
65190
64496
65102
68629
67909
67770
68120
65786
65837
65526
64899
72666
69279
65881
68791
67475
64863
66053
66934
69681
70543
64426
64882
65442
64386
66691
68236
64272
65666
64852
70141
69542
69935
66985
64028
67612
68841
64434
64564
64352
65223
69455
70855
66860
65632
65122
64604
64554
67039
65583
66632
66894
68397
64496
69823
65798
67921
66222
65205
64270
64400
70394
66263
64067
65054
65168
64829
64261
64352
64062
64075
68225
65352
64939
65422
64634
64240
64071
64187
64118
64215
66482
69206
69921
76384
69226
69246
67838
66191
65458
65143
64647
65993
66531
66785
64587
65687
65326
65298
66374
68735
69085
68536
66402
66432
65271
65250
64364
65328
66472
67004
64689
64507
64075
64412
64802
65970
69375
66526
65911
64771
65625
64350
65373
67497
126263
70225
69696
69149
67767
65560
69168
65761
64591
64963
66485
69624
69305
67746
65724
64607
80400
116757
69162
68601
70667
66208
65090
65708
64594
66123
66022
66532
65250
64860
66911
65911
65288
64983
66727
68679
65887
64482
65694
66315
64787
64971
66764
66726
65163
64320
65076
65187
68385
66190
69521
66453
66618
65824
66164
65556
64389
64642
66346
67264
67467
66264
65347
65560
66025
66209
67062
66281
66874
64926
64241
64643
64007
65914
65432
66174
67262
65947
65829
65372
69419
65870
66107
65902
67139
64971
65533
66174
66272
64843
65369
66677
66388
67353
67146
68623
69231
66863
66023
66996
66976
65454
64461
66883
66681
64243
66523
67605
65453
65884
64370
69663
66905
65809
65938
67490
67210
67659
67798
67969
67623
67815
68253
67962
68183
68752
68102
66034
66420
65549
65019
64121
66101
68270
68084
66709
65602
67275
66905
67440
69133
68155
66446
66808
67278
66491
64726
66560
66734
66781
67132
67748
65440
66584
67919
69077
65954
65194
68537
67963
67276
67111
67785
67362
65271
65622
66134
67165
68466
66698
67205
68211
67360
67133
67475
66640
65472
66839
68148
67174
68060
67740
67852
68186
67957
69721
66538
67278
66385
66153
67903
66678
65204
67656
66231
68703
66477
66691
65472
65829
71112
66935
67295
66246
65344
65343
67029
67145
66553
64301
66136
67434
65277
64334
65604
67003
64317
64542
64961
66755
66837
67915
65341
65438
65212
65949
64996
68375
68663
67206
68435
64792
65767
66887
66211
66042
66624
66343
66097
65235
65289
65755
65077
64729
66431
70154
66440
64404
65018
66282
64945
64254
66032
66087
66857
65245
64811
66369
65286
65428
68538
66808
67722
66097
64986
66358
67325
67039
64931
65247
67142
65547
67243
66364
66709
69894
71000
67033
66489
67813
66743
67737
67547
68094
66268
65599
64530
64945
66819
64725
67257
67830
66474
65598
70176
67652
66981
67889
67196
65490
67824
67269
66383
65480
65983
65949
64548
65697
68722
72217
70425
68963
69408
68938
67585
66328
66869
67602
67305
66638
71609
67183
64647
65000
65339
65241
64724
64624
66580
66278
66031
65851
66197
64584
65970
67720
65967
68301
66761
68493
67056
65840
64475
65829
64275
66169
64277
66290
66929
66629
67351
65549
64342
64331
65303
66427
65930
66876
69687
67295
66216
64626
68040
66326
66310
70100
65570
66476
68951
67458
64853
65078
66324
68532
67658
66633
64599
64706
66076
66647
68195
67813
67195
67030
66289
65163
64440
67150
65864
65419
65506
64626
65744
65881
64282
65911
69067
66596
65229
66571
65547
64569
66425
67189
67040
65258
67887
67057
68302
66264
67138
69495
68394
67600
65696
64189
67773
66344
66811
65511
65204
66074
64324
65865
64439
68599
75022
68800
69025
69232
68937
68900
69738
69561
68705
68107
66436
66987
65981
66957
69043
66047
68010
67078
67511
67921
67295
66557
66858
66937
66480
68237
67406
66093
66492
68816
67068
67617
67903
66398
66281
66288
67038
66616
67526
68182
67256
67637
66971
67783
69564
66511
67491
67013
67576
66109
64873
68209
65527
66822
67192
66414
67347
66192
67151
68155
66832
68517
67434
67752
68471
68094
66633
66476
67468
68297
66104
65049
64161
65744
66971
65890
66576
66815
67285
65978
66271
65327
64532
65717
65812
68106
67581
66458
66009
70490
66251
66846
67215
66846
66488
66632
66379
65114
67986
65836
65404
65908
64997
65579
68926
68171
66623
65682
65676
65887
64417
64281
65370
67371
66266
67157
67454
66402
67780
71359
67998
66559
67720
67521
66250
64769
66209
67308
66212
67299
68300
64640
65881
66025
67295
64682
64607
65852
66864
65737
66150
68376
66993
66083
66092
66432
65189
65870
67109
69776
66392
67005
67866
66772
67738
66644
64978
65745
65384
68941
67543
65962
65555
66066
69371
67277
67534
67103
66686
64606
65683
65833
67515
68554
67771
66681
65571
66174
66153
68445
65987
66150
66134
70559
68194
68051
67700
64460
65831
66011
66526
64785
64257
67305
69540
64636
65407
66609
67558
66514
64344
67129
64347
65243
65146
66743
67821
66374
65396
68180
64122
64474
65874
66656
67337
65967
64390
64301
64164
65416
65071
66390
67230
65744
73211
66015
65658
65154
65198
65532
64920
65779
64721
66448
66847
66033
66357
64503
64389
67615
66481
66629
67335
66055
65598
64123
64626
64496
64136
66895
66812
65514
64606
64421
65946
66766
65598
65093
66656
67145
66475
64220
64455
64482
66226
66542
67041
66035
66105
67439
68840
66248
66563
66634
65888
64685
65483
65224
64078
66285
66176
66474
66697
65375
66727
68249
65709
64743
64268
66158
66022
65072
67462
66549
65402
66411
66538
65646
64200
64994
70602
66410
65143
65526
66366
64560
64279
64510
67324
66705
66070
64378
65704
64785
65585
67024
65727
66050
65998
66221
64759
65598
64324
64089
65085
66498
66927
65837
64118
65028
67980
66913
65101
67645
69294
66442
64111
65580
64557
64276
65030
65767
65942
65373
64347
65994
69774
64848
64702
65365
67336
66301
66088
64341
64177
66139
67119
68268
65953
65636
65762
67700
67990
65779
65371
66484
65036
65765
64996
66088
67788
65812
65096
64272
65147
65503
66580
66503
66262
66186
66039
64488
64411
64282
66595
66572
65973
66292
64459
64287
64441
65863
66179
65770
65932
66411
64243
65812
64404
64882
65480
64335
66722
65589
65726
65208
67861
65936
64960
66316
67154
66018
67490
65636
65207
66000
64719
64429
64940
66352
66709
66473
69556
67237
65687
65522
64785
66254
64251
64786
66705
68420
68923
67461
66459
65425
71517
72684
69702
70315
72812
84051
78703
74187
71589
71126
67702
70961
66567
67332
74901
70674
71681
71488
70332
67732
69329
77039
72817
76064
71910
67635
65257
68228
73942
67647
67756
71945
74905
69849
67765
77358
79512
68490
69008
69398
70587
70036
71308
69394
65899
65638
65235
64680
67411
70431
66836
64314
64688
65453
64720
65720
66592
66088
70971
67345
69975
65112
66074
65831
66702
67443
67460
65374
66597
69331
66929
65715
64951
69307
68079
66301
65536
64834
68827
65567
67989
66055
66117
70846
66226
66394
64549
65027
66735
65992
65935
70597
69602
66355
67693
70088
66152
64078
66216
66645
65676
67542
65785
65405
64904
64864
67971
66834
67449
66230
65146
64717
64603
65724
65347
65901
66387
65584
70915
66444
65627
66336
67308
69224
67282
66176
66830
65823
67261
67291
65793
67885
70571
67148
64870
65063
65831
65867
66461
65971
65152
64418
65021
65433
64407
65234
66335
66151
72037
66784
66327
65867
65611
66619
66534
66844
70962
67416
64970
65466
64357
65565
68506
68255
69134
67794
64892
64502
64252
65393
66002
69644
66993
64839
64375
64219
64244
64550
67118
66862
67117
67056
66041
65216
65338
65150
65071
66104
66711
67235
66685
65871
65835
69371
66846
64486
66661
66466
67446
64249
66549
65017
65239
64266
65646
66524
66565
65548
66888
64250
66083
65154
67241
68019
67082
65429
64222
65410
68015
66875
67293
67862
67494
69735
68747
67235
66684
67714
67273
68610
70864
67935
68200
68544
70976
69829
69278
72243
69862
68593
69498
70217
67898
68299
68105
68007
68530
69198
68910
67647
67345
66488
67300
65633
64435
64358
73248
65838
66519
72430
72691
72657
70495
68895
70114
68148
67626
69955
67713
67066
66118
67305
66355
64725
66748
68953
69130
67633
66044
65439
66325
65200
67582
66645
66949
68206
67956
67587
66563
66514
67300
66921
65147
64260
65566
66305
66117
67348
64299
69442
68421
67353
66586
66269
65497
64513
66110
66103
65392
66559
66364
65725
67996
66326
64917
64418
65945
64439
66376
67149
64922
65864
64598
64250
64383
64109
66412
69613
67830
67980
66467
66336
65721
67025
65977
65693
66451
65795
67466
66913
67038
67123
71739
67180
64931
64611
64390
65906
65930
64625
65918
66576
66917
64481
66056
64360
64395
67384
67480
67630
73130
67235
67000
68010
66059
67110
65949
67072
68112
66158
66067
67303
66658
67151
66259
65803
65887
66647
67297
66364
69289
67217
70056
68507
70349
71751
70976
70850
66904
70095
70469
67722
67199
66174
67620
67248
66103
66080
66602
66800
64324
65594
66982
69617
70247
68112
67392
66833
65832
64850
64190
64338
72912
68581
69039
70324
71615
68665
69002
67481
67644
64320
67526
73120
67465
71569
69649
71686
69745
69274
69600
78138
70600
68706
72311
68864
67718
68271
70224
68222
68413
69766
70353
68936
66297
70393
67072
69425
68408
67394
66956
65807
64645
66037
65510
65665
64676
65823
64653
66797
68747
64438
65505
65016
64412
65048
65658
69454
67750
66881
67145
66787
66680
65082
64254
68106
66236
69191
71595
66925
65087
69920
66485
68570
68767
67991
68329
70612
65915
65022
67738
67143
67255
67309
67462
66775
71196
68196
66044
66274
64436
65827
64601
67336
69425
68646
67985
68608
67471
65643
65094
67100
66310
65662
66395
64910
66314
65917
66878
66502
67844
65858
66669
66090
66028
64935
67972
66547
65304
66248
66992
66585
68028
67265
67437
68510
68033
66950
65700
68099
67724
65092
66128
65032
66486
65322
65652
69290
69183
66557
68040
64515
67403
69801
68763
70037
68670
65689
64692
64353
65447
64833
65109
67467
69556
72032
69174
68444
78214
68116
66197
79023
72195
68201
68284
64904
67917
67652
69794
78223
67852
67973
66390
64382
64607
66562
65917
65252
67469
69361
67144
64525
65852
66580
74471
66196
66761
67286
66348
67296
66992
67405
70197
69113
65964
65974
65552
69522
73706
71501
67392
67806
68752
67099
67012
72735
68155
66816
66091
70443
69615
67695
64943
68425
67794
66371
66169
66310
64583
65692
64420
65614
66875
66887
64650
69121
70200
68665
74090
68595
71740
75506
73505
74541
73161
69630
69021
87351
75335
69184
67148
70474
79241
69189
70662
70238
66144
70541
74398
71504
68427
69116
68761
66951
66317
66253
73296
67179
65838
65476
64507
64404
64656
74412
67681
76960
67456
64809
64390
64353
65865
69226
68043
91173
72766
69244
67105
65621
65689
64551
64445
66492
73329
89019
68676
70713
78952
69431
71511
67333
69949
70779
66704
67898
67719
70710
67219
67887
68630
72444
68148
68733
68470
66415
69670
68074
70432
68817
67237
66501
67741
68492
65353
67563
74680
69346
68638
66826
66465
64295
64612
65044
65210
66708
67420
69289
70027
69394
69741
77741
68021
67527
66438
67461
66938
64470
64676
64841
65480
65070
66416
65548
66476
67527
68546
67009
67703
70916
69713
68051
66968
65523
66116
64813
65683
65531
65472
65807
66829
66916
64412
65700
64851
64546
66335
66622
67404
64797
64122
64699
64561
65719
64339
65463
68760
67190
65713
64331
64553
65837
64841
64394
65958
65377
65927
67408
70151
69605
66781
67225
66718
67465
66384
65768
64437
68639
71278
68724
65537
67108
67175
65266
65549
65725
68428
65737
65917
69786
71270
68213
68895
66410
66146
66101
69111
69528
69339
69625
69050
72319
67806
66104
68714
69110
68358
65109
65234
66175
64983
67439
67271
66306
65277
65351
67885
66671
67926
65760
65732
66267
70516
69597
73688
68999
69833
72270
69402
69171
71214
69735
71303
70101
68182
64921
66918
65601
68424
67478
67533
69142
67226
70192
71680
77915
67745
66547
73635
68132
65376
69088
69560
68654
68088
70809
69478
69062
67480
71484
68981
67229
65877
66649
69358
72123
69635
69292
66890
69019
70847
66644
68327
70496
71080
69273
66875
67206
72441
67602
66434
66236
65408
64336
64649
66990
66036
66188
68342
70219
71398
71734
68851
67405
67631
66502
65994
65132
68719
66456
65505
66672
65497
80101
70082
66197
64430
64638
64239
70781
69422
66593
67956
65034
67004
73135
68048
68871
73482
68836
66616
69777
67977
66993
68356
68775
73333
72265
68960
67064
72525
69741
67733
65924
67225
64756
67050
67256
66123
67695
67394
76854
67768
67828
67841
72700
66780
68267
69498
67829
65017
66005
66414
67627
64785
66607
65333
65104
64083
67070
68224
69460
68624
64592
64551
67245
70010
66654
66114
66222
65722
66186
65842
65104
76000
74238
76490
69105
70131
70767
70970
69713
70014
71772
71053
68970
64759
70260
68474
67042
66316
69999
70442
69373
67191
66630
66898
70086
68263
67634
69159
71346
68241
67131
67548
70784
69839
67355
67851
71150
70284
68460
67208
67689
66735
66567
69598
68444
66164
65264
69234
67721
66921
66505
66086
64765
65808
64335
64318
65450
66433
66669
64588
64313
65441
68685
66092
65493
66592
67184
65121
65879
64233
66427
65313
65627
67708
67355
66362
65871
65761
64805
68351
68161
65709
67939
65591
64160
64503
64227
67649
66147
64659
65669
65211
72029
65110
64379
66234
69206
64434
65047
65481
65105
64366
63984
64194
64131
64011
64231
67892
75534
68381
65505
69474
69430
69274
67246
64643
65242
65081
64148
64106
67233
69032
67343
70502
66197
65426
65129
64868
65103
64847
65787
65617
65372
65171
65445
63927
64602
64316
67231
65786
70922
71011
70914
69358
64560
64025
64349
64523
65335
66032
64251
64145
64368
66463
64361
64777
66013
65161
64271
64541
63933
64141
64133
64932
65700
65521
64885
68181
68892
66060
63954
64924
64790
65221
65571
64418
64058
64232
63938
64046
63964
69620
68913
72710
69510
66109
64636
64468
63912
65931
65304
64511
64171
63890
64166
64049
64040
64785
65942
69562
68231
69126
64888
64922
64541
64937
70496
67537
65314
64656
67953
65025
64521
64972
67275
66163
64658
64380
65924
72522
73209
70234
72361
76843
70396
65720
64744
72767
70583
66044
65974
65207
64628
64187
64460
64635
64540
65188
65135
64671
64101
63996
64117
64338
66599
65674
66307
64666
64198
64386
65321
65981
66594
70386
69222
67805
64560
64727
71984
67773
64408
65515
65361
65604
64379
65312
65323
65143
65435
70300
65531
64742
64130
65152
67594
65326
64396
64545
64770
63963
64474
65813
65989
65130
64119
64110
64024
64081
64984
67630
65812
65988
64972
71045
74858
73037
75891
73332
74831
75151
73707
72718
70183
70995
67782
66665
69934
82310
72740
66144
66266
64407
68468
68843
68644
68366
67135
64963
75395
67830
66134
66535
66096
71906
72247
64914
71767
77191
66882
64979
64244
64587
64406
69988
67989
76666
76311
73812
70712
66476
64917
64095
68406
68101
66239
65183
67375
80375
67517
66985
65597
64417
64893
65592
69333
73973
74285
72238
75498
71552
65995
83266
74355
68374
72107
66981
66152
64805
66025
67203
68065
74327
70561
72067
71417
79216
69396
66198
67565
69138
69570
64892
65470
64403
64457
64554
65371
64695
63964
64173
65731
64768
64238
64266
65458
66433
64845
65006
64033
64142
64437
64128
64072
71786
65045
64566
72320
67693
67990
70548
82658
95268
71673
73036
80945
70204
68858
75190
72270
82257
73805
79610
71126
68284
66000
65303
67357
67020
64281
64917
66288
65407
65108
65765
68672
72226
73857
72741
73507
72727
69389
72461
72586
72418
71228
69394
65884
65332
67374
64191
64374
65473
64899
64817
65280
64637
64867
64901
64890
68036
68350
69386
70217
71114
64616
65241
65441
65425
65422
65138
64918
64399
64802
64757
64336
64244
64247
64298
67510
65760
64185
64240
64665
64576
64321
64491
63991
64254
64051
64079
64282
66685
64435
64026
68092
64733
69238
66669
64567
64543
65182
65316
64267
63903
66243
70721
67967
65269
66141
71896
69807
70573
64738
64768
64829
65147
69796
70378
69280
70052
71660
67465
66103
67676
67457
64617
65460
67017
64429
71951
68270
68801
69860
69779
68771
69081
70213
67528
69837
67621
64491
66782
64743
65739
65368
64126
64224
64261
65172
64209
64246
64203
64090
64278
66388
66103
67418
67946
68149
71410
69897
67206
67654
64722
64315
64098
64151
64173
64005
68037
64016
64122
64290
64961
64360
64225
64259
64155
64038
64755
64634
64592
64318
64567
66409
64510
64576
64404
65568
64280
65557
65506
64530
64498
64889
66380
64882
64120
67376
68681
66750
64371
65394
65883
66423
65157
64284
70456
68455
67256
63959
64188
65724
65520
67161
67183
65220
66825
66826
64524
64418
66052
69152
64903
64519
64310
65754
64515
64162
64213
65741
65300
65034
64922
66152
64094
69195
70744
68967
68837
67955
66300
66942
69245
68225
69853
64544
64410
63979
65102
67670
66152
64357
65757
67777
67023
66732
64596
65276
70209
70955
65522
64729
64155
64654
67042
70096
66527
64059
64572
67687
69094
72439
70813
71064
72998
68480
65308
65828
64252
81865
66910
67783
67149
67712
68480
64455
64264
64184
66025
65036
64214
64263
64189
64025
65131
64005
64511
64239
64181
64031
64857
65661
64198
64127
66679
64448
64290
63920
64292
64072
64195
64080
64207
64360
64001
64446
64203
64192
66133
67956
64094
64818
65769
65070
64188
64842
64181
63928
64512
64324
64074
64282
64162
64090
63952
66551
64878
64890
64446
64255
64104
64476
64021
64464
64033
64750
64603
64499
64264
64383
66403
64303
64103
64350
65359
64094
64295
64216
64024
64280
64372
63945
64191
63961
64134
64184
65862
64269
64092
64092
64243
64010
65065
64132
64547
65154
64880
68382
69507
73813
65956
68242
65327
65711
65831
64827
64136
66051
64875
64420
64844
66066
64420
64241
64425
64241
65546
65886
63963
66222
64977
65606
64496
64025
64379
64622
64994
65370
66157
66170
64678
65374
67740
64135
65121
65696
67464
65391
65659
64514
64301
64579
65158
65048
64301
64133
64473
67688
64852
65410
65178
66603
64709
65683
64678
64182
64300
65055
65306
65844
64054
64287
67855
64994
64452
64119
64861
64214
64549
64294
63993
64445
64129
64422
67412
65564
67152
64240
68874
65568
66272
65086
66272
66034
65023
63997
65867
64285
64562
64911
65268
65844
64590
65930
65232
64636
65606
64560
64183
66679
65092
64310
64281
64272
64567
64363
64331
64009
64697
66587
64148
65387
65251
66104
65695
65422
64377
64048
64561
64983
65559
65133
64675
64351
68185
67011
64438
64097
66422
64568
66084
65342
64054
65692
64525
64510
65085
64884
64455
65740
65536
65625
66570
65510
64328
65772
65599
65003
64469
65325
65284
64536
65696
65145
66260
66452
64841
64353
64822
64023
65100
65609
64079
64403
64045
65880
65289
65111
70304
65386
66543
64335
64376
64488
64382
64396
66502
65393
64405
64059
64518
64426
65435
64894
64083
67886
65284
65905
65098
64481
64290
65641
66252
65037
64918
65588
64665
65712
64506
65826
67019
65676
64380
64535
64554
65514
64774
65097
64335
64300
64398
64116
65348
65634
64349
64499
66422
66013
66020
66410
66038
64795
66072
64259
64256
64412
64099
65763
66014
67369
67498
66901
65566
65301
66231
66266
64549
65722
64756
64188
65488
64939
65977
67339
67032
64569
65322
65457
64508
65476
64826
64084
65190
64810
64219
65078
64858
65704
64200
64585
64305
64673
68003
64261
64482
64447
64451
64445
66410
65097
64194
64113
64807
65486
65995
64437
64338
66367
64401
64311
64871
66251
64567
65484
65060
64487
64514
64521
65561
64699
65912
64844
65174
67249
64416
65152
64791
64288
65175
66051
64051
64270
65857
65494
65153
64130
64559
64673
68615
64309
64855
67902
67891
64610
65243
64421
64725
64434
64445
64741
64237
66362
67928
66384
65275
64602
65249
66403
67750
65800
64240
64385
64313
64084
64313
64131
64276
64470
65944
67055
64013
64585
64573
65520
64930
65058
64372
64268
65598
65378
64879
66165
65376
65815
66917
64153
64533
65721
65634
65054
64713
64372
64313
65508
64427
64097
65224
64255
64626
67445
65371
64467
64157
67179
64830
65373
65999
64885
64443
64228
64114
64417
64095
65785
64671
67344
64256
64798
64788
64262
64721
65903
64298
64846
65466
64560
66131
65233
64843
64276
68122
65166
64096
65773
64944
64242
66008
64144
64390
64772
65214
64201
64478
65476
64080
66671
65819
64619
66011
65854
67673
66288
64619
64338
64083
64365
64284
64402
64505
64088
64535
68363
64479
65972
64377
65569
64506
64189
64858
65139
66503
65133
64865
64212
64169
64501
67874
66001
64870
64319
65954
64843
64504
64207
64175
64686
65294
66044
65465
66401
64962
66638
65806
64743
65299
65313
77905
70185
69544
108228
73887
69867
68428
78065
80905
78860
72662
77242
73430
67010
71449
70754
71210
68702
69046
68445
67484
67718
66094
78655
73626
85232
78539
69298
67536
65662
68163
83866
70181
69741
67557
70056
74677
74490
68671
67848
68510
68411
70158
69320
70138
68131
68984
70657
70159
67893
67598
69791
68005
68295
67296
65794
64810
65660
64513
64297
64106
65802
65157
68010
67027
66615
70081
70885
68791
68453
69318
68195
69077
68288
65438
68683
69627
67783
68606
67507
67900
74499
69300
68348
69260
68827
68827
67538
66882
67211
68200
65741
65795
65828
66153
70046
70992
67230
68694
68105
67961
67197
67439
67936
69460
68320
69640
68432
67926
67113
70520
67367
68382
66794
69069
68116
69654
67358
66212
64764
66359
65562
65330
66062
65610
67935
65944
64791
65430
67446
68080
66772
64967
64160
64394
64774
66099
67596
68861
67574
70208
68268
70013
68360
66452
66717
66348
65598
64835
66220
66144
66850
64442
66191
67614
77847
69017
66505
66465
64952
64633
66739
66433
71766
70371
64471
65160
64089
64480
67209
76396
68993
65960
65610
65288
65529
66742
64634
65617
67264
64348
68238
70551
69932
67347
73802
72199
71882
93119
71376
72833
70251
73591
72883
69096
70223
72527
80093
75134
70065
67351
67445
66884
66149
65534
78505
76554
73451
71669
69771
68799
70626
73750
70472
68461
68820
67651
64855
65416
71872
72321
68437
67961
65656
65402
65672
65319
67374
65248
65304
66887
66499
68377
72104
74049
71987
66388
65714
64696
66761
72383
65752
68424
65057
65645
66584
66351
70545
67605
70744
76583
73691
70699
69760
67681
64385
64543
71348
69160
72399
72693
68174
66996
66135
65109
65664
66743
66106
64902
70078
69159
68846
66726
65319
66690
72391
69790
68019
67452
65942
69094
72168
70139
70347
70117
69546
67371
66614
72130
72161
70645
68950
69889
72602
69397
68496
67391
72440
68440
100551
75486
67645
67195
74192
75831
69085
68547
67224
66957
65405
67028
66451
69926
69094
70353
68573
68128
67112
67224
68959
66458
66239
64685
65900
64412
64276
65481
67689
67304
68153
71598
67511
68705
68880
72801
68803
68161
67061
67032
68301
69231
69466
66823
66806
66755
67071
65728
65805
66862
65741
66650
66442
65746
64984
64371
65798
64152
65494
65756
66991
68739
65152
65909
65931
67826
70476
68825
67862
69334
67678
68732
68509
72007
68451
67924
72405
67948
67896
66743
65628
65058
64685
66686
67482
65937
67988
66424
65834
64745
65612
68315
73303
68554
67916
66230
65786
66105
66055
65918
67609
67151
66706
67163
65485
64366
66293
67607
65800
66099
67179
65424
65384
65500
65591
64758
64303
66112
65947
66455
67020
66320
66788
66103
65722
65145
66486
66202
66923
66479
65547
65754
64638
65843
66001
66353
67411
66322
66416
65269
65711
66080
67492
66304
65899
65264
68431
65713
65580
64434
70848
70349
65659
66296
65298
66158
65463
66765
66275
66048
65475
65097
66657
64518
64687
66061
66721
67925
66741
65551
68834
70255
66851
65236
66233
69750
66689
66118
66274
65608
66181
68292
64886
66610
66282
67419
67526
68006
67076
65760
65991
64846
64200
64347
65267
71383
67301
66945
69541
68321
67080
68941
67999
67659
68965
66194
65883
65684
66882
66654
65880
66511
66137
66015
66840
69216
69109
69622
66029
66254
65710
64421
66330
66813
65867
64823
68586
65085
64796
64523
64601
64475
68036
68029
66351
64937
66396
65245
64777
66841
66173
66014
70143
68069
69695
67501
66530
66846
65234
64985
66316
66526
65644
66486
65071
65598
65872
66956
65900
65792
65074
67925
69647
67745
70369
69684
67449
64912
64599
64608
66835
68013
66672
66200
64584
64793
64779
69035
72042
68984
67579
66703
67453
67504
72117
71124
67520
66998
70571
69952
68853
66677
65905
65842
69247
69046
66486
64754
66113
67211
68989
72980
67049
66833
65623
64928
64903
66248
67142
66294
65820
65116
65833
64439
65376
69407
70654
66596
66860
66585
70247
68174
67393
67266
67986
66577
67276
66874
65819
64871
64400
66658
64640
65347
64434
68395
68599
70274
70318
68327
66481
64680
65131
66321
64504
65463
67633
65921
66485
64230
64368
64533
63987
64695
64473
66118
64909
64695
65670
64377
64354
72433
67531
66668
64877
65717
65318
65505
66048
64236
64466
64403
67408
68557
67894
65585
66847
66125
66238
67722
65723
67104
66992
70191
66750
65520
67484
66812
64933
67554
65946
69748
67037
68194
67916
66109
67339
69063
68246
67629
66308
67444
66479
67278
65656
67016
68021
67224
68053
67957
65643
67255
66188
66947
66560
65817
67803
67113
67155
65957
67254
71253
68011
68532
67832
67777
67689
65707
67811
66933
66290
67458
65833
67798
67201
67874
69713
66635
65450
66075
65304
65498
65524
66682
67675
66085
66496
64649
65977
65201
64852
68545
69592
69856
68120
67965
66239
66150
65297
67755
66203
65114
65231
65678
67819
67274
73471
67109
66805
68419
67200
66973
66327
66792
67206
66489
68198
66448
65258
66711
67024
68985
68713
66419
66155
66408
64227
66823
66091
67498
67433
68022
68893
68247
66892
66812
68485
67135
69784
66360
66722
66146
67519
66673
66328
65476
67277
65777
65883
65844
67159
70162
68340
66654
65898
66144
66854
67449
66770
66464
65890
66534
66437
65883
67069
67022
68935
67267
65874
66820
66023
67417
67417
66264
64777
66783
67009
65794
69039
65026
65249
71211
67438
65775
67254
65833
65175
65504
67718
66281
66459
67036
65534
68138
66907
67048
69715
65210
68601
65913
65465
66373
67122
66868
66366
64870
67733
65149
66259
66736
67091
69447
66524
64966
64366
64171
65038
64355
64380
66926
66869
67132
67625
66532
66657
68006
68848
66323
66547
65971
64675
65762
65393
67706
65629
64979
65194
66398
66110
66124
65020
65663
70156
67952
67064
67742
67149
65692
65970
65396
65996
66884
66320
64090
66556
66417
67176
66344
64239
70241
68291
66653
65051
66455
67742
65978
65298
65470
64877
66108
66721
64524
68228
66852
66898
68066
67186
67135
67068
65198
66357
64904
67109
65912
65237
64376
66504
67550
66377
67082
66448
64779
64505
65567
65866
65443
64914
67572
66472
67087
64550
64357
70236
67568
67403
66485
64488
64804
66647
66007
65890
66957
66842
64429
67833
66301
67377
69587
66064
64917
64522
64299
66178
65589
65416
64406
66178
65563
64136
64705
66866
65527
67192
68775
65127
64461
64140
65803
65291
66191
65903
65652
65255
64260
64365
65630
64710
67163
69747
67889
66766
66235
65648
65277
65071
64418
67544
66745
66363
67197
66043
68182
67885
69670
67137
67024
68133
65203
67241
66802
66347
64897
66154
68352
67034
69021
65523
65912
69692
64294
66852
66011
65789
64353
65921
64821
66514
68066
65049
68283
67254
66029
65972
74092
70401
67873
66297
70069
70714
66577
65990
64773
65872
65896
65991
70823
69523
66050
68247
67274
66662
66562
64130
66499
66172
66785
65045
64783
65255
65225
67622
70884
67381
70670
66627
67679
68731
67198
65525
66096
66701
67797
65769
66400
64568
64248
64261
65205
69659
67202
67649
66054
64701
64424
65845
64717
67746
67085
66134
64973
64854
64835
65439
69781
66294
66239
67212
65394
67520
66585
71362
67447
68733
69186
66838
65703
64147
68101
74326
67644
65055
64181
65639
65455
64929
65425
64683
64712
64498
66991
68875
66651
66275
68720
67006
65788
64215
64347
65280
68711
67759
67909
65802
64749
64789
65060
65631
65556
68002
66120
64671
65557
65222
64509
65646
65763
65311
65075
65611
65445
66426
64256
64279
65302
67717
64445
64246
64304
64909
67043
65894
64347
67644
68831
67962
68151
66550
67709
65526
68885
64653
66959
66702
65230
65158
67010
66412
66816
67680
67228
66538
66442
65799
64867
71805
66711
67304
65883
67756
66793
67544
66771
65446
67703
