67106
67655
66972
67130
66383
66958
66218
67219
67448
66693
67286
67510
68286
70715
69091
69880
67579
68090
68643
68583
68193
69052
80745
90940
68637
71466
75922
80992
69974
70642
67826
67464
66403
67089
68150
67840
67791
67771
67784
68121
67213
66885
67562
67020
66792
66490
67963
67782
66635
66769
66825
67104
65453
64160
65544
64417
64466
67702
68529
69394
69333
69334
70057
69033
69334
69063
65577
66889
65699
65977
64456
64070
68576
67345
64198
65483
68678
66281
67224
64296
66169
65196
65355
64568
65286
65703
64448
67147
64612
65616
64175
72025
74528
75649
67829
66326
73126
68612
64905
65991
64304
65346
86045
83401
88196
68638
66019
72239
75595
72759
68814
68545
75894
68761
65368
68479
68191
66369
64873
64694
65178
64445
64346
64862
64479
64553
64509
64191
64511
64119
64415
67021
66517
69808
64515
65725
64711
64512
64366
65813
65131
66194
66024
66535
65022
64343
67039
65786
67981
70365
66739
67334
72210
78583
72345
68579
77792
75062
68329
66304
68071
65010
68908
66206
68708
71713
77122
72020
71382
75488
71330
67744
69136
69058
67910
69895
67828
66550
68007
67115
65521
66885
65106
66682
67619
65995
66386
65993
66345
67834
66074
66907
66026
65735
70040
68410
65562
65883
65648
65813
66731
67887
66303
66648
65775
66253
64496
64296
66096
65174
64081
66135
65683
65614
64503
64082
64652
64282
64709
65599
66809
65513
66242
64270
65608
64428
74462
72692
66118
64621
64188
65008
65453
69641
68710
84081
71106
66394
67218
69411
68514
68166
67295
69472
75232
72493
68058
65952
66790
72393
68472
95099
93101
74426
74861
69535
72350
72633
70750
68897
71390
69343
74942
70635
67207
66332
69121
69494
70833
68889
67153
65248
64285
65902
64299
65778
66318
65195
68128
65276
65216
66401
64294
64516
64434
64716
65469
64603
65983
64711
64414
64418
68940
80996
69232
67935
67306
66032
67306
68564
68646
66451
66984
64468
64861
64907
65682
67891
71848
67862
66307
66013
67480
66238
67874
66372
70725
68286
68154
67084
64845
65861
64277
72380
66949
66075
65586
64566
64042
64339
65430
68545
66979
66272
68755
64732
68838
67134
68428
68136
67829
67201
67115
65599
65573
65911
66576
68744
66971
68065
68032
68116
68854
70684
68030
65711
66886
68360
67295
68813
68107
67855
66238
67820
68141
68809
67527
66125
68415
64233
65201
64114
66394
67391
66755
74282
69719
74415
73621
71810
72679
72147
70253
78063
72508
70290
69031
72081
79403
70621
68473
72027
70135
67001
65716
67431
65656
67962
65276
65907
73240
69067
66551
66151
69414
70605
67247
66056
72903
70896
70784
73183
75648
74298
76944
71027
68629
71364
68390
86189
77140
68268
67343
89187
75919
76002
70399
68020
70562
72754
72218
73982
70630
67983
71307
73318
68329
69348
68184
76079
104644
77651
71164
70416
68954
67539
65689
65524
66398
68354
67041
67637
66861
70083
67587
66396
65184
64360
73214
69407
68005
67023
67062
68672
69215
68873
71205
74191
73985
68722
64650
70446
71384
68083
67422
67918
66670
65107
64409
64487
64220
66304
70499
68247
69919
68641
67480
68456
67452
68130
67797
67737
65662
66588
66795
67299
69439
71993
68754
69795
71313
71244
70312
68610
65907
65738
67218
71101
70501
68279
67694
67453
73371
66683
67164
67211
67005
65680
66165
64506
66704
65840
66142
66079
65721
65190
65937
68657
65837
67740
68986
70188
66892
67366
65933
65168
66703
66934
66504
66857
65869
67567
68217
66550
66048
65804
68092
68652
69535
65202
68437
66788
66058
66927
69722
69308
71948
68091
68084
71177
66829
65872
64969
64266
64526
64499
66839
71581
69391
67893
68734
74681
68470
65315
65909
70993
70796
66834
65426
64158
66911
69054
70358
68272
70301
67689
75126
67348
65305
64677
65383
67183
67570
66986
65889
64939
66173
64726
64732
65594
65466
70000
64127
66013
66359
65604
66066
66432
67065
66735
64755
65983
64123
66623
66915
67185
69257
68640
66594
65285
67031
65713
65056
65990
66431
65900
65641
64809
64175
64824
65959
69052
66123
65758
65651
64095
65505
66178
65508
66538
66675
65841
66012
64859
64420
64300
67175
66280
66901
66795
66720
66124
65346
65641
68667
69213
67550
67057
67921
67819
66798
68757
65596
64972
66876
69693
65299
65513
65328
67350
64541
65667
64705
64091
66819
68506
70305
68166
67870
68687
67272
66384
67893
67495
67892
68160
66126
66903
65105
66333
65601
69515
66557
66513
66609
64771
65456
67332
67691
67061
66318
65418
65917
67598
67366
66004
70304
67314
66123
65934
65452
66431
65676
65923
66847
65886
66630
65356
66572
66185
66357
67552
66321
66533
67037
65737
65687
67231
65812
67657
67372
66479
64472
65431
67581
67043
68840
67388
65992
66898
65924
65941
65172
65419
65265
65197
64472
69882
66336
68165
66796
69461
67599
66367
67548
67946
68253
67921
66728
65985
64789
65772
67003
66551
66646
66369
72857
66966
66689
68010
66516
67132
68027
66116
66224
67567
67653
66774
66448
67445
67153
68988
66071
67383
67601
66450
66275
65517
66524
65526
66984
67394
67405
67210
64993
66338
68759
67130
67649
67906
66241
66334
68176
65776
66274
65734
65077
64333
64633
64943
67174
66145
68393
67464
66159
64309
65849
65977
66736
67254
65956
66031
64923
65755
67438
66052
67884
68276
67288
68035
67068
66484
69210
66358
65888
66125
68188
65983
65482
64936
64672
65956
68268
65191
66367
66743
65519
65483
65290
65350
64616
65525
66791
66516
65764
64825
64424
67646
65055
65532
65791
66248
66819
64388
65919
66503
67543
65892
65799
65645
65718
64443
68548
65721
65795
66395
67186
66154
67640
66862
66736
64873
65035
67179
66954
65765
66868
68131
66958
67670
66319
65387
64784
66197
68390
70921
68960
69325
71567
70966
70469
68778
75511
68832
68003
69957
78614
68879
68584
69075
71557
68856
70140
68579
67614
66615
70702
67749
66714
66094
66030
66025
65876
64727
64791
67304
68235
68647
69348
68663
68974
69509
65279
66427
67053
66636
66896
68061
69757
69835
64843
65670
66105
64550
65403
67722
71841
68161
66365
64856
68070
67685
65460
67383
64761
65897
65323
67831
66049
66921
69379
72972
67732
65557
76232
128725
80816
68571
67920
66667
66318
64787
65658
66669
69136
65525
65305
65064
64555
64320
65838
66035
66472
66971
65106
65290
64183
64176
65208
67352
71014
67445
66511
66028
67312
68444
66568
67496
66766
66728
65859
66144
67031
68025
67335
68401
66771
65253
67154
66449
66177
66127
65511
68012
65620
67011
67086
65715
65110
65801
66920
66178
65669
65880
67439
65305
67243
65662
66362
66520
66643
66379
64589
64237
68212
69211
67266
67108
67265
67880
66004
64766
66107
66184
65879
64499
66081
66727
65821
64955
68518
66471
64830
64175
66470
66560
67826
67391
66980
65395
67864
65590
64780
65064
65109
67647
70572
67148
66699
65375
65291
64325
65406
65626
64611
67314
65863
65689
66945
65992
67022
69595
66660
64446
66272
67137
66508
64756
64443
65477
66554
66025
64844
64291
64660
65793
67527
65828
66193
66710
66466
66340
65706
64330
64042
64532
64452
66171
67018
64787
66693
67436
66993
64539
69476
70346
70134
67394
69050
67723
67603
66373
67088
67800
67649
68261
73017
67087
66928
67087
69883
68788
68671
67623
66064
68199
69780
65801
67404
69344
68188
71288
67616
66474
66732
71212
69126
67275
66160
66578
66016
65609
66148
69663
67974
66802
70740
68261
66850
65954
67507
67358
66583
66717
65910
66006
65162
65722
64936
65762
66266
68884
67751
67403
66685
65309
66225
66911
66571
64851
66093
64703
66038
69888
68593
71811
68005
65869
65512
65525
65551
64690
65334
68510
67263
67791
70950
71139
70011
68065
65859
70679
70334
67392
67533
66443
70639
70666
70090
68475
68366
68437
65947
68016
66363
66641
65940
65274
65880
65754
66085
64708
66991
68024
68541
67689
67661
68396
67839
66723
66232
69035
67137
66401
65545
64549
64451
64272
64430
64156
64471
64423
65573
64165
64261
65678
66592
67370
64858
64900
66299
66265
65441
65114
64991
73148
70087
69245
66744
64949
65538
70768
69069
67258
67912
65403
66544
63968
65878
65131
65875
67775
66908
65351
64862
64250
67924
65668
64925
66758
67429
67534
64700
64908
66441
66115
64371
64908
70210
70289
64277
66440
64529
66059
65315
65461
67438
70406
66944
66197
64069
65115
66818
65569
65851
66266
70211
65713
65207
67018
66613
67070
66705
66952
69321
68030
67322
67222
66579
65199
64199
66726
66018
69242
73077
69146
66112
68594
70857
69378
66560
67211
68191
66485
66414
67313
69369
67823
67156
66750
65206
64611
64797
65191
65010
66181
66590
65876
64746
65757
64444
67086
67417
69226
67851
68156
67201
66887
67839
66542
66825
65277
66431
66266
65698
65910
66212
66496
64755
65965
66248
66871
66962
66574
71395
68953
65730
64282
65781
67397
67602
68854
72266
66887
66444
64415
67860
64970
66356
66832
72006
68122
65784
65957
67456
65604
66422
67421
65228
66067
64667
66105
65069
65828
65831
65823
64297
64543
64113
66346
64486
66479
71830
66446
66366
65362
65327
64395
64166
67298
67478
65187
66413
64712
64511
67122
66240
70605
67229
69412
68947
69283
67682
66347
64495
66627
68028
69602
70661
69079
70555
70282
74893
70837
70673
69411
68357
67756
69498
70635
68184
67238
70598
72987
70088
67516
66967
66180
66138
65886
70397
69395
68458
68115
67276
67495
68688
67916
68010
69713
69023
71825
67947
69175
86215
69331
69342
69666
68911
69386
67839
66924
70630
66103
72349
74545
71226
69043
72480
70463
68504
68612
67408
66872
67297
66436
66299
68151
67223
66094
69361
68014
69514
68955
67037
66872
66545
69697
66281
66277
67152
66094
65841
65769
68420
65378
65753
67093
67082
66564
67071
65997
65060
66989
67625
66977
66226
66010
66831
70725
67530
66507
64685
64435
66576
66632
65938
66392
65740
67003
65119
64933
64189
64210
64210
66320
64880
67079
67725
66496
65658
66387
66418
66955
66820
66567
67115
67504
66790
66580
67243
65701
66837
65104
65447
64003
64224
64073
64204
64661
64362
66233
67214
66787
67444
70599
66547
66542
66205
66525
66923
66571
65907
66708
66738
67437
67320
66137
66247
66578
69920
65251
65370
63997
64317
64227
64573
66036
66074
66173
66260
66231
64120
63992
64304
66346
64493
64470
64135
64357
65203
67754
64264
64570
64518
64676
65096
64186
63948
64140
64858
68030
71145
69381
69022
68527
66334
64187
63950
64306
64665
67293
64483
65245
64155
64037
66220
64198
64452
64459
64389
64272
64166
64221
64121
64333
64816
66549
64597
64240
63908
66535
65060
64487
64409
64347
64914
64488
64218
64746
63952
64203
64167
64284
64563
64347
64264
66394
65469
65337
64911
64835
64488
65722
64181
64215
64145
64470
64183
64022
64680
64526
66089
64929
64425
64191
64081
63944
64943
64506
64702
64264
64380
64614
64156
64481
64500
64593
66977
64143
64668
63987
64114
63996
64464
64676
64313
64164
64027
65037
66484
64982
66210
69090
64768
64814
64063
64122
64027
64068
64559
64439
64778
64441
64682
64428
64236
64529
67239
65094
64630
64685
65422
64333
64409
64426
64179
64722
64414
64410
64288
64099
64211
63963
66662
64424
64879
64350
64310
64167
64204
64578
64117
64015
64217
64258
64828
64345
64572
66483
64746
64584
64690
64291
64467
63916
64145
64289
64302
64027
63974
64597
64648
64260
64016
66500
64705
64323
64237
64419
65549
66469
63975
64754
64572
64473
64135
64916
65421
64142
66827
65455
64379
64495
64056
64195
64468
64328
64539
64287
64613
64250
64421
64621
64583
64767
65972
64042
64500
63993
64142
64047
67834
71326
65373
64571
69672
67976
66225
66713
68998
68114
64086
64454
66173
69084
69742
65977
67178
66389
65875
65766
65342
66471
64759
64309
67771
64164
64595
64101
64149
64087
64025
64243
64297
64610
64235
64023
64133
64225
64257
64108
66260
67117
68897
66378
68745
69479
68032
67721
64890
66748
65802
65588
67005
64828
66721
65677
64770
64719
64938
64655
64013
64101
64077
64081
64351
64106
64984
64403
67960
67047
68821
65969
64823
66186
64296
63925
64538
65072
65851
65313
64905
64427
65385
65852
64979
66499
64318
66362
66467
70253
68572
69382
70108
68533
64639
64341
64593
64918
65675
69837
69824
65588
65022
70162
65617
66038
66576
65249
66592
65372
65967
66489
64688
70147
70118
71094
65600
65757
66195
66016
67045
69295
71905
71130
69052
65479
66428
66321
66053
64130
67475
64111
64693
65899
65292
64584
65689
64943
70261
68243
66237
69634
66003
64642
64094
67158
66099
69076
69643
70232
69499
68687
67119
64741
64081
64435
64159
64679
65442
64900
66496
64116
64257
64354
68575
71070
70878
68814
69444
68746
67354
64134
63928
64790
68571
70309
65515
64686
64246
64293
64045
64236
65177
65414
64223
64023
64266
63936
64264
64021
67009
65871
65886
64771
64078
64116
64522
64076
64928
68607
66975
69140
68205
68910
66517
69778
69223
65472
64937
64082
64063
64312
63962
64665
65930
65334
65746
65113
65159
70122
67239
73589
68414
65730
64731
66945
67827
68935
71990
70658
68406
70311
71556
66332
70105
75337
69880
70002
69836
69245
65890
64680
64271
64434
64176
64990
71284
67137
71684
86073
76837
68153
65268
69867
74120
74433
74203
68664
66806
65921
69779
70561
67398
68315
72094
90525
126470
85997
70763
82514
77897
69324
73904
81567
80171
71009
78427
72212
69682
68956
68033
68124
66211
69669
69933
68667
64493
64391
65727
71002
70505
71031
68081
69697
67563
67914
69492
66354
67496
67950
67869
64398
66966
66283
66975
69941
65750
66346
65085
64682
66240
64823
65447
63970
64773
63910
65583
67073
64356
67340
65757
70344
65477
66645
67013
64206
67010
64267
64016
76252
69853
69692
102724
81208
85693
70375
81552
70332
75949
78819
85227
84310
83061
82699
83474
71945
70324
67131
72380
72991
71354
70920
68341
67978
66084
64933
64948
65516
70150
67974
66070
70638
73558
67809
67645
66667
66318
66269
66462
66395
64835
65279
64995
64154
64327
64325
65111
67819
64975
65118
64091
64902
64063
64039
64754
64765
67224
68208
67428
69094
64688
68393
70475
76136
67080
69155
66092
64325
64247
65416
65872
66773
69898
67040
67401
66700
82228
82792
74024
72692
71308
73272
73296
67444
66280
66557
66583
68099
66511
67599
65895
69021
67973
65913
65826
65624
65837
65993
65663
65850
65501
65961
65971
67166
66600
66554
66902
66465
66327
65986
65576
65782
65894
66116
66550
66972
65959
65580
65986
65960
66208
72639
68412
66016
65150
65714
66077
67616
65052
64989
65315
64355
64116
64387
64978
66540
65755
68337
66713
65790
72992
66622
64308
66711
71266
73422
75105
76063
76415
73618
72111
69122
68023
67127
68168
70552
75463
72246
67798
67365
66060
67684
71156
68848
67231
69006
72387
72666
72458
75365
70177
69606
67528
67419
64628
65462
64454
65193
65887
65598
66616
66307
67296
65877
65771
64789
65736
65238
66083
64602
64443
64433
64105
64693
64263
64370
68971
67361
64812
64373
65649
64621
65686
64776
64268
64192
64183
64149
64907
65931
64680
66695
67940
65128
64195
66508
67356
65142
66258
65220
66394
64625
64296
65409
65636
65102
64288
69067
66651
64290
64789
64175
64394
64473
64782
65373
64334
64313
67879
69803
66712
66415
72370
76942
69495
69139
68231
71709
66970
66245
80436
67569
66394
65594
66119
66927
69121
67429
66503
73080
77647
68143
66898
64808
65674
64298
67914
65984
66191
66237
65881
68270
66501
65367
65130
64332
65136
67636
65713
64602
64654
64841
67999
67477
68477
67563
69812
69570
76019
84641
68383
66254
64700
66047
66117
65302
64874
64071
66124
67015
66611
68514
68282
65581
65679
64117
64400
64215
64433
64413
64294
64715
66341
66173
65924
65705
67878
67158
66487
66149
65221
65154
64239
66255
65991
66669
64386
65533
65146
64528
66594
68262
69464
67629
67112
64420
65786
64597
64367
66482
69746
69034
68408
66977
67085
68439
69684
70278
68501
66267
68983
67202
66927
66193
65753
71218
69036
87249
70459
70580
69961
71704
66717
66148
66191
69163
67008
66470
65818
65957
66415
64460
64335
64619
64698
64401
67634
66003
66262
65391
65694
68639
66316
69805
67896
67922
67641
67056
67170
68424
68523
70799
69680
67591
66854
67073
68620
65642
67471
67134
67263
67607
66878
66191
66506
67872
67345
66492
66861
66936
66115
66958
66092
67275
76345
68246
64773
66693
67767
67230
71670
67523
65564
65383
65716
66149
66521
66786
66206
64611
65964
67472
64951
64362
65906
67954
68341
66856
64458
64445
64238
65987
64944
66260
66084
67316
64741
64489
64496
65680
66323
68489
66484
65123
65060
65140
64976
64451
66205
70995
69906
68518
66281
67534
67084
64997
68687
65975
66425
66012
66066
64948
65474
64628
64436
65776
66293
67948
67687
65497
65312
69646
65456
66266
66342
65501
64238
65712
64266
65361
66052
65970
66447
65902
64166
64326
74117
68094
68981
65696
66194
66325
66381
66059
64894
67751
68076
67545
66624
65732
67321
69908
66183
65449
65505
66043
66650
66824
66938
68548
68432
68277
66174
65046
65594
66055
70541
65889
66516
65263
65027
65684
67794
67207
66731
66824
66816
64620
65542
65839
64273
69147
67067
67237
67652
67161
65432
65837
65331
65399
66282
67151
66137
64221
64223
64176
68573
67398
66128
66760
67303
65084
64646
65305
65675
64131
65376
66598
65679
64787
64203
66693
66308
65825
65387
64707
68588
71579
69485
67260
65432
64277
64843
65370
65349
68325
75865
68254
67297
65785
65159
69994
68483
67795
66085
64247
65497
66597
67176
70008
68134
69769
66846
66110
64342
64689
65813
66728
66781
64192
64473
65645
67162
67209
68642
67187
70024
67213
65635
65659
65332
66985
67223
66821
64916
66387
65545
65218
65401
64133
65653
68471
67639
66746
68285
67152
65951
64587
65434
66208
64574
64247
66000
66223
68087
67440
70427
67516
67691
67929
68089
67746
66009
65383
64233
65669
64216
68086
66504
66082
67504
70463
66043
69504
70093
67220
66679
70382
67956
67680
66369
67769
68900
67988
66078
64831
69092
66447
70238
66763
65524
64498
68884
66831
64416
64112
67045
66082
72875
68615
67089
74894
68207
68703
70044
69199
64738
67617
70235
66767
64331
64019
66029
66379
65414
69158
69231
69136
64864
65803
65763
67905
66873
66336
67220
67874
67900
68212
67264
67213
76723
69620
67639
69454
68133
68466
69541
69348
67397
68885
64182
64388
64572
67519
67217
69339
67894
65903
66017
65695
67926
66633
66124
66805
67360
67586
66243
66061
65463
67465
70047
70349
67999
67385
67035
67561
67412
67364
68584
68358
66471
67732
67125
65234
64654
73038
69333
67173
67977
67478
66282
67750
66105
66092
64372
65421
66078
66582
65502
65067
67863
66382
64410
68390
68317
67506
68456
67769
67398
67364
66190
66403
68261
69329
70030
67944
66932
65505
64609
66795
68399
65599
64608
64898
64621
64732
67062
64740
64657
65175
68653
67454
65416
64341
65489
64806
64443
65304
65755
65591
64427
64418
66041
65962
64247
67175
67200
65356
64592
64579
65709
64405
64125
66523
64971
66598
66199
66108
65913
65453
67872
66500
65081
65567
64877
65730
65050
64113
64476
65053
66208
66039
64876
66659
64907
67086
66897
65997
65225
66002
65972
66918
65784
65724
64918
65252
64353
64522
65089
65229
66918
68913
67237
66782
66654
66153
65103
65730
64819
64328
64296
64284
64017
64520
65880
65546
68903
65196
64483
64339
64251
64456
64935
65312
65019
66051
65238
64586
64502
64341
65149
66923
66814
64892
65952
65255
65677
64598
65530
65200
64293
65232
64802
64339
64140
65224
65277
68964
66276
64729
65330
64344
64357
66519
65886
65633
64981
64278
64382
64299
65763
65349
69510
66348
65593
65787
65448
65640
65273
64188
64288
65651
65429
65721
64160
66107
64945
67837
65912
67117
66504
64732
66015
65947
65150
67233
65279
65260
66268
66378
65070
64766
66159
66640
65712
65222
65820
64831
64418
65305
65950
66512
66330
65245
66059
65433
64511
66567
67058
66389
65749
65318
65749
66961
64716
65370
64376
63957
64540
65462
66873
66888
64911
67982
65698
65804
65411
65591
65493
64817
64572
65635
64481
64398
64449
64348
65445
64832
66955
65933
64451
64571
64065
64425
64553
65427
65091
64834
64420
64027
64418
64476
64430
68460
67692
66721
65632
64321
64336
64236
64425
65494
65231
65022
65145
64664
64083
64338
64348
69395
67072
65391
65856
65121
64766
65734
64170
65543
65368
64568
64326
65643
65280
65128
68223
65779
64493
64782
64997
65031
64459
64185
65108
68167
65817
64701
64329
64510
66109
67164
66599
68080
74007
67881
67909
65102
64816
65622
65882
65202
65834
65415
64902
65007
75725
71099
69555
69116
68656
66039
69491
68883
66575
67572
67533
67761
68852
68131
67208
72329
67328
69114
71831
69540
68408
69209
68001
71241
68153
66424
67257
69339
68743
76163
69653
67187
66406
68196
71490
69168
70260
69885
67550
68883
71904
68643
66618
65982
69375
68019
66979
67029
67485
69036
67537
69594
67224
68115
67611
67122
67047
66989
67666
69286
66486
66544
65951
66781
65902
66658
69068
70071
69667
70579
66842
67808
65371
66351
66108
67623
67776
68605
67195
66936
66704
67197
67859
66068
68170
68092
68723
68317
74981
69984
67812
68203
68725
67761
67632
71378
68540
67844
71231
69482
68357
67776
69604
71345
68049
68761
73399
68379
69774
72195
79686
71532
67523
65687
68859
75960
79422
73528
68457
67064
71209
71958
67517
68354
68256
71755
68865
69861
69015
69290
69967
74657
68593
68428
68056
68155
67908
68658
70527
75712
68343
67778
67901
67914
68100
69441
70955
67037
66713
68289
72321
69908
67321
64818
65088
66037
69272
66314
65988
66101
74349
68996
67706
66818
67440
68715
69258
65561
65272
67324
68005
66353
66817
65880
66046
70255
68370
67265
68105
67388
67380
67589
68602
69331
69001
67936
68841
68788
67509
68410
69508
68524
66319
66877
67577
67675
66291
67055
65711
66930
66818
65921
66152
65548
64562
68784
65727
64914
64582
65756
65579
64546
64876
64179
64291
65447
65694
66194
66150
65237
66803
67423
66353
66298
70276
70345
65856
65668
65088
65010
64400
66847
68564
67672
64815
69858
66352
65793
65421
64151
64417
66030
64523
65079
65914
64446
64281
64557
64309
64307
67566
65979
65006
65067
65773
64983
64089
65765
64333
64473
65682
66094
65600
65148
64185
67476
66622
65985
66653
65332
66747
65535
65795
64509
64635
64660
64754
66447
64809
64182
65385
67456
64961
64345
64709
65802
64747
65275
65808
64249
64356
64359
64408
65532
66007
65433
67010
67729
67339
64463
64291
66173
66110
64814
65494
64265
64768
64401
65629
67510
66608
69900
67906
66362
66550
66324
66403
66046
64499
65266
64427
64113
66286
65857
66299
71727
70034
67276
67681
70226
69460
73898
67472
66141
66159
69520
70606
68542
69281
68800
68528
70782
66543
64851
67538
66680
65932
65172
64579
65667
66256
66916
71237
69072
71767
70435
70488
67397
65402
69569
69858
68647
68094
65450
66856
65708
65264
66139
64461
64524
66505
66997
65864
66498
65527
65155
65227
64483
64262
66271
69972
68687
67252
66266
67147
68757
68514
66997
66848
65609
66542
67104
66844
64765
64292
66096
66951
66838
64773
65580
64485
66968
65867
67152
69411
67759
66809
68267
68115
67501
67815
67126
68472
67802
66441
69406
67257
66567
65148
65553
65023
66859
67101
67609
66291
68509
67800
67341
66775
68177
69065
68334
66677
66546
66424
65959
67007
67818
66750
66625
66236
65977
65801
68190
65987
67009
66438
64348
65797
65581
65785
66235
68919
66921
69399
70920
68154
68547
69918
66290
70832
70736
67106
65596
65923
65575
66240
66729
65350
66408
65682
64889
65223
65505
69480
74490
69723
68109
68834
66989
64695
66102
65561
64358
68137
66631
67135
66081
67005
66294
68637
67406
69808
71107
69024
67986
66094
64248
65962
65608
64809
67043
67272
68697
68544
71463
67993
68283
68109
67380
64979
65305
65999
66159
65854
64351
64440
64149
66023
67007
68907
67702
67783
68546
65347
65909
65492
65386
66596
67068
66601
70024
69822
65742
65189
68504
65879
65999
66048
66292
66818
65233
65464
68718
67235
64577
65641
66012
66644
66536
74265
66329
79946
66711
66961
72230
66051
67335
66033
65241
67086
66082
70524
67597
73070
69046
65396
64817
65809
64905
65778
66119
65509
65867
64063
64453
64524
64680
64369
66338
67222
66262
64790
66862
65118
65581
64177
64441
69430
70615
67711
64672
65133
70615
73678
66498
67504
67419
64499
64505
64319
64448
64123
68688
67598
68098
69546
67802
66969
69896
67710
66180
67640
67298
66864
66706
65028
64323
66596
67960
69489
69839
68151
65726
67499
66759
66310
66325
67083
65350
66320
66381
64379
64159
64524
66614
66910
65481
64058
66848
66367
65922
65544
64777
66121
66864
65032
65540
64824
64881
64677
65768
66759
67117
64826
68334
65364
65892
64046
64928
66106
66248
65395
64749
65701
65748
64384
65666
65878
66486
68105
67690
67587
65573
64462
64841
66070
65697
69960
69626
68499
64612
64547
64131
66263
69305
66609
65410
64436
64742
64655
64825
67349
66575
65015
64216
64441
64475
64152
64395
69452
66914
66496
64177
64533
64328
64284
65173
66050
65819
66367
64959
64337
64083
65685
64529
69076
66977
68104
65964
64244
65393
65450
64034
64313
66603
67327
66044
64253
64469
64354
67434
66172
69980
71133
67202
68314
67486
68982
69024
66479
67881
70177
67452
66662
65375
68376
65408
66462
68001
66680
67218
68574
68294
69461
67788
66323
65012
64419
67396
68821
67139
67663
67945
66512
65923
65279
64600
67016
68830
67782
71178
67908
67215
64795
71230
69257
69809
67742
66459
66681
65644
66250
69746
69912
66084
65997
64774
66015
65414
67933
66563
65658
64448
65376
64205
65652
66535
68489
66093
64121
64611
64264
64229
64406
66350
68156
67340
65273
65502
64558
64995
70406
70980
69995
67216
69096
69985
67493
66290
69426
70558
68487
67251
67008
66725
66485
67114
64941
64242
66500
67141
65194
64459
64348
66935
65724
66476
66842
66206
67765
65845
65698
64302
64466
64441
64659
66124
65161
64398
67565
65604
64533
64651
65317
65078
65796
66680
65061
64275
64397
63990
64395
68555
68389
67559
69550
66211
65666
64149
66904
65947
66942
67124
65951
65657
64315
66007
65940
66368
66033
70425
68767
66659
64559
64920
66027
65147
66819
66545
66142
65737
65444
65173
66820
70744
79436
68516
68081
65812
64568
68424
69749
69415
67551
68062
65731
65061
65634
64422
67455
67728
66203
67935
65612
66425
68423
66558
65112
64897
67313
69043
65690
64205
64582
67324
67348
64967
65916
67033
66001
65188
64483
64064
64435
64211
66364
66632
65702
64827
65302
67923
64683
64150
66351
66173
66274
65985
65545
64325
64242
67557
66347
65768
65483
64246
67680
66324
64514
64772
65713
67105
67972
65870
66443
64173
64014
64249
65071
65752
64960
66582
64940
64143
64141
63970
65467
66612
70967
64949
63995
64063
64168
64590
64750
65128
65485
66534
64435
64094
63898
64164
64480
65588
65292
64106
64099
63859
64350
63996
63955
65276
68267
64817
64345
63913
64090
63878
64206
65197
65267
64919
63851
64096
64237
64118
64140
66393
66813
65341
64109
64328
63920
66504
65113
64542
65334
65273
64831
64241
64088
64296
64136
66617
66404
65406
64862
64083
64158
63971
66036
68648
67164
66230
64660
64427
65618
64458
66105
64651
66181
65912
65295
64126
63947
64137
64244
64152
64433
65115
65736
64260
64108
63941
66585
64274
64234
67548
70313
65485
65903
68631
64630
64133
64037
65513
67705
65296
64409
66489
66062
64105
64102
67530
67332
65090
65712
67825
68942
67279
65806
64645
65073
66489
67461
65390
66784
70807
65540
70036
66041
64319
68438
65586
64275
64316
64632
64145
64528
65966
65728
65283
73786
73137
71160
71260
81750
71910
66235
66803
70363
66539
66985
69222
65626
66544
65056
66905
66800
65887
64901
64737
64214
64583
64318
64043
64488
67978
75423
68201
65632
66048
66007
65250
64184
64044
64054
64371
64222
66588
70039
74171
69993
68874
66036
64634
64022
65809
65985
65327
64286
64211
64306
64230
64167
64036
65391
67034
66696
69306
66660
66409
65673
64282
64923
65231
64982
64657
65651
66536
65832
65694
65994
72040
75087
67082
64092
64215
64429
64329
64269
66684
66200
66056
65752
65889
65335
66889
66891
69440
69871
71569
67886
64148
64049
64133
64000
64699
65922
65689
64625
64819
64596
64259
66658
65415
65548
66063
64567
64137
65323
64524
64366
63935
64902
65269
64966
64174
64055
66376
68715
68050
64516
69918
67281
67772
64268
66393
68187
67170
69486
68726
66137
65358
69645
66224
65271
65336
65365
63928
65773
65236
65908
65406
64443
68788
69267
65207
64157
67535
65123
65418
64753
64985
64069
64308
64038
64128
66977
69868
68004
65826
66263
67512
65600
68936
66033
66388
65424
64796
64361
65418
64811
65486
66146
67230
65126
65285
65880
67539
67803
66256
66967
68381
64597
64570
64147
65087
64260
67025
67391
65413
65414
64896
65086
73408
68763
66372
70455
67378
68833
67687
66877
66314
64021
64756
64252
65123
69231
66059
71214
67550
66826
65715
65259
64416
64104
64761
72119
65111
64097
65589
63897
64194
63909
66289
64664
65738
64294
65021
69681
66668
65759
65401
67353
65298
66570
65363
67711
65674
69180
66557
66329
65131
65432
65041
65000
65794
65134
67210
66258
66089
65147
64935
64470
67807
66495
66203
64666
65492
66152
65093
66314
70829
68391
65474
66584
64936
64775
66462
73532
66780
66556
65783
66881
65145
65508
66050
66530
69615
71649
65775
65551
66061
65792
67035
66697
68854
67572
67012
65838
67491
65838
69741
64983
64352
64813
66673
66196
65992
69391
68227
68670
67155
66108
66243
66290
70030
68011
67458
69446
66665
65782
66956
67196
69187
66996
66860
65478
64302
64094
64669
65679
64193
65090
64682
64396
64706
64597
64159
67150
65168
64768
64074
64352
64050
64162
64176
63975
64372
64181
64550
64510
64325
64159
63903
67150
64525
64772
64841
65322
64201
64088
64094
64209
63958
64114
64266
64449
64563
64042
65898
64773
64705
64473
64600
64537
64211
64143
64185
64037
64440
64484
64284
64303
64742
64549
67136
64859
65519
64061
64003
64123
64772
64362
64207
64346
63881
64321
63930
64478
65648
67453
66314
65295
65766
64160
64084
64454
64416
64498
64342
64644
64509
64143
64965
64317
64214
67033
65009
64633
64200
64132
64124
64073
64131
63902
64546
64385
64105
64036
64099
64457
66248
64496
64642
64258
64600
63875
64339
64119
64164
65538
64483
64503
64347
63984
64119
64067
66835
65655
64402
64864
64150
64519
64046
64206
63987
64097
64125
64359
64409
64208
64677
66140
64857
64861
65549
64867
64513
64381
64248
64132
69093
70846
64889
65134
67151
66846
68564
67849
69148
69409
68209
64233
65502
65944
67021
70998
71051
71327
65782
65429
66886
70689
67757
67055
65690
67066
67479
66449
66933
68086
67391
67630
65281
67135
66704
68150
69131
66240
66211
66569
67189
65619
66013
65512
66034
66188
65813
66480
65663
65428
65782
66629
65466
67811
65106
64116
67207
66329
66028
66365
66249
67677
66829
67289
67551
66452
71605
66235
66103
67309
66247
66330
65737
65673
64932
64630
63901
64213
64914
69218
71317
70476
66385
66070
64807
64336
65411
66472
66230
65606
65597
65557
65440
65207
65095
64937
64123
68320
64461
64027
64185
63879
64508
64573
66071
65571
64152
66332
64216
67653
69702
70990
70974
65757
64147
65681
64623
64946
65293
65323
67208
65930
66108
64939
65367
64453
64249
69314
66701
65009
64458
64385
65399
64525
64203
64501
65409
65561
64720
65645
64466
64092
68283
65619
65939
64949
64234
66553
65357
65434
64377
64143
65862
66702
65441
65510
65357
66330
66961
66045
64833
65102
65852
66231
66145
67469
67165
67280
65916
65755
66697
65476
64320
68546
66022
65925
64416
65978
65603
64404
64425
64148
64574
65633
64312
66270
66570
66866
67872
66157
66639
64589
64968
66103
65659
66191
64532
64678
65543
64937
64737
66364
65246
67831
65190
66103
64382
64328
64447
65092
65602
64768
64312
64324
64238
64348
64183
65250
69552
65432
65562
65599
64490
64545
64392
65124
66416
65067
65638
64218
64359
67851
70999
70449
76824
76508
73559
80689
72140
69250
68350
68711
65948
66475
68108
68808
73057
121224
69931
67165
66515
66055
64190
64493
64693
65792
65473
65916
67815
73171
84028
69953
69957
66777
70304
67061
66085
68261
68232
72418
71931
68462
76800
75588
68476
67254
67923
67918
70675
73123
72963
69288
67269
64477
65010
67095
65888
65516
66142
66423
65540
69797
79996
66172
69138
72120
67700
66584
66950
66098
67998
74915
73455
68466
67341
69056
66059
65392
66086
64263
64271
65578
67326
64995
64687
65200
66684
64641
64363
65860
71393
68373
66512
66097
67122
66725
66089
65399
64751
65626
64582
65688
65733
65094
65143
68040
68101
67254
65932
66173
66039
64510
64467
64693
65585
70101
71944
66573
64974
67326
78636
71943
75443
70222
67927
66266
65861
64348
64635
73461
68557
66987
65196
67205
65294
69410
67305
64519
66166
65795
64680
66874
67596
67951
73643
70661
69122
67842
73341
72140
69168
69101
67939
67193
69754
68374
72882
71761
67327
66483
70523
67208
67406
74383
81846
72733
76324
69180
66828
66034
66135
65604
65625
65887
66907
67838
67176
66744
70869
67840
67965
68863
69379
69017
70393
67921
68727
69951
70161
67495
66185
66588
67170
69915
70263
67404
68089
68178
66176
67104
66120
66700
66100
65838
65464
65252
64479
64096
68151
65911
65285
66481
65285
66068
65179
64910
64636
65979
64883
65656
66152
65002
64223
68925
65798
64366
65796
65319
67281
64802
64198
64388
64055
64754
64837
64773
65812
65834
66966
65784
65517
65350
65548
65476
65418
65339
65357
64107
66150
66414
65423
64418
64668
66290
67674
66217
65216
64770
65654
65592
64935
67086
67979
66395
65596
64644
64481
64187
64843
69684
67019
66317
66123
66900
66078
64867
65606
64344
65385
65612
65394
64923
64152
65918
67520
66499
66121
65627
64368
64266
64537
64379
64294
65121
69553
69227
67330
64486
66636
70096
66709
66199
68421
68276
68756
68146
67577
66084
66232
66968
67026
67130
66935
65701
68826
67375
67525
66845
65647
67401
67500
66222
64669
64390
66864
66879
69587
69022
67747
68199
65766
65631
66013
64242
65021
65671
64920
68651
65909
65685
64711
65564
64497
66210
71495
69506
69724
69307
68127
66702
67491
67238
71286
70287
67384
66454
64330
64659
65548
69562
67008
67022
66446
64841
64138
64805
67973
68106
69296
67194
68011
69334
68209
67427
70709
68669
68937
67771
66634
68350
66432
66239
65257
64972
67134
67429
67550
67307
67904
70572
68589
66411
66667
66093
66468
64686
65581
65187
64773
64455
65338
65780
66272
64530
68273
66393
64745
65108
64205
66628
66413
67100
67859
68415
67413
67118
67147
66730
65949
68129
67447
68170
69278
66160
65879
65819
66818
65841
64578
65132
64406
64341
65711
65185
67789
66928
66503
67497
67815
67083
67452
67509
67681
68636
67001
66651
69573
67520
66980
70720
68707
66632
64996
68644
67457
67243
67099
68181
70050
67785
67938
67527
67982
70944
67146
68047
68630
68789
68330
67629
66724
67210
67535
67900
67083
68885
69741
68733
70836
68506
70271
68367
68175
68778
68354
67047
67320
67197
67144
67085
67400
67493
66672
71416
68227
67031
67398
68167
70174
67816
68058
67890
67802
66341
65960
65445
67708
71201
68404
67650
67315
68715
67683
67074
66684
66629
66428
66811
67905
68430
64613
66560
68500
65552
66376
64780
65159
65969
64757
66090
67298
67001
67677
67613
65886
67524
67303
68880
67641
68170
67139
65893
67841
66670
66020
67121
67184
68069
68148
68071
65720
64220
67350
65283
72118
69207
68122
67585
67647
66579
65908
66779
66952
67572
69886
68721
69140
73654
68124
66060
67120
66400
66144
64272
64338
64067
65606
65696
67594
65586
65545
64331
65985
66118
66306
70000
70143
69844
69141
66722
65831
65391
70857
69164
69448
68159
65753
67464
64900
66166
65857
65235
66341
65686
64680
64277
64320
65739
64874
65274
70874
69635
75273
69315
67315
65864
65011
64446
65651
66756
72629
68447
67168
64327
64201
64419
70239
73173
67585
66408
66629
65513
64277
64488
65437
65938
66326
64406
65619
64473
65352
64118
66901
67133
67241
66487
64304
67188
65195
64100
64830
66591
66560
66906
64246
64574
64338
66102
65621
66305
66709
66560
65760
64344
64056
65899
64258
65610
66425
66636
67379
67042
68750
66522
68504
66583
66376
67524
65183
64549
65601
65056
64702
64378
66467
66423
66865
66572
65702
65791
65482
68947
66588
67515
67854
67243
68200
67242
66866
66220
67664
67236
68719
64664
65523
65351
67315
67067
66344
66401
67819
68226
66050
66327
65984
65355
64862
67725
67364
67240
64296
64975
64274
64267
64399
64478
66873
68174
67812
67967
67272
66654
69521
66792
67619
67095
65445
65869
67987
66684
66247
65501
66480
66605
65636
65628
66274
75419
68536
68189
69375
70137
68732
67622
67914
68665
67358
65485
66218
66802
66836
69817
75180
67865
66173
66067
65257
67681
70558
68252
67220
66435
65321
65825
66150
67040
68301
70395
66782
65104
65907
64344
64448
70245
69559
67744
64519
68910
65711
66541
67251
67212
70630
67233
65895
65460
67082
69582
67899
66043
64214
64477
64427
65853
67090
65771
64252
67391
66096
65949
64742
65817
66286
65514
64942
64654
65825
64671
64336
65956
66316
66580
68733
66264
65536
64277
66068
65373
66512
65944
66436
65289
65595
64446
64471
64387
66740
69454
67497
65677
64930
66095
65157
64130
65596
65759
65729
65303
64193
64366
64273
64583
69831
66358
67208
65642
64514
66006
64588
64849
65748
66370
67152
66345
64678
67056
67949
66965
66485
65679
67055
65748
65829
64377
67894
70255
68778
67043
67395
66686
67671
69069
69843
67478
70021
67311
67394
67400
67676
67168
66059
65485
67379
67587
67983
67142
67916
69624
66875
65002
65320
65380
64925
65295
64704
65510
66634
66003
64781
64213
64833
65929
67157
67241
65123
65723
64447
65800
71002
68004
66006
68477
70485
66466
64336
64383
66379
69921
65983
66535
64747
65520
65720
65244
64948
64114
66303
65710
66383
65590
64934
64411
64181
67485
66526
64880
66066
65706
64513
64474
64118
65997
64602
66082
65829
64291
64442
64827
68906
66672
65272
65304
65482
66344
67031
64156
64411
64312
64276
65588
64954
65759
65452
69278
66114
65364
64296
65079
65394
65245
64187
64331
64206
64413
64243
65801
65584
65979
65878
66075
66443
64640
64276
64384
65419
65799
66007
64635
64503
65428
66838
67781
68354
67756
70408
66709
65798
64625
65344
64530
66186
65645
64405
64254
64187
64297
64469
64273
65433
69222
66069
65644
64144
64317
65967
71277
70207
68394
67229
64867
66686
70201
67617
66263
69666
66302
67416
69800
66892
67456
65968
65626
64471
67399
72166
67752
67095
65560
64490
68456
65840
66646
67046
66357
64473
65511
66020
65084
64441
65830
66216
66644
64729
64407
68224
65311
65978
64740
66642
65795
65422
64377
64389
64173
64390
64297
65480
66140
66514
66278
66241
65207
65669
64621
65833
66096
65458
64663
64261
64338
65305
65403
65939
66246
68760
66931
65494
66087
65074
65400
67308
66727
67294
64901
64259
64551
65851
64726
64445
67608
68020
66531
66005
67108
67204
66457
64649
65661
66085
66902
66385
64857
64412
64316
74003
76343
68762
67622
66788
65713
68852
77327
74180
71600
68377
65988
64395
64373
70566
69798
67809
67176
74510
71619
70706
69485
69804
67447
73557
76382
73498
70085
70368
74258
68103
69810
77252
71329
68401
66668
68181
69141
68846
67768
66116
66336
87164
82701
75345
68530
66140
71070
74003
76660
67921
67192
75524
74420
67331
66534
69932
87884
70466
65947
65577
69274
66783
66425
65866
66174
65924
65921
65462
64664
65500
67068
69253
66112
64195
66681
69766
71370
71558
69340
71533
76883
77642
73804
72884
69262
69503
69215
69366
68816
67150
86451
70363
66055
65678
70100
72102
71207
67586
74837
76189
69446
70601
70081
68903
69111
67394
66080
65072
66905
69843
68773
68753
68101
68270
76776
82045
73324
68436
77498
71004
68946
69138
68964
68530
67923
68021
68485
67514
77907
68236
66414
64515
66147
72682
70023
66577
65349
65904
64392
67274
66814
65865
66158
68443
66480
65553
64458
65841
65298
65866
66099
66721
65895
65905
64847
64705
65715
64228
69093
68454
68216
66234
66013
65862
64388
64640
68438
66593
67374
66713
65482
64947
64416
68131
67073
66112
66669
65144
65742
65242
64294
65198
66519
67214
66342
65015
64537
64250
66697
66136
66282
65693
66718
66208
64735
64324
64344
64128
65517
66737
66603
64510
64024
67002
64792
64546
65124
66209
65842
65837
64950
64319
64007
64444
65151
65765
66681
65862
65514
68990
66390
66862
65643
66778
66628
65479
65126
64729
64496
64097
64413
65967
65651
66941
67030
66813
64512
68500
67248
66390
66039
66706
63995
66326
64582
65253
65769
65463
66710
68559
66030
65683
65076
70736
66023
69625
70126
68369
68801
67992
67970
66717
67161
67496
69806
68432
66202
65211
65467
68670
68172
66839
66434
66144
66208
65285
65432
64437
64396
68455
66984
67083
66469
64570
65836
66243
65139
65387
66181
66205
66068
64449
64441
64156
66440
65958
67446
66768
66490
65718
65876
64714
65506
64621
64381
66477
66707
66241
64156
66739
64897
65947
66485
66199
66696
66249
65378
65204
66437
67319
67590
67092
68374
67108
67355
65194
67165
65981
65605
67109
67573
67845
66924
68441
67297
68844
68298
66792
66732
68652
68560
68274
68348
66805
67447
68988
67595
66856
67275
67132
68081
67246
67009
65837
69146
65475
66532
64417
65778
64254
65111
65896
65485
64336
64889
65023
64381
64977
64986
66876
65528
65615
65138
65640
64228
64184
64483
64741
65839
65618
64339
65442
65624
65782
67162
66322
67162
65997
65529
64675
64207
64474
64013
65795
65111
65453
66611
65293
65780
64537
66908
66429
67274
65961
65873
64461
65565
64349
65048
64212
64381
65855
65718
65280
64322
67520
66076
66727
66044
65356
65477
65333
65309
65880
65539
66600
67745
66047
65239
65616
66241
65400
64349
64320
64135
65203
66187
65917
64657
65292
64954
64578
64100
65510
65009
67200
66618
65662
65727
64926
65553
65140
66247
64532
64365
64304
64467
64111
64402
64357
65400
68703
65716
66090
64182
66313
64799
65688
65644
64692
65606
65414
65007
64303
64123
64286
68464
65902
65895
65122
65134
64446
65527
64719
65136
65488
64607
64258
64445
64254
64433
68871
65263
68053
67312
66640
65704
65450
64435
64106
65083
65406
65573
65190
64818
64414
64280
68396
66339
65843
66540
65828
64333
64415
64161
64380
64230
66037
65412
65836
64859
65872
67881
65206
65498
66601
66030
64387
64335
64280
64444
64198
65186
65680
64363
64644
64171
66147
66164
65174
66219
65292
65712
65859
64863
66977
65437
64330
65654
65904
66869
65224
65315
67004
66189
65915
64640
65286
65748
68215
66020
65462
66180
66095
64950
65029
65285
65190
68619
68259
65626
64572
66111
64767
65391
68032
64858
64292
64903
65272
65913
65787
65582
68746
65539
65762
64215
64276
64273
64285
66689
65270
64715
64450
64317
64434
64289
64455
68768
66863
64787
65689
64454
64220
64162
64468
65259
65576
66029
64518
65704
64135
64356
64439
67121
65231
65711
65013
64360
64334
64430
64195
64430
65816
65694
65189
64978
64501
64164
67772
64974
65461
64507
64789
65374
64430
64136
64423
64077
65796
65020
65093
65395
64673
67839
65461
65376
65279
65068
65766
64816
65673
64702
64258
64876
65766
65870
65094
64070
64472
68833
66102
66569
67336
67557
66489
66941
66900
64911
64439
64216
64786
66704
65360
65018
70124
65103
65893
65357
66161
66507
65844
66004
64765
64614
64912
64314
64890
66564
67996
74746
67364
66473
65893
66587
69044
65692
64792
64252
64165
64346
64249
64921
65702
66353
70493
65518
64675
64610
64372
64433
64116
65705
66192
66017
64472
64155
64371
65539
64403
73719
69610
72939
69800
67671
68659
69450
67591
69224
67221
67383
67894
67679
68549
69955
72929
70329
68394
68132
66926
64078
64441
65584
64960
70421
66703
64787
64122
64464
64131
66123
64658
65588
65579
64670
63947
64129
63957
64068
64010
64934
65608
64541
64318
64001
66102
65340
64730
65450
65502
65350
64231
64639
64370
63953
64151
64477
64979
65462
64299
64018
66376
64250
64247
64333
65403
65962
64847
64718
64223
64396
64276
64414
64683
65305
65251
66751
64809
64281
63941
64373
63951
65246
65425
64643
64184
64078
64155
64230
64614
64777
68828
66034
64428
63985
64472
64328
64694
64609
66030
65639
64575
65542
65192
66693
65326
66468
68966
66014
64504
64318
64739
64392
64211
64622
65789
65500
64589
64032
64138
64165
63885
66436
64764
66255
65692
63947
64357
64112
64085
64313
64440
65281
65872
64174
64109
63899
64199
66481
64767
65518
65385
64971
64447
64588
64330
64051
67982
71484
70297
68944
68875
69265
70624
67636
64569
70504
67466
65692
65956
66001
64723
65016
64966
65924
67306
64717
64416
67967
64475
64588
66124
66362
66332
65478
66711
65157
67772
68220
64686
64678
64059
64562
67958
65197
64550
64014
64356
64321
64105
64140
65187
65877
65553
64323
64307
63965
64178
67659
65105
65917
65592
65394
64981
65732
64198
63913
64427
65296
65370
64300
63939
64186
63882
66140
64909
65167
65561
64807
64482
64309
63995
64074
63944
65162
65299
64751
64218
63898
66650
64884
64732
64976
65538
67721
64197
64293
64415
64021
64174
64136
65221
66163
64480
65030
64907
64703
64180
64018
64626
65214
65768
65800
64327
64562
64132
64431
64299
65298
65335
66468
64644
64867
65198
64663
64002
64933
65366
64783
64122
63942
64164
63962
64156
64760
67033
65139
64567
64722
64682
64094
64128
64824
65598
65984
65675
65273
64485
64084
64135
64026
67195
65642
67145
65282
64383
64186
63915
65211
66081
66180
65620
65522
66659
65116
64399
66234
64145
65337
65278
65626
64562
64167
64698
64380
65299
70580
69174
65360
64167
64736
71019
65182
64710
65032
65114
69458
68847
64603
65192
64285
64623
64306
65090
65248
64540
65554
65445
64489
64207
64371
64551
66050
65381
64178
64489
64123
63920
64155
63880
66341
66441
67614
66643
66923
65751
65527
64321
64856
65975
66138
64718
64129
64493
64182
64558
66194
66997
65564
65415
64373
64279
64061
64129
63956
64509
65503
65051
64259
64043
64131
63990
64200
66701
65991
66502
65369
64461
64403
63888
64413
64255
65089
65284
65218
64557
64241
64155
70162
67549
66515
66801
66361
65458
63989
65776
71589
66631
66027
65591
66065
66618
65749
68492
64873
64454
64384
64861
65562
65942
66342
66409
66275
65417
66202
66621
66909
66113
69302
66074
64647
64086
64680
64157
65584
65645
65002
64443
64401
63976
64222
64322
64670
65254
68607
64421
64453
64470
64493
63981
65778
66714
66118
65969
65288
65045
64978
64093
64032
68941
70301
68992
75356
77328
72664
67155
66565
65471
65565
64136
64011
68495
70764
67924
69436
64806
66021
65929
66608
69498
70088
68234
65447
65381
66180
65654
64612
64287
64748
67141
64442
64279
64016
65794
69611
65616
66663
63961
70696
74498
72203
66511
65583
65395
65945
64229
64163
64051
64712
64164
64004
64153
64217
64040
64308
64025
64042
63954
64326
66263
64332
65112
64253
65047
64134
64395
64062
64086
64132
64122
64342
63953
64111
64417
63952
67944
64630
64336
64317
65074
65017
64141
64335
64271
63979
64625
64173
64006
64089
64160
66212
64766
64473
64353
63980
64123
64080
64285
64021
65309
64097
64354
64121
63950
64210
64133
66761
64679
64119
65001
64399
64451
64114
64014
64908
63981
64137
64229
64230
64082
64123
65853
64842
64310
64155
64031
65013
64413
64290
64339
63896
64236
64029
64372
64233
64115
66248
65187
64796
64416
63949
64157
64083
64668
64307
65220
64108
63891
64369
64064
64029
64278
66611
65097
64042
64114
64179
63999
64428
64404
64171
64162
63936
64068
64081
64096
64793
65342
65389
65952
65446
64107
64422
64115
64106
64682
65013
63992
64017
64036
64561
64271
64047
66176
64556
64247
64094
64649
64092
64012
64333
63967
64234
64055
64126
64118
64102
65033
67492
64623
64744
64007
65321
64913
64050
64184
64386
64238
63986
64335
64031
64262
64156
64704
66402
64484
64039
64266
64239
64262
63923
64296
64121
63897
64117
64206
64143
64219
64066
64425
66173
64798
64370
64828
64586
64159
64423
64434
63955
63981
64158
64133
63872
64434
64032
66526
64696
63936
64158
64300
66383
64781
63964
64367
65151
64040
64040
64090
64358
64202
64295
66587
64511
64189
64000
64233
64430
64040
64015
64236
64199
63967
64110
64136
64403
64211
66476
64993
64404
64481
64666
64398
64420
64296
65960
64909
63962
64207
64281
65644
71537
67115
71521
66688
66148
64894
65748
67005
64962
64833
65875
64406
67660
67230
64164
65148
70764
65586
65804
64160
64428
64186
64346
64242
64618
66664
64535
65784
64457
64069
64471
64390
68565
65475
64661
64402
64202
64415
64375
64215
64427
65663
64483
64275
64214
64457
64386
67101
65230
65697
64896
64316
64512
65780
65016
65443
64049
66185
64153
64183
64189
65474
65085
68092
65987
64894
65365
64370
64613
64463
64322
64125
64596
64225
64878
64242
65055
65150
66299
66246
64636
64341
65383
64811
65852
64248
64210
64175
65481
64926
65823
67021
67144
66752
65042
64569
64407
64877
64879
64561
64178
66062
65926
65392
64454
64210
65592
67578
66186
67831
64615
65579
64550
64319
65457
64579
64555
64281
65148
65717
65179
65321
64572
65762
67775
64596
64449
64402
66715
65116
64528
65979
64531
64247
64635
64105
64370
64168
64778
65910
65613
65967
64479
64336
66692
64957
64516
66219
65745
64252
65884
64488
64749
65409
65707
67824
66195
64520
64292
64823
65084
64419
64182
65179
64324
64306
64646
64114
64457
64236
67763
65094
64203
64460
64517
64250
65050
65003
65643
65753
65585
64774
64062
64452
64725
67177
66387
65786
66020
65006
64740
65324
64254
65398
64775
65412
66160
64413
64371
64044
64399
66235
66119
64698
65907
67235
65303
64844
65328
64508
64370
64551
65366
65227
64651
65793
67621
65143
65590
64777
65864
64567
65752
64396
64024
64356
64104
65484
65594
64817
66083
66360
67337
66138
65823
64386
64697
64249
64274
64774
66711
64839
64259
64316
65965
64504
64152
68315
65211
66157
64906
64258
64465
64566
64293
64417
64061
64442
65231
65478
65565
64492
67668
64666
65945
64719
64414
66122
66443
66921
67015
66815
66957
67142
67816
67105
67601
69847
67412
67432
66863
66463
66720
66726
66951
67204
67324
67097
66927
67238
67561
66571
67111
67596
69601
68352
67928
67284
65044
64298
64461
64459
64121
64467
64250
64549
64279
65880
66146
64881
64596
65334
66243
65999
64631
66024
66057
64981
64430
64076
65084
66035
66017
66680
64724
66257
65780
64210
64415
64368
64255
65858
64576
66075
65111
64281
65035
65469
67889
64910
64658
65580
65208
64328
64206
64577
64301
64211
65397
64293
64425
64108
64572
66111
66187
66240
64762
66596
65028
64172
64423
64492
65473
64256
64325
64732
65787
64604
65428
66902
66431
64387
64307
64585
65497
65928
64792
65527
66402
64493
65427
64035
65649
65271
66459
66347
64731
64668
64577
64214
65005
64716
64395
64108
64205
64373
64028
64367
64669
68014
64646
64511
64541
65775
64724
64217
65559
64864
64132
65758
64371
64185
64261
64121
66053
66378
64740
64536
64082
64434
64285
64331
65039
64200
66132
65906
65317
64297
64036
64350
68165
66006
65710
64749
65210
64696
65696
64557
64268
65339
64990
64195
64254
64144
64422
64110
68406
65143
64287
64441
64091
64555
65029
64692
64398
64369
65794
64621
65448
65631
64846
67958
64852
65705
64978
65146
64419
64562
65850
65103
64249
64863
65532
64255
64203
64317
66307
65826
64623
64565
65814
65469
65053
64502
65636
64205
64343
64029
65825
64263
64599
64378
66510
66231
64574
64229
65106
65179
64551
64494
65502
64175
65094
64520
64515
65717
64410
65442
66011
65269
64394
64255
64513
64423
64245
64551
64349
66028
66030
64426
64843
65617
65076
66414
64979
64557
64360
64300
64399
64400
65768
64708
64221
64340
64034
65473
64604
65343
67805
66566
66251
64667
65673
64254
64338
64832
64163
64247
64411
64158
64420
64130
65751
67349
65501
66210
65373
65604
64723
64300
64600
64350
64386
66972
64776
64626
64142
64889
64541
68999
66646
66274
64408
64182
64207
64385
64321
64647
65830
64307
65422
64179
64442
65198
66928
65942
64839
64644
64229
64343
64442
64192
64482
64069
65587
64492
64304
64127
64270
64269
66960
65554
65398
64226
64458
64303
65020
64551
65506
65530
65817
64721
64327
66975
67031
66197
65838
66388
65990
64736
64128
64520
64557
65476
64763
66106
65477
65850
64472
64552
66356
64874
64749
64536
64217
64416
64455
64193
64658
64318
64878
65337
64057
65679
64919
64264
66922
64685
65887
64580
64364
65373
64699
65756
64316
64198
66319
66038
64416
64559
64255
67795
64511
65598
65618
65200
64290
65593
65712
64800
65845
64590
64099
64641
64216
65350
68601
65101
65638
64265
64569
64252
64226
66072
64794
64945
64451
64635
64681
64258
65718
65018
68301
65252
65696
66724
64403
65000
65370
64154
65533
65048
65672
65612
64759
65778
64280
66111
66901
65034
64491
64511
64323
65920
64909
64499
64638
65765
65029
64108
64361
64290
67227
66592
66114
64424
64353
65780
64522
64146
64413
64137
65830
65208
66093
64683
65590
64682
65967
64883
65472
63935
65281
64534
65438
65166
64686
65770
65313
64281
64287
64353
65980
67691
65345
66593
65249
65620
64650
64263
65497
65145
64704
64470
65165
65651
64207
64435
65698
64796
65222
65628
65040
66084
64450
64639
65315
64297
64004
65746
64279
65310
65220
64077
67616
65407
65983
65117
64840
64779
64311
64207
64241
64037
64943
67206
64270
65032
65176
67807
67810
65661
64591
64152
64690
64554
65872
64315
64127
64261
64323
65894
64182
64554
66878
65678
64806
64426
64208
64421
64401
64536
64594
64185
64220
64481
64408
64198
64387
64378
68316
65906
66562
65491
64295
64115
64625
64800
65445
64431
64120
65287
64853
64479
64278
67226
66296
65226
64486
64295
64341
64637
64144
64444
64392
65883
64492
65551
64685
64647
67187
68687
64998
65569
64281
64233
64364
64429
65644
64252
64375
64563
64232
64323
64308
64327
67565
66251
64992
65933
64286
64433
64546
65276
64635
64340
64202
65596
66374
66092
65819
67253
65433
64957
64169
65346
64791
65908
64558
65521
64403
64318
64296
65044
65239
64454
64211
67257
66350
64298
64408
64600
65721
64661
68262
66936
66112
65396
65452
65604
65933
64526
67129
64786
65674
65358
64215
66559
65334
64364
64965
64320
65963
65166
64946
66455
65598
69274
65412
67287
65265
64523
65697
64691
65735
64656
64277
64256
64266
64177
64596
64112
68361
65817
66867
64991
64164
64537
64355
64131
65554
64149
64392
64302
65061
64586
64416
64341
67645
64885
65684
64120
65678
64305
64362
65013
66383
64783
64161
64628
65594
64593
65419
65784
65312
65856
64162
64350
64038
64413
64265
65065
66038
65679
64455
64273
64092
65171
64702
68033
65977
64414
64323
64130
64442
64327
64719
66422
65134
65678
64760
65666
64402
64428
66718
65255
65041
65117
65036
64480
64269
64326
64332
65753
65809
64825
66032
65664
65156
65479
65740
64966
65150
65849
65030
64391
64739
64636
65049
65207
64100
64907
66020
64395
65640
66159
65632
65907
64244
66098
64214
66129
64686
65651
64633
64137
64452
64346
64651
64720
67780
66164
66638
64210
64328
64292
65821
64547
64831
64520
65315
64472
64977
65248
65952
66265
66279
66340
65324
64610
65212
65590
64687
67976
66632
64750
66307
65013
64511
64376
64712
68107
66140
65813
64377
64304
64487
65756
65171
65523
65224
65576
64023
64269
65042
64928
67725
65128
64963
64326
64186
65678
64990
65781
64739
65752
65185
64742
65662
65491
65418
65750
65853
66240
65342
64200
64382
65874
65280
65753
64575
64598
64403
64509
64104
64435
64235
68468
64749
65921
64898
64277
64151
64347
64040
66058
64553
65877
64826
64137
64487
64388
68176
65224
65980
65368
65427
65907
64933
65043
65350
64308
64241
65547
64438
67275
64529
67357
66945
65852
64354
64929
64431
65082
64500
66004
64727
64504
65155
65020
66037
64605
64171
67783
65282
65353
64364
65934
64553
64179
65512
64531
64305
64148
64460
65200
65752
66615
66326
66225
65444
64071
64322
64342
65675
64580
64164
65614
64268
64312
66081
65587
66044
66974
65601
65678
64068
64369
64288
64190
64941
65079
64928
64187
64366
64384
64306
64490
64355
68488
65357
65215
64415
64092
64425
64333
64432
65717
65400
64749
64319
65758
65296
64187
66228
64841
65714
64494
64138
64475
65812
64574
65536
66021
64550
64219
64520
65226
65444
64804
67319
65205
69041
66591
72676
69998
71252
77933
70166
66074
65299
68933
68682
67862
68504
69243
68236
68911
64588
64897
65056
66274
64470
64420
64907
65633
64550
65449
65011
67333
66027
65688
64986
65246
64498
64373
69143
66063
64578
64354
65452
64462
65169
65238
64383
67878
65706
66478
64457
65803
64214
64336
65192
64243
64447
64136
64294
65219
65406
65822
67757
66258
66117
64858
64751
65079
65741
64298
65122
66117
64539
64280
64251
64732
64439
65780
64836
64842
66322
65639
64258
66866
66052
65301
65377
64596
64368
64190
65386
66537
66343
68258
64886
65592
65285
66168
64642
64375
65522
64546
64094
64504
65880
64258
64794
64248
66957
64904
64986
64263
64373
64395
64416
66606
64648
64660
64439
65203
64337
64450
64344
65475
64760
65292
65369
64325
64442
64267
64329
64381
66247
66653
64888
65834
64958
66562
65029
68670
66602
64679
65382
64628
64310
65823
64361
64611
66443
64914
65713
66503
64213
66146
65428
65022
64601
66905
64775
64690
67167
65609
65648
64439
64320
65905
64852
66034
64625
67826
65701
65612
65852
66088
64765
65378
66121
64918
65011
64853
64793
65676
64366
66345
66207
67208
64878
65479
64565
65564
64560
64176
66030
66011
63957
64316
64069
66389
64528
65178
68284
64643
65664
64299
64152
65645
64610
64415
64455
64257
64394
64130
64431
64620
65552
67486
65072
66478
65554
65691
64685
64432
64447
64394
64155
64274
64293
64392
64101
66017
65268
66050
65568
64475
64455
64283
64363
64377
65426
64351
64464
65522
65119
64126
65448
65785
66773
65251
65457
64855
64357
64295
66155
66426
65037
64866
65495
64292
64299
64392
64314
67005
66157
65696
65503
64044
64308
64564
65675
64444
64368
65664
64264
64147
65484
66878
67226
68779
65804
66423
64259
65917
64388
64492
65574
65178
66105
64290
64119
64300
64906
64420
68258
67866
67312
64316
64898
64543
64455
65582
65006
65888
64601
65416
64279
64092
64413
66744
65368
64883
64337
64380
64092
64259
64965
65127
64413
64190
64321
65055
65341
65473
67311
66938
65340
64462
65453
65049
64334
64358
64473
64442
64163
64389
64370
64555
64527
64193
68497
64770
66183
64426
64097
64864
65341
64457
64375
64558
64354
64272
64211
64229
65873
64612
68842
67931
65317
64152
64491
64115
65812
64507
64052
64414
64209
64469
64295
65317
65037
67776
65767
66232
64454
64414
64118
64587
65426
64551
64363
64130
64431
64343
64365
64390
68270
65320
65386
64810
65498
64449
64404
65219
66117
64970
64192
64433
64159
64432
65565
65586
68367
66213
65903
64161
65515
65260
64126
65655
64807
65345
64338
64047
64284
64078
64889
68874
65234
65868
65832
64298
64439
64177
64397
64452
65676
65917
64225
64357
64095
64373
67492
64829
65846
66230
64181
64301
64308
64489
64121
64614
64247
65286
64645
64101
64451
64299
67040
65378
65739
65470
65926
65787
64787
65573
64432
64398
64281
64691
65359
66132
65017
68676
66859
65478
66142
64914
65621
65966
64070
65156
65136
64293
64519
64301
65374
65500
67154
66206
65840
68413
66136
64805
65410
65256
65179
64110
65219
65905
64122
64453
64564
64311
68101
64536
66522
64499
65590
64249
65851
64551
64149
65137
64382
64127
64340
64099
64494
67117
65151
65648
65636
65727
64399
64245
65252
64524
64291
64502
64143
64307
64031
65617
68182
65750
65105
65878
65679
64535
64295
64361
64343
65419
64580
65760
64145
64144
66901
65128
68099
66712
65314
64392
64471
64310
64419
64075
64379
64251
64535
64331
64219
64402
65082
68228
64377
66577
65767
65637
64610
65727
65530
64386
64004
64514
64453
64114
64206
64266
67176
65664
64958
65070
64758
64473
66067
64984
68955
64237
64945
65157
65986
65357
64672
64477
66515
67095
67373
64258
65107
64470
66237
64901
65182
64378
63958
64765
64368
65108
64529
67616
64748
64630
64268
65230
65965
66777
65694
64178
64341
64034
64630
64019
65551
65068
64269
68110
67003
65352
64301
64131
65729
65472
64323
64183
64198
64505
64473
65891
64943
65186
68270
69549
66123
64620
64001
64406
66203
64280
64967
64153
65689
64191
65938
65600
64539
66339
66171
65392
65293
64598
64664
65101
66340
65088
65605
69521
79022
70949
77866
74625
78497
72353
69665
68456
66074
69001
68861
68774
68258
68707
69687
69883
71365
68611
73449
70466
66677
67289
73064
71403
66511
66705
72274
71311
69313
70839
67439
66790
69584
69001
70765
70315
68190
66959
64516
66253
68682
67931
67174
67875
65315
64796
72113
78808
172067
86373
71779
68244
67356
67300
66534
86343
112357
74205
107337
84329
82158
89392
102999
66894
90025
80250
71187
72519
71420
67851
65779
78826
69894
66284
71820
70453
68243
69812
75810
67146
67600
68060
75643
85679
74436
69479
68451
67292
67289
67692
70106
66914
67487
68828
68490
68212
67888
67823
70370
80656
106865
92278
68784
73197
71730
75513
67060
64766
71230
68786
67022
85888
88620
82606
75095
69957
100148
79356
71198
69794
79867
76590
72859
93546
79350
72285
69658
68537
68403
94569
68452
65694
73543
71997
70684
69835
65851
65134
64419
66145
65626
64873
64201
64020
64163
64190
64344
65172
64085
64583
64003
64228
64185
66715
64626
68907
71220
69172
67936
69503
68799
67003
64317
65394
66700
65201
68090
76706
79749
70326
72051
74353
69771
65470
64370
64129
64878
65030
68245
66678
69551
64322
67229
65807
70746
65397
64203
64170
64149
63964
64412
64311
64463
64264
64542
65670
64136
64930
72760
82623
68682
65382
68371
64962
64473
68123
65757
65632
76742
72536
69318
71928
69161
69427
77450
74235
107843
76564
72521
70454
69242
67184
64837
71578
80622
74626
68781
74517
70984
67164
66509
64664
71522
68908
65560
65223
75893
68221
66957
64551
68144
75457
79860
69336
71116
68846
77217
74675
72740
78019
71966
68111
72547
66537
67599
74710
64660
64784
65005
64536
64899
64128
64437
64101
64040
64347
64122
64121
63932
64159
64262
65717
64739
63993
64464
66969
65265
67253
67656
65846
66799
66792
64632
64381
64118
64774
71229
73919
70240
66215
66934
69483
67100
65771
65398
72488
71505
69466
67316
68943
70788
67210
65422
68284
66143
64508
64099
64352
66178
67569
64143
64097
64008
64106
63967
64230
67278
64333
64228
69956
72970
66936
65228
64332
67077
67459
64269
64039
64309
63948
64103
67114
70277
70313
65652
64747
64960
64099
64337
64164
64072
64763
64397
64301
64641
67299
67084
64677
64568
64275
64204
64596
64119
64301
64074
64153
64061
64781
64393
64039
64203
63976
67902
64833
64423
64408
64124
64083
64352
64407
64398
63947
64080
64295
63934
64081
63983
65934
65246
65384
64281
63904
64131
64995
64131
64232
63886
64074
64176
64043
64095
63986
64381
66549
64674
64060
64221
75220
68093
64521
64179
63970
64095
63889
72069
73086
68706
65026
67982
64897
64968
64392
64230
72374
70264
71168
71045
70189
66146
65870
65174
64791
76005
72356
73205
71279
68450
64492
67745
64188
64036
64297
64499
64703
64447
64345
64550
65979
69469
64817
64207
64111
64045
64161
63916
64852
64112
63961
64109
64141
64263
64038
65512
68404
68990
66087
66581
64825
65673
71694
70537
70979
