65915
66108
67796
90156
67515
67268
66818
66120
66802
66132
67516
68880
67782
66983
66341
67306
66240
65574
65585
66532
66270
67586
66923
67779
66808
66754
68915
65959
66287
67127
66469
66681
67174
65740
66673
66496
67127
66882
65476
66216
67624
67135
66199
64733
66058
66044
66068
67420
66906
66136
67116
67741
66424
66248
66491
67170
67679
66497
65640
65860
65909
66561
66462
66262
66376
65401
66124
65735
65217
65593
65454
68337
66915
66400
65660
65692
68831
67894
66951
67608
67698
67924
68650
67661
68165
68747
68223
67925
68110
68118
68893
73940
70523
67981
68319
68053
65764
66722
68368
68149
71018
67338
66513
66991
68110
67804
65442
65970
66566
67651
66710
66357
65878
66779
66072
67060
66757
66406
66806
66569
66337
66528
65181
66026
66739
68080
67271
66756
65938
67326
67657
67171
66729
66278
65700
65742
65303
65945
66190
66704
67166
66882
66391
66161
66701
68912
66576
64932
65470
65542
65678
65817
65642
66887
67088
66963
66629
68122
67225
66925
68044
65484
66934
66608
67222
68688
67941
67432
65867
66368
67958
67785
67593
66505
66543
67624
67103
68260
66798
67475
66253
68796
67560
68145
68727
71402
69700
68441
67711
72664
71609
70066
71296
68636
71830
69656
70104
67758
65859
70280
68407
65066
65485
66129
76058
66383
66038
66421
65754
66465
67463
68107
66383
66847
66395
65026
65289
64597
66017
68098
64540
64877
64546
65680
64914
65052
67657
68091
64813
64592
64642
64600
64508
66821
66746
65492
64305
64050
64724
65396
64590
64799
65980
70277
67986
69114
66121
66618
67732
69031
67408
66408
66594
67344
67359
67897
67882
66446
66103
65810
66329
69116
72164
68151
89672
95815
66466
66639
68863
67355
66337
66023
66460
66340
65383
66378
66466
67397
68865
68324
68157
67211
66174
66605
67548
69244
68352
66479
66772
69089
70280
68304
73554
69682
67822
68225
65765
64781
66033
68026
69571
68089
67246
66654
66786
66709
65652
66205
68529
66456
67398
65679
66573
66808
66289
66117
67032
68337
66551
67011
66204
67284
66598
68951
67401
71239
68294
68494
67486
67963
66402
70223
69438
68967
67553
68592
68066
68764
67706
67448
66998
66109
67334
67114
66230
66435
66054
66329
66391
68362
67443
66903
68493
69906
67518
66722
68691
67814
67835
66578
67478
65690
65048
66719
66370
66304
68240
68338
65791
66703
66130
66488
66164
66323
66976
72964
66387
68746
68573
68765
78016
73824
113560
86428
79528
75991
74179
71856
68601
72268
68777
71399
72603
70072
69580
69972
66463
65973
66613
69892
69896
68195
68642
69052
67697
68343
67070
67322
67713
68855
67530
66533
67884
67671
76162
84060
71662
68952
68645
68618
68577
68025
67317
66465
69254
66124
66938
65976
67685
67005
66407
69258
66302
67910
68949
67820
74346
103154
104079
82260
68740
79497
72564
71415
74328
74483
68566
72104
74283
70149
69490
67653
68478
68407
67785
67187
66893
67663
65876
66021
66440
65525
66578
67475
68989
67918
70192
67642
67303
66260
66398
66327
66671
67083
68448
67806
67442
66329
66866
77682
86319
71701
68368
69627
69431
68455
70848
72543
72237
67671
67977
68556
67540
66298
66448
70036
86662
67471
67065
67773
68325
68787
67458
66760
66732
66716
66715
67271
65455
66882
72039
67486
66274
66110
66601
67212
69490
68753
67008
66718
66701
67423
67088
67585
69451
66553
66038
66036
65137
66378
65112
66404
68787
64747
65869
66911
66379
66036
65696
66092
68831
65660
65749
64692
65966
64545
65360
66332
66248
66007
66628
67458
66427
66536
65703
68584
64897
66048
65025
65398
64714
64900
64845
65395
64816
64788
66323
64754
65070
66218
68240
65651
64910
65893
65918
66265
66727
66544
66270
66322
66237
66271
66191
66446
66186
68005
66367
65060
66758
68512
68002
68271
68320
67549
66408
67828
67238
66648
67013
67806
71951
67818
66787
66137
65360
68687
69330
68467
68798
68399
67865
67856
67632
66449
66413
69274
65582
65747
66239
67002
66842
66541
65748
66289
67522
65409
67802
66291
66332
65277
68812
64693
66586
66898
66370
65627
66270
66461
66386
66213
66220
66254
66285
66363
67007
68045
65880
65120
66278
66767
66043
66500
67561
71068
68922
68014
68153
67916
68042
71849
70370
67856
68093
66323
66388
66190
66573
66836
66064
64875
64711
66182
65589
66524
66330
67938
64925
65454
66108
67435
67173
66370
66990
67439
66318
66263
67127
67223
66268
68630
67108
66248
66267
66100
66827
65415
66519
67525
66395
66310
66246
66292
66389
66663
66380
69854
67755
67097
66949
65865
65013
66449
67317
66573
66786
66982
66362
66247
66648
66418
69709
65733
66582
65288
65291
65060
66356
66082
66339
66988
66325
66808
66442
66559
66070
68744
66091
66354
65239
66144
66355
66458
65717
65849
66209
66386
66237
65544
66287
66841
69784
64732
65895
66066
66269
66157
66154
66538
66357
65493
66496
66357
66299
65943
68089
69898
67432
66541
66214
66375
65968
66335
66351
66100
65098
64835
66802
68980
66028
66389
67905
66291
66221
66267
66755
65939
66448
65395
65793
66406
66161
66365
66647
66235
66423
68412
65967
66330
66408
67238
66900
66410
66168
66716
67730
67311
67807
68913
68471
68503
71766
67788
69502
68377
67216
67975
67169
68853
73523
68974
68417
68640
68606
68334
70239
67504
67718
67873
68370
68105
68112
66358
65064
66058
65406
66401
66717
66508
68285
68964
67951
66490
66375
66371
66588
66400
66653
66326
66396
65418
65394
67253
66368
67224
70287
66565
65257
65516
66452
66583
66868
66029
65993
66462
66354
66264
66421
66018
66641
70367
65141
65652
65630
64748
65663
64715
66034
66278
65354
67915
66824
67082
66672
66915
69436
65591
65883
66129
66482
65042
66251
66480
66039
66453
64905
66253
66519
64844
66640
69144
66626
66424
66378
66384
65857
64723
65955
66061
66577
66147
66402
66304
66095
66645
66801
68366
66182
64916
66275
66377
66866
66209
66377
66389
66102
66273
66457
66131
66549
66049
69272
66265
66150
67007
65737
64757
65740
66013
66394
65392
66879
67274
65984
66647
66468
68287
66868
64751
66161
65524
66348
66352
65082
66031
66873
66400
66327
65447
66615
66165
68570
65544
65270
65886
66133
66344
66326
65530
65949
66096
67050
66814
66918
66397
66278
67691
67835
66603
67000
65743
66193
66448
65086
66408
66210
65037
66315
66454
66307
66306
67331
68780
64511
66336
66635
67097
66433
66109
66188
66151
66467
66428
66423
66285
66453
66590
68159
66264
66349
66298
66607
66264
65445
65988
66527
66398
66397
67019
67536
65060
66628
67945
65924
66648
66229
66267
66491
65592
64816
64953
66322
66335
66286
66321
66573
67059
69696
65187
66019
67016
66103
66370
65962
65946
66129
66342
66293
66194
66791
66417
66767
69173
65535
66255
68059
69128
67642
68790
68497
67923
68511
69119
67708
68997
66478
66477
69643
66226
67374
70312
67452
69361
67416
66410
66292
66247
66302
67050
66197
66132
68864
73435
66999
66622
68125
73285
71057
71421
72264
71646
75018
68591
69033
71623
68856
68609
69380
73286
71015
68194
68155
69474
69936
69299
66875
69650
69363
69613
69742
69473
69753
68256
68317
67687
68300
68247
65359
68205
68639
68685
71464
68560
68164
75312
73329
68630
67062
66400
67299
64365
65358
64865
67675
65489
67720
73275
69024
66867
66925
69057
67237
66767
67158
66875
66581
67207
66691
68850
69147
66335
72838
70889
68359
68915
73095
68408
66288
75671
67360
67180
67247
68407
66911
66577
66794
72607
76713
70992
74561
68359
67610
67397
67675
68630
68268
68377
69739
67771
65832
64102
68086
67948
68019
69653
64513
65842
65444
66771
67063
67742
68571
67127
68294
64867
67193
67046
68666
67613
74104
68194
66877
64394
64270
64297
65384
66042
66039
65631
65896
64592
68116
66793
64517
68241
66785
65468
65294
65495
64281
64431
64274
64426
64435
65938
65394
65072
66135
65300
67334
68633
67828
67856
67853
67312
66469
66555
119072
107560
81845
75265
70483
68673
68506
67991
67235
70030
69024
75817
68100
68072
68313
66746
66387
66672
67046
66023
70811
66695
104383
98033
103418
99321
95504
78411
74834
73081
99730
69592
94898
95140
73708
71555
67812
66475
64264
69762
68549
69562
72925
70331
69678
67580
68160
69437
68149
67634
67382
66917
66290
68491
67718
70320
85068
77301
92030
73112
69493
68393
69307
75636
68221
69046
78547
77593
101569
73448
76925
68933
72736
89837
117095
75426
103074
111051
81949
72073
72385
68462
67620
67182
70243
113567
72355
67616
69019
69802
66541
70640
70446
66996
69116
68916
69579
67370
66663
73640
69196
68344
67204
67197
68389
73319
75684
72044
71488
74203
74869
70267
69668
71289
68558
68071
67741
68490
68279
66436
64741
64888
66440
68592
69501
76032
73832
68759
68153
68061
67173
66458
73071
73220
86300
74623
76562
77797
79757
76801
88589
68662
79141
74578
78825
75995
73380
70656
68334
67682
69291
67398
67023
64935
65457
69303
71147
74546
77112
70373
67431
66769
66925
64581
65564
65229
64765
64762
65762
65531
69170
68190
67688
68170
69182
67322
68007
69235
67735
67188
65734
65668
64749
64481
68586
65841
66037
65475
66930
67611
67953
70401
65445
64438
67886
70885
68820
68281
66996
69457
67899
66851
68899
81858
114449
72819
72522
73106
68241
80127
72177
71051
71414
71718
70909
77155
74638
70736
68851
68523
76726
73056
71409
74347
71150
71465
76835
73403
78177
71763
75810
67985
68063
67791
65873
65762
66900
68745
67360
69685
73620
68808
69534
69672
69583
68164
66814
77890
69676
68274
65875
64740
67572
65018
65004
68145
64595
64807
65672
65742
65037
64530
64193
64643
64258
64324
65408
64935
64657
64864
67576
66037
64805
67147
66009
65468
67097
65176
64684
64607
64746
66238
65643
64367
64733
65957
70611
65561
67512
68093
67833
68490
69084
69752
68963
68776
70829
68253
67266
67403
71675
68103
83477
79641
69631
71308
68556
95470
69898
72194
73673
73418
71171
70036
82606
75096
69567
68445
71491
66880
66421
66875
66375
68309
67505
70384
70916
69324
73781
69372
66835
65513
67759
67523
66907
64355
65863
64982
64277
65029
65455
67264
65821
68575
64438
66041
66004
66055
65789
65788
64787
64537
65253
67751
66203
66904
66865
66176
72908
67985
64294
65813
65304
65561
66863
68473
65767
67408
66562
66947
67369
67095
67764
69078
68136
65466
64231
68766
70063
68733
66709
67849
67508
66256
66796
67888
68362
66694
70994
66451
66474
66019
66483
65196
64931
65947
65986
65708
65110
65596
67390
67160
67541
70750
64486
65881
64255
64481
66400
65292
66108
64503
64913
66013
65111
66150
66164
64453
68988
64632
65681
64630
64458
65686
64086
65991
64584
64407
66752
65890
67570
65419
65293
67340
65477
65807
64279
65100
66942
64888
64745
64936
65722
65952
64307
66699
67698
67012
67582
67476
65810
66654
65851
67331
66340
67361
67730
70288
69177
69407
69326
68113
66278
67674
66626
66351
69284
69339
69976
67263
66207
64873
65752
66974
66207
65740
64844
66191
67317
66245
65779
64886
64411
65433
65174
64254
65366
65392
66198
69885
75392
69890
69712
74242
67968
67638
67371
66220
65420
66583
68272
67145
66484
66045
66653
65990
67963
68575
75170
68867
67654
64779
68641
69080
65579
66108
72321
69287
65324
68434
69881
68595
70647
65607
66182
66167
68821
66063
66083
66250
64779
65272
64414
64776
65869
64015
64684
65731
67117
65522
65754
65729
64841
65256
64432
64133
65900
65623
66671
66150
65241
64490
64283
67566
64985
64658
64568
65339
66959
64286
64103
64406
64518
65706
64320
65765
65300
65608
67960
65199
65095
65732
64476
65653
64277
65625
65685
64664
65967
64634
65695
64334
64055
65891
67658
64614
66426
65473
65802
65690
65322
65342
64825
65468
65953
65701
64484
64082
64462
68672
67222
66079
68534
71207
67375
66055
65542
67522
68459
68390
68220
67273
66808
68415
69462
65973
66241
74938
72522
68271
65149
65379
66102
65269
67256
71688
68366
67444
71513
68069
67976
69065
67307
66259
66795
68140
64979
82989
70023
67481
67305
66120
67309
71494
67302
67315
67026
68234
68588
67164
71227
69833
68391
66014
66815
64634
65268
65623
68366
64985
66111
65652
65242
65666
64777
65016
65012
65521
65617
64825
65908
64378
64273
69423
67466
66661
66291
67030
65733
66393
66315
69178
67745
65256
65239
66316
65619
64365
68688
66716
65290
65325
66342
66844
66850
67505
66875
66515
66760
64646
66370
64166
64929
67859
64312
65776
64721
65582
64826
65394
64361
64437
65670
64732
66025
66323
64923
64373
65938
65429
64766
65359
66069
64307
64946
64455
64656
64913
64219
65970
65672
64751
64585
64094
68306
66696
65938
67492
64924
66737
65736
65950
65997
64360
66030
64513
65802
64625
65511
69153
66079
65267
64339
64273
66331
64672
65746
64931
65268
67371
67302
68726
66163
66140
67687
66009
66043
64597
64370
64696
66858
66927
66129
65796
67892
65408
65334
65533
64433
66635
65187
65039
65115
64294
64284
65307
65587
65481
64256
65834
64720
65484
65515
64532
64565
68032
65852
64450
64134
64659
64650
65381
64454
64186
64491
64497
66034
64845
64060
64426
67764
66263
65853
64302
65737
64701
65957
64372
64272
64584
64841
64336
65408
66112
65323
69135
64185
64998
64945
64401
64349
64350
64974
65173
66915
64577
64262
64596
63992
64644
64049
67982
64907
64397
64307
64261
64390
64117
64651
65902
64159
64766
64941
65827
65160
65332
66287
64208
65883
64308
64298
64854
64568
64627
64873
64952
65465
64677
64758
64294
65564
66744
64639
64737
64233
64163
65326
64583
64355
64731
65392
65920
64104
64716
64222
64255
64564
69185
66251
65915
65518
67425
65231
68178
71370
68034
68585
67746
66012
64934
65623
68842
73641
68140
69252
66216
66623
68673
70584
69849
67269
64999
64611
64431
65354
65671
66416
69573
67614
65393
66248
66318
67507
67090
66889
65512
64570
65727
67372
68530
69694
73835
71051
70297
67948
70610
68229
67924
69950
68997
66829
68462
68172
71330
67930
68664
75620
68190
68363
68550
66040
65897
67837
69610
66425
68223
67106
69700
66493
65717
66939
71519
67111
66099
64259
65571
65829
66843
66302
65142
65996
65847
66731
66175
67594
68360
68065
67017
67297
66240
66374
65998
65624
67496
66211
67238
66671
66702
66278
65472
69042
68719
66990
65576
65771
65866
67624
67009
66034
67014
65047
65909
66134
65792
65353
65825
66809
64644
67295
70171
64558
67239
69346
66613
64100
66823
64963
64345
64974
69884
69462
71166
66871
66816
65463
64368
64364
64637
65617
65535
65063
64930
64274
64274
64296
65074
67587
65474
64440
64257
64312
64080
63890
64606
65872
66177
64502
64057
64608
65769
65613
67918
65077
65903
66219
64593
65217
66722
67909
65910
67954
71677
68505
65358
64447
64131
65955
64086
64850
65497
65339
64421
64164
64316
63947
64127
64049
65566
65727
64276
64215
64485
66991
64419
64200
64791
69699
69016
68310
68654
68323
71039
68406
66750
68510
69522
71349
66503
64601
66223
67897
66703
71061
66619
65826
67422
64244
66304
66481
66387
78382
72227
66239
64856
64217
64011
64189
64375
64295
64099
64049
64267
64142
64319
64319
64014
64370
66862
64453
64254
64051
64251
64037
64048
64605
64335
64496
64773
64512
64648
64332
64652
66568
64481
64637
64377
64260
64202
64205
65172
64724
64341
63973
64476
66550
64223
64642
63882
68419
64444
64314
64677
64166
64636
64538
65037
64184
63978
64373
64090
64890
64339
64025
66120
64220
64458
64767
64332
64484
64127
64558
64250
64478
64430
64153
64680
64150
64038
64090
66001
64474
64078
64393
65392
69479
67181
66683
64459
65454
65158
64695
64477
64974
65605
66952
64793
67400
69836
69160
65308
65079
64369
64952
64576
64202
65021
64422
64499
64120
69304
67934
67577
66909
64838
64652
66561
69337
68190
66849
65037
66085
67972
65819
66894
65978
66327
66771
63978
64875
65701
66544
64173
65156
64150
64118
64202
64219
66912
66549
66948
77785
76279
66935
64410
64112
65000
68771
66272
68458
67575
66894
66470
66870
66571
71377
68006
66477
66681
65799
64260
63879
66266
66332
65761
66737
69578
66794
64130
64278
66467
66372
67256
69269
66864
65805
65255
65171
64280
64270
64448
64370
65653
66198
64657
66526
64947
65190
64230
64157
64849
64615
65126
68309
65781
64582
66459
66776
68147
66227
70315
66876
67070
66297
65045
64634
65482
66221
65468
63932
64149
64013
64348
64099
64967
64902
66604
64168
64751
63903
64226
64161
64571
64819
64504
64323
63911
64172
64210
64129
64125
66435
65320
64646
64363
64127
64084
64231
63925
64523
65892
64582
64524
64167
64195
64073
64200
67173
65151
64951
64754
65015
64474
64214
64179
64008
64431
64829
64163
64485
64195
64563
67523
64356
64303
64357
64786
64404
64060
64532
64231
64252
64087
64351
64957
64329
64186
64272
66887
64826
64569
64586
64985
64701
64289
64077
64992
64009
64268
64285
64570
64520
64102
66780
66208
66468
65253
65581
65405
64461
65218
64325
64037
65755
65291
64580
64692
64386
66231
64778
64444
64700
63888
64226
64138
64598
65158
64450
64179
64000
64191
64169
64122
64493
66190
65151
64805
64068
64117
64086
64132
65004
64509
64363
64166
64481
64396
64310
64025
65411
65848
64685
64594
64098
64211
64204
63948
64525
65650
65053
66376
64179
64954
64323
64751
66915
64578
65094
64449
64161
64009
64073
64024
65418
64911
64394
64286
64367
63925
64174
67367
64459
64861
64693
64960
64323
64528
64399
63912
64319
63976
65383
64780
64295
64149
63868
66926
64153
64438
65034
64582
64845
64499
64381
64556
64517
64197
64258
64482
64294
63909
66133
64568
64315
64105
64232
64624
64193
64113
64054
64305
64419
64055
64573
64359
64800
64563
66821
64079
64558
64098
64441
64232
64535
64181
64121
64266
64016
64150
64334
64787
64487
66101
64771
64555
64360
63960
64217
64541
64496
64544
65235
64268
64200
64224
64109
64280
65123
66591
64561
64386
64191
64251
64185
63985
64637
64299
64473
64379
64156
64236
63955
64167
66774
64554
64523
64379
64411
64313
64090
63966
64230
64624
65330
64630
64433
64321
64200
64084
67799
64362
64561
64178
64297
65598
63991
64414
64656
64293
64500
64073
64386
64057
63971
66518
64496
64611
64266
64593
64313
64118
67440
67089
66381
66661
66110
66829
65959
66559
66620
65692
64315
64307
64903
64800
65796
66369
65403
66487
65999
64554
64842
64528
67694
69667
68287
64599
64668
64036
64575
64704
65085
64162
64220
64303
64144
64286
64183
64467
64711
68633
65799
64967
67832
69065
66538
64985
65647
64439
65195
64037
64558
64538
64245
64402
65917
65550
64225
64182
64032
64780
64608
64737
64983
64550
64093
64239
65091
64425
64180
64258
67421
64454
64627
64026
64382
64321
64976
70705
68401
71595
67707
68274
68135
67187
66569
73169
68505
67116
67721
67946
67800
65058
64360
65338
65339
64577
64672
64643
64593
65856
71188
66449
67116
67777
67937
67098
67106
66749
65590
64239
64732
68091
68751
68376
68624
68596
67538
65916
65209
67414
66071
64462
65110
65496
65173
65980
64393
65780
65699
64934
67460
68318
67391
67604
67215
66908
68202
67296
66739
66909
66825
68016
67184
66489
65520
68109
65393
65125
64978
64553
64208
66198
68173
67280
67314
67191
66422
68479
67161
65783
69427
66181
66018
64122
64788
65960
65442
64374
65570
65706
64858
66068
64993
65368
66873
69006
66361
66754
65913
64897
66174
64546
65410
64337
64519
65448
64955
64920
64525
65759
67480
67509
65617
65980
65132
65717
64263
65301
64552
65681
64664
64523
66798
66735
65765
64597
69605
66946
65496
64408
64536
65564
64691
64160
65692
64340
65495
66017
64358
65908
64585
68621
64403
65650
64614
65272
65854
65952
66321
65763
67475
64654
64476
65738
65135
65451
69970
65775
67910
66046
68014
65212
64435
66268
68425
68248
67601
68862
65865
64169
67779
69319
67024
66377
65520
64382
64474
64524
64116
64571
65970
65810
69847
69210
69108
69678
73530
69390
68634
71548
69736
68150
67174
66791
66320
66406
65573
64831
64382
64499
68344
70400
64332
64757
65766
66036
65932
68555
69306
67470
65695
66865
67259
65248
65783
64369
69058
68573
68979
65930
65332
65440
66322
70151
68354
67103
65983
66709
64732
65230
64849
68079
64407
65926
65922
65051
65692
64829
65179
64891
65813
66174
64480
69444
70992
66597
71401
69192
69376
66991
66873
69544
72261
71445
70002
68570
67308
67030
67777
67053
65280
82995
68056
66092
66470
70840
66819
64326
64474
65818
64340
64354
64437
65284
64427
64532
68233
64356
64344
64180
64720
67182
66779
66172
65523
65762
64854
65631
66212
64987
64362
68782
65696
65523
64195
64580
64347
64220
64417
64255
64611
66026
65682
65288
64124
64496
67881
64700
65211
64862
65343
65458
65621
64242
64475
64592
65919
64359
64389
64958
66659
67740
66048
65536
64453
64360
64392
64228
64640
65239
65438
67795
68834
68048
66641
64613
64194
67360
81027
69378
67178
65995
64601
66808
67852
67010
66300
66181
65804
64812
64209
64313
68710
65154
65645
64256
65513
64700
64988
65186
65648
64974
65119
64355
64409
64342
65003
67779
65842
65567
64742
64506
64014
64380
64499
65876
65457
65806
64698
65578
64690
64558
65787
66069
66124
65853
65318
64464
64424
64141
64527
64344
65502
65603
64953
66042
64242
64378
68865
65989
65731
64211
65907
65743
64358
64375
64180
64344
64236
64493
64750
64466
65276
67359
64110
65100
65872
65948
65556
64239
64659
65558
66408
64488
64853
65133
65380
64438
68167
64929
65444
64599
65714
64348
64182
64446
64151
64547
64195
65255
65364
65092
64362
64297
65679
64383
65932
64361
64391
64345
64879
64360
65565
66962
69635
66657
66411
65553
66109
69341
64554
65771
67692
65600
65392
64397
64146
65335
65543
66332
66485
66286
64901
64074
70627
65985
64791
66172
64840
65337
64289
64210
66303
65363
64607
65846
66195
66145
64555
65772
66401
66673
66760
65882
64769
65425
65166
64562
64448
64239
65208
65711
66481
65756
65228
67446
65900
65740
64663
64450
64459
64145
64444
64466
66013
65223
65278
64986
65685
64625
66816
64626
65662
66065
65563
65141
64987
65429
64901
64505
64703
64305
65845
64727
65630
68161
65042
65806
65481
65764
64415
64323
65017
65456
64534
64334
66477
66053
64914
64437
68644
66141
65534
64582
64354
65784
64455
64486
64301
64519
65066
65626
65423
64831
65809
65486
67531
65070
64588
64819
66222
65358
64269
64306
64364
65291
65727
64377
64338
65763
64779
68894
65300
64451
64366
64256
65869
64205
64413
64632
65572
64347
65031
65847
64601
65067
64971
69153
64455
65545
64316
65950
65948
65126
64428
64128
64967
64996
65344
65680
65034
65702
67564
64451
64666
64025
64953
65830
66029
65572
64603
64587
64367
65961
64671
64074
65233
68311
64196
65128
65075
64423
64199
64485
64381
65013
64891
65052
66408
64473
66135
64483
64316
68253
64955
64323
65363
64769
65276
64313
64291
64502
64127
64466
64567
65554
66339
65297
67251
66477
65556
65220
64212
65155
65620
66376
65257
64714
65448
64802
65553
64342
65910
68155
64316
65273
66870
65609
66251
64704
65272
64863
65988
64715
64267
64254
65258
64979
66700
66695
64710
65978
65137
64743
64102
64512
64686
66112
64672
64734
65809
64754
65748
64647
68449
65986
65795
64176
64549
64078
66788
65211
65044
66482
64159
66101
65652
66963
64556
68330
65900
65057
64988
65156
64217
65942
64883
65073
65622
65223
65929
65035
65570
65793
67249
64844
64792
65160
65120
65884
64462
64426
64431
64467
64134
64531
64390
65685
64862
65631
68932
65595
67673
64407
64758
65214
64571
65808
64661
64169
64503
64134
64597
64223
64313
68733
66047
64930
64370
64122
64383
64041
64407
64638
64288
64933
65416
65756
64536
64171
67437
65937
64807
64583
65349
64628
65686
64556
64591
65425
64996
65072
64319
64444
65381
65047
66774
64902
64776
64236
64325
64116
64860
64402
65822
65090
65092
65523
64442
64375
64396
66258
65501
65324
65320
64473
64753
64693
64328
64800
64833
64723
65570
64859
65982
64532
64321
68420
65868
65435
64283
65157
65658
65142
64474
64550
64497
64464
64149
64793
64224
65866
66729
64797
65613
64296
64493
64252
64271
64355
64369
65735
65340
65200
65760
64075
64492
67575
65441
64536
64412
64577
64299
64192
64376
64112
65739
64784
65449
65063
65994
65248
64454
68531
64484
64374
64648
65857
64939
67186
67136
65354
65611
64759
64903
65351
64303
64452
68541
65846
64662
64519
64335
65883
64372
64186
64354
64461
66129
66698
71972
66592
65591
65817
65920
65557
66162
64790
64631
64582
64376
64548
64347
64661
64609
66384
65641
64290
64521
66723
65932
65572
64263
64607
64400
65753
65252
64801
65597
65101
67493
65413
64750
64507
67678
65407
66601
66320
66170
65695
64540
65239
66185
64623
65247
64735
65313
64932
64500
66646
64312
65182
64485
64610
64279
64804
65581
64156
65311
64858
64547
64745
65224
64459
66086
67207
64851
64186
64320
65459
64749
64378
64321
64455
64852
65324
64171
64497
65589
64081
68420
64697
65702
64528
64382
65789
64559
65415
64499
64222
64391
65807
64667
64365
64099
66090
65806
65735
64622
64183
66796
64176
64329
64308
64206
65352
64423
66358
65700
64653
64536
68921
64680
64226
64149
65174
64286
64448
64723
66127
66081
65144
65724
64866
65281
64621
68411
66121
66004
65081
64851
65740
64993
64294
64109
64374
64147
65620
64978
66403
65326
67039
65352
65078
65286
64336
65558
66442
64370
64309
64342
65452
64743
64466
64667
64284
64314
67142
64171
65797
64305
65816
65222
64016
65918
64266
64364
65185
64755
65919
64561
64836
71394
66295
65989
65446
65359
64456
64248
64443
64237
64441
64497
64139
66725
67855
68074
69420
66502
67509
67604
67800
66697
64838
64979
66211
65808
69091
68593
68204
67210
67022
68436
67885
65534
73677
67774
66563
65898
68621
68484
68053
67658
68415
67880
67701
66256
67349
66756
67885
67818
67057
67778
67786
64791
65845
68117
67345
65301
65467
67971
65697
70482
66569
67753
66957
68857
68278
67745
66048
65100
66237
66183
72743
68249
68110
68465
69718
65872
65779
64448
65760
64798
64078
65902
64690
65393
64449
64139
65783
65783
64540
68257
64123
64567
64111
64494
64561
65773
64576
64435
66288
64687
64484
65190
65622
66413
67547
66114
66178
65505
64700
65239
64767
64944
64432
64445
65275
64277
64410
66292
65024
65795
66191
64891
65885
65850
64864
64939
65551
64641
64533
64369
64358
65541
65152
64877
64760
67233
64819
65964
64942
64401
66123
65776
64133
65643
65276
65283
64403
64377
64466
64513
67156
64569
66475
65063
64361
65805
64323
64054
65628
64657
64388
64352
64170
64892
64201
66385
66795
64455
65551
64036
64695
64297
64321
64438
64463
64539
64445
65559
65194
64806
65727
68823
64805
65735
65004
64851
64623
64497
65308
65028
65784
65707
64386
64496
64182
64551
66076
65584
66154
65284
64680
65597
64253
64237
64261
64707
64105
64528
64405
65801
65073
64084
68786
64470
64769
65343
64216
64311
64078
64365
64297
65312
64881
64699
64990
65424
64204
66936
65003
64584
64899
65558
65571
64217
64348
64316
64272
65838
64156
64373
65591
64228
66345
65098
64893
65936
64511
65002
64148
64802
64412
64873
65359
64880
64383
64674
64206
64336
68366
66193
64626
64290
64695
64341
64407
64761
64358
64423
64469
64406
64320
64412
64352
66297
66506
64992
64328
64122
64543
64362
64052
64354
64216
64328
65230
65008
65705
64394
64410
66895
65901
64627
64017
64415
64300
64169
64373
64067
64561
64495
65559
64549
64110
65803
67836
64923
66205
64084
64450
65760
64248
66861
65514
65792
64643
65695
64961
67937
64920
68919
64356
64678
64049
65250
65183
64105
64164
64279
64405
64174
66005
64243
65683
65043
64069
66995
66159
67387
64863
64315
65711
64852
66058
66880
67672
68160
67387
67095
65362
66765
68337
67433
65582
65840
64666
67172
66838
64562
64844
67169
67514
65976
64974
65874
64250
66516
66068
64616
64531
64596
65248
65082
64767
64467
64427
65502
64391
64561
66027
67798
70775
68278
66248
67715
65664
65160
64410
78424
70266
66728
64997
65799
66157
66143
66959
71197
66218
67240
67639
65924
65350
66211
65055
65270
67179
67232
67675
65835
67017
65861
66134
64393
65447
65015
65330
65923
65529
65642
65369
64493
65115
64404
64409
66218
66728
69122
67725
66917
64646
64590
64554
67252
65507
65589
64489
64097
64318
64396
64581
64427
64223
68597
65802
64370
64612
64443
65557
64230
65068
65008
64322
65775
65105
65543
64688
64110
67155
64779
64327
65332
65214
65303
65477
64238
65687
66943
68059
64556
65684
65377
65691
67434
65603
65127
66384
65681
66989
64234
64389
65546
64699
66342
64672
64538
65810
64233
64392
67259
65628
64626
64060
64808
64296
64258
64360
64873
64599
64405
64738
65377
65698
64440
66085
65925
64921
64309
64469
66148
65913
64940
64318
65531
65984
65023
64729
65507
65886
67474
65341
64445
64240
64398
64781
65503
64147
64757
65426
65998
65292
65464
65416
65341
64734
67863
64397
64633
65242
64149
64583
64376
65589
64399
64210
64908
65711
66194
65280
65273
69237
64372
65765
64860
64604
66110
65623
64901
64499
64196
64411
65612
64336
64215
64170
68409
66292
64663
64205
64154
64513
64219
64353
64318
65439
66593
64834
65597
64935
65262
64558
67138
65797
64674
65519
64737
64137
64557
64348
64321
64427
64137
64446
64812
65243
65093
66936
65768
65095
64278
64508
64087
64776
64835
65858
64412
64326
65704
64862
67374
64224
67847
67522
68004
66521
65441
64288
64337
64377
64297
64749
65195
65664
64655
66018
64984
64346
67665
64318
66016
64715
65607
64558
64292
64419
64357
66126
66357
65572
64946
64265
65638
68642
64225
64971
64240
64292
64490
64098
65925
65654
65832
65164
64226
64361
64349
64282
66792
65890
65464
65882
64151
64370
64124
64334
64245
64473
65058
64689
65755
65368
64825
64630
66055
65784
64466
64297
64696
65628
64391
64490
64534
64486
65985
64510
64306
65889
64783
66883
65586
65225
64395
64310
65653
64201
64313
65061
64361
64413
64282
64147
64878
65751
66663
69336
65860
65924
64312
64638
64316
64258
64635
64090
64601
64569
65293
66386
64705
64428
65854
65870
65339
64202
64538
65803
65231
65342
64381
64614
64989
64418
64473
64199
64518
66651
64693
64905
65291
64341
64290
64336
64477
65561
66051
66938
65328
67327
67697
67748
70594
68356
67662
68271
66010
64451
65032
69386
68007
68344
67537
64783
68114
68332
68799
70479
68203
68099
67833
65783
68153
72822
68906
67669
64956
64341
65710
64422
64272
67263
68870
67806
68503
66640
65426
67110
67730
66832
66383
66393
64641
66969
66445
66886
66843
70629
66817
67835
67450
66630
64858
65181
65615
66387
67549
65948
65966
65753
66675
68317
68854
66274
65190
66337
72510
66958
66462
66767
64285
64795
65777
65733
65213
65386
65923
74242
68251
67644
66183
66424
65438
66617
64834
66413
66493
66821
71600
80610
69313
69270
73067
67259
69120
69879
68198
69506
74012
75596
75896
72495
71149
71616
70333
67972
69715
66171
65562
64536
66221
67537
65544
68840
66804
66465
64783
64625
66986
65921
65211
70959
66846
66838
65151
64590
67602
66210
67420
68840
70885
69283
68007
68247
68043
66157
69735
67454
65717
71655
68439
68969
68741
68061
66795
69295
68027
68837
68351
68312
69964
66827
71387
68709
66167
66176
66278
65324
69801
65699
66169
66832
66808
65135
68094
79677
68004
65997
64110
64410
64254
67097
66811
66232
64514
64111
64997
66640
67289
67989
68826
64375
67830
67087
67329
65490
70453
77905
67721
68226
67781
67056
67366
65978
67321
70105
66779
65942
65471
64908
65828
67436
66504
67019
65597
64606
65888
65983
65157
66446
71158
65494
66891
67850
74954
67639
66627
66947
69497
67131
65044
66610
66870
65223
66718
67728
64745
63944
64527
68984
65982
65207
63970
64545
64155
64272
64151
64317
64494
67038
67151
64616
64943
67288
65947
64589
66277
67197
67917
67974
66816
65646
65898
64541
66632
73375
67339
64989
66945
68321
65194
64698
67541
65298
64909
66664
65552
64829
64294
64265
67693
64936
69147
69831
69460
77420
76573
65467
64444
65671
65552
64729
64940
64167
64318
66821
64635
65365
64241
64633
64557
64530
64706
65219
66682
66339
64663
64580
64305
64214
65515
64252
64879
64396
64675
68378
68926
75646
74678
64737
64872
65596
65045
64721
64654
67747
64774
64443
64025
64195
64333
64075
65623
73257
85646
66797
64248
64528
67064
67522
67034
64783
64912
64454
64429
64535
63938
64337
65603
64452
64860
64182
64356
64460
64379
64211
66033
64384
64061
64162
64525
65217
64185
64096
64451
64350
64449
64140
64154
64234
64384
65863
64204
64235
64160
64037
65575
66096
64603
64900
64462
64375
67914
64198
64330
64006
64828
65387
64549
64543
69522
68000
66189
70485
66945
66731
69139
71565
69044
66070
65546
69808
64770
64611
64106
64651
64572
70786
64347
64547
65316
66186
64950
64050
65606
64383
64169
71613
64605
65733
63944
64371
64082
64351
64207
65553
64424
64125
65757
67230
66734
65830
67595
64562
71686
69088
81394
73934
68576
67840
66656
69209
67907
65823
66198
64050
65155
64848
65990
65829
64187
64627
64914
64620
64018
64249
64588
69988
64787
64160
64149
64587
67615
66026
67579
75501
78780
66466
64346
64117
64487
65155
67086
67099
66708
64882
64131
66436
64445
64236
64979
65739
65848
66683
66951
70479
82948
65852
64281
64686
64437
64186
66482
64257
64201
63937
64300
65450
64339
64451
65334
65153
67648
68511
76926
70899
64288
66377
64642
64663
64232
64437
64497
64450
64599
64188
64601
64598
64152
64394
63972
64248
66016
67225
81699
70260
64391
64476
67186
64486
64108
64501
66405
66572
64898
65117
65059
68129
68302
71270
74518
74749
67722
69000
66785
66193
66017
64817
64941
64383
64588
64038
65994
64444
65041
64973
64364
64382
65622
70487
68449
69169
70978
70562
69051
70419
70449
71001
68226
67154
64636
64558
64353
65589
64689
66980
68809
68848
64956
65385
68343
66421
68457
65861
66528
66804
64776
64407
65446
69318
77322
78160
66662
64452
64390
63918
65134
66032
64496
64855
63970
64327
64921
64534
64593
64017
64339
64419
65557
65220
64022
65587
66115
64817
64573
68077
65061
66466
64798
65828
64155
64550
65251
64487
65432
64608
64481
67171
64438
64592
65405
64852
64430
65478
64029
65757
64338
65441
64412
64265
65881
64186
63970
68736
65375
66862
64788
64298
64347
64016
63990
64390
64669
64649
66285
65325
64813
65624
66965
64237
64183
64414
65817
64515
64186
64342
64460
66079
64287
64248
65389
64321
64138
67844
66240
64448
64130
64179
64922
64196
64094
63946
64332
64233
64260
64155
66459
64238
67492
74810
68436
82864
65772
68025
69554
80222
67742
66363
65745
64266
64421
71123
67902
68495
66238
64617
66528
66779
66997
68839
73560
67388
65398
64326
64547
64887
65099
64505
69168
65706
65958
64891
64625
64591
64518
69293
67690
68240
69618
78058
77132
76295
159205
81539
83409
73931
74309
69664
69504
82174
75689
78163
69913
68463
69296
69445
64814
66703
65122
66927
66810
65287
65833
68969
66867
67135
70746
71331
65440
64596
67158
64343
70640
69027
84645
72478
67661
64686
66719
65293
65845
66701
67813
66946
71304
68786
67319
64661
66276
69895
69482
66782
65758
69020
66500
65034
68515
70964
66901
69996
68031
65424
64238
63994
64340
64539
64085
64252
64325
64289
64036
66464
65454
65854
67789
66145
67183
66409
65801
64793
66561
69366
66110
64708
64050
64315
67058
65639
66834
68553
69270
66763
66669
66420
66433
66201
64398
66580
64115
65993
67319
64450
64392
64000
64430
66522
63880
65651
66834
65697
66743
66710
66719
66923
68556
67117
66347
66551
66893
65473
67317
66229
65373
64425
64421
64520
65590
64456
64191
65055
64572
64227
64578
64223
64131
66322
64181
65494
64190
66619
67218
66878
65896
64992
64063
64273
63931
64290
64308
64156
65981
65058
64317
64527
64376
64436
65527
64640
64010
64065
64237
64198
65761
64188
65813
65450
68940
65344
64042
64957
66910
66334
66822
66824
67015
64173
63943
65466
66544
67272
66023
66751
65569
66768
66973
66252
64383
64484
69016
69001
75385
68052
67147
67492
66714
66285
71530
74211
69777
67654
68992
64467
64280
66757
66846
65035
65927
65482
64779
64159
64731
70200
68544
69314
67803
66745
69485
68218
66752
67587
66034
68148
68027
67127
67567
65918
71875
67278
66056
64742
65346
67236
65743
67124
70089
65754
66859
66222
64846
70045
70731
79578
72974
70262
69355
68423
67982
67838
67463
68510
67364
65380
68328
66806
66046
68971
65936
65120
70532
66341
66492
66427
65634
65990
65407
64249
65392
64392
65768
64509
69743
65411
66752
66046
66073
65201
64430
64171
65573
66215
65146
66567
65267
65199
64090
67385
67371
65830
65341
65704
64871
66884
69019
67180
66629
65949
65357
65688
67567
67353
68451
66174
66409
77763
68440
79865
68259
67212
67551
68043
67463
64823
65893
66864
66797
80158
89307
67841
67827
66172
66765
65724
64905
66730
68217
66091
65936
67358
67759
68699
65666
66577
65739
81003
115344
67241
66482
66525
68248
67303
66487
64982
67011
73118
68544
72418
73341
67206
67754
66296
65178
65801
64310
65902
66757
65490
64442
66164
72690
68435
66902
67091
67318
67113
67580
65766
64444
65039
65073
66634
66213
64816
65867
69913
64592
64780
65505
65170
66363
66045
66576
66511
65994
68093
66139
65192
66671
64775
70051
66604
64678
66030
64567
65583
64450
64732
66461
65672
64229
65385
65287
65358
64167
64718
66164
65283
65632
64806
66652
64791
65220
66440
65806
67938
67568
65963
64961
64316
64260
68333
68164
66333
64347
65848
66093
66215
64509
64436
64427
65160
68333
65948
64642
65488
68258
64447
65837
66062
65087
66013
64105
64825
65601
65953
67122
65507
69041
67897
67344
68408
65740
65707
64858
66472
66837
65504
65267
65056
67013
65626
65953
67278
64769
64156
66627
65072
67270
67998
67846
68596
68103
66215
65561
64564
65858
65227
64932
64306
64704
68121
65059
65105
67829
65408
65299
66060
64611
65521
66277
64321
64868
65176
64562
64063
64419
67497
65336
65571
64894
65370
67643
66061
65618
64414
64666
64244
64504
65680
64191
64479
68329
66381
65806
67481
68342
68985
65980
65388
65162
68173
67963
65294
65619
64601
65709
67753
68375
68194
67138
65037
68526
68755
68117
68029
68814
67565
66962
66769
67517
66864
74110
67773
67066
67907
68907
67576
66415
66255
65994
65957
66857
68104
68149
64704
91571
68371
66648
64530
64463
68513
68001
67891
65819
65969
64932
66420
66047
65762
65781
68882
66297
64746
65909
64010
65859
64162
64758
65927
65181
66135
64762
64543
64846
64324
67151
65684
64260
64257
65956
64982
64492
65670
67400
64251
64529
64226
66008
65116
65607
66224
67647
64302
64354
64258
64564
64668
64376
64793
64550
64869
65542
64421
64761
65422
65288
66666
66080
66101
66028
66501
66299
64482
64316
64438
64575
64116
64437
64597
65684
65314
66879
64461
64539
64447
64294
64238
64957
65582
66006
65331
64740
65626
64275
64757
64221
65096
68285
65931
64353
64377
64158
64502
64082
64501
64894
66023
65834
64731
64731
64126
64249
66387
64322
64403
64590
66025
65399
64656
64382
64101
65528
67502
65463
64385
64506
64801
64713
68032
64535
65932
64181
64949
65014
65001
64879
65890
65110
65142
64400
64574
65516
64201
66884
64969
66529
64702
64291
64199
64345
64007
64486
64430
66098
65452
64947
66079
64591
67642
66083
65212
64487
64575
65449
68768
64146
64433
64273
65800
64598
64077
65715
64630
66082
67448
64073
64431
64128
64392
64807
65239
65601
64945
64983
65464
64133
64698
64018
64434
66433
65137
65399
64335
65442
64645
65506
66114
67402
67359
65261
65359
65859
68516
65434
68092
64730
64430
64442
64453
64567
65272
64964
64059
65936
64807
64983
65293
64467
65637
66221
66477
64721
64258
64478
64480
65465
64511
64873
65722
66022
64399
65784
64397
64396
64230
66475
65005
65976
65783
64550
65970
64566
64087
65867
64241
65765
65054
64773
64572
64099
66032
65707
64480
65350
64471
64525
64659
65921
65376
64780
64556
64856
66495
65520
64243
65768
66448
65925
65688
64058
65797
64268
64213
64343
64407
65018
65123
64606
65220
65995
64970
67775
64620
65366
65043
65576
64606
64333
64271
64264
64500
64111
64739
64779
65998
65463
67071
64809
64567
65252
65180
64760
65046
65519
65540
64578
65171
64824
64385
64621
64449
64263
67461
64672
66461
64695
64488
65598
64465
64434
65681
66090
65644
64318
66172
64439
64109
67263
64238
64358
65122
65701
65689
64698
64382
64265
64448
65464
65677
67924
66272
67413
66856
65847
65109
64558
64191
65443
64199
65568
65112
64118
64496
65670
64577
65789
64304
65310
68534
65767
64516
66403
68008
68377
67428
66596
65200
64806
67252
66744
67260
67373
67298
68166
66389
66300
66264
65042
65331
67054
66611
66702
69203
68111
66276
67029
66174
64867
68226
65804
66571
66784
69153
67910
66474
65233
66503
67086
68288
68674
70152
67660
64334
67823
64367
65230
66260
68323
66957
66775
66699
65850
65675
64848
64732
68315
67021
66119
67686
64439
64900
66382
67275
68217
66408
77026
67612
65804
65428
64651
64363
64809
65951
68464
66138
66365
65965
67173
66239
66725
64509
64391
66777
64388
64468
66166
66561
65055
68774
66038
64111
64477
64967
66371
64322
65169
65933
64719
65155
64362
64391
65035
66039
67173
65428
64253
65645
64939
65378
64375
64345
65463
64656
64195
64779
65081
65819
64835
66700
65986
65523
65642
64529
64324
64636
64130
64384
64152
64661
64748
65393
65746
64925
65789
68287
65923
66754
63824
64965
66143
65248
64617
65488
64519
64275
64137
65712
64896
65746
66451
64347
65589
66039
64725
64852
65413
64438
64391
64464
66132
64427
66017
65460
64450
67335
65120
65044
64927
65462
64651
64601
64228
64284
64412
64243
64637
67139
65665
65508
64487
66635
64780
64037
65577
64948
65911
65239
64480
64677
66218
65504
64687
66154
65181
64232
66994
65604
64138
65441
64978
65638
64359
64433
64340
65922
65922
64212
64361
64781
64072
64605
65767
64370
64855
65907
65400
65315
64537
64770
65227
64425
63948
66015
66441
64481
65346
68021
64773
65694
64312
64492
64086
66190
65986
66145
65832
66147
64433
64857
65797
64727
66862
64807
64391
64201
64247
64417
64316
64405
65615
64591
65949
65440
64936
65778
64325
64084
66974
65625
65850
64913
66842
65766
64179
64612
64331
64376
64417
64023
68244
67794
64912
68507
66222
64434
64224
64248
64331
64276
66183
66480
65641
64498
64033
65110
64756
64310
65664
66527
66079
64303
64249
65466
64683
64425
65134
64857
64522
64273
64920
64268
64319
64130
67695
67278
68810
65604
65188
65231
66064
64763
65970
64705
65329
64558
64084
65975
64272
66297
67053
66031
64411
64444
65592
64653
64241
65716
65887
65967
64808
65314
64675
64082
64365
67043
65177
65592
64231
64450
64484
64052
64436
64483
66147
64736
64403
65907
64742
66657
67326
67951
68003
66400
67300
67365
67863
67784
66898
66138
64403
64130
64876
64580
65925
65883
66768
64905
64633
65267
65094
65964
65427
64520
66305
64453
64992
65400
64576
64364
64283
66354
66915
67237
65927
64427
64085
64347
64124
64723
64223
64236
64922
65951
64638
64460
66516
66387
64870
65255
65112
65550
65679
64647
64428
65319
64912
64433
64438
64378
64431
65594
65849
64186
66123
64891
65331
64312
64171
65851
66408
66252
64241
64212
65733
64330
64396
67484
64272
66099
66177
64537
64329
64138
65412
64380
64816
64378
64498
64914
65929
67038
65173
68215
64400
65571
66230
65512
64571
65649
64137
64689
64819
67264
67141
64756
64495
65717
67630
65549
65698
66149
64471
64204
64399
64147
65218
65922
65741
65144
64443
64371
65037
64267
67836
64493
65441
64975
64610
64296
64683
65727
64380
64544
64455
64765
64984
65133
64136
67002
65348
64448
65485
65719
64744
65382
65563
64707
64727
64279
64610
64393
64161
65452
64732
67507
64617
64387
65551
64407
64278
65765
64314
65104
65472
65590
64683
64184
64525
64231
66262
65510
64269
65618
65715
65750
65538
64388
64578
64058
66560
65368
65247
65537
64539
64729
68429
66897
65041
64755
65468
67122
67286
67812
68570
68162
67318
67710
67325
67963
70527
67839
65710
66924
67208
66957
70288
71996
68565
69008
65660
66776
66609
65779
65671
67849
64553
68124
67611
68215
65404
66132
65056
67120
67147
65815
66379
66058
65402
64504
66981
66079
64967
65755
64836
64852
64955
66006
64516
65918
64792
66265
64331
64131
64425
64426
66638
64936
65502
67156
65688
65968
65036
65627
64485
67487
64521
64587
64101
65055
66089
67078
66775
65999
64897
65081
65184
64391
65189
67534
66350
65780
66905
64253
64865
65056
67420
66018
65709
66303
65209
65174
64344
64172
66209
67735
68270
68606
66942
69222
67533
69374
66571
65335
64408
64538
65523
65103
64577
65333
65189
65690
66915
65764
65345
65017
66311
65917
65161
65509
64242
64534
66527
64631
64570
64714
65353
64598
64210
64421
64885
65289
66701
65616
64522
64343
68106
68223
68100
67097
64772
67228
68375
65798
66928
67924
66712
72280
68367
68204
67044
65118
65749
65494
66762
66798
87894
105617
76255
68633
69854
68805
68323
67934
68774
67772
70170
69034
69989
67270
67999
68321
69226
68162
67789
68489
65570
64239
67193
66977
66579
66691
66631
66568
65373
69639
69617
68146
65991
64543
68531
67440
66500
66894
66469
67295
67105
64690
66232
66690
65678
67833
66642
66443
67226
70238
67751
66547
65980
65143
64212
65878
64335
65846
64500
66050
67460
64402
65506
65209
66945
65976
64983
65492
66550
68907
70097
68835
69613
67320
66219
65107
69608
69286
68280
70917
69088
66344
68719
70581
86284
71570
70908
68259
65498
66796
65917
67013
67173
68044
66179
65265
64690
65804
65112
65441
65348
64906
65178
68967
69160
65905
65300
68700
70819
68159
67222
67288
68337
68162
66852
67294
73876
70596
66534
64715
64299
65116
64874
65815
65740
66461
68760
66461
68292
66046
66281
67255
65759
66036
64635
64691
66108
64807
65937
67583
66909
67286
64102
65950
64339
64281
64687
64125
64425
67181
66955
64855
64005
66038
71533
67884
67000
66827
65601
66004
65942
65166
64391
65780
64580
65014
66032
64513
64552
68543
66733
67227
65804
68544
69396
78472
74582
73340
72616
70909
74270
125943
106627
107956
83347
86939
159582
155734
149789
110824
130380
139376
127330
133135
120156
133882
273288
165808
75012
72402
74026
93827
75823
70693
80417
99277
87037
76994
107285
120239
84132
71322
68200
72416
70090
69875
68617
69444
67700
90328
70899
78258
83925
73949
75020
68464
69419
68633
67888
67340
72744
76465
84107
83731
159065
99952
88882
76261
79216
68358
70665
68491
67338
68835
73470
68060
67740
73979
71336
68340
71144
67569
66519
65176
68015
66909
66983
68425
67444
75374
68508
71771
70000
83963
70379
69291
69689
71217
75207
67318
76588
78967
68168
66934
65185
69507
68258
65920
66776
68177
67472
65899
66128
68629
70057
73767
73157
71681
67305
66060
83028
71326
70319
69162
69710
71330
69187
69637
71583
70986
78499
71031
72346
76632
127873
112799
127798
85751
75619
74872
73982
73068
71018
69615
69199
73694
76045
70241
68963
79249
72022
117503
85355
70458
78833
69673
70970
99061
85290
75757
72615
71535
72578
76148
68588
92222
72656
72436
70601
70813
68004
68182
81344
72691
71512
70016
69659
70631
69004
67909
68000
68034
71200
68296
67761
69362
71599
69910
67677
69369
67694
68683
66118
66520
67118
66555
64697
66388
67832
65294
66891
68383
65046
66358
66454
66174
64439
65849
65333
68370
67457
66016
64713
64368
64386
64104
64484
67514
65840
70532
69933
69898
69904
67871
69637
66632
66979
65746
66595
68853
66849
75128
71059
70069
69622
70006
67488
65695
64909
69154
71497
67365
67036
70950
68582
68571
76854
69578
66276
72590
69639
70504
68069
123105
75036
69397
75034
72960
68973
86438
71250
68446
67976
68441
71573
68741
72788
70817
70072
68438
70172
70332
70408
73279
70537
68393
70007
70068
71379
76103
69081
68879
68409
67443
67651
67314
67287
71381
69978
69497
71199
71398
73259
70833
70067
67846
68696
68327
72930
73990
72549
71181
75890
68235
68155
68124
70698
69135
69116
68344
68836
68341
68074
67928
68310
67966
68848
73198
89916
78753
69267
69992
70635
69452
72971
71472
70233
69385
69150
144473
90937
80645
81203
105458
90981
79584
91229
81632
72867
80434
73100
88265
74862
71390
82169
71038
71814
69707
69094
71784
71653
69968
70590
71774
72021
71144
68960
67975
69333
70763
68868
68618
68617
68187
68222
67337
66065
65027
64481
66288
66226
65906
66472
67226
66346
64430
64099
64451
65460
64428
64445
64528
65523
65217
67295
66593
66644
64762
64614
64013
65575
64280
64658
65977
64515
64131
63980
64086
63940
64135
66196
64224
64303
63965
64272
64400
64359
64327
64034
72514
68651
66375
64956
68207
71775
74342
71595
65488
67058
97488
68223
66808
64834
65411
64263
72330
68547
68319
76826
74470
70483
67756
70179
73529
73516
68399
68345
65198
64458
64899
64206
64607
64485
64613
72313
67639
65531
64493
64458
64395
63946
64251
65560
64949
65054
64803
65010
67167
69344
67966
70233
68188
73074
74198
73649
75148
70493
67752
67411
67209
67028
69588
72028
67212
92060
81800
74469
79179
73363
68779
73333
81500
80411
77679
77203
76515
75647
86907
78713
78462
71481
71689
68785
68137
69162
67820
65947
64759
71735
69754
67407
69760
67480
69608
66387
65972
66175
65309
65897
65774
65097
65380
64981
64377
65939
77977
72478
68632
67523
71849
73964
79992
72209
70536
76865
73732
77944
79757
74303
82458
69743
71735
76148
73888
71353
79390
71449
67279
66069
67198
64928
64264
64115
70006
67589
65151
66771
64911
65095
65165
66319
66522
64827
64884
65074
64110
66625
64629
68361
67817
64248
64137
64522
64268
64307
64318
64327
64676
64013
64202
64054
64463
64025
64477
67166
64133
64347
63854
66805
64346
64183
64054
64054
69392
68636
67860
66032
69324
68477
73162
71731
68264
73758
74237
69552
66834
66357
68287
68924
65987
64489
64556
64860
68063
71791
67133
64715
65852
68841
68870
66898
64612
68428
66884
67689
65876
64298
68773
67108
70849
64762
67265
68715
67645
67262
65427
64177
65642
64807
64331
64815
64396
66714
69179
67624
65452
67601
69488
67216
68168
68684
79928
72151
66831
67352
70160
68903
66117
67613
64935
72149
64822
65571
64316
64031
65396
68190
64790
69805
69373
69149
68649
70173
77771
78934
74405
76550
75902
73121
81523
72042
76063
72345
73108
74974
72415
82879
69767
71778
73313
66352
70462
72663
72764
74710
77288
69679
66824
66995
70007
73812
71725
82636
73302
76025
68853
67610
73624
73512
75038
79633
70812
69494
69498
75861
72069
74506
69723
67930
68350
69120
73500
75281
72359
71612
69659
71355
73625
71617
70920
69358
69023
67840
67643
80028
72789
70128
67453
66435
75473
78577
75873
69480
65146
74559
74172
72625
67958
64861
68033
67902
65015
64217
71196
69955
65098
64301
68432
65697
67221
64266
64675
64886
64310
65512
65701
72467
68960
65314
66725
67467
67730
69263
66805
66527
65539
65934
64130
64964
64261
65753
66455
69493
66617
70218
66921
66586
68021
69716
101880
74797
80299
101607
82431
80923
79242
76986
78422
71770
70119
99551
74978
78359
75848
72742
71626
70657
69009
68326
68401
68002
67916
67433
67786
69896
67931
66483
66226
67238
67889
64591
72308
75187
67890
66117
65340
65471
70142
77802
71617
69605
65183
66277
64991
65295
65054
70533
72049
73048
71262
70535
71444
71529
74006
68822
67683
65322
65512
68566
67690
71337
72509
67505
64317
64530
64321
64628
63997
66602
64335
64096
66007
64574
65034
70890
71891
73962
74807
71770
71648
73062
71857
73472
68047
67485
65923
64643
66042
73179
73014
72469
73312
76736
67584
66679
65495
67963
71953
64899
64345
64805
64430
63968
64210
64419
64044
64154
63924
64120
65026
64541
64713
66856
69950
73699
67131
67082
66719
64895
65634
67439
65719
65132
67356
68847
66777
67698
76911
67279
64664
64845
64627
70758
69329
68505
67964
66041
66498
65713
64521
66785
69539
71759
69131
67809
68579
68796
74094
111022
86975
85398
89471
72837
76425
66359
71990
98936
71080
67523
66539
70949
71726
67789
69400
66363
64391
64955
69932
65905
66978
65302
65125
66259
65723
66849
65597
65672
67032
68672
88663
68501
73159
75225
70304
69321
64041
65705
66303
67688
65414
64972
67587
67883
65295
67700
70182
70471
67651
69150
68187
65946
65255
65825
64136
65284
66088
67680
68826
89318
77768
68541
65438
64790
68637
64218
64120
64375
64216
71160
65084
65359
65601
64665
64095
64344
64273
64159
64225
65926
64527
65100
64251
64166
64036
64200
64148
64064
64095
63979
63979
66463
64463
64541
64676
66034
64477
63971
64977
64679
89984
69956
64301
64651
69346
71062
68931
67896
67282
67156
72046
67549
68386
66974
69309
66977
66536
65597
67803
66204
68928
67469
65252
66643
69647
68169
68482
71140
67078
69406
69513
68464
67284
69961
70632
70271
70157
69852
70045
69240
67611
67505
65690
65754
66347
64560
64908
65886
65433
71026
70659
71240
69899
68007
69596
67086
65934
64495
65140
65380
66609
65012
66500
65571
64595
64380
64836
66066
65330
67047
65526
64473
64228
66337
66173
66968
64366
64916
65838
65510
64958
65690
89288
68938
74387
68771
65497
66945
66491
66483
65533
79566
67592
66119
65171
65818
65703
66171
68648
74380
66054
65105
67197
67857
68162
66883
65813
65249
64227
64409
64185
64402
64217
64228
67697
64140
66452
65907
65354
65617
66048
65092
66143
64130
64426
64034
64518
64264
64203
67217
66138
64629
64213
66267
65067
65829
64264
64562
65611
64574
64125
65494
65973
64482
64386
66235
64359
64365
65530
65877
65918
64882
64659
65860
66976
64942
64973
65878
65053
66158
66598
65990
65230
64785
64240
64836
64405
63979
65958
64385
65750
65402
65102
65737
64583
67139
66862
66731
64328
65641
66951
64476
65451
65211
64327
64291
64391
64156
65791
65943
67407
65887
64052
64517
64644
65416
66016
64168
64532
64065
64462
66465
66256
66169
64956
67515
69250
65274
64645
64247
64280
65360
65150
64386
64131
64219
66115
65378
64558
64236
65844
67812
66910
64960
64193
65367
65410
64366
64350
64156
64167
64932
65492
65507
64590
64384
66082
66011
64474
64197
64398
64154
65767
65280
64170
64325
64201
64311
64165
64343
64366
64204
68359
64946
64949
65926
66092
67699
67951
65918
64699
64253
64461
64981
68956
73185
67968
69634
66222
65664
64638
64674
65007
65323
66116
66019
64594
66324
65687
64241
64408
64203
65627
66587
65182
64315
64444
64106
64594
64391
64389
65025
64899
65419
65694
65604
64748
64288
67158
65599
64697
64049
65731
66270
65063
64341
64021
64387
65342
65512
64497
64144
65795
67492
64745
64666
64055
64693
64722
65524
64449
65421
64517
64247
64382
65126
65046
64525
66362
65160
64895
65910
65129
63958
66011
64786
65046
65539
64549
64476
64474
64364
65560
66532
69827
67522
65812
67726
77534
76337
76554
77316
75753
78101
72923
66433
65523
64327
70289
69366
66518
65211
67274
79599
67699
68966
66405
66366
65855
66152
65782
65582
64674
66086
66174
66159
65897
64411
65041
64094
64994
65525
66035
65705
65017
66471
64801
64536
67902
66233
64720
64019
64517
64618
64293
64813
65312
65303
64457
66339
65506
64944
65268
66988
64838
64706
65038
65373
64675
66389
66558
64732
64336
64065
64673
66188
65609
66520
65200
65178
64300
64368
65123
64913
66278
64861
65493
65329
64637
64336
64238
66966
64565
64167
67755
65321
64401
64807
64436
64707
64069
64306
64489
64141
65694
64643
65512
66502
65879
67255
65269
64726
64222
65194
65609
66066
65841
64515
64696
64563
64288
65274
66046
65192
65135
65606
64382
64498
64617
67120
66185
64577
64431
65574
64621
64075
64382
64353
65233
64598
66286
65701
67411
67480
66470
65431
64450
64734
67857
65154
64729
64440
64204
64328
64897
68786
64270
66509
65636
64846
66246
64451
64264
65823
64401
65798
64883
64325
65538
64424
67034
66081
65417
64803
64726
65278
65783
64466
65571
65594
65616
64408
64110
65600
64212
64462
68913
66038
65933
64424
66304
66750
65124
64754
65484
64280
64578
63996
64924
64202
65082
68457
64830
64632
64256
65112
64854
67926
66009
64670
65724
64616
64156
64460
64164
66439
68671
65465
64544
64162
65015
65327
66011
64367
64176
64195
64209
64429
64315
64181
64346
65439
68490
64722
64286
64367
64397
65467
65208
64392
65632
64319
65349
64675
64187
64260
64342
66254
65290
66579
64675
65211
65236
64378
64129
65682
64645
64329
64336
64486
64395
65471
64747
67663
65486
64881
65838
65694
65055
64184
65349
65823
65350
65443
64530
66250
64365
64419
67142
64620
64470
64129
66115
65530
65100
64309
64217
64424
65859
65283
65558
64222
64382
65825
64647
64549
64997
64325
64192
66083
64785
65253
64806
65420
64435
64605
64115
64336
64001
68452
64691
65913
65236
65716
66091
65765
65153
65435
64066
64326
64205
64601
64323
64082
66216
65142
65831
65199
66731
65659
64062
64233
64821
64187
64411
64105
64908
64227
64172
67443
65722
65489
65157
66439
66054
64580
64742
65198
64465
64350
63957
66181
65255
65128
64330
68575
65296
65117
64325
65924
65493
65235
64432
65666
64540
64112
64422
64504
64244
64289
68224
66409
64692
64390
64488
64619
64496
68157
67951
66756
70310
70137
67879
66468
72934
68834
67144
66085
64032
65549
64738
64143
65538
65054
65192
64198
64235
64450
64264
64475
65726
65666
64899
65964
65168
64735
65999
64633
65266
64317
64092
64336
64456
64113
64538
64115
67142
64920
64413
65756
65170
64664
63990
64632
65326
64114
64258
64227
64252
64998
64166
64326
67817
65955
64369
64453
64748
63960
64350
64448
64249
64396
63991
64461
64246
64352
64296
67470
66637
64573
65260
64937
64895
64536
67487
64228
65741
65808
64260
64344
64529
65211
65343
67090
64492
65858
67086
66167
64827
64200
65607
64250
64189
64314
64170
64329
64806
65616
68556
64638
65590
65140
65364
64640
64197
65561
64425
64269
65065
65672
65887
65262
65370
66700
65673
64608
65418
66002
67173
67536
67378
67768
65773
68029
67103
64727
64742
64481
67229
65595
66544
65629
65138
65405
64169
65049
65238
64153
64349
64031
64473
64468
65518
64560
66074
66111
64954
65083
64765
64071
65782
64609
64194
65027
65083
64475
64098
65616
66451
67872
66486
64840
64654
64601
64501
64297
64117
65765
65705
64209
64389
64107
64341
64729
65137
68223
64698
64549
65880
64572
64323
64012
64416
64024
64297
64304
64382
64342
64418
65103
66368
67702
64759
65202
65723
65759
64225
65591
64242
64321
64252
64277
64365
65541
65266
65655
67013
65763
67103
67670
65910
65156
65189
64732
64561
64288
64198
65426
64396
64446
64700
66110
66959
64180
65836
64918
64173
65015
65618
64433
64566
65527
65149
64716
65795
64587
64442
67299
64882
64523
64479
65968
64333
64594
65557
64450
64246
64280
64115
64300
64031
64339
65111
66445
66512
64836
65117
64093
64293
64363
64052
65999
66056
65282
65124
64103
64324
64189
68858
64816
64412
64909
65247
64888
64360
64040
64298
64123
65728
64332
64821
66837
64692
66371
66928
66736
65570
64699
65822
64276
64159
64383
64069
64415
64420
64153
64173
64192
64297
67977
66159
64522
64465
64970
66624
65650
64587
64330
65891
65791
64727
65203
65451
66086
67586
65820
65108
64542
64932
66069
65643
64320
64112
64253
64241
65697
64288
64093
65470
65714
65113
66625
65051
65734
64723
65818
64729
65461
64302
64419
65541
64280
64110
64329
64188
68631
64618
64476
65277
64746
64695
65530
64121
64354
64247
64512
64117
66212
64948
64810
67125
67599
65996
65782
63946
65608
64693
64331
64830
65140
64464
65750
64413
65428
64125
65103
66355
65858
64355
64876
64346
64812
65129
64040
64950
64962
65237
65709
64596
66339
65477
68355
66105
64516
64655
64282
64060
64359
64208
64356
64362
67121
64727
64231
64150
64726
67645
65960
66424
65235
64220
64120
64597
63979
64443
64186
64387
64539
67691
65688
64396
66648
69986
65424
64450
64730
64128
64469
64217
64309
64299
64257
65201
65873
65680
64245
64250
66590
65867
65317
64478
64199
64966
64976
65590
64666
65753
64905
64895
64375
64111
64361
68053
65279
64515
64264
65963
64697
64959
65148
66804
66128
64427
65627
64282
66638
70385
68269
65206
65431
64771
64785
64518
65606
65167
64148
65918
64380
64343
64460
64185
64420
64297
67064
65713
64623
65799
64185
64197
64410
64241
64542
64280
64443
66332
65134
64408
64126
68297
66395
65677
65087
65625
64508
64892
64857
64536
64003
64450
65417
65124
65285
64215
64689
68491
65957
65527
65575
64377
64560
65129
64545
64017
66301
64576
64153
64163
64147
65563
67777
64771
64604
64499
64515
64152
65625
64406
64388
64670
65280
65760
64556
65783
65975
68091
65972
66317
64962
66070
66082
65466
64170
64711
65677
64113
64403
64207
65572
64480
64003
68454
65507
64191
65416
64427
64348
64341
64147
65216
64871
65389
64907
65982
64434
65061
67933
66326
66519
65769
64914
64314
64343
64200
64211
65721
64511
64096
64358
64988
64037
67032
65610
64808
65248
64548
64342
64808
64964
64242
64339
65293
64472
64348
64149
64224
64361
67994
65706
64648
64517
64160
65835
65654
64211
64937
65639
64261
64311
64271
64646
65084
67838
65512
65251
64564
64161
64421
65668
64517
66154
65047
64607
64823
64254
65921
65570
65931
66000
64342
64350
66621
73480
68434
67252
64845
64196
64420
65688
64940
65391
64367
64332
68110
64302
67148
65756
66085
64659
64809
66252
64471
64734
65468
64347
64898
64313
64098
68541
64268
66447
66369
65234
64261
66189
64728
64616
64523
65531
64496
64360
64194
64179
67489
64818
66149
66052
65637
64159
66197
64666
64195
64173
64828
64821
64314
65891
64130
64253
68385
64686
64181
64539
64189
64198
65831
65132
66005
64180
64521
64264
64052
66502
64687
67401
65421
66306
65054
64187
64215
64569
64137
64420
64205
64280
65864
64758
65884
65768
65553
65757
65722
64334
64519
64256
64913
65101
64358
64165
64289
64569
64115
64369
64530
64301
66832
64635
64585
64522
64311
64180
64210
65300
64954
64329
64391
65711
64150
64050
65351
65798
65762
66302
64262
66405
64249
65488
65012
64265
64317
64021
65959
64385
64147
64327
64082
69023
64502
65196
66270
64802
64410
64306
64376
64393
64317
64546
64479
67538
65016
64767
67862
65153
65942
65775
64233
64210
64210
65631
64562
64115
64738
64778
71742
71721
70131
76395
70294
68318
66587
65162
67575
71357
67713
67184
68944
68044
70185
67800
68046
68621
71499
67955
67439
67675
66147
67376
65145
71940
76395
77921
68834
68496
66735
64963
67676
67767
68934
69868
68693
65994
67665
65461
76396
68363
67444
64570
64951
69085
71496
71084
67017
66856
65920
66888
65739
66350
72654
72347
69604
66533
66930
70455
68354
73428
68758
67305
66705
80835
68573
68560
67682
71808
67152
64859
64263
65166
63986
64334
71311
68513
67371
67044
64438
67466
68254
65558
65664
66000
65989
66063
68891
69310
65750
70699
68917
68897
68979
67969
69442
69041
67963
66869
67966
74769
78756
67859
75022
71635
69652
69053
67666
69235
70487
69726
66302
66112
70116
68391
66674
67249
72909
71509
70982
69454
68563
67780
70820
70482
68735
67250
68735
69540
68614
71087
69747
68400
71549
67714
70125
69159
67511
67900
67981
69594
67989
68425
71045
70760
68376
65323
64798
68218
68350
67204
68052
66487
67363
66707
68421
68285
66728
65426
65938
69102
69299
69429
67201
68087
66288
64654
64229
70173
69105
67724
64319
66266
66006
65532
64790
65477
68578
68543
68882
69038
69853
68213
65739
69887
70327
69262
65931
71338
69914
70527
69118
74034
68649
69068
69986
67931
69520
67733
66255
68133
72430
69041
66266
67982
69585
86916
71779
71360
73124
