67044
67788
68232
67955
67145
67321
68333
68451
67797
68396
68692
68208
68699
71433
70036
75658
74731
69275
68649
79262
68546
72916
97861
82724
69253
68029
70182
68028
68424
67832
68612
67796
67386
67396
68464
67826
67770
67808
67851
68502
68188
67795
68473
67864
68920
74665
75280
69598
69787
68725
69429
67652
67167
67351
66875
67285
72156
67385
66776
69710
68268
67775
67960
69083
71092
73232
75277
75134
73848
74667
70201
67474
75082
69392
67675
69646
76827
68146
67389
68146
67966
68208
67858
67716
67770
68173
67324
67578
69863
68346
67569
67644
67928
70331
69308
69598
67970
85641
69161
69660
67615
67028
71270
73115
71763
69001
67775
68479
67959
69844
69955
70074
69878
69563
68936
67796
69839
69142
69100
69219
69492
69487
68919
68160
67840
67380
67005
67404
67173
67430
67129
68853
67800
66708
67330
67439
66531
67657
66546
67842
67852
68001
67390
67877
66832
66799
69586
67642
66345
66683
66224
67360
67780
66847
66819
67076
67902
67735
68077
67300
66484
69599
67801
67152
66686
66282
67808
67583
66695
66568
66917
67530
67358
67840
67168
66628
68072
67712
66567
66680
66789
66909
67034
66778
67853
67219
67893
67822
66911
66487
66203
66185
64363
64792
64204
65390
69486
68844
69330
68767
69144
70233
68619
66566
65547
68399
66105
65305
64702
64223
64981
65803
65194
65763
64355
64374
64409
64302
66266
64453
64691
68291
65609
64528
64245
64342
65455
65486
64337
65840
65198
64950
65985
66481
64681
64443
67815
73350
75931
74556
75486
72107
73234
69753
67816
67197
66760
68258
70700
71314
67983
67788
66319
64474
65319
64736
65178
79525
72692
68147
64429
64842
69512
73959
73076
73784
70710
70806
68180
66639
65798
72977
72780
70231
67605
65573
67755
64305
65880
68253
67381
66440
64695
67449
65043
66255
68142
69491
66974
67767
68345
68280
66863
66765
77256
68716
66667
67622
66548
69016
67077
65493
67453
65825
65445
66891
66962
68906
86154
95060
69012
67664
67903
73014
74645
71068
68481
67010
67489
67619
67757
66986
69004
72428
68496
66702
66717
65251
65179
66215
65910
66069
69150
69948
69561
67547
64644
68524
66130
65805
67524
70197
67989
66276
68196
67089
68508
68254
66064
67181
67667
66194
65720
66210
64742
64718
64118
66458
66649
65859
65485
64760
64413
64714
66094
66004
67155
66483
69745
65812
66563
64603
65678
65797
69912
70318
66884
66501
67903
69367
67913
65997
68534
67996
65735
64289
64229
67330
67953
66677
68260
69175
68537
70518
66623
65983
64933
67193
65500
67417
65674
65550
64963
65680
65379
65541
69953
68961
66850
68637
65185
65009
74265
68489
70284
68313
66146
65369
65377
68204
66960
67054
65906
65592
70351
69457
74238
75659
70676
68909
69860
69683
68691
68505
67150
67124
70802
74385
78954
71162
69893
79881
71190
70506
69106
66305
68265
71945
74450
72091
69683
68033
67133
67005
67422
68865
70929
72517
78465
68965
67626
69039
74000
69940
69111
66395
67015
67371
66767
88611
76329
68091
66869
66555
66182
65864
64727
64838
65867
67413
67343
67327
66941
66473
69109
66955
67748
66828
67130
67404
66642
73540
67546
64996
65223
65101
69734
66895
64687
67373
68285
67530
68500
66946
67851
66321
65851
64937
66150
65588
65193
65881
65544
67425
70189
67546
65294
64169
64322
64559
64760
67227
66632
68889
66920
65765
66085
65985
67006
68206
69431
66911
66880
66986
66435
65919
65880
65738
65012
65432
64499
66827
66453
66347
69078
75828
67858
67243
64898
70582
68339
66413
67073
65688
70136
68365
67529
65344
65823
70017
76616
67703
68676
126050
84811
72307
68690
67164
65332
66314
65544
66096
71952
82208
65268
69892
71296
66606
67612
66776
69006
67639
67694
68320
67835
66628
66237
66009
68861
65480
65940
66465
66605
65732
67306
66952
65797
64114
64457
66856
65106
66131
67505
70856
68156
66338
66934
65436
66923
68452
78668
73253
68306
66392
66459
65656
67391
72893
67542
66635
65057
64910
65923
66651
65681
65126
64636
65908
65632
68043
69433
78451
82283
67880
70761
66791
71600
66101
80091
78305
67789
67852
66279
65512
64458
64443
73604
69893
67028
66491
66035
66754
67601
65801
65830
66245
68238
67913
64444
66044
66268
71309
69929
68871
67762
67405
66548
64259
66062
66892
67459
65147
66266
64469
67681
70410
73954
69342
66910
67088
66583
67785
66527
66555
65968
64889
65572
66943
69614
66359
66224
73693
92617
119403
72618
72811
76536
69419
76345
70602
72275
71144
66680
71850
70521
65959
64192
64709
66237
66286
65197
66059
66275
66553
71399
83889
83588
68006
70318
76281
69804
73720
70386
72637
68792
67266
66685
66835
66295
66382
65560
65910
65433
68685
65960
65105
66110
72077
77297
76245
74691
70006
69972
69176
66547
85109
74036
74150
69853
68193
66508
70083
65673
69577
67258
64718
64633
65358
66996
66204
65280
65442
67756
64526
65750
64940
66292
69163
69590
70171
68738
68446
69976
68774
67311
66000
64807
72408
68394
71846
68248
67653
65654
64442
65901
66689
65521
66816
64665
64382
69347
65342
67751
67523
66897
65454
65678
65193
64373
64154
65409
65837
66265
67645
67914
67440
66545
72996
70785
69308
66388
69170
66732
65706
66096
65628
65066
66098
66415
66348
68704
71713
71127
65871
64440
66644
67368
67574
67126
67615
67305
66972
71327
66615
66004
66318
65913
67778
65960
66221
65191
65620
65592
67208
66521
65484
68131
67166
67579
66267
66934
67967
67633
65130
65332
64157
66534
65741
64604
69552
70119
66740
66207
65877
67385
68114
68867
69249
69214
67053
65107
66055
67119
67652
67848
67317
67182
67550
67526
67459
66731
65246
68088
67656
69644
68829
68400
67580
66542
67002
65762
65902
66593
66772
65689
64086
65402
70980
66480
66731
68621
71092
67926
65240
64562
65095
65528
66166
71558
69972
69643
67944
69058
66719
64505
65853
66707
66109
65586
64995
65704
65228
65623
64644
65463
65786
65997
67892
64268
66018
65669
64902
65508
68985
67389
64539
64231
67289
66530
72121
68123
66839
70144
66059
66190
66653
65619
67508
68357
67644
66787
65713
67161
66290
64923
66438
66104
69575
66887
67961
66000
65208
64177
66727
66506
66428
64406
66173
64772
64205
66885
66195
71425
69725
67464
67456
66593
67439
67103
66017
64624
65597
65199
66809
66426
65966
66723
69207
66036
71834
67304
66820
64124
66101
64855
65633
65598
65270
66235
65510
64891
65445
68564
64857
67606
66823
66817
67059
64212
67627
64303
65235
67650
65923
66655
67071
67340
68919
65881
66269
66609
66643
65922
64843
65302
65094
65037
66929
67074
67945
67030
66318
69188
67075
65649
67485
67046
67141
65677
66655
64693
65418
66780
66939
67860
65824
65386
69807
66106
64577
65201
66763
67951
67273
68848
67662
68489
68071
65288
66750
72144
69436
70720
68967
69579
66568
66497
64460
66953
66643
66294
67818
68087
66723
66801
65967
64887
68442
67272
65583
66047
65394
65112
65808
68080
66238
65350
66237
65338
66221
67194
66171
68385
66412
64585
65941
66354
67793
67924
67683
65427
72655
68709
70778
70016
66097
67799
68824
66140
66223
69468
69308
68117
65072
66724
71897
67711
69278
65784
64567
66321
69563
66386
65186
65577
64823
63944
64339
63988
64188
64314
65328
66417
64524
64647
64239
64066
65911
64132
66643
66268
67752
68939
70564
69720
70957
70589
68247
65898
66754
65536
66835
65623
64581
64111
70906
65039
63999
64401
63901
64808
65604
68008
67363
67650
67681
71524
69479
66123
64917
64697
65209
63921
64357
63941
64112
64635
64631
64131
63921
68346
67353
69944
66402
66839
66186
65907
65593
65444
64795
64442
64560
64826
66496
68980
69962
71025
66503
66556
66280
69810
66838
64843
64601
66984
65215
65409
64270
64127
64400
64271
64349
66246
65727
66011
65104
64710
64099
64123
68350
67142
65510
68356
65931
64177
64053
64691
72415
70105
69604
66591
65642
65772
66799
77410
70341
72042
73547
74375
67868
73570
74211
72004
67433
71222
82854
74841
73459
67387
77916
102386
127301
71206
69772
76634
101404
70857
73593
74142
67573
64175
68952
71866
70251
68478
69322
66160
72403
74442
71108
74507
65074
67415
64410
64332
64002
64706
64679
68609
67646
66305
65632
67303
65651
69501
66475
66397
65551
68464
66326
70048
68254
73027
85080
67787
65809
68929
69246
65394
65406
65222
64881
66256
64612
66353
68211
68802
75983
71203
65926
64480
65263
66399
64380
64199
64134
64279
65657
65767
64749
65386
64924
68483
68335
73261
79643
68771
67465
66637
66011
65703
65330
68546
68148
67482
64586
64511
64612
64065
64536
64339
64138
66896
65551
64424
67126
66220
64735
64186
64161
64053
64785
64457
64232
64247
64085
64118
67347
65262
64473
64210
64635
64230
64742
64544
66352
68306
67530
67463
71082
74526
66060
72051
68742
66852
65438
65208
65066
66780
65473
69866
74941
70081
70285
67894
64919
64329
70626
66141
66378
66909
65013
64829
66976
67800
67132
68027
68337
66367
65983
66410
65380
66954
66778
68017
67529
68602
68099
68973
64098
64104
64525
64403
66330
69230
64942
64263
66371
66441
68090
66458
64203
64061
65741
65120
64199
66295
66714
65039
64760
64752
64660
65910
64755
64070
64122
64489
64124
64581
64251
64274
64123
64503
65266
64043
64554
64588
64416
66105
64178
64259
65816
65608
69750
66917
66963
68431
67389
69059
67349
69002
68466
67936
71468
69258
67595
67052
65620
70082
68253
65479
67378
65253
65782
65936
64983
65683
64405
66298
64457
64427
64414
64288
64857
64250
64474
64362
64155
65494
64443
65423
64823
65140
66342
65046
64173
64143
63984
64151
64565
66856
64594
65218
64658
64531
64060
64171
64211
64129
66070
64558
64151
64078
64097
66297
68280
68949
68957
68948
67439
64605
64252
67302
66458
68469
64922
68520
88353
68360
65188
64040
64212
64045
64124
64618
64140
64106
64080
64172
66946
64896
68712
64961
64686
68473
66513
64577
64459
64120
66954
67517
65847
66545
68678
78194
67806
65250
64361
64078
69261
66532
65689
68771
68095
66519
68196
82543
68288
72133
71590
70549
71176
67979
64109
65183
66744
65809
67545
72805
68138
64222
67175
70416
69027
66371
70660
68320
66102
65435
65795
65358
64732
67114
66193
65307
64720
64751
64243
66806
64180
67201
67049
66003
66181
65836
65052
64476
64188
66363
65793
65276
64882
64924
67094
64931
64308
64563
64729
65425
66639
66275
66302
65828
65651
66570
65159
66228
65088
65810
65818
64063
64129
65413
64548
64431
65301
65096
64569
64701
65051
65918
65853
65831
67731
68921
66959
65696
67026
66116
66280
66144
66574
65886
64580
64641
65777
66669
66282
66601
70037
66627
66494
66796
65512
65585
64573
64126
64659
65316
66597
66082
65849
65858
65602
69380
64823
64623
67757
68130
68414
67470
65800
64199
64312
65132
64357
64109
64182
64096
65828
64257
64114
64376
64657
64184
64321
64302
65681
64228
64255
65137
64704
64273
64296
66133
69827
66846
66761
65385
66309
66279
66490
66039
66683
66853
64548
64217
64133
65375
65653
66228
64280
65211
64033
64256
63956
65226
65057
65100
64131
65055
64427
65544
66116
66940
68018
65303
66137
64258
64115
64219
64765
65957
65742
65058
65840
67118
66021
64745
64856
65392
66239
63974
64588
65552
65238
64459
64811
64139
64034
64145
64527
65276
65523
64288
64264
66631
64519
64304
64038
65073
65450
65000
65190
69612
69439
67022
69560
70184
68446
65725
70119
67611
68916
67690
67420
66522
66555
65924
64375
64368
65081
64090
64758
67212
66329
68108
70209
69056
77009
70007
71155
68671
68230
67123
67458
66562
66552
64523
64762
67264
79377
68357
69399
68242
66028
65083
64525
66219
70570
69216
67554
66282
67298
68330
69999
66621
67433
68311
69056
66675
66471
64476
64453
72565
71016
72073
69436
69008
69455
74143
71394
68407
66707
67068
68756
67342
66767
66008
65540
67195
65682
65340
67751
67694
67602
69682
65805
65387
66517
73328
71207
66820
66693
67217
69760
71000
69536
67862
69807
66031
68346
69573
68700
69508
70691
67991
67541
68556
71878
69144
68366
66542
64821
75655
68285
67729
70216
70581
69537
66654
70601
69008
64603
65771
67734
68141
70419
69406
68355
69218
68251
67041
66082
70418
70167
68936
67697
69692
67972
68754
68389
65990
71988
68026
67507
64971
67239
66920
66071
64940
67553
71198
68685
67464
67430
67062
67428
70376
68304
66425
69085
71906
67080
67022
67139
67648
67602
69448
68335
67634
68179
71840
67874
68497
66244
67256
66057
66199
65689
65577
65648
64862
66157
66897
66480
65284
68061
66885
65671
64452
64417
64265
65138
65924
65667
65640
65249
65674
66085
66187
69895
68943
73988
67479
65612
64854
64200
65078
65601
66327
66577
66028
66755
67669
68284
68043
68828
69737
70439
69106
73187
70061
69199
68115
70916
70042
69510
69195
68558
70433
68506
70074
70023
68208
68585
68859
68304
68111
68747
69144
67653
67016
67047
65674
65748
64760
67556
65759
67992
67402
67374
66931
67301
67428
68070
68648
68891
69845
69471
65991
66779
66302
65875
65120
65897
66667
66175
64204
65372
64515
64614
66157
66231
66196
65198
64444
68888
66740
64285
64259
65063
66722
66065
64681
64462
65802
67582
65387
66374
66106
68168
69312
67382
66819
67895
66045
67149
64717
66583
67652
66345
66128
65641
67390
68352
67634
70683
67584
67342
67177
65806
67579
68682
67336
65669
68020
65762
65478
64821
65724
66627
69466
67056
66677
66880
65917
65095
64451
64230
66316
65575
66785
66631
66195
64696
65568
67615
65488
64455
64377
64715
65972
67033
66503
66125
65977
66722
66315
69079
72152
72731
76542
75651
69301
65386
64894
68758
71383
69457
69642
79302
68860
68021
67655
70033
70175
68156
67356
68655
67668
69325
68113
69094
66423
65722
66794
67248
65216
66740
74467
68351
68701
68569
66928
65842
67795
67796
67989
68208
68704
68074
66481
66883
67373
68141
69336
69974
67934
67464
69381
68113
68299
65932
67433
67299
68022
70982
73977
74391
70449
66879
65718
75022
71718
70517
80853
71360
80382
81630
70560
71215
70673
81470
74272
68743
66919
69820
76561
68902
68724
67228
70436
67495
67718
67185
67931
68209
74644
66570
68180
68206
68246
66703
65532
68759
68398
67383
72915
67998
67855
67765
67829
70640
72009
69460
72584
68662
70247
68902
66848
70213
69327
67140
65472
66576
68517
72164
68760
74195
68322
71879
67266
65869
67591
70177
73631
69933
70132
66872
64445
68071
66547
65882
65057
68425
66090
66869
67094
64461
65421
66499
64687
64853
66990
68315
67751
69585
68742
68286
66794
66887
67481
67949
68057
66493
66995
67802
66915
66006
65012
65678
67912
65730
65272
65869
66813
68353
66919
67528
65663
66864
68061
67936
67710
67375
67970
68900
68416
69070
68796
67030
66905
66627
66047
67752
69319
67539
69107
68495
67787
73281
74221
68045
66982
64459
65572
65174
65173
64976
65690
65862
65673
65374
65363
65503
67435
65621
64415
64256
67304
64770
66134
65318
66136
66526
66062
64358
65188
66014
64596
65735
67731
69270
66756
67931
67987
66916
66679
67180
66407
67515
65123
65978
65186
66677
65143
68176
66207
65391
64462
64376
64212
66048
64903
65432
66611
65194
65267
65244
66216
65556
67333
66826
67061
67020
67184
67250
66483
67268
68981
68933
67003
67248
67224
67924
65946
66528
66320
66088
65409
66513
65051
69121
71552
65931
67015
66069
66414
65599
65029
64417
68210
69401
67230
69624
69471
69386
69445
67700
66384
68174
68527
67305
67876
67210
66843
69421
66216
65712
64995
66259
66508
65824
65782
64345
65716
66035
64154
64430
65129
72716
70063
69959
71085
69755
67311
66483
67471
67881
67027
67515
68120
65873
66420
67097
70862
71486
67600
67078
67212
65177
65291
66158
67021
66594
67268
65669
65099
65840
64416
64423
69348
66667
68276
64493
65089
65400
65977
65147
65152
66254
64818
65937
64613
64708
70073
69069
69329
70150
67925
65444
64410
65144
64467
64823
68872
67427
67867
67099
71085
69183
67958
70212
67330
66709
68236
67478
69821
65996
65895
65756
65656
65991
70912
70159
68429
71163
67170
66750
67320
68610
67823
68825
66719
66641
64586
65519
64525
65628
65260
71048
69362
70161
69341
69374
67294
64961
65369
64798
66348
65412
64816
65949
65346
64570
64457
66741
65867
64451
64059
66472
64644
64324
64226
64809
65743
65125
64453
64965
65486
65159
66784
65203
64760
65575
66968
66175
64909
64833
65293
65947
64837
65962
64259
64328
65334
64708
69129
64797
65468
64724
65563
65873
64585
65334
65989
64540
64503
64698
64246
65923
65202
67314
64774
64478
64516
65868
67534
64649
64277
66241
65540
66091
67318
64284
65168
66057
67798
65979
65693
65977
65757
65108
64250
64429
64585
64573
64405
64250
64520
64269
64434
64646
66327
66273
64422
64458
65606
64229
64443
64377
64776
64408
64045
64468
64173
64896
65741
67485
65468
65278
66090
66197
66261
66332
66776
66533
66774
68768
65832
64313
65661
64658
67172
67534
65125
63978
64429
66656
65044
64236
66017
64547
64886
65016
66002
64259
64530
66909
66592
64393
64228
65653
66665
64386
64534
65470
65547
64422
65817
64308
66087
65747
64702
70714
65295
67095
66826
67862
67656
66472
68423
67645
67262
65573
65455
65725
66714
67167
70198
66566
65945
67089
65738
66888
64752
65514
65242
65319
66284
65508
64187
65038
64746
67861
66107
66036
66934
66768
66759
67122
66925
66147
65086
66513
67085
66143
66529
66545
69121
67254
65741
64867
67749
66889
67914
66817
66115
66474
66945
65801
65401
66089
65227
69828
67421
66694
64735
67396
66419
67313
67105
67351
69378
66832
65971
68562
67063
66890
69552
65886
65192
65806
67326
70897
70006
69257
70134
67675
70302
68352
66866
72131
84385
71007
68733
65591
66962
67730
65948
64626
66388
65740
64386
65000
65512
64827
65782
69967
69964
68041
67081
68424
69794
71495
69047
69942
69035
67788
66539
64527
64426
64384
68430
66155
69403
67332
66391
65343
66212
65032
65709
64089
65445
66993
68932
68380
68929
70683
68119
68587
67995
67679
68705
67742
68077
68613
67386
69216
67900
68339
67798
69615
69337
67598
68480
66621
67651
69874
67088
68152
67690
68285
69864
69469
69702
68831
72137
69419
69380
67830
67413
69133
68603
66993
67712
67926
66415
66377
64800
65893
67530
69402
64681
66233
65805
64536
64350
64549
66042
66075
64954
65457
65027
64411
64084
64429
70352
67048
66364
65033
66076
65872
64554
64747
66792
65970
65081
64327
64464
64119
64397
66647
65713
65341
65928
64968
64219
64191
64445
65743
66554
65724
65484
65332
64151
65309
65891
68222
64538
64722
66104
66319
65031
64197
64464
65780
64321
65721
65817
67086
65750
65908
66684
65806
66464
65696
65430
66727
67326
66967
66638
66344
64988
65913
65872
66328
65123
66737
65411
64558
65915
65786
65921
66419
67269
65580
64313
64222
64443
64658
65460
66830
73868
66118
67155
69251
70107
69336
68710
73319
68717
68899
68703
67126
66418
66253
66499
69218
68793
70015
68674
68648
66916
67153
70160
69781
68604
68460
68157
68230
69750
71111
67239
68630
69131
68728
72314
70603
74287
79109
74451
70601
68676
68821
67931
68646
72752
71127
71307
73164
73547
70067
69245
68497
68863
69849
69023
68135
66724
66269
68284
65047
65458
65827
66846
67371
67768
67257
67276
66861
67020
67011
66409
67340
66799
68735
67239
66836
69127
69661
66811
68023
65662
69184
67317
67382
67283
67297
67383
69715
68178
67460
67054
67481
69051
69975
69169
66643
68092
69448
67571
68970
69921
66341
74652
69758
69350
67667
67102
69412
69248
67581
70124
66188
66749
68564
68924
68178
67648
74426
68609
68531
69137
67627
67286
65459
65802
67859
66321
67202
67420
67036
66561
72278
67526
67428
67408
68292
66509
70506
68385
71206
66478
67937
67410
67514
66814
68788
71712
68665
68899
67253
67686
68640
67881
68421
68378
67904
68698
67972
68006
67115
66987
69314
67378
67833
69633
68204
68127
68186
67973
67518
66850
66664
67909
66606
67142
66530
65557
66978
66832
68329
68780
66833
67488
68719
68421
67282
66772
67110
67383
67424
68555
65102
65910
66741
66171
66962
68589
67172
67652
67984
67545
67586
66309
66485
67305
71369
68770
67965
67546
68962
68238
67480
66250
68103
68764
66598
67205
66411
66261
68402
67098
67229
68962
67045
67314
67135
65713
66215
68784
67366
65466
65450
66534
67080
66554
67234
66669
68705
67864
67673
65991
66003
65686
66119
66033
64908
64232
65389
64462
64569
67574
64802
65372
65168
65404
65567
67395
69584
67747
65500
66278
66328
66711
68054
68183
71400
66654
69103
68385
64969
66848
67204
67484
67683
69038
68147
65775
64644
65444
66190
68772
68162
68238
68687
66666
65526
65925
65055
68498
67575
64232
65232
66609
67344
66838
67187
65817
66541
67341
69178
68588
67565
66973
67303
66316
65558
65627
66949
66670
66430
69208
69431
69490
65058
67360
69414
68457
69303
67301
65554
65938
65864
67823
78237
73292
69343
71837
68585
65979
65553
66995
66851
71655
68660
67968
66622
65962
64198
65411
68312
64367
65276
66897
65471
63950
65817
64827
66144
66421
66470
67406
66387
64687
64441
67384
64594
64885
65547
67387
66783
65628
64501
64348
64860
65904
66283
65976
66131
64575
64457
68826
66279
66493
67317
65916
66353
66849
66750
70567
67149
67324
68505
67994
65830
68553
68156
67833
66456
68048
67109
65626
67167
68369
67417
67470
66259
65709
66300
66436
68010
67818
67183
66325
66063
64987
66334
65578
68403
67383
66714
65959
66248
65212
64159
69218
68505
68625
68308
66235
65595
66570
66164
67918
68190
67326
66204
65806
65447
66360
68164
65996
67726
69241
67475
66217
65160
67309
66977
67015
66914
66445
67184
66391
66215
69435
67821
67333
66536
66544
64508
67245
67409
67669
67180
67698
68338
68371
65691
67043
69845
67547
66565
64807
66414
65980
65238
67066
65515
67563
66939
66643
67315
66422
67396
68673
67093
66643
66829
67699
67372
66406
67393
67407
66298
66856
67263
66523
66178
67226
69249
67713
68588
66150
67749
66597
66570
66912
68264
67966
67240
66771
65462
66258
65759
67798
66021
64225
66281
65389
66179
66186
65269
67159
67699
67240
67402
66423
67870
66702
71065
67034
66039
64902
66780
64395
65475
65306
66993
67713
66466
66059
67471
67314
66590
66869
66839
68504
66374
67539
66987
66711
66567
67418
65479
66182
67841
68162
68043
66485
73158
67592
66637
65802
66182
66517
66830
65732
68893
66229
65091
64200
66021
66870
66034
66906
64351
67836
66103
65745
65621
64261
65174
64849
65389
67423
68411
68704
68099
67995
72081
69206
68551
66403
66887
67975
66971
66102
71434
66913
67736
69488
66640
66992
68559
66881
67474
67556
66341
66917
66942
67379
66049
64769
67175
65972
65817
64643
67158
68816
66365
65540
66317
67330
68761
66653
68153
67050
65603
66660
66512
65310
66465
68681
70747
69045
67280
66432
66340
65247
65407
65033
66604
67133
66743
68451
67017
65965
65485
67063
68541
67065
66901
68474
67124
66464
64635
65600
66179
65734
65865
65337
66874
67334
68333
66007
65127
64305
64896
67232
67728
66687
64979
66848
64758
65445
64928
64557
66692
66924
71564
68338
67106
66890
67027
67470
68201
68063
68831
66186
65113
64859
65191
67063
72307
68460
67288
65748
67227
66663
66238
65527
67223
67059
67572
66537
66291
66358
67028
70092
66585
68087
66873
66557
66816
65281
65591
67289
69024
67857
66346
66874
66707
67653
74742
67774
67111
68753
68501
66360
67489
67513
67390
67405
67086
66989
67158
66852
67666
67356
68199
66756
64673
65024
67721
67576
66069
66744
66126
64640
65887
65754
64436
66910
68169
66277
65435
65488
64715
65211
66428
67650
67997
67830
65723
66522
67032
66106
65156
70059
65958
67106
64148
67746
67693
65715
66357
69045
67611
66469
66230
65026
66114
65802
69473
66365
66348
66311
65395
66389
67054
67873
68743
65813
64777
65785
64882
64178
64464
69866
68846
68049
69137
70929
73933
68768
67771
72473
69788
69747
66733
66471
68583
65845
69474
67208
67804
66106
64800
65397
66314
65228
66648
65838
66450
65907
70323
68692
66916
69023
68556
67946
66991
71022
69257
68261
70493
67915
68756
68493
69885
65326
67892
74545
69992
68655
68994
67573
68227
71452
69038
68326
68470
67615
65185
67336
68477
65717
66683
64424
65872
64024
70668
72244
66134
65667
68712
70002
67300
65611
69858
70390
70160
67024
67678
66969
64170
65182
70227
69292
64600
64504
63916
67908
65163
64840
77332
74704
77063
71045
69658
69150
66932
66439
70714
71856
65661
64477
64297
64848
65714
64495
70967
66583
66579
65162
65275
66072
64478
64516
64594
63992
64086
64017
65546
65278
64611
65938
64247
64695
65987
69131
67146
64933
64157
66867
65370
70510
65445
64346
65189
64359
66355
64813
69811
67302
65023
65726
64413
65085
64925
65397
64657
64218
67634
67924
65232
64548
66678
68751
69246
68555
67977
66495
65466
69453
70094
69684
68856
68300
65203
63977
67927
66494
65251
65608
67538
66124
68418
65127
64636
68049
66726
65129
64671
64125
64860
71096
68915
69127
69721
69030
69638
67590
64610
65738
66650
66153
65621
67216
64976
64591
70560
65880
64274
64621
64336
65098
66721
64323
64425
64754
64089
64353
68324
68563
69309
68809
65375
67016
65940
65070
67997
64897
64666
64231
65063
71698
65620
65700
67022
66701
69875
65328
64136
67998
68191
66607
65761
67389
66175
64578
64112
64792
64198
63905
64649
64769
67263
65717
64472
64127
66388
65616
64312
63937
64561
64102
64072
64316
66472
66519
67900
73005
67055
64589
64434
66021
64360
66984
65088
64720
64117
64135
64144
65055
69560
68055
69889
65380
64718
65624
66498
64286
64530
63881
64265
64330
64113
67878
69975
69325
67851
70890
65885
67889
70191
68991
68953
64825
64439
64292
68452
67756
64175
67198
64529
64466
70888
65256
65320
65807
66050
65486
64492
64240
64415
65521
64536
64099
67246
72454
69199
73343
68479
66390
64036
64891
64387
70183
70792
70573
68807
65344
68968
68655
70117
66082
66172
65721
65461
65608
64338
64582
64729
64263
64354
63982
64100
64108
64263
64010
64041
69411
71295
70112
68658
64570
64560
68229
66813
66604
65391
64296
64398
64472
64203
63878
64769
68408
64780
65897
64468
64363
64471
64117
64181
64544
64141
63924
64362
64101
64004
64132
66824
64331
63974
64133
64082
65450
65036
64304
64587
64205
64045
64172
64022
64284
63998
65786
66464
66693
65239
64434
64242
64388
64828
65865
64445
64075
64064
64135
64176
63966
64113
67109
64200
64456
64019
64070
64265
64510
64372
64237
69557
69250
69816
67392
67310
66675
68282
64052
64789
64070
65513
65276
65653
64345
64328
64303
64258
64812
64302
65391
64159
66564
64596
64467
64122
64202
64042
64189
64219
64078
64431
64061
64222
66543
70181
68686
67068
69008
65703
65209
66251
65117
65333
64617
66888
66926
64920
65763
64922
63963
64220
64036
68139
65101
64628
64636
64302
65075
66586
64440
64915
64033
63997
64142
63986
64771
67442
67094
64308
64697
66711
66332
68876
70446
67680
69121
68138
70153
71247
69594
67983
67364
74367
66496
64491
67195
69591
69656
73660
73724
72580
70460
66628
72785
75353
76757
81935
68763
71574
77154
69557
65124
64447
65732
67269
70944
77859
78907
71872
67148
67292
63957
64664
65250
65319
64384
68292
73695
77357
69668
70120
68595
65517
66487
71316
74252
67986
69614
70026
69341
69855
71367
64676
67026
65000
64435
66577
65431
64273
65328
66694
64129
64326
65833
79882
68869
68878
70252
69416
68124
70849
64945
65968
65004
68271
65196
66249
64330
68613
69250
70501
70336
67841
64630
63972
68651
69000
68779
69123
74868
69805
71819
73199
70860
69771
67672
67492
66715
66510
66083
70098
71080
68665
68473
72699
68371
68833
69529
71149
68630
66350
68269
70612
68475
70408
68773
65181
64960
66996
65721
66537
65907
68075
70831
70118
66701
69606
69378
68104
65602
64214
64089
64178
68076
73127
67960
69797
65048
66946
66954
75421
66214
66751
70398
68628
65006
64564
66427
70032
69020
67283
67327
65975
65500
64330
66022
67699
64446
64261
64164
65369
65847
67759
77169
67764
65518
64235
71110
66988
66314
65349
64945
64403
64420
69618
64797
64151
65348
77876
75731
70293
67773
68419
71162
69750
69225
70281
67270
65930
65871
68189
64255
66778
64566
64127
64357
65645
65706
65077
64816
66288
71084
66975
65505
65124
64485
64671
68979
70156
68921
70441
70323
69187
69253
66344
64610
64744
67328
69061
69165
68033
66205
67665
65581
67634
66132
64591
65125
64950
64162
66972
65086
64755
67268
67117
66458
64162
69549
65963
68372
65321
65583
64138
64983
64114
64515
64381
64657
64053
64328
63895
64197
72103
68918
75255
65551
65570
65162
65767
64855
64390
66624
65308
64597
65751
64195
64080
65600
69108
65277
65845
64901
65690
64821
65816
65051
66275
64667
64219
64605
64684
65584
64829
68790
65712
64404
64306
65353
64209
65659
68243
66759
65593
66008
65778
69103
65873
64792
66574
66641
67901
65829
66493
65103
66020
65141
66739
66128
66396
66001
65878
65363
64696
68810
64868
64451
65550
66325
64890
66209
65113
65823
65535
64119
66133
67449
64837
64664
68619
65243
68067
69502
69957
69929
70606
68153
66264
65737
64451
66336
70128
68882
67474
69003
65270
70170
66674
67091
69051
67030
64979
65386
65529
64817
69218
71001
69341
66918
71120
65430
67459
66420
66360
64834
66702
65965
85329
68684
67001
66510
67177
66435
66080
66584
67034
65074
66958
70577
71110
69715
67258
65167
69064
66710
66891
67248
67157
69667
65692
64295
65296
67027
67261
66107
67631
71243
69439
66015
65080
65774
67100
69838
69491
67098
66841
66779
66732
67079
68160
68950
70176
70074
67914
68428
65688
66337
69762
68714
66421
64632
64763
66049
64182
65803
67442
67480
65160
68188
70170
70267
68884
71564
73904
68818
68260
68271
65608
66472
66976
65376
66033
69949
69468
71187
71233
67927
74080
69441
69124
67446
67118
69815
67894
67531
66502
65509
66605
66056
66036
66146
65211
67855
65981
71157
71219
70206
67593
66308
65781
65494
66369
70426
70674
67696
66433
65920
69794
65867
66650
68686
67417
67810
69409
70739
69478
66924
69718
66396
66263
66170
69416
67260
67146
69859
69396
68009
66578
65531
64185
66600
65268
64383
66962
69037
69724
72945
67261
66966
66088
66722
70641
71917
69197
68807
67870
70386
68934
67135
65183
65374
68523
66102
65022
64181
65128
64889
65767
68311
70774
71392
69874
69709
70434
70280
69703
69238
66514
69390
72168
68611
67204
70393
70174
70327
69279
65327
64681
65585
64560
68878
65684
67908
69527
68824
66199
66896
68157
67996
67878
68234
65259
68743
69296
64937
67354
65048
66981
64502
82884
73156
68695
69310
69472
69272
68085
66996
67018
67579
68228
71730
67418
65528
64492
64889
64804
65427
65068
65980
68478
66800
66803
64601
64595
64850
67606
66233
66278
65661
64318
64304
65637
65310
66175
64803
64258
64438
64356
65868
66255
67778
65978
65811
64584
64359
65514
65382
64474
65922
65138
65328
65852
66255
66249
64391
68184
65601
69855
67507
65857
64234
65536
65152
66382
64969
65760
64493
64279
64422
64408
64314
67962
65974
66136
65215
65790
65054
64948
64981
65553
64347
65696
65131
65811
65740
65607
68216
64933
64562
64552
65404
65825
67165
66077
64761
64330
65716
65174
64506
64355
65635
68442
67338
66705
64775
66596
65216
65678
64321
65072
65213
64472
64140
65206
67510
64272
67681
68868
69168
70280
68848
69664
68263
68780
66293
64494
64629
67865
68292
81957
67269
68577
66332
67624
70215
69430
66275
66127
68079
67871
69090
67244
66210
65401
65386
64556
68329
66199
68183
66768
65615
66035
66830
66078
65944
64612
66529
71132
69831
66383
65753
69834
69847
66646
65586
66419
66418
66745
66093
66827
69619
69394
68576
66284
67176
68590
66619
66466
64813
64386
64353
71083
68785
67493
66761
65669
65670
64983
67635
65408
66214
67101
66667
68765
66577
64321
66418
66552
66500
65880
66010
65093
64384
64868
70468
65400
67788
65921
66966
68312
70375
69916
65457
65223
67853
70110
70394
66113
64084
64403
64907
66726
64421
64567
67307
66773
68418
68340
67326
67030
66187
66587
66898
65561
66115
66673
67096
65753
65840
66142
64589
66212
68537
66283
69629
67929
66692
67009
66305
67718
70626
69764
67445
66673
67984
66382
65294
65209
67686
67723
65641
66443
65530
65363
65840
68019
67422
69282
67185
67801
68224
67780
64339
64489
70235
67302
65938
65207
66152
65704
68519
66746
67828
69575
67496
67375
67737
67738
67297
67643
66579
69092
65023
64058
64387
67274
65212
64642
65680
66975
67013
64682
64362
64414
65005
64059
66015
66710
68071
68988
74956
68819
67411
68185
68319
67589
67238
68223
65534
64215
65378
64126
65738
64308
65129
68562
64725
68089
67257
66315
66297
66367
69182
68390
68599
67185
66872
67637
66060
64318
69892
66872
64592
64481
64454
65641
65450
65919
66763
67637
65030
64395
64450
64254
64246
64560
68680
67176
66912
65760
65654
64614
64272
65476
65677
66678
67139
67378
67843
67702
68115
72147
69086
68535
67009
69340
68937
68172
67072
66035
64519
68307
66856
66706
66290
70486
68164
68613
69244
67554
67346
68064
68136
69401
68198
68929
67542
66891
66168
66684
71073
67388
67721
71327
69137
68474
67499
67206
66873
67294
68080
67668
67615
67385
66765
69847
68008
68726
68165
66094
66244
67583
66329
68892
69912
68969
67730
67442
65825
68026
66368
66022
64622
65518
66181
66011
65481
66493
71429
73405
68339
65082
65289
66566
70545
68154
67526
67267
67562
67053
66521
66349
68786
69066
69413
67163
64358
65528
64662
73364
68316
65669
67224
71099
68040
66870
66253
65825
64295
64524
65896
66240
66229
71283
74869
68457
67733
65340
66379
67046
66642
64721
65359
65021
64023
64596
66888
65762
66253
67282
65735
65484
65185
65411
66923
67007
66795
70365
67974
66110
65467
71698
69592
68214
71305
67678
68425
68613
67432
67358
67274
71127
68220
65100
66969
65041
66089
65046
66937
76247
70175
68572
67222
66683
65810
65945
67129
67451
67538
65176
65603
64935
65591
64901
70607
66684
65161
64415
64589
64869
65536
65331
66571
66397
65585
65569
65045
65895
65426
67217
66857
66830
66785
64479
65170
65318
64732
65553
65977
65666
66668
67311
66543
65057
70397
65661
66929
68287
67482
66536
65838
64963
64679
64507
64273
65931
65542
65802
65211
67662
66136
64439
64358
66177
66149
66564
66016
66881
65809
64054
64539
65985
67620
67123
67808
64821
64111
64408
64378
64407
66768
65984
66590
66756
66055
65450
66248
64973
65908
67792
65023
64096
64939
64289
64020
66743
67421
66090
66213
65082
64424
64286
64207
64285
66096
70214
68035
66996
69789
69150
66407
66348
65985
67958
66972
66927
68399
67497
67522
66769
73794
69013
67855
67058
67136
67728
68498
69354
68404
70565
72259
68884
68933
67690
68649
67442
69206
69890
68752
68150
68054
67743
67860
68772
68170
69040
69580
70060
73790
71096
68881
68294
67329
65999
69033
68004
67436
68693
68801
69174
68463
65755
65369
68663
67488
69280
68087
66307
65324
65171
64524
66074
67371
68514
65455
70750
71665
68485
68815
68870
68248
66884
68465
68721
72228
71128
70962
66129
67350
68876
69377
72550
77800
69839
70313
67772
68089
69498
68330
67588
71866
71436
67965
66954
68539
68134
68409
73475
72120
71433
70328
68724
68107
67658
66263
69518
71071
69318
69131
70545
68212
68884
68455
67030
66124
66605
69185
67762
69954
73071
69232
66866
69009
69113
71036
68918
69123
66061
66345
65657
65319
67371
67614
68237
68903
67972
67940
67955
68190
67766
68167
67908
67881
68461
67895
66274
66418
67740
69092
70067
68490
69446
68670
70095
69441
80175
68679
69004
68850
68547
68575
67978
68018
68061
68096
67872
68541
68770
68743
67805
65952
66093
69173
70706
73702
70148
66243
69616
71900
67704
66916
71882
69605
67773
70693
68060
68599
67478
64707
65949
66207
82202
71277
68204
64477
65855
66511
68131
68916
70303
67751
67483
69033
68522
68661
67292
66775
67014
65711
64302
81456
73231
67558
68831
70472
70847
70076
66036
66731
67184
67542
66989
67391
69929
68413
68781
68756
67862
75510
68376
67789
67055
67828
69442
67642
66968
68960
67635
66781
65040
65808
65825
67600
66560
65990
66901
66147
65005
65075
65031
65911
66653
66510
66376
65551
65283
64272
65844
68523
66828
67102
65337
67348
64463
64415
67622
69877
64739
64325
65240
69352
65575
67315
73582
70061
69453
70310
68990
69771
68668
71232
70768
76785
75833
68933
67539
66407
70071
64323
79803
72721
68415
67601
65608
72167
75147
76977
70828
72353
74516
69315
81010
75484
74138
68095
67030
67282
67925
68415
66935
65831
65855
66650
64446
64219
67283
67703
71091
68481
69171
82738
73049
68795
70074
69161
68379
70110
70910
69917
73741
70093
68587
69331
67963
67836
68384
67897
70620
68178
67576
66504
67828
67193
67447
72883
69072
70657
68321
67533
68460
69279
68850
68129
68538
66984
65252
68340
64746
65995
67692
65719
65195
64367
65633
64480
64383
66220
68037
66683
67702
68180
68310
69440
66729
69695
68436
68863
68759
67586
67633
67977
68480
67078
66746
67717
68424
68004
68710
71166
67460
68231
66995
66879
67793
66206
65037
64125
66138
67681
68208
68323
67781
65811
72087
69150
66978
67268
67582
67736
66100
66045
64939
65528
64228
64379
66213
64950
64768
68560
64464
66239
67114
68710
67733
68473
68679
67357
67413
67554
67956
67479
68088
68024
70561
66846
66233
65632
65005
64461
64684
65209
65507
67947
69237
69361
69376
67055
67495
75829
68054
69698
65240
65008
64967
64453
64876
66432
68349
71120
70053
69437
69469
70539
75896
70184
72584
70053
67896
64988
65173
67117
68252
70093
68948
68903
68071
66145
68910
66723
66334
66382
65401
66738
69406
67975
67201
67408
67619
66720
66977
66477
64438
67324
65792
65611
65457
71077
67345
71260
70653
68618
65217
65908
65894
66155
65980
65159
68551
65916
65347
65688
67057
66311
65666
66783
66445
70118
69115
70274
66783
65276
65708
66080
64482
64288
65712
65177
65427
66477
64631
65170
65465
65983
64572
65603
64386
64221
68186
65734
65753
65440
65407
65432
66104
64627
64285
66219
65083
64412
65757
64384
64214
66112
68312
67456
65778
64390
65866
65237
65112
64888
66234
64847
64270
65283
64933
65338
65718
68433
67513
65152
64161
65491
66567
66649
64883
65174
66425
65830
64269
64301
64169
66445
67712
65681
65596
64928
64682
64217
65681
64698
64658
65987
64324
64539
64371
64317
64555
67488
65033
64294
64683
64681
64293
66869
65749
68754
66764
65459
64415
64690
65379
64257
64963
68158
66069
65701
65262
65984
64919
64540
64952
65031
66430
64447
64110
64437
66148
65077
69486
66645
66856
64859
64354
64989
65905
66124
64695
64866
64379
64114
65238
65122
64306
67802
65847
64901
64544
64391
65564
65590
64465
64189
66479
64709
64218
65244
64783
64411
64265
67295
65575
65587
64940
64327
64961
65849
64148
64941
65596
64253
64473
64062
64338
64156
68579
65887
65382
68619
67572
66466
67329
68260
67263
66728
65118
67223
67010
66201
67021
74759
66798
66253
64697
67253
66812
66631
66095
66158
65740
64218
66676
68242
69004
68153
70319
70883
71274
68550
67503
66892
68344
66407
65874
68204
66256
65956
65280
64498
66007
67596
65890
64670
66249
66740
66179
64338
66089
65376
65282
64769
68330
67142
67444
69713
75173
70293
69871
67927
69722
69871
66143
64307
64631
65832
69400
68451
67462
65956
67076
64998
64407
66552
70111
69705
68890
68727
66662
69320
70987
67035
68564
69592
68587
69791
69073
68929
67496
67759
68424
68522
67298
68518
68824
70088
75889
68804
69721
74329
73005
67328
66642
65628
66957
67024
66543
67209
69704
69403
72536
70314
69490
68171
71980
67042
66484
68623
69872
67952
66354
66253
66641
66587
66661
68615
68036
69134
68228
68562
67286
67423
68139
66181
66024
67119
69673
68251
66935
67468
67442
66064
66643
66778
79176
68238
66875
69880
69717
71415
72050
70788
71572
66768
66766
67652
70691
66907
76833
70867
69112
67434
67321
67506
67197
68438
67916
70436
69694
67663
66035
66523
70911
71737
68744
67108
70458
68098
68028
69051
70532
68755
67908
67184
68220
68523
68939
71340
69835
68444
69045
68683
67620
67190
67167
71202
67902
66267
66207
65691
64571
64728
67995
71245
68852
69115
69231
67703
66525
64978
66538
65197
66275
64708
66033
66527
66578
69151
69926
66081
66914
66589
65805
65965
68407
65492
66280
64678
65274
70733
68573
67605
70702
66171
65565
65216
66460
67047
65461
68002
70597
65765
65752
65422
64779
65682
68503
69845
70615
67169
64932
69224
68601
66846
66434
66759
66535
65075
64728
69064
69768
70431
65556
65706
65616
65978
65992
69778
68003
64914
69879
70158
68618
67452
68214
67316
68816
65360
64434
68799
67721
67234
66802
66508
65893
65414
65989
68771
68702
67050
67119
71359
71095
67508
69731
66364
66229
66127
65324
67891
67933
66865
65908
65256
64814
64387
72401
67604
68202
68186
67736
68542
66490
64177
66128
66890
71494
69826
67657
64751
65288
68306
66131
69991
69856
70334
69621
69721
69448
69439
66604
66689
65717
66373
69509
66914
81081
69013
71225
69345
68428
66578
67396
68135
69127
66515
68460
67659
69058
76206
88886
68010
69829
70827
74799
70643
70454
69414
67588
68705
72369
72616
68364
71492
67103
64167
64301
72395
71400
70861
69751
65313
67890
71062
70784
73157
68986
65066
71389
65198
66579
66530
64665
64027
64718
68067
72965
69931
66898
74018
76765
71836
73896
77587
70973
69028
71326
68899
69155
72001
73524
73926
67978
65417
68198
76395
72747
76614
77792
70435
67644
66918
66816
64369
67350
71475
72019
69999
66050
65853
69045
77147
71106
70603
64437
64176
64031
64421
64245
64295
64849
64165
64266
64249
65863
65125
64419
67588
64199
64163
64152
63902
64107
64466
64291
64321
64385
64187
64269
64134
64159
64158
65604
65586
64208
64017
64003
64055
64231
64140
64443
64740
65309
64160
64526
63970
64828
64450
66545
64486
64456
64166
63935
64026
64218
64123
65139
64232
68362
70227
70523
67880
79195
71784
66415
64192
64592
70715
64087
64655
64583
64350
64365
63900
64412
63984
64063
64065
64085
68447
64475
64547
64314
64017
64320
64124
64660
64028
64464
64058
64227
64159
64002
64026
64288
66389
64231
64114
67630
64209
64597
64695
64423
64351
63988
64347
64302
63882
64307
64059
66350
65132
64211
64456
65473
65020
64181
64694
64505
64967
64412
64421
64119
64118
64002
65344
67742
64117
64161
63855
64238
64341
64357
64432
64005
64449
64547
64413
64118
64584
64169
67544
65310
64047
63992
64704
64237
64225
64571
64021
64068
64179
64149
64181
64074
64106
63942
66099
64283
64195
64098
63933
64480
64908
64732
125573
69324
65270
64016
64174
64170
69036
68641
66206
68360
67781
67881
68982
67466
65731
65645
66174
65687
67963
72026
68664
69260
64714
65887
64375
64048
64025
66025
65841
65479
65382
68205
66203
66699
65251
65006
66448
65591
67732
68462
65164
64458
66456
66341
68378
78014
68349
66926
64584
69887
72296
76927
68561
64840
65634
67976
70430
66121
64249
64322
65863
67422
66283
68117
71543
70715
68951
66273
65054
67543
65849
66621
65385
65250
65250
65299
64501
63972
65178
67368
69438
67797
65391
65430
69653
64861
64248
65580
69149
71229
66212
66928
71131
67282
67112
66433
66857
64293
63952
64444
71175
67555
70467
119547
85733
67550
67793
66981
65020
64044
65993
67315
67016
117679
83346
70502
70694
70954
70743
71580
71808
70222
69689
73736
66164
69201
86490
68102
70843
68178
64453
64116
64234
64056
72428
74377
72372
69689
65236
72516
68586
64537
64299
65262
68154
71515
70506
67370
64630
65498
65949
64211
69317
71671
68104
64913
64462
64159
66347
66551
66784
68060
67720
68524
73718
67120
64421
65914
64637
64198
64557
66443
68563
67111
70052
69363
65404
68084
69586
65541
65471
66867
81579
70574
64875
64279
64600
65950
68167
85322
70734
67799
65724
64417
64283
64241
64412
67007
64221
64642
64014
64612
64137
64504
65056
64200
64160
64024
64175
64542
68558
77526
85252
66023
65927
64180
63961
64239
64495
66279
72093
74828
73867
69934
67366
64578
69593
71259
68914
65941
64336
64113
64458
65631
64077
65613
66213
65500
64256
64867
64375
66194
67981
66591
65930
65507
65913
65728
65566
65303
67273
66067
64295
64293
65006
69557
67186
67177
64241
65917
66603
64529
65574
65790
66372
66571
66923
65670
64704
64208
64382
67703
68995
64690
64363
66725
64872
64192
64684
65490
65424
64490
67685
64512
64439
65334
65152
68076
65788
66192
66344
65125
65731
69709
65845
65335
65370
64986
66393
65275
66247
66443
69133
65121
64482
71840
64763
65142
68881
65025
64146
64680
63933
65355
64655
64370
65199
69892
67476
68824
68119
66667
66092
66693
66891
66457
64852
66791
65832
65471
64422
65585
66305
66384
64066
65999
66283
65291
66294
65684
64587
65326
65446
66039
65314
66796
66017
68680
67760
67109
65610
65628
65370
66322
66076
66521
65671
64538
64770
65234
65530
65367
66488
68269
65222
65667
65353
64712
65900
67098
67057
64941
65631
66433
66007
66103
65969
66452
68013
65792
65317
64684
64460
64613
66680
65466
66013
65284
64655
64212
64000
64367
65816
66130
65296
65883
66072
64600
66629
66034
65754
64311
63958
65716
64161
63978
64272
65131
65461
66652
65407
64160
63948
64076
64418
64658
65668
65361
64381
64001
64280
64118
63951
64249
67527
67206
65847
65745
65932
66489
65848
65447
65657
65641
64735
64267
64702
65552
64235
67625
65315
66576
66064
64651
64342
65206
66644
67372
65961
64899
64743
68997
68240
67245
68635
66258
64652
64438
64705
66422
65738
66459
65014
66334
65373
65535
66019
69678
70200
78450
72604
68632
66458
64470
66780
67144
67652
66422
68069
68033
67397
66973
68242
67030
67421
67947
67424
67296
65504
64504
66054
66719
67915
66572
66582
66500
66185
65271
65428
69024
67719
67771
66320
66794
66607
67415
67196
65667
66942
66733
66546
66280
65429
65791
67692
65779
65811
66429
67123
65894
66121
65456
64665
65464
66451
66779
66013
65571
65410
67170
64528
64501
65031
65964
66425
64464
64971
64309
66086
64157
65112
66664
67300
65302
64972
70750
67437
65212
65464
66886
66206
65872
64134
64638
64584
64146
64425
65991
66781
65944
66353
64413
64324
65152
65551
66527
66319
66713
66830
64586
64269
64946
65064
65472
65581
69181
68385
65027
65724
64341
65030
65570
68750
66508
66975
66091
65133
64066
65595
64713
67732
67141
66604
64358
64545
65547
65978
64790
66377
65876
66958
64607
66302
66069
64691
68146
66068
66458
67015
68127
66371
66337
65218
64512
64751
66345
66609
64720
65734
66803
67492
65853
65313
65875
66800
65690
65025
65821
64949
64345
64585
67027
68418
67284
67420
66543
70015
68007
67169
66098
65784
65082
65867
67504
68686
67199
68520
66599
67045
68311
70391
65839
65271
64910
65848
64718
65779
69507
66580
65134
64729
65656
66712
65759
64764
67966
69016
67019
68143
68829
67161
67314
67784
66555
67385
68288
67728
65712
68379
67296
69787
65494
65472
67541
65659
65985
67167
67152
67506
68303
67730
66137
64246
65964
65967
67684
68519
66605
67331
67221
66639
66817
67713
66902
65628
64545
66190
66203
65826
64719
71753
68588
68161
65792
64477
65994
66160
66187
64875
67176
66892
66206
65860
65470
65002
65345
65636
65379
66363
67485
65266
68277
68821
68275
67794
66043
66254
67252
65995
66546
69520
66492
65203
68270
67998
66321
65577
65210
67564
67778
67982
66070
67109
67072
65777
67631
65853
65611
64214
65813
65641
65757
67155
65732
66196
67106
66583
66028
65407
67422
69752
68072
67016
67606
66423
65193
67468
68401
66647
67358
66574
68214
66765
68118
67264
66784
66228
64545
65665
65005
65328
66207
67590
66862
66477
65479
64418
65486
64987
65026
65533
70001
66583
64770
64234
65375
64842
67063
67375
66548
65047
64195
65328
66276
64553
65503
69652
66366
66236
66761
67014
65747
66233
65355
65676
64595
66028
66176
83706
124125
90639
67755
66999
67665
64604
65983
64766
64579
64338
64064
67058
65235
64331
64985
65926
68526
64430
65566
65250
66104
65933
65982
65412
66201
64434
65501
64321
64323
64750
65041
123071
82955
69473
66635
65995
66338
65764
64588
64107
69626
72053
67999
67684
67800
71674
67816
67781
68987
69423
68251
66740
66021
68330
66925
68463
67922
70574
69593
69685
73985
66541
64708
64674
67469
68267
66345
67128
66244
66491
66417
66793
69818
67206
64533
68568
66444
67209
66000
65779
65650
66729
69883
69540
66002
66897
64762
66751
67164
66555
73025
67021
67143
66393
66400
67523
66504
69067
67418
64104
66216
64769
64220
66019
66157
69662
65498
65114
65756
64979
65127
66325
65990
66827
68798
67560
66184
64383
66381
68188
75180
66058
65904
66016
65881
67294
67280
67249
68260
65775
65332
66489
65223
64526
64285
68190
66460
64681
64232
64423
66768
130690
94409
68286
67699
66841
66589
64402
64301
68609
67247
65289
65976
65859
66119
65225
64719
64432
64300
65053
64895
64325
64546
65510
67558
66588
64794
64147
64614
65149
65650
64699
65628
64351
64480
64292
64478
64155
64953
65296
66563
64243
64226
65687
64365
64780
65378
66462
65242
71128
116569
75383
67442
65149
66981
65317
64094
64341
64468
66847
66448
65137
65786
68179
66804
66287
67754
68332
66498
68957
67093
66692
66495
67355
66268
66481
64518
66519
67206
66568
67336
66867
65690
64566
67197
68485
67846
66954
67769
67250
66175
67599
65965
66958
67149
67476
67659
67969
68126
68476
68179
68671
66255
68499
67788
66002
66801
66867
68458
68253
67590
66370
66743
66488
69967
66911
66438
65628
68128
67001
66951
66660
66503
68703
67800
66642
65663
67169
67221
69645
66587
66423
66333
65674
65705
64465
67575
66727
67737
65691
66240
67122
66957
66980
68674
67172
66502
67749
68219
66656
67850
66316
66779
67638
135793
79152
68615
68214
70055
67138
66045
64471
66145
65813
65296
64982
64179
65517
65077
66404
65522
65447
64615
68640
65241
65336
64511
64613
67918
64438
65264
64729
64606
67291
65779
64873
90922
119269
68863
67026
65454
66696
68406
68034
67101
66497
67420
65587
64275
64372
64697
64331
67644
65798
66713
66184
64750
65686
65140
64394
64562
65833
65966
66358
65843
64790
64365
66789
65967
65032
67067
67300
65342
64035
64540
65135
64941
65508
66075
65625
64907
68285
68999
68465
67084
67857
67268
66167
64831
64743
65830
64114
65109
64763
65662
66469
65765
68135
71766
67930
66662
67588
67364
66559
66972
67088
68819
67612
68295
67476
66347
67773
69750
68001
66916
65532
67125
67649
68149
66916
67474
66373
65331
65975
66112
67105
66376
69600
66313
66808
65291
66463
67054
65862
66752
66108
64386
65825
66768
64526
64289
66700
70607
66090
67162
66795
66758
66675
67025
66423
64752
66783
66670
67431
66867
67497
67005
69428
68529
67778
67515
67278
66947
65195
65733
66446
66603
67750
68122
66938
66827
66657
69470
66127
65896
66397
67689
66416
65601
66088
66007
67062
66505
66072
65291
65701
65043
70054
67435
66608
64859
64327
65846
65991
64735
67461
66016
67322
67690
68643
68339
67970
69933
67651
67986
67084
66410
68411
68402
68809
67520
67429
67852
65722
66675
67022
67955
70254
67738
66341
66820
67334
67923
65898
65165
66199
64986
64215
67347
68012
66408
66222
70003
66974
66936
66506
66138
66179
68670
67019
65794
67614
67240
66902
68063
66680
66317
67989
64519
65401
64321
64393
66012
65614
66565
67820
66920
68577
67693
66759
69382
67362
70596
67888
66706
66090
68135
68364
68415
67863
67033
67936
67100
67121
67967
65949
67666
68830
68194
68000
66905
68204
68382
68426
67127
67760
66590
65734
68666
65841
67062
67938
67357
64621
66486
65206
66229
65620
67516
65699
65961
68796
67956
68892
67828
67387
67416
67715
67575
67655
68652
65917
68340
66352
64723
64666
65075
64364
64115
65934
65935
67440
66767
65978
64581
65508
65677
65435
65073
66102
66332
65124
65468
64255
66492
66611
66635
69855
66919
65905
64795
67809
66910
111151
76203
68392
67212
66518
66072
64540
65347
69067
64052
64326
72004
71594
65930
66485
68870
69569
69230
70059
67890
66863
65764
69564
70853
69628
68574
68659
67547
65825
66580
64859
65102
69099
74314
69200
69360
69028
70380
68060
68237
65252
65802
67222
67267
70308
69408
67195
66129
68023
68120
70525
67634
69471
69144
69487
69494
68860
67814
68885
69946
67373
67986
68981
66608
65387
68988
111068
121063
107024
81532
90786
74584
71573
72914
74933
74727
78040
70362
70441
67816
67076
72379
69413
67839
69722
65297
67722
66790
67586
64853
67948
66735
70367
71233
68470
67798
69485
67255
65987
66241
67505
67962
66223
65464
65940
64528
65406
68750
72392
67163
65199
68816
66284
68442
68007
66082
66159
66411
67670
67022
67143
66677
72143
68659
68233
68611
68141
67314
78909
69693
82233
114084
108691
85251
70060
79920
70267
71665
87026
89148
81573
84491
79585
78417
80271
75311
73330
68946
75724
68634
69081
67368
67492
65172
65823
72239
66798
66215
68965
73190
75451
75806
67732
70593
70130
68278
68692
67204
66375
67624
72074
74682
67946
67095
64726
65836
71232
76383
74935
73044
70237
67762
67434
72915
68664
89519
68471
64895
66376
66795
69260
72372
67922
66663
84344
75117
68365
66168
70267
66336
66560
71274
92092
73020
74319
81509
87702
83882
76240
97288
74504
73719
72698
69229
69232
71728
68833
72484
73127
67621
70141
71654
65442
71293
69763
70697
68801
69045
70283
67539
68841
69525
69398
65686
70807
66957
65812
73943
65569
71025
70246
70096
70789
71361
68818
68705
69602
86021
68570
81833
78203
74098
70450
68736
68927
68852
69461
72258
85180
74990
86194
84202
77382
81042
71961
70244
72454
67325
68954
68359
69857
70136
68835
70432
70588
66032
67496
70544
71670
70845
74589
72896
69755
67944
73951
69271
69560
76672
80053
71375
68283
69141
67466
67071
65038
66027
67956
74683
77643
67994
66670
69938
70932
74211
68954
69038
68637
66989
66718
73781
71771
71312
75523
70991
68003
68301
71996
80029
93411
76411
75752
84849
84948
76448
82692
78159
74422
73352
73540
70150
72763
69341
73100
69431
68635
73249
71764
74615
73860
69951
74174
68910
68341
71407
80365
99247
68859
71680
87269
80327
69005
67191
67691
65429
66797
65229
68178
68823
72993
67383
66120
66000
66222
67344
67506
65500
65954
64472
67316
71706
69140
69215
74296
69356
66373
65625
64595
67695
72757
68941
68867
66235
65062
66952
67376
68864
66044
68276
66661
66378
64963
69677
69072
64921
65580
65683
66558
65792
64360
64183
65937
66535
65305
68641
66227
68373
70864
66482
64508
64358
64341
64881
66612
66441
66165
66908
66510
64532
67401
66883
65880
66721
65562
65733
65314
65743
64474
68174
73063
72102
74282
78447
74959
67860
66812
66389
71397
67321
69394
72057
72024
77416
71095
72399
74553
66709
68013
66226
68630
67959
65016
66728
65490
65516
64068
66415
65673
64244
66905
69116
67431
68487
66285
67250
70983
66643
67630
66016
67689
68251
68499
67697
71240
71181
70363
68451
69402
67745
70724
72114
67723
65294
66444
69425
69385
68908
68751
68154
67703
67375
69839
73363
66629
65698
66830
71390
69235
68398
68876
68136
71221
73706
72138
71507
71077
73578
71162
72447
68243
68224
68058
71169
76320
75272
68448
66324
66645
65633
66698
66194
78394
76539
69349
67100
66093
64841
64732
65173
70987
66635
66243
66290
64535
67733
66701
79035
69390
69720
68595
67977
66097
65279
66017
64573
67948
67390
67691
67630
71431
72813
67718
69067
66668
68313
67251
67147
67055
67421
66328
65293
69122
71305
70675
65952
70476
66912
69778
66717
68413
67018
66606
68341
67342
73317
68807
69296
70741
66807
66534
68680
66077
65974
65056
66138
70265
69326
68029
67330
68157
67494
68354
66665
66594
71399
70297
67189
65224
65404
65510
66059
66401
66290
67690
66803
65867
67679
67396
66115
69982
66675
66612
66143
64896
64769
66274
65951
64881
67121
65719
65841
65577
64216
64249
66033
67032
68078
76656
69444
68210
66218
66033
67575
66252
72342
68905
66626
65147
69113
75454
67927
66278
69290
68992
67787
66759
65604
64648
64899
64307
64818
66415
67469
66113
72941
67521
67157
65899
65318
67327
66834
65697
65283
66391
66805
65747
65843
66506
65331
67267
66697
66125
64272
64957
65990
65727
66552
65899
65469
64419
66944
66599
72857
69506
66829
69366
67162
66096
66089
66840
64906
66048
67656
66744
67072
68681
68811
67233
65845
67082
70351
68044
67613
66865
67365
66035
65660
66601
65837
64896
64659
66405
66796
68207
70868
74120
66526
67095
67337
67672
66767
68586
70468
66593
65269
66407
65244
67108
66619
67115
70186
66729
65928
66885
66662
66523
66335
67161
69586
67560
67555
68604
67515
67414
66972
68622
66081
68274
84976
70423
68826
69890
75016
69560
68200
68591
67172
68159
69327
71161
68906
69369
68211
68618
67886
68372
68264
67299
67167
66013
65268
64257
65850
65278
66936
67046
64726
64291
65303
68632
70453
65545
70761
70353
70760
66980
68712
68914
68542
68207
67917
67777
67292
65795
65627
65402
67105
66831
68700
70534
66227
68919
69399
72481
66964
66205
66458
65303
65277
65088
64279
64305
68889
68507
67838
68395
66998
66573
69278
68510
67193
67807
64710
65727
65613
66089
66087
65300
65911
66870
66028
66769
66847
70121
66561
66296
66466
66785
66073
65071
64478
67223
65982
68167
67864
67476
67241
66004
69023
66860
66709
67429
67090
66384
66648
66351
67897
66531
67214
67778
67511
65977
66618
71515
67188
65207
65259
64117
65227
66734
65269
66240
67086
68105
67659
64722
66136
67857
71909
66849
67256
65959
68405
68665
67556
68919
71459
69872
68924
67981
68650
67953
69549
75216
69804
68824
67028
67514
68561
66977
71400
69427
70631
68710
69328
69305
65975
68462
67996
65588
66892
67131
67327
67657
67369
66044
69545
70228
70130
71377
68036
66554
68271
68505
68310
66430
68104
66750
69892
68405
66557
65810
66164
68921
66144
66732
64241
73824
68366
64876
67387
75054
68690
67463
66281
66436
67084
69888
68826
65648
64349
66347
66143
67795
64232
65302
65773
75908
76173
88789
77123
69194
65689
66936
64801
72851
73316
67756
67709
69143
69799
68191
69424
68015
64685
65182
64987
64344
66578
65944
67414
67187
66641
65378
64629
67221
65544
67531
66908
65056
69183
70703
66866
65651
65726
73404
68204
65022
65150
65351
65624
64717
67325
65987
66578
63994
64703
65704
70203
65812
66074
65134
64128
64216
64995
64928
66070
64748
64401
63966
64078
64331
63997
66061
66182
65047
66538
65008
65488
63999
64774
68670
69216
65770
64399
64460
64481
65297
64649
64289
64978
74691
67525
64973
64419
64392
64297
66758
65173
67570
71580
71475
67181
66260
66330
66201
68159
65260
65145
64728
64077
64467
64474
65618
65289
66030
65566
64259
64195
64979
63959
66376
71547
65531
64783
69579
70005
64673
64430
65077
65668
64537
64427
66833
69734
70425
69761
65431
67356
68493
65523
66258
65768
67877
65511
65511
65346
65173
67563
67244
68209
66008
65229
64024
64124
65180
65285
65342
65062
64758
65441
65901
66784
64946
67221
66144
66224
67924
65748
65116
66816
65893
66074
65111
64726
63983
64744
64199
64004
64850
65015
64610
66115
64583
64150
63913
64248
65607
66326
66640
66331
65770
64618
64485
65099
65728
64970
68970
65190
64561
64758
65215
64543
64291
64352
64440
65498
64027
64739
66436
65891
64339
64001
66268
64355
64060
64200
66490
65514
66410
66415
65339
65728
67381
65224
65447
64538
64624
70764
65550
64621
64971
65571
65998
65518
65518
67121
66326
64947
66169
67369
65691
66600
66891
65135
64017
64998
64196
64407
64390
66730
66453
64963
64091
64237
64555
65984
65038
66092
65953
65228
65371
64547
64977
64521
64545
64342
64349
65752
66206
64477
64852
64145
64236
66681
64476
65231
64834
65489
138295
73683
66365
66352
65808
64062
64253
64507
64183
66232
64509
66132
64201
64254
64500
64446
64207
63942
64455
63971
64182
64250
63889
64237
67386
64754
64695
67555
72042
73002
73633
70901
64472
65567
65015
64662
65698
72075
71503
72675
70383
71399
70347
65218
64587
64672
64550
64174
66949
70082
64765
64299
64120
64157
67618
64834
66174
68635
69007
68499
69271
69078
64304
65216
64290
63932
64055
64188
63956
72371
67639
67200
67758
65210
65330
64529
64212
64151
66196
64512
64045
64345
64192
64198
66218
64942
64130
64047
64012
64082
70830
66189
64331
64286
65308
64333
66819
68186
67770
67768
65648
64062
67451
67278
66854
66892
65143
64237
64134
66349
67554
66838
66958
66187
64337
67064
64356
64183
64561
64214
64335
97413
101995
70652
67521
64012
64586
63969
64184
73494
69026
67996
65461
64020
64391
64498
64403
64127
65822
69335
69846
69215
66135
64942
74323
70112
65928
65562
69136
68635
67450
64452
64204
65568
64160
64926
65811
65138
64190
64228
67736
64413
64062
64058
65444
65642
64863
64598
63966
64480
64017
64191
64634
65188
65447
69118
64674
64045
63992
64514
63939
65135
67080
70358
69141
64552
64172
64136
64318
68053
73983
66556
64070
64010
64371
63997
68388
69093
66640
69945
70181
68894
64970
64073
64291
65847
67483
65987
68595
68271
64282
64647
64138
65210
65727
70024
68746
66640
70820
70748
71249
72077
71245
70994
64348
64947
64948
64416
64206
65683
66459
68764
66066
65648
65677
66195
67741
64674
64489
65643
66444
65217
64706
65976
64838
65330
64790
64690
65116
65442
65245
69657
65675
64733
66906
65653
66829
64744
64566
65187
66157
65086
66119
65128
64861
66094
67434
65018
66519
65854
65039
68029
66407
64989
64535
66590
67304
64706
65581
65151
66804
67312
67185
64630
63902
66153
64969
64823
66366
64704
64829
64045
64565
64897
64142
64611
65198
67951
65666
64066
64796
64172
64438
65323
63912
68932
77883
75048
70098
75162
70201
72037
94280
76224
69523
67070
69650
74695
67463
66886
69898
71655
73602
65297
64419
64415
66940
70816
71318
67604
64748
64218
70950
68070
64566
65759
65792
64504
64194
64405
64356
66138
64700
64268
64162
64133
64100
64299
64258
64572
64221
64411
64747
63896
64226
64353
65753
64570
64059
64168
64080
64031
64689
74396
120202
71747
69572
65710
68232
71064
71744
64976
65096
65366
67017
65367
65905
67418
70221
65524
65498
66043
65525
68224
71524
69985
66340
66740
65814
65964
65605
66325
68024
64473
83325
114609
73121
67797
67370
68058
64397
64229
72591
66313
64624
66562
64949
64441
64228
64054
64738
64286
63982
64359
64532
71492
68794
67649
64609
64066
65945
64997
64418
64233
64033
64563
64519
64025
64318
64204
68538
64484
64346
64870
64214
67746
71570
75458
67093
65179
65872
96554
101550
69021
69535
66203
65740
67588
67470
66912
67720
68008
66839
65987
64129
67538
67499
67652
68737
71848
67415
66011
69285
68509
66635
67554
67387
65868
67028
67756
67658
68590
68007
69304
67710
67565
68657
66187
66700
67511
66565
66009
67714
68385
67358
66172
68206
67110
69529
67115
66725
66537
66436
65673
64681
66384
64142
64392
64952
67376
66862
67113
67966
68946
67477
67704
67382
66054
66014
67622
67743
67356
69102
67836
67397
68085
67840
65883
69789
67971
68684
69114
67368
66849
65323
65790
68184
66512
67242
66237
67809
66646
64961
69239
65797
64842
65891
67560
68235
66698
65381
64965
64785
66555
65562
66860
69174
69063
68688
68870
67554
67456
67253
69006
68210
65715
64852
67411
66813
66224
66359
66772
66128
67463
66574
67760
67212
65399
64959
66674
67229
65773
64605
64207
65758
64518
64788
65215
69316
66916
66104
65069
65141
65556
64677
64319
67087
65827
66757
66049
121788
84600
72886
69303
67186
65342
64481
64482
64218
64363
65120
66558
65662
65342
64341
66625
66990
67577
66500
66227
130184
73642
67494
66415
64758
143990
71104
67568
67429
66656
