68002
67852
67706
69525
67846
68308
67947
67832
67791
67706
67371
67477
67694
67386
66763
67707
67239
66579
68922
67434
68177
68009
67712
67903
67479
67937
67830
67670
67929
67902
67487
67908
67578
69340
67668
68051
68046
67841
67839
67832
67818
67833
67803
67997
68477
68115
68332
69508
67800
67275
66408
67547
67830
67401
67891
67971
68101
68202
68289
68008
67783
67872
70155
67844
68470
67941
68305
67875
74286
74337
68123
67605
67630
68064
67838
67748
67519
70216
68433
67368
66155
66468
67663
66939
68955
72316
69723
69606
71494
69957
70197
73457
68271
66875
66225
66611
65746
65679
64923
66154
66328
64692
65824
66460
67353
66701
66815
66177
66931
65293
65763
65978
66268
66750
66565
65564
64830
66341
66310
64655
65908
67536
66609
66984
66416
66249
66389
66589
66466
66454
66235
64941
65953
65154
66152
66990
65179
69058
66569
66547
67022
67521
66613
65646
66657
67086
66506
66135
65927
65252
66634
70142
68301
67234
65146
66079
66317
67537
66533
67239
66693
64944
64796
65539
64757
66121
66306
69665
66658
65153
64762
64531
67843
66373
64793
65661
65220
65987
66217
66262
66269
65326
68780
65418
66235
67541
66185
65055
64890
65045
65356
66170
66392
64951
65730
65644
65536
68353
66478
66541
66001
67637
66450
65448
65785
65579
64932
66249
66179
66221
66162
66265
68961
66614
66454
64787
65330
65795
64818
64955
64594
65914
66461
66860
66769
66152
66280
67838
65512
66002
66810
67450
67701
66565
65702
64778
64736
65140
65193
65716
65728
66161
66577
67820
66594
66515
66353
65208
66383
66527
65070
65846
66919
66929
66549
66085
66418
65402
69263
66510
66253
67402
67162
66471
65990
67108
66294
64897
66296
66265
66280
66298
66350
68435
67417
66589
65958
66755
66188
65468
64743
66319
66096
67011
65674
66088
66340
66421
69046
65581
66384
65975
64620
66241
66577
65693
65139
65001
65786
66149
66195
66296
66036
70384
66475
65113
65934
66082
66803
66261
65491
65181
64837
65559
64507
67589
67096
66079
68788
65539
67011
66709
66371
64780
65514
66160
66970
66705
67141
65815
65801
64832
65869
68807
67322
66309
65240
65080
65236
64579
66130
65388
66480
66438
66324
66300
64697
64803
68355
67171
66931
66635
66571
66447
66101
66674
64697
66041
66212
65202
65342
67392
66441
67219
66660
66986
64749
65072
64589
66265
66495
67423
66815
65856
67609
66417
65226
65587
64886
68317
66151
64896
65259
64786
65304
65449
66325
66719
67480
66047
64841
64693
64767
64517
68184
66486
65910
65569
66330
66218
65051
65667
65383
67304
66923
66034
65991
65414
65890
66937
66602
66498
65308
64895
64770
65430
66656
65742
64635
65519
66139
66298
66186
65606
65230
68296
66523
66816
65735
64881
64547
66391
67741
65681
66397
66060
66726
66272
66123
66399
69013
65906
64870
66694
66831
65261
66222
65778
65639
66399
65406
65668
65994
66792
66350
68724
66378
66162
66399
64632
65880
68918
65013
65850
65030
66248
66763
66582
66569
64966
68149
66979
66680
67086
65855
66373
66215
66504
67086
65408
66655
66517
66826
66441
64731
69564
66720
66553
67515
66403
66792
67034
65748
66060
65122
66372
66262
66332
66876
65921
71409
67116
66281
66527
64859
66647
65978
66461
65672
65469
66871
66405
68940
66803
64648
69975
65258
69816
66638
64804
66068
66589
65312
65747
66107
67443
66509
66347
67413
64791
69388
64877
66382
66791
66058
66430
66623
66161
66361
66400
65184
65324
64963
66044
66312
69902
66703
66059
66500
64955
66476
66464
67392
66422
65912
66720
66096
66242
68524
64528
66746
64904
64961
65157
64753
64818
64268
65323
65698
64550
65386
66306
64675
64470
64496
66807
65708
64749
64152
64806
64603
64567
65812
64914
65226
65035
66564
65150
64440
64737
64498
67729
64667
64506
64578
64261
64963
65142
65253
64606
64443
66213
64397
65023
64594
64368
66765
65454
64608
64759
65066
64866
64283
64579
65848
64517
64324
64138
64304
64266
64755
64468
66934
64350
64077
65864
64535
64522
64728
64921
65422
64673
64674
64446
64555
65225
64437
67314
66291
65567
64550
64793
64651
64524
65949
64687
64641
64507
64718
65114
64588
64636
68113
64954
64292
64279
64918
64816
64663
64712
64724
64873
64744
65818
64482
64580
65492
64197
69285
65423
65468
64443
64516
64839
64552
64797
64950
64769
64790
65021
65364
66628
64633
67712
64737
64933
65331
64796
64845
64448
64823
64540
64679
64529
64538
64890
64654
66280
66191
67147
64911
64057
65731
64469
64618
65606
65135
65883
64787
64805
64635
64409
64693
64735
67854
64730
65598
64710
64305
64349
64409
65192
65176
64633
64756
64346
64601
64586
64548
67953
64822
64588
64753
66241
65423
64729
64556
64621
64597
65776
64429
64779
64460
64721
64655
68380
65303
65357
64869
64755
64505
65328
64693
66464
64504
64669
64639
64507
64681
64732
66909
64673
64062
64442
64669
65193
64510
64631
65059
64707
65157
66292
64553
64505
64554
67037
65237
64272
64466
64954
64960
64387
64539
64740
65621
64521
65068
64849
65986
64791
64597
67055
64311
64383
64521
64662
64505
64649
64571
65728
65822
64868
64371
64643
64496
64490
67367
66347
65208
64411
64205
64783
64477
64732
64680
65506
65761
65163
64698
64491
64613
67904
66057
66198
64525
64640
64945
64740
64658
64612
65718
64810
64736
64337
64632
65104
64810
68708
65723
65636
64756
64681
65439
64458
64773
65136
65360
64716
64365
64590
64493
64556
67683
65656
65177
64554
64253
64544
64627
64619
64600
65265
64571
64680
64776
64571
64630
65691
67422
64348
64154
64636
64890
65433
64930
64538
65080
64952
64375
64352
64585
64622
64652
68819
65328
64484
64560
64609
64913
64408
64650
64669
65488
66312
64427
64612
64473
64657
66360
65853
64436
64384
64975
64827
64487
64770
64351
65187
64985
64607
65637
64963
64646
64532
68563
65889
64331
64557
64424
65379
64656
64569
64550
64516
64669
64392
64506
64608
64731
67249
66152
66496
64788
64733
64837
64423
64596
64450
65215
65312
64832
64604
64334
64606
65106
66865
64491
64746
65259
66454
65484
64727
65702
64799
65026
65518
65613
64902
64680
64477
67353
65618
64970
64309
64519
64694
64687
64483
64715
64843
65491
64438
64605
64669
64498
67205
65920
66101
64667
65678
64405
64500
64740
64536
64714
65731
66267
64675
64464
64543
65719
67063
66022
64342
64762
65294
64945
64624
64308
64711
64714
64520
64557
64475
64817
64674
66997
67039
65221
64613
64526
65272
64436
64714
65023
64686
64664
65971
64399
64695
66839
67177
68154
65145
64783
64506
64632
64862
65983
64628
64479
65229
64563
64598
64966
65727
65552
67233
65143
64276
64435
64817
65504
66227
64742
64665
65451
66372
65498
64483
64749
64970
65554
67219
64108
64198
64490
64587
64840
65016
64621
64960
64737
64582
64642
64561
64622
64854
67971
65081
64827
64441
64638
65479
66018
64513
64568
65723
65025
64697
64836
64566
64672
67742
64926
64231
64282
64579
64703
65945
64725
64671
64931
65306
64695
64458
65527
64670
64693
68618
64352
64639
64845
65099
64743
64435
64684
64665
64819
65323
64717
65404
64791
64813
68777
64839
65417
65058
65139
64793
64475
64701
64453
65393
66366
64499
64717
64548
64617
67707
64651
64459
64429
65692
64452
64895
65391
65031
64588
64873
64611
64527
64565
64619
64754
68968
65953
64946
64962
65452
66393
64966
64887
65513
64707
64714
64423
64545
64442
64704
67916
64435
64653
64689
64972
64598
64798
64566
64460
64771
64480
64572
64953
65209
65557
64954
69419
64607
64356
64800
64374
64885
65910
64886
66226
65021
65077
64439
64486
64620
65899
69496
66154
64184
65041
64547
64717
64627
64710
65061
66197
65919
64529
64611
64446
64858
68811
64317
65609
64775
64737
64798
64919
64712
64417
64652
65623
64664
64618
64672
65286
70949
67576
64997
64542
64653
64434
65218
64700
64695
64723
64698
64602
64482
64564
64544
64635
68094
64990
65617
64420
64246
64582
64741
64608
64455
65813
65639
64292
64708
64318
64841
68270
64811
64356
64159
64741
64521
65249
67056
64565
64631
64574
64928
64386
64672
64692
65068
67473
64512
64784
64944
65294
64649
64660
64643
64651
64725
65437
64530
64599
64564
65093
66946
65470
65576
66314
64593
64538
65858
65182
64614
64807
64648
65099
64654
70601
70057
79795
67510
67243
65908
66406
66359
66552
67165
66182
66109
66426
66003
66307
66220
66627
68847
66314
66701
67035
66527
66710
66165
66216
66288
67049
66758
65903
66061
67213
66259
68484
66364
66443
66850
67310
66389
66334
66225
66288
66042
66541
66219
66439
67012
66495
69018
67072
66090
66257
66284
66389
66945
67274
67125
69776
68048
68301
69339
68167
68310
74229
68081
67741
68517
67500
66429
67538
66382
67156
67278
66529
67103
67292
66818
67180
69278
66849
66773
67547
67047
66698
65495
65627
66693
66485
67518
66666
66647
66335
66949
68796
66941
67257
66835
66233
66567
66629
66947
66318
66367
66236
66114
66209
66467
66635
69521
66436
65984
66390
66096
67011
66254
67414
66297
67908
67017
67261
66859
66749
66566
70018
66510
66413
66983
67463
66441
66242
66506
65908
67501
67601
66162
66769
66517
67671
68000
66073
66466
65967
66090
66335
66291
67116
66424
66167
66591
66110
67562
65368
66480
69494
67611
66292
66164
66727
66371
66477
66219
66170
66400
66611
65877
66190
66578
67058
68667
67807
66274
66618
66708
67403
66368
66129
66184
66027
67083
66042
66170
66961
67200
70068
66502
66754
66279
66055
67237
66344
67170
66909
66343
67435
67214
66147
66479
66265
69309
66401
66428
65571
66143
66360
66343
66270
66151
66858
67265
66866
66779
67300
67131
68968
65834
64517
65424
65010
67430
67584
66752
66283
66097
66518
66161
66331
66686
66743
70600
67597
66969
67212
67621
67373
65760
66132
66910
66665
66343
66344
66028
66459
66322
69581
66375
67228
66956
66128
67138
66462
66977
66385
66174
67628
67516
67492
66495
67036
68038
67516
66416
66181
66047
66691
67018
66304
66240
65952
67376
67029
66795
66409
67053
69066
66073
65890
65341
66103
66280
66409
66278
66428
66415
67354
66480
66929
66734
67163
68934
66836
65283
66393
65889
67208
66430
66086
66254
66041
66796
67242
67262
67361
67510
66972
69401
66098
66434
66929
66749
67060
66934
66192
66134
66354
66253
66098
66437
66525
66474
69844
67557
66218
66080
66267
66243
66238
67305
66503
67700
66723
66198
66367
66369
67143
69947
66607
67488
66887
66167
66296
66191
66168
66246
66332
66923
65494
67171
67393
66503
69605
66205
67827
65929
66002
66319
66856
67080
66778
66603
66320
66008
66789
67220
66564
69911
66455
67178
66281
65973
66372
66291
66210
66481
67116
66994
67711
65292
65953
67147
69917
66953
66192
67104
66392
66484
67153
66486
67006
66280
66784
66576
66498
66573
66074
70222
66239
66317
66285
66126
66308
66459
67323
67190
66174
66930
66321
67102
66495
66801
69928
66699
66865
67906
66733
66332
66192
66361
66320
66241
66582
66989
66911
66444
67178
69536
66806
66837
66662
67196
66236
66331
66263
67117
66304
67181
66174
66574
67276
67126
69236
66323
66255
66836
66294
66286
66296
67095
66643
66162
67229
66138
66393
66473
66198
68294
66799
66389
66413
66170
66116
66296
66104
66216
66162
67052
66555
66380
66469
66280
68768
66145
66118
66198
66309
66474
66497
66491
67293
66222
66459
67057
66520
67096
66492
70009
66589
66090
66229
66169
66092
66352
66029
66307
66723
66605
66652
66199
67523
66159
68856
67030
67072
66449
66225
66150
66487
66913
66618
66950
67256
66760
66932
67922
67573
67675
66519
66068
66138
66107
66435
66569
66147
66284
66205
66813
66262
66339
66757
66446
69482
66833
66225
66935
66575
66193
66532
67063
66579
66795
66434
66893
66711
67420
66837
68423
66925
66581
67287
66586
66158
66300
66325
66209
66001
66982
66437
67324
67149
66085
67719
66298
66226
67098
66121
66769
66544
66572
66614
67131
67623
67353
67246
66784
66928
69315
66720
66007
66272
66242
66155
66365
66027
66229
67100
67674
66900
66683
66299
66196
68221
66978
65982
66710
66852
66156
66316
66501
66334
66152
66501
66939
66847
66639
66317
69115
66646
66159
67693
66156
66206
66434
66285
66436
66192
66484
66230
66388
66406
66047
67929
67589
66891
66259
66237
66198
66943
66321
66232
66036
67193
67021
66317
67262
66955
68177
66417
66281
66283
66365
66265
66259
66364
66267
66047
66562
66323
66088
66446
66394
67928
67331
66051
66282
66208
66155
66668
65975
66392
67773
66708
66923
67598
66848
66214
68922
66859
66461
65990
66387
65167
66075
66238
66087
66262
66183
67277
66536
67325
66186
67719
67176
67945
66643
66641
66412
66766
66581
66033
66198
67110
66723
66447
66172
67098
68312
66859
66225
66570
65929
66026
67059
66474
66218
66829
66263
66601
66867
67201
66639
68698
67235
67092
66974
67298
66252
66079
66681
66115
66192
66166
66482
67208
67170
66612
68922
66241
66549
66458
66308
66520
67264
66927
66027
67133
66227
66341
67187
66032
66391
69085
67273
67616
66059
66301
66580
66382
66449
65961
66983
66534
67747
67645
66354
66389
68954
67051
66339
66540
67077
66239
66041
66861
66736
66314
66368
66314
67134
66544
67055
69193
66245
66671
67086
67084
66122
67104
67068
66392
66294
66148
66532
66655
66072
66296
68951
66720
66627
66097
66259
66143
66154
66397
66044
66224
66463
67132
66902
66849
66975
68944
66392
67163
66202
67360
67112
66473
66571
66134
66970
66356
66378
66550
66330
66337
70053
66235
67263
66062
66534
66160
65432
66392
66587
66191
66300
66790
66238
64935
66303
66282
67986
66879
66402
66417
66269
65964
66642
66388
66231
66270
67349
67589
66177
66148
66149
69845
67224
66662
66210
67347
66832
66512
66319
66520
67114
66353
67045
66169
67029
67079
69829
66232
66098
67151
67034
65959
66317
66571
66642
67122
66313
67294
66297
66345
66326
67991
67246
66773
67113
66327
66211
66274
66479
66844
66317
66491
67312
66709
66099
66455
68548
67234
67293
66625
67178
67313
66148
66295
66100
66403
66289
66658
66365
66093
67011
69456
67029
67438
66929
66567
66129
66183
67085
66429
67212
66358
67621
66317
66061
68317
67667
67062
67192
66541
66159
66118
66238
67101
66925
66308
66404
66902
67221
67317
67145
67437
66357
66335
66098
66276
66827
65801
67270
66084
66308
66201
67179
66752
67405
69935
67601
67014
67207
67269
66157
66412
65565
66271
67169
67397
67245
66564
66593
66175
68790
67363
66293
67536
67039
66573
66677
65524
66197
66176
66271
66411
66653
66751
66389
66849
66957
68772
68653
67181
66239
66262
66344
67149
67148
66308
66744
67115
66893
67050
68454
67274
67223
66952
66336
65952
66264
66127
66288
66253
66869
67050
66554
66211
66835
66595
69654
66296
66177
66997
69408
67953
67947
67142
67450
66635
66934
65693
65506
65857
67255
69809
66351
66191
66453
66096
67215
66627
66326
67314
67713
67751
68412
67483
67580
67950
69605
68267
67802
67680
67265
67408
67375
67678
67659
67792
67206
67592
67919
67610
69150
67934
67938
67665
66799
66295
66928
66296
66226
66268
66048
66827
66571
66935
66971
70267
66993
66243
65939
66212
66017
66396
66986
67146
67271
66088
67432
65942
66151
66644
69651
66989
68460
67277
67051
67504
67006
66174
66138
66359
66135
67242
66271
66029
67181
68877
66514
66362
66097
66139
66412
66266
66738
66828
65322
65855
66459
67020
66088
66690
66479
69420
67334
66081
66361
66159
66998
66346
66380
67224
66373
66470
67155
66215
66285
66332
67778
66372
66698
66452
66204
66262
66244
66283
66316
66257
66737
67488
67456
66594
67103
68655
66519
66089
67188
66232
66302
66721
66856
66690
67102
67060
67242
66208
66243
66373
69789
66807
66418
67037
66310
66275
67069
66340
66448
66636
67312
67235
66318
66249
68549
67274
67332
67555
67124
66106
66761
66178
67190
66474
66978
66496
66921
67443
66664
69004
67396
66231
66268
66348
66116
66995
66635
66769
66387
66262
67385
66409
66206
66190
66465
70563
67460
66379
66364
65984
66282
66904
66490
66411
66254
67042
66429
66076
67267
69273
66382
66315
64839
66066
66307
66716
66880
67142
66258
66332
67235
67226
67511
67517
69001
66737
66456
66097
66227
66190
66172
66825
66930
66314
66253
66484
66734
66513
67184
68517
67234
67248
66138
66604
66706
66235
66238
66757
66327
66502
67101
66774
66551
66170
67615
67957
66153
66059
66273
67182
67221
67238
66288
67045
66044
66524
66541
66862
67141
66362
69055
66757
67286
66992
66176
66412
66357
66792
66497
66314
67112
67475
66648
67277
66139
69263
67602
66648
66200
66112
66229
66212
66090
66385
66284
67004
66740
65027
66329
66521
68355
66075
66197
67303
66355
66469
66299
66009
66298
66448
67548
67427
67052
66730
67336
67970
65389
65490
64988
65114
66274
66250
66915
66820
66473
67039
66881
67186
66219
66181
68896
66451
66500
66923
66404
66285
66274
66090
66319
66198
67609
67398
67518
66535
66162
68266
66474
66536
66276
66092
66933
66630
66286
66483
66150
66457
66125
66327
66231
67134
66314
69476
66017
65460
64867
65076
65284
65350
66608
66198
67048
66742
66882
66778
66238
66167
69751
66574
67130
66162
66366
66216
66373
66831
66846
66870
66126
66748
66984
66188
66404
68371
66752
66950
66244
66302
66354
67771
66529
66099
66907
66295
66592
66247
66286
67021
68930
67097
67314
66246
66239
66175
65981
66393
66650
66801
66978
66377
66215
66136
66109
68705
66461
66406
66602
66679
66958
64599
66730
66912
67058
66765
66276
66591
66791
66767
69488
67132
66264
66286
66087
67602
67117
67382
66687
67544
66661
66265
66373
66240
66989
69870
67339
67060
66227
66231
66185
65908
68119
66723
67002
66174
66216
64878
64901
66245
69463
66817
66358
66399
66513
66924
66947
67572
66285
66244
66275
66701
66809
66335
66971
69904
66486
66267
66387
66009
67173
66325
66954
70582
69095
69498
69250
69062
68900
67716
70689
69301
68419
68305
68409
69195
73980
69112
68797
69703
69326
69322
68080
68739
72001
68387
68225
67588
69864
67606
66519
66902
66714
66659
66633
67173
66095
67186
65396
68572
67344
66554
67540
67283
66178
66234
66216
66964
67082
66663
67208
67021
66398
66657
69793
68072
66205
67126
66598
66597
67186
66243
66395
66719
66148
66492
66103
66191
66111
68118
66869
66496
66268
66132
66148
66844
67194
67269
66783
66979
67475
66868
66167
66471
69364
67588
66230
66295
66293
65962
66261
66161
66415
66415
67594
67996
67220
67683
68824
70945
68401
67736
68543
68700
68569
68841
68254
68200
66967
67371
67554
68476
72440
75463
67934
69103
69366
69347
68825
69018
67002
66627
68623
67903
67131
65796
66721
68018
68154
67703
67464
66409
67118
66731
67001
66644
66598
67109
66353
66279
66741
66130
66395
69470
67605
66236
66166
66341
65931
67064
67196
66600
66654
66862
67313
67423
66776
66520
69413
66971
66290
66095
66284
66072
66254
66034
67126
66630
66067
66300
66700
66293
67250
67670
66794
65963
66972
66663
65998
66116
66114
66981
66766
66510
66389
66381
66314
66829
68333
66428
64996
64589
65827
65996
67238
66411
66932
67583
66342
67123
66419
66193
66802
67732
67543
66192
65201
67147
66110
67457
66502
67281
65896
66347
66375
66410
66177
66142
68788
66417
66271
66169
67237
65948
67061
66529
66375
67170
66382
66186
66826
66474
67096
68188
67002
66149
66118
67265
66943
66180
66156
66621
67321
66582
66772
66747
66499
67286
69279
66474
66467
66136
66303
66095
66221
66290
66461
67451
67111
67166
66884
66133
67191
69771
67296
67507
65222
66309
66628
66758
66257
66441
67008
66718
66634
66455
66072
66305
69290
66319
66188
66047
66335
66062
66151
67785
66614
67065
66527
66651
67144
66298
66621
72262
68047
66567
66105
67362
66641
66828
67222
66697
66574
66140
66192
66435
66701
66477
69366
67510
66232
66121
67282
66089
66544
66166
66424
67340
66507
66608
66435
66095
66168
69438
66917
66148
66126
67333
66135
66185
66155
66463
66510
66521
66923
66394
66836
67181
69290
66715
67048
66539
66325
66070
66182
66488
67294
67504
66152
66196
66588
66105
66222
69376
66724
66553
66032
67155
66279
66173
67088
66494
67372
66532
66741
66335
66044
66192
69725
66395
66761
66418
67046
67001
67773
66296
66485
67476
66151
66180
66303
66247
66469
69213
67637
66546
66434
66340
66010
67333
66292
66438
67322
66060
67149
66244
67231
66341
68090
66476
66220
66055
66345
66427
67532
67594
67311
68203
66533
66265
66468
66590
66368
69098
67743
65574
64493
66324
65732
66242
65520
65085
66350
65060
67358
66288
66409
66231
69639
68331
68319
66314
67226
65900
66232
69536
66796
67717
66685
66974
66383
67175
66344
67821
67624
66541
66232
67123
66203
67151
66174
66617
67004
66830
66197
66299
67135
65897
69096
66101
67390
66879
67246
66095
67098
66662
66165
66749
66836
66175
66265
66985
66445
68315
67643
67949
66240
68978
64289
64614
64669
65092
65900
64503
64553
64558
64712
64540
67050
65507
65835
64588
64696
64400
64588
64515
64749
64913
64661
64661
64431
64730
64352
64600
68494
65231
65433
64310
64668
64467
64613
66656
65033
65407
66478
64578
64693
64595
64695
67895
65457
64719
64675
64739
64398
65862
64435
65053
64893
64421
64677
64570
64722
65290
67155
65832
65212
65802
64514
64555
64596
64491
64714
65076
64576
64749
64397
64657
64566
64632
67102
64989
65041
64277
64681
64457
64618
64581
64857
64844
64368
65021
64519
64658
64560
66697
64899
67021
64846
64968
65124
66450
64471
64711
65621
65202
64627
64711
64765
64605
64656
67835
64841
64340
64154
65076
64706
65983
66213
65091
65918
64421
64663
64621
65093
64802
66543
64831
64446
64633
64810
64441
64586
64400
66323
64829
64504
64621
64461
65012
65308
64576
66490
65156
64607
64464
64537
64562
64405
64747
64773
64634
65392
64320
64677
64280
64415
66982
64930
64585
64231
64632
64406
64611
64614
65992
65922
65078
64577
64324
65100
64981
66131
64505
65434
64603
64465
64598
64717
64694
64813
64892
64565
64709
64607
64647
64578
64679
66303
64784
65834
64482
65087
65169
65972
67270
65116
65273
65051
64756
65237
64827
65003
67518
64722
64629
64654
64661
64437
64677
64555
65100
64939
64481
65732
64591
64665
64563
66115
65600
64521
64296
64509
64486
64471
64550
64942
64737
65028
64533
64511
64620
64529
64674
67526
65592
64971
64994
65103
64606
64653
64399
64993
64837
64469
66115
64760
64627
64733
66700
64967
64722
64641
64182
64318
64649
64929
64673
64477
64909
64667
64529
64588
65180
64973
66984
64278
65855
64443
64194
64501
64544
65516
64880
64852
64606
64545
64567
64485
64780
66200
64720
64527
64194
64331
64389
64676
64563
65045
64530
64972
64607
64666
64695
65125
65813
67519
65235
65861
64487
64548
64569
65169
65971
64895
65696
64597
64637
64685
64454
64860
66910
65912
65982
64837
64644
64452
64610
65221
65327
64658
64728
65990
64497
64700
64830
66458
65825
64207
64360
64200
64209
64398
64101
64782
64692
64780
64687
64357
64699
64681
65882
66278
64363
65697
64975
64631
64627
64621
65945
64892
64694
64618
65485
64476
64616
65491
66293
64531
64642
65407
64583
64589
64624
64485
65285
64517
64783
64693
64634
64682
64396
64787
67046
64730
64626
64164
64461
64449
64743
64589
65076
64669
64658
64631
64215
64409
64327
66826
65073
64658
65924
64470
64547
64664
64504
65089
64619
64848
64718
64699
64596
64560
67115
66726
66331
64990
64297
64619
64677
66456
65017
64827
64893
64660
64605
64716
64612
64790
66513
64461
64850
66017
64631
64721
65207
65667
64911
64575
64742
64577
65441
65284
64269
66404
65604
65039
65936
64543
65768
64360
64683
65159
64442
64833
64564
64558
64508
64604
65332
67672
65034
65304
64592
64689
64633
64786
64972
64969
64650
64643
64237
64312
64401
64118
67030
66071
64603
64796
66876
64763
64677
64703
65115
64558
65643
64167
64624
64505
64560
64647
66026
64689
64861
64609
64701
64465
64686
64750
64920
64494
64894
64718
64501
64666
64491
67654
65409
64774
64653
64307
64505
64616
65930
65755
64544
64760
64664
64481
64613
64371
64952
67547
66285
65770
64818
64683
64502
64857
66027
64903
64688
64607
64722
64437
64733
64605
66549
65220
64778
64662
64661
64380
64666
64506
64605
64331
64845
64609
64459
65556
65286
67047
64664
64434
64877
64163
64684
65116
64825
65117
64445
64701
64779
64581
64616
64545
65116
67348
64583
64842
64295
64260
64266
64428
64421
64635
64262
64412
64656
64544
64571
64536
66797
64567
64374
65229
64451
64565
64565
65745
65163
64528
64595
64679
64614
64666
64409
64972
66849
64314
65044
64579
64710
64445
64587
65142
64414
65360
64555
65004
65218
65090
64726
66618
65881
65335
64377
64476
64370
65001
64664
64981
65326
65521
64905
64457
64620
64495
64868
67250
64770
65951
64474
64625
64343
64230
64659
64108
64302
64382
64834
64622
64534
64501
66987
65171
65012
64452
64644
64410
64570
64835
64909
64503
64446
65982
64625
65123
65425
66303
64683
64445
64322
64240
64308
64732
67492
65569
64597
65071
64927
64420
64662
64352
64726
67557
64249
65653
65158
64636
64594
65887
66383
64337
64286
64605
64750
64524
64726
64618
66833
64941
65445
66186
65443
64854
64682
64694
65962
64521
64286
64641
64453
64654
64342
64566
67436
64071
66001
64379
64219
64299
64241
66263
64640
64807
64791
64975
64593
64249
64308
66767
65153
64844
64412
64671
64531
64557
64876
64854
64943
64393
65585
65020
64358
64513
67014
65503
65171
65311
64326
64226
66025
65620
64998
65264
64935
65464
65690
65034
65767
65208
68037
64214
65047
64401
64665
66639
71046
67650
67922
64446
65428
64695
65102
64899
66765
69789
66747
66330
66064
66210
66801
67185
67213
65926
65182
65261
66703
66382
66010
66259
68233
66009
66867
66466
67152
66250
66165
66631
64813
65168
64980
66338
66323
66068
66247
68134
66235
66540
66082
66246
66108
66179
66469
66081
66336
66094
66500
66273
66098
66262
68165
66242
66693
66183
66145
65939
66769
65892
64941
65486
64642
66901
66894
66178
66245
68879
66856
65497
65664
65625
66053
67470
67462
66568
66849
67336
66517
66151
69120
68105
68922
66540
65699
65708
65473
66215
66285
65737
66279
66364
65615
65848
66133
67111
66356
66792
66196
64849
65981
65158
66194
66576
65411
66599
64900
66537
66547
66960
66331
66229
69114
67563
67145
66789
66080
66214
67385
66369
66782
66223
66120
66347
66378
66306
66173
68047
66556
65107
65965
66092
66283
67808
67778
66656
66054
66302
66293
66044
65774
66083
68945
66655
66453
67436
66531
66303
66077
66478
66647
66234
66325
65990
66418
66309
66001
68561
65822
66770
66546
65056
65903
66087
66283
66553
66707
66011
64797
65887
66681
67266
67975
67075
66834
66409
65725
64793
64736
65472
65764
66272
66261
66011
66565
66307
66231
65576
68092
66529
66397
66255
66128
66257
66372
65302
66494
66150
66212
66369
66078
67433
69062
67082
65776
66245
66232
66455
66266
66888
67440
66094
65335
66221
66571
65993
66419
65272
68734
67194
66710
67721
66890
66403
67218
66841
67939
66098
65993
66709
66041
66551
66162
66770
66464
65454
66457
66744
64964
65805
66569
66003
65093
66307
66272
64695
67609
66377
67358
66597
66158
66502
66219
66184
66328
66460
66317
66009
66275
66449
66597
66300
66191
68496
67011
66115
66364
66101
66297
66299
66485
65727
64940
66786
66953
66473
66327
66540
69238
65875
64719
65498
66066
66466
66236
67446
66519
66440
66296
66239
66490
66341
66152
68503
66492
66573
66544
64780
66101
66236
66762
67833
65143
65951
66032
65709
65375
66203
68272
65474
65963
66443
66057
66224
65337
65625
66194
66516
66264
66116
66617
66024
66277
69312
64844
65653
65084
66121
65886
64599
66277
66944
66408
66377
66011
66543
65585
67352
69616
66636
66525
65712
64643
65577
66164
66609
66369
66326
66259
66074
67264
67324
66412
69510
66286
66354
65720
65883
65087
64561
66007
66882
66313
66125
66181
66380
66240
66240
69566
65636
65835
65438
66361
66144
65616
66885
66364
67546
67083
66277
66611
65980
66260
69798
66329
66340
65897
65074
65020
66232
66131
64977
66102
64860
66325
66846
66677
66656
68844
67786
66515
66379
67278
65917
66381
66961
67480
66759
65423
66659
66686
66572
65940
70098
66444
65681
64962
65806
66026
66282
66462
67008
67676
67676
65473
65106
66303
66404
67380
66414
65073
66318
66292
66061
66212
67440
68032
66597
66954
66442
66225
66415
66225
68820
66804
66624
65976
65584
66121
66426
68020
68522
67626
66095
66553
66339
66696
66010
67788
65440
64893
66531
66130
65421
65172
64854
67591
66379
66139
66208
66131
66263
66271
66326
67815
66213
66350
65992
66043
66429
66405
66588
66305
66341
66135
65150
65025
66538
66096
69346
66078
66353
66084
66028
66324
67186
67163
66996
66400
66285
66172
66521
66252
64674
69096
66086
66059
65600
66181
66226
64873
66802
66140
66229
66494
66134
66975
66303
66275
67716
64582
65063
65484
66286
66299
66149
66342
66058
65916
65180
66224
66311
66151
66276
69898
67037
66322
66815
66240
66303
66380
66660
64803
66138
66123
66126
66336
66182
66235
68877
64757
65409
66561
66271
66199
65054
65468
66183
66973
66095
66262
65166
66203
66333
69307
67547
67043
67143
66164
66079
65088
65151
64683
65891
65319
66047
66281
65675
65025
67285
66224
66198
66519
66077
66085
66286
66183
66114
65136
66186
66205
66063
66291
66246
67375
66206
66840
66369
66197
66343
65076
65225
66755
66098
66164
66202
66129
66243
66269
67491
66293
64909
66350
66401
66297
66405
66321
66775
66077
66802
64953
66299
66272
66160
67778
65869
64633
65959
66601
66257
65584
65554
66609
66026
66287
66115
66173
66274
65981
66394
68477
67193
66287
67018
66664
66517
67019
67879
66598
66190
65028
66234
66408
66732
66429
70537
65841
65666
65882
66026
66223
65025
65117
65949
66262
66214
66330
66215
66104
66371
69928
66613
66302
66631
65937
65908
66361
67014
67252
66311
66121
66376
67202
65873
67022
68927
67483
66966
67054
66388
66172
65130
65597
66622
66623
66303
65023
65921
66097
66398
68986
66219
66089
66583
66089
65978
66726
66555
65651
64825
64545
64926
65572
66203
66453
69778
65173
65206
66724
66846
64589
65652
66926
66605
66274
66042
66150
66888
67505
66585
67576
66274
66313
66084
66557
65993
66396
67529
65943
66382
65993
66287
66184
66188
66488
67954
65117
64627
65852
67283
66019
66341
66474
66209
66182
66304
66416
66142
65835
65239
67804
66321
64679
66606
65733
64704
65314
64887
66377
66012
65965
65528
66216
66330
66114
68884
67103
67481
66726
66652
66442
66139
67175
66398
65009
66349
66211
66295
66320
66050
68327
66410
66128
66261
66219
66211
65065
66269
66588
66057
66215
66170
65638
65839
65974
68562
65976
66289
66280
66177
66422
66236
66189
67511
66027
66167
66242
66208
66243
65989
69483
67127
64853
65770
66071
67342
65174
64873
66115
66137
66147
66429
65882
65792
64561
66919
67147
66225
66207
65223
65955
65882
66717
67486
66122
66325
66098
66619
65757
64611
65750
67691
66265
66143
66183
66891
66028
67600
66939
66613
65620
66111
66347
66115
66184
66291
68094
66474
66125
66092
66484
66298
66663
66640
66280
66956
66796
67063
66153
67206
66249
69131
66277
66153
66168
67027
66396
66421
67416
66290
66097
66188
66299
66166
67305
66544
67901
65880
65456
66247
66577
66488
67439
66176
66518
67196
66258
66992
66283
67429
66927
67504
66071
64676
66591
66566
67231
66654
66282
66565
66513
66083
66314
65953
66328
66271
69099
66247
66142
66337
66705
66273
66474
66445
66213
66475
66044
66256
66216
66309
66228
70244
67262
65216
66209
66164
66231
66736
66558
66242
66401
66030
66205
66371
66427
66919
68725
66244
66191
66243
66349
66373
66568
67094
66846
65723
66031
66289
66079
67462
65773
69793
66229
66165
66350
66368
66794
65077
66195
66132
66339
66238
66125
66243
66015
66357
67079
66228
66271
67078
65712
65140
66047
67043
66229
66700
66185
66083
66436
66382
66306
70066
67608
67881
64672
64824
65879
66306
65650
64678
64776
66409
66277
66352
66251
66387
70056
67580
67229
66160
66292
66411
66342
67039
66384
67253
66409
66871
66738
66048
66309
69988
66279
65113
66204
66461
66339
67224
66651
67701
66450
66109
66266
66329
65938
66188
69382
66402
66229
66140
66251
66394
66344
66383
66617
66603
65908
66239
66284
66193
66322
69397
66704
65711
64580
66535
66694
67250
67520
66243
66454
66866
67022
66974
66051
66407
66544
67723
66385
66172
66327
66274
66666
66738
66255
66366
66183
66256
66311
65854
66450
66520
66570
66308
64707
66775
66740
67085
67328
67325
66440
66211
66245
66336
65994
66062
64886
67700
65695
64626
64894
65280
66286
66491
66808
66293
66156
66150
66193
66067
67050
65095
69556
66303
66149
66282
65388
66472
66467
66472
66426
66176
66195
66866
66915
67356
66251
68015
66467
66115
66807
66081
66893
66411
66280
66379
64589
66535
66061
66065
66371
66066
68750
66302
66092
66304
66023
66945
66613
66685
66248
65903
66387
66067
66215
67028
66986
70117
66962
66192
65475
64677
66822
66786
66737
65765
64641
66677
67298
66218
66332
66288
69099
66094
66217
66374
66098
66353
66597
67396
66315
66073
66252
66183
66254
66268
65960
68803
66963
66197
66260
66041
66371
66920
66702
66633
66134
66318
66274
65916
66403
66138
68884
66572
66268
66912
66010
66579
66664
67523
66531
65188
66251
66291
66112
66363
65974
67801
67905
66090
66288
66200
66285
66718
66218
66336
66145
66149
66866
66880
66973
65158
66238
69115
64633
64873
64575
66311
66733
66150
66939
67394
66337
66168
65425
65616
66119
66396
67747
66168
66261
65925
66295
67195
67457
67506
66140
66128
66062
66996
66265
65835
64862
67883
66300
66223
66001
66306
66505
66894
66287
65965
66322
66224
66294
66257
66049
66430
68471
66415
66253
66639
66269
66666
65573
65485
66075
66222
66180
66278
66173
66132
66324
69167
66420
66316
65084
65150
66130
65375
65114
66232
67227
66090
66371
66163
66293
66061
68104
66466
65103
66260
66204
66341
66906
66114
67012
66192
66039
66303
66109
66351
65606
68353
67649
66216
66079
66311
66263
66707
66332
66179
66337
66037
66307
66241
66282
66295
66076
69756
65085
66235
66416
67019
67507
66181
66304
66200
66345
66236
66546
65072
65580
66559
69907
66131
66655
66231
66095
65554
66228
65990
65335
66150
66189
65964
66559
66369
66290
71284
64716
65537
66112
66363
66200
66456
67269
67069
66127
66241
65988
66711
67172
66136
68173
65826
66365
66239
66342
66594
66126
66625
66386
65309
65880
66258
67250
66197
66214
70263
66215
66433
66417
66270
66670
67157
67258
66107
66956
66370
66008
66346
66050
66233
69512
65384
65215
64727
66291
67226
65522
65898
64551
66397
66130
66716
67118
66331
65913
68248
66567
66267
66038
66250
65311
65261
65496
66099
66363
66155
65854
65381
66169
66358
68414
67142
66246
66261
66260
66376
66535
65137
66188
66342
64960
66277
66111
66169
66565
66726
69673
66226
66161
66929
66915
66447
64705
64765
64732
65880
67201
67130
66170
66230
66185
67760
65629
66334
66643
65654
66244
65500
66481
66140
66199
66950
64819
66310
66187
66337
69294
66341
66275
66260
65697
66207
64585
66286
66189
66118
66290
66172
66231
66166
66171
69503
66308
66856
66242
66240
66478
64935
66041
66256
66111
65861
65946
67027
65910
66297
69125
66185
66219
66036
66317
66853
66752
66899
65934
67209
66376
65584
64842
66258
66403
69751
66663
66332
66083
66391
66561
65255
65537
67072
66296
66148
64834
65769
66443
65068
66438
64972
66217
66116
66333
66959
67659
66342
66105
66725
66069
66288
66332
66043
66260
69394
66774
66648
66094
66319
66687
66546
66090
66218
66360
64949
66193
66099
66327
66298
67189
66808
66094
66201
66279
66602
67818
64918
66216
66206
66211
66251
66073
66348
66098
66233
68153
65161
66252
66298
66503
66118
65425
67076
66608
66005
66523
66160
66497
66907
66454
69192
65254
66223
66248
66937
67581
66340
65738
65649
66126
66340
65734
66213
67481
66489
69121
66128
65995
66274
66326
66712
67255
66048
66244
66069
66797
66125
64835
66136
65954
68147
67907
66471
66337
66181
67375
66744
65297
65685
66141
66290
66215
66450
66330
66081
67647
66722
66820
66423
65187
67265
66866
66174
66173
66313
66733
67533
66438
66309
65578
66941
66460
66668
66691
66310
67496
66200
66784
66378
66158
66205
66042
66234
66131
66176
68681
66974
66266
66503
67428
66735
66896
66394
66015
66654
66505
66289
67387
64974
65507
67289
67119
66309
66161
66327
66523
66298
66378
66054
66282
66408
65982
66424
66631
66899
67502
67098
66204
65238
65641
69241
67090
66402
66076
66079
66213
65425
66102
66080
66157
67652
67532
66496
66220
66315
66772
65614
65921
66010
66272
66158
66120
66302
66264
67821
66603
69019
66266
66205
64852
65790
64852
65833
66111
66289
66214
66137
65553
66278
66675
65668
66680
65932
66147
66401
66680
65425
67304
66265
66256
66151
66257
66297
66098
66238
66154
67050
65840
66089
66379
66601
66288
68007
65973
66183
66902
66854
67868
67025
66424
64795
68979
66604
65923
66092
66462
66259
66551
66118
65338
66345
66213
66445
66279
66116
64567
69076
66602
66083
66418
66938
66610
66531
66232
66342
66076
66364
66150
66194
67230
66959
67867
66256
66201
66359
66502
66241
66292
66175
66214
65836
64866
65034
66275
66596
65411
67948
66473
66428
66508
67145
67399
67209
66153
66475
65357
64813
64812
66311
66825
66976
67129
66965
66339
66149
66573
66371
67249
66414
66217
66182
66237
65080
66458
66304
65705
66474
67533
66230
65259
65181
66561
66397
66214
66151
66207
68525
67383
65437
64906
65511
64725
68232
65840
64641
66737
67284
65809
66305
66070
66057
65248
65182
65674
66258
66412
67892
67951
66989
67352
66759
67847
67810
67180
66114
66523
65193
64672
65960
65456
66169
66107
69195
66240
66718
65810
66384
66680
66190
65595
66541
68361
68338
66664
66890
66324
66863
71470
67629
66985
66292
67303
67032
66870
66217
66313
67084
66448
66267
66069
66017
65154
69427
66342
64986
66213
66473
66217
66405
66231
66357
66093
66343
66421
66068
66271
66325
65858
67528
64871
66933
67852
66723
66184
66140
67013
67356
67475
67646
65507
65755
64624
64707
68314
64604
64732
64774
64254
64659
64629
64585
64588
66345
64748
65679
64877
64401
64722
67912
64716
64835
65021
64674
64485
64622
64647
64366
65893
64979
64548
65314
65402
64660
67280
65457
64575
64871
65953
65706
64867
64448
64636
64691
64425
64664
64456
64607
64487
64570
67616
64962
64786
65120
64553
64703
64741
64648
64433
66357
64411
64853
64602
65835
64972
67742
66129
64647
64961
64795
64396
64921
64506
64651
64681
64199
64914
64609
64537
64405
64507
68546
64801
64726
65066
64561
64610
64802
64450
64549
64559
64531
64510
65073
64943
64695
67315
64854
64917
65155
64619
64519
64845
64577
64610
64635
64455
64774
64351
64597
64798
64693
66243
64312
64605
66075
65040
66242
64581
64748
64516
64709
64420
64575
64610
64655
64728
67058
64298
64973
65308
64688
64452
64802
64480
64540
64610
64447
64684
64423
64654
65243
64407
67075
64354
65439
64572
64618
64763
64423
65032
64811
65573
65574
64488
64610
64554
64675
66805
64608
64457
64882
64656
64433
64730
64537
64608
64600
64458
64776
64492
64634
64489
64553
67820
64485
64976
64555
64472
64826
64938
64528
64431
65239
65181
64391
64723
65019
65606
67997
64838
64866
66122
65829
65799
64709
64561
64421
64524
64464
64574
64514
64504
64547
68780
64360
64869
65054
64467
64429
64800
64559
64476
64567
64547
64719
64508
64541
64830
64468
68676
64481
65042
65461
64738
64624
64611
64571
64987
65578
66062
65434
64833
64552
64713
67659
64584
64964
64881
64667
64474
65293
65307
64576
64717
64344
64611
64557
64661
64617
65554
65670
64738
64976
64611
64651
64589
64543
64718
64456
64573
64535
64620
64633
64665
64526
67257
64265
64885
65867
64524
65614
65577
65317
64504
64560
64447
64602
64547
64646
64619
66219
65359
65035
66031
67993
67027
64681
64743
64199
64366
64404
64728
64428
64760
64531
64570
68264
64572
65294
64516
64651
65453
65432
64652
64621
64746
64552
64611
64668
64438
64657
66868
64244
64996
66531
65109
64555
64655
64573
64623
64648
64440
64763
64478
64678
64524
66132
65362
64330
65384
64513
64555
64605
64856
64579
64468
64691
64577
64581
64652
64436
64616
66698
64407
66238
64374
64974
65830
64709
64605
64632
64555
64414
64721
64515
65103
65814
67417
66405
64615
64886
64575
65328
65448
64772
64585
64655
64501
64788
64393
64621
64581
64647
68508
64872
65388
65931
64777
64839
64511
64852
64346
64722
64540
64639
64639
64497
64607
67831
66026
65434
65898
65767
64687
64305
64914
64612
64549
64356
64656
65507
64779
64794
64361
66806
64416
65541
64664
64406
64596
64713
65354
64512
64554
64569
64413
64650
64619
64603
64524
68674
64849
64616
64294
65434
64550
65751
64769
64765
64496
64602
64486
64618
65144
64317
66626
64519
65459
64679
64422
64651
64694
65363
65610
64397
64695
64483
64485
64527
64529
65316
66222
64847
65909
64601
65457
64479
65827
64672
64464
66535
65104
64317
64345
66161
64461
67110
65064
65290
64634
64684
65502
65049
64708
66042
66586
67505
67508
67281
66784
66178
68174
68209
67755
66836
65517
64674
64762
64515
64782
64601
64867
64708
64418
64710
64530
67102
65549
66346
66008
65682
64553
64521
64858
64539
65331
65021
64374
64645
64546
64569
64627
67176
64703
65229
64491
65169
65112
65423
65081
64713
64522
64661
64612
64395
64590
64459
67086
65340
64737
65027
64359
64630
64486
64842
64591
64466
64681
64471
64519
64801
64547
64489
66448
64760
65869
66114
64627
64498
64809
64510
64509
64553
64574
64492
64412
65546
64596
66804
64415
64611
64639
64406
64273
64262
64714
64591
64395
65823
64457
64563
64537
64528
69502
74368
68184
68614
68351
69612
69790
70576
67334
64586
67616
67544
66103
65998
68417
69958
65148
66752
64497
64076
64551
64330
65153
64561
64803
70304
67905
68596
69748
69923
68993
67329
66100
69061
68830
68030
68764
68850
67844
65965
67965
66953
66635
68472
72405
72492
67391
67649
67513
69247
67750
68220
66059
66336
66263
66609
67681
66453
66226
66126
70442
66810
67006
66226
66162
66164
66863
66042
66261
66303
67569
67551
67769
66239
66119
70407
67398
66883
67351
66032
66323
66979
66483
66243
66162
66388
66412
66155
66180
68714
67419
67878
66710
66679
66710
66406
66264
66556
66175
66126
66242
65994
66520
66613
69089
68737
66991
66625
66195
67026
67354
67363
67680
68580
66814
67869
67736
67670
67994
70223
68676
67671
67632
66290
67353
66175
66857
66401
68171
68042
66714
66194
67476
65780
67992
67023
66855
66888
66646
67079
66214
66511
66845
66110
67039
66230
66256
66533
66847
67883
66527
66816
66915
66976
66268
66022
66505
67025
66157
66223
66038
67221
66177
66221
69764
68198
68099
66590
65963
66210
66653
67505
67273
66097
66221
66178
66195
66266
65821
69250
67397
66480
66564
66067
66311
66170
66309
66539
65910
66278
66004
67174
66646
67166
67477
66407
66444
66522
66190
66588
65726
66942
66530
66178
66309
65989
66250
66333
66865
68769
66935
66654
65648
67230
66649
65492
66364
66369
66246
66284
66150
66260
66230
67076
66189
68921
66658
65095
66740
66070
66069
66534
66328
66351
66317
66704
66220
66137
66490
66525
68523
66040
67025
67447
65960
67327
66920
66670
66253
66227
66204
66239
66619
66282
66136
67657
67929
67372
66425
66079
66203
67540
67000
67339
66125
66097
66134
66553
67288
67009
68296
66712
66096
66346
66208
66255
66175
66296
66272
66354
66101
66408
66021
66214
66628
68782
67323
66375
66322
66149
66167
66898
66528
66287
66186
66236
66638
66023
66309
67078
70244
66928
65595
67039
66059
66309
66442
65999
66536
66017
66231
66249
66805
66240
66183
70123
67137
66336
66426
66166
66237
66667
67723
68328
66598
66293
66180
66252
66188
66032
68957
67095
67171
67239
66267
66329
66924
66628
66845
66110
66882
66599
66152
66282
66235
69755
67454
66918
66332
66084
66248
66764
66562
66873
66202
66455
66848
67110
66499
67243
69622
67577
67183
66526
66263
66822
66895
66781
67113
66295
66104
66178
66015
66285
67822
67572
67650
66704
67333
66189
66139
66399
66149
66517
66086
66236
66220
66150
67097
66804
68639
67925
66229
66363
65868
66359
66717
66001
67327
65994
66564
67017
66120
67362
66679
69779
67629
66422
66202
66960
66870
66880
66428
66425
65968
66298
66121
66181
66890
66524
69049
66999
67024
66133
66009
66321
66183
66172
66545
65988
67701
66296
66179
67573
66845
68698
67286
66356
66199
65984
66244
66284
66179
66675
66177
66869
66424
66160
66639
66474
69635
67079
66686
66361
65272
66255
66247
65986
67173
66052
67188
66342
65968
66637
66006
68530
68261
66961
66438
65980
66672
66631
66128
67056
66623
66833
66156
66565
67083
66699
68364
68937
67239
67538
66175
66841
65714
66140
66664
66877
66786
65278
66282
67177
66183
67323
69136
67206
67552
66202
67250
66055
66215
67168
66290
66358
66738
66392
67121
66455
68433
67298
66762
66792
66067
66307
67126
67224
66661
66139
66158
66567
66802
66321
66076
69014
67021
66246
65866
66404
66155
65645
66214
66557
66482
67124
66265
66171
67120
66255
68332
67207
67468
66571
66219
66344
66110
66113
66979
66625
66119
66388
66996
66245
66627
70035
67471
67199
66577
66209
66592
66174
66112
66616
65359
66296
66372
66405
66909
66327
69452
66458
66517
67039
65979
67369
67265
66183
66886
67394
66375
66180
66187
66223
66345
69268
66462
66416
66589
66300
66284
66190
66154
66541
66316
66177
66210
66184
66219
66098
69899
66961
67040
67705
66275
66339
66840
66182
66518
67156
66229
66349
66832
66827
66831
70409
67466
67335
66835
66453
66291
66225
66225
67149
67091
66438
66190
66761
66805
66716
68570
67422
67424
66653
66489
65409
65213
66086
66363
66356
66626
66832
66091
66429
66229
70320
67248
66988
66853
66117
67141
66175
66205
66467
66833
66984
66219
66137
66513
65228
68849
66805
66250
66509
65976
66252
66265
65899
67396
66254
66212
66381
66596
66998
67206
70022
66677
66283
66992
66064
66280
66088
66083
66200
67268
66282
66249
66175
66780
66364
70073
67178
66802
65632
66117
66251
66260
66610
66221
66723
66661
66204
66179
66133
67362
68297
66477
67201
66195
66040
66247
67363
67089
66249
66488
65463
64940
66225
66169
66522
69988
66186
65808
65927
66239
67282
67151
66127
66143
66340
66722
66126
66309
66104
66813
69561
66842
66272
66939
66754
66232
67173
66557
66106
66458
66239
66113
66391
66095
66627
71413
67410
67315
67154
66222
66345
66048
66214
66293
66689
66693
66000
67354
66223
66921
69818
66601
66556
66624
67012
66266
66226
66257
66207
67107
66182
66015
66308
66432
67055
69647
66577
66216
67262
66831
66638
65108
66096
66200
66566
67509
66585
66207
66325
67100
71731
67267
66701
66393
66231
66314
66105
66624
66812
67387
66313
66034
66189
66236
70342
70354
68859
69560
67784
67269
67380
66466
66652
67385
68120
68430
68896
67950
67268
67302
69698
68910
68069
67410
66893
67248
66813
67706
66358
66857
67501
66233
66937
67244
66910
70862
67244
67351
67408
66855
66198
66979
66624
67466
67372
68031
67912
67925
67133
68395
75636
67052
67328
67648
71418
73032
70526
70181
70823
68244
66171
67516
70260
70547
72389
67048
67784
71803
69318
71668
71375
66644
66981
66724
71257
71766
70630
71803
69555
69307
66282
66929
66160
68454
71129
71496
67800
66216
69932
70247
71298
69466
69936
69725
66959
67740
70657
71699
71325
71078
67540
67619
70078
71840
70379
70417
69723
69067
66680
70015
68714
70905
71552
69992
65385
67638
69890
71614
71741
70511
67915
68230
69928
69468
70399
69674
66305
67156
69220
69907
70993
70557
70775
70591
70439
67482
68014
67189
66097
71842
70835
70442
71842
71705
66680
67851
70172
69697
71554
71503
71535
67858
67453
70180
70821
71506
71874
69283
66146
68329
68296
69648
70947
69293
72149
70301
67597
66328
66128
66176
70383
67060
69010
70490
69050
70360
72155
69176
69243
68926
67222
66871
70915
69857
71707
68502
71891
67846
66186
66915
66457
66307
70048
68857
71428
67901
68154
67826
68605
69155
68584
68910
69254
71559
70194
69048
67904
69832
70069
72276
72009
71009
70806
66215
66033
66416
65944
70954
69854
71041
71188
71029
71138
72143
68110
67522
67145
66872
66265
67006
66386
70609
67620
66863
68149
67620
67131
69301
67115
66312
67139
67112
67655
67991
67771
67884
66775
66666
66896
67041
66845
67052
69906
68003
66530
66426
66783
66390
67731
67520
67612
66942
67503
68301
67817
66570
66396
69913
67702
68233
67880
67684
67469
67652
67740
67722
67423
67819
67834
67529
67795
67839
70530
67881
67724
67022
67283
67993
66138
67249
66999
66929
66949
68363
66569
67596
66908
70682
67823
68261
66981
67397
66602
67428
65139
67025
67882
67560
67619
67565
68103
69946
68091
68242
67797
67764
67439
67405
67641
67237
67032
66313
66867
66644
66808
67315
69311
67145
67227
67826
67634
67961
67787
67858
67828
68168
67834
67910
66749
66843
67807
69120
66275
67594
67483
67569
67601
67794
67656
67671
66895
67135
67649
67674
68410
67020
69410
66377
67204
67766
67910
67043
67743
67622
67337
67768
67477
67782
65187
66954
66962
70087
67143
65739
67242
66966
68242
67014
67854
67695
67689
68058
67614
66482
67597
69402
67919
67983
67520
67803
66451
67417
67547
67070
67127
67343
67998
66533
66909
67481
69757
68058
67814
67456
67796
67098
66671
66694
66358
67043
67419
67616
68116
66939
67876
69590
67648
67307
68067
67713
67217
67368
67537
66527
67265
66923
66104
67743
68061
68044
70450
67871
67847
67879
67437
67179
67684
67531
67049
67767
67981
67961
68214
68488
67882
70032
67911
67990
66215
67204
67645
67401
67088
66619
66967
69224
70247
70020
68450
73800
68444
68204
68356
68478
68466
68400
67509
67964
68119
67379
68344
68712
67752
67764
70416
67883
68095
68157
68039
67851
67547
68203
67984
67812
67924
67641
69075
68185
67914
76122
67906
67760
68343
68109
67556
66812
67732
67778
67567
67621
67756
67570
68445
72199
67963
67907
67861
68135
68110
67950
67556
67280
68232
67855
67567
68127
67937
67900
72586
67765
68346
68121
67674
67849
67643
66421
66277
66613
67796
67645
68401
68133
69071
70516
67886
68337
69914
67122
67197
66856
67101
69318
67534
66523
67046
66460
68116
68044
70806
67706
67637
68442
68358
68563
68301
68297
67953
68076
67977
68403
68020
68113
71350
67955
67994
67993
67708
67341
67533
67768
67976
70757
71123
68254
70833
68132
68460
74168
68033
67617
67771
68181
67767
67831
67978
67131
66135
67290
66648
67601
67789
72578
71960
68338
68376
68436
67978
67993
68057
67566
67380
67211
67549
68274
68167
68725
70793
67612
67482
68145
68034
66969
65142
66331
66639
66404
65341
64440
64774
65617
65987
68038
66350
66243
66520
67009
67433
66961
66210
66222
65823
65550
66138
66254
66742
66192
68703
66260
67261
67218
67084
67236
67135
66644
67201
66187
66459
66965
66352
66601
66204
68951
66271
66180
66458
66868
66745
66282
66322
67110
66363
66233
66215
66249
67279
67213
69555
66457
67172
66354
66127
66068
67064
66451
66176
67840
67308
66074
67038
66981
66531
69417
67476
66719
65377
66297
66588
66454
66457
66744
66450
67122
66157
66186
66519
66584
68367
66325
66239
66468
66284
66214
67126
66538
66045
66195
66692
65552
66856
66469
66487
70133
66493
66270
66187
66735
66530
66747
66975
66451
66329
66676
66637
66233
66648
66903
70172
66396
66662
66248
65209
66119
66273
66252
66019
66818
66282
66274
66251
66957
67364
70343
67548
66134
66033
66301
66584
66830
66215
66080
66252
66201
66126
66171
66383
66524
69626
68070
67275
66115
66268
66135
66547
66321
66060
66290
66167
66317
66431
66861
66781
69152
66641
66155
66507
67011
66677
66824
66471
66961
66322
66060
66153
66110
66442
67460
67984
66218
66281
66129
66277
66153
66626
66858
66070
66209
66159
66147
66220
66903
67219
68253
66509
66244
66157
66313
66317
66249
66608
66070
67046
66318
66318
66314
67627
67180
69399
67406
66480
66127
66269
66103
66490
66873
66443
66372
66079
66246
66411
66316
66590
69256
66349
66993
66666
66242
65998
66620
66794
66533
66242
66185
66990
66192
66294
67999
67586
67483
66966
66173
66485
66175
67461
66475
65984
66453
66905
66211
66165
66257
66880
69524
67361
66447
66359
67452
66023
66258
66244
66169
66392
66127
66256
66241
66230
66671
69409
66426
66903
66539
67123
66753
66153
66480
65960
66682
65990
66236
66293
66159
66622
70204
66312
66186
66306
66782
66082
67218
66530
66084
66406
66090
66162
66150
66286
66722
68700
66851
66790
65951
66461
66059
66142
66215
66096
66408
66138
66225
66326
66122
67485
68798
66823
66309
66157
67191
65446
66226
66968
66082
66311
66050
66229
66279
66146
67957
69180
66470
66148
66255
66809
66076
66779
66877
66486
66288
66027
66205
66045
66280
67260
65982
70038
66852
66156
66365
65864
67230
66169
66120
66296
65984
66406
66143
67150
67198
69312
67119
66114
66143
66565
66067
66305
66391
66190
66302
66051
66332
66350
67486
67633
67216
67370
66840
66576
67075
66373
66756
67129
66819
66279
66075
67281
67109
67070
66617
67726
67847
67269
66346
66728
67145
66405
66469
66923
66185
66150
66278
66312
66349
67016
67114
67714
66978
66142
66410
66021
66173
67003
66390
67061
66187
67237
66142
66363
66532
66175
70026
66186
65673
65677
65821
66392
66492
66113
66329
66129
66250
66200
66301
67038
67304
69600
66941
66233
66359
65960
66324
66365
66125
66251
66536
66224
66446
67107
67005
66583
69636
66257
67220
67444
66116
67141
66159
67283
66267
66085
67594
66154
66160
66566
66522
69849
66260
66208
66882
66210
66305
66256
67156
66759
66057
66261
66040
67541
66754
66986
70104
66240
66995
66309
66054
66333
66158
66412
66323
66153
66892
66617
66490
66810
66344
68317
65971
66310
67020
66497
66821
67556
67353
66676
66213
66181
66145
66352
66921
67016
67974
66084
66760
67214
66108
67119
66456
66368
66930
66304
66132
66110
66432
66458
66335
69563
67030
66462
66461
67349
66938
66679
66720
66255
66133
67206
66287
67111
67131
70084
66843
68482
69022
68057
68029
66927
67061
68202
68523
67728
68099
68654
70489
68676
70201
68542
68593
67516
68461
68691
68380
68485
68251
67954
68195
68249
68290
67865
69381
70058
67569
67113
67050
66835
67323
66852
67533
66955
66290
66844
66034
66453
67071
66486
69715
66740
66271
66497
66862
66462
66237
66366
66873
66839
66424
65862
66337
66511
66428
68243
66266
66264
66331
67146
66172
66231
67279
67111
67457
67640
67369
67532
68196
68006
68418
67644
68077
67930
66481
65817
67660
68278
66995
66085
68009
69618
70254
66801
73113
66675
66564
67667
69183
66377
67386
64559
64498
66889
64453
66637
66296
65227
65732
67435
66582
64442
64906
64540
64136
66583
65804
65275
65606
66622
69323
65242
65740
67258
66068
69856
67126
64591
65627
66690
68973
70482
72600
67179
66720
64870
64294
67083
67888
69018
69507
68798
67392
66532
68694
67737
66745
64982
65390
65938
65236
66438
67648
66383
68724
66454
66472
68008
67006
68441
67840
67677
66843
66279
66837
66523
67034
67117
65916
68722
67214
65992
65939
66498
66463
66389
66506
66940
66738
66634
66665
67910
67867
67028
68561
66807
66673
66108
66923
66516
66204
66477
66088
65176
65702
65367
65271
65012
65161
64470
67600
64485
65963
67097
65012
65307
66323
64663
65219
64719
65024
65173
65082
66220
65576
67758
66962
65053
65054
64932
64875
64832
65011
66904
66685
66839
71208
68775
66612
64581
67230
65147
65045
66282
64363
65145
66589
65144
65199
65040
64825
66257
64914
65878
65771
66266
67966
66530
67693
65923
65129
64814
65242
66205
64753
64792
65153
65515
65302
65202
65767
67236
66875
66794
66688
66228
64968
67060
67241
67299
66368
66325
66071
65947
66432
66680
68076
68040
64925
64721
65140
66897
68698
67418
65690
67200
69723
70029
68298
66911
65949
67133
65844
68968
70020
69289
66858
66327
67041
67516
64815
64637
65157
65255
65698
64915
70219
65778
64857
65893
64714
65110
64937
64992
65095
65021
65257
65088
67182
65339
67056
71744
64876
65406
67851
65191
65643
64711
65087
66046
66087
64897
65798
65167
65191
66412
68971
65947
65856
65879
65104
64837
66480
65398
66374
67220
65522
65312
65250
65132
65380
64812
67286
65157
64791
65151
64744
64925
65073
64721
65500
64832
65161
64777
65080
64546
67188
65520
65551
65135
65288
65827
64678
65153
64988
64916
65187
64874
65235
65080
64974
64835
67526
64732
64260
65188
64309
64636
64941
64762
64867
64914
65002
65006
64813
65743
64809
67266
64635
65800
65065
64347
64772
64766
64863
64955
64666
64983
64664
65178
65162
65195
65408
66271
64879
64975
65151
65041
65930
66082
64841
65098
65108
64882
65233
65246
65139
64870
67787
66416
65229
65134
64969
64560
64857
64852
65366
64718
65128
65566
64900
65242
64930
66621
65903
65660
65393
64618
64541
64621
64426
65280
65078
65771
64996
64774
65527
64886
66345
66247
65324
65808
65024
65112
64949
64782
64828
64660
64943
65110
65060
65415
65741
65504
66921
64889
65898
65988
65037
64578
65037
64768
64944
65017
64868
65382
65129
65332
64699
66671
64602
64980
66800
64953
67072
67197
64682
64845
64602
64895
65099
64781
65332
64882
64771
66911
64217
65170
65128
64833
65018
64659
65008
65006
64739
65105
65502
65949
66290
65088
67280
66081
65106
65646
65423
64867
64775
64932
64862
65145
65037
64954
65161
64855
65135
68170
65161
65148
64618
66236
65930
65399
64846
64704
65194
64713
65342
65642
65066
65484
65088
68008
64558
64993
64959
64914
64849
64644
64773
64836
64842
65809
66841
65710
64756
64877
66603
66017
66340
65132
64441
65548
64824
65423
65049
64560
65059
65302
65159
65120
65168
64698
67006
64998
66232
67945
66431
65589
64969
64713
65021
64743
65093
65024
65102
65009
64781
67400
65996
65001
65133
64830
64956
65048
64811
64906
65167
67430
66826
65705
66882
64794
64998
67116
64993
65436
65076
65148
64803
65046
64825
64854
64857
64861
65382
64700
65082
65304
67266
65542
66318
66562
65286
64754
65003
64778
64920
64950
64921
65391
64967
65030
65011
66568
65954
64401
65834
64741
64658
64839
64903
65038
65070
64709
65768
65202
64934
64922
65079
67758
65955
65008
65065
64978
65944
64693
65418
65046
65454
65489
65407
65008
65013
64883
68056
64878
64852
66426
64878
64965
65022
65041
64706
64797
64861
65151
65361
64713
65046
68497
65584
65776
66773
66528
65674
66023
65689
66185
67740
66517
66707
66344
66139
65942
68863
65348
65042
65866
65445
65215
65630
65243
65535
65319
65923
66019
65995
66046
67129
66634
67644
65315
65493
65408
64881
67784
66931
65270
65789
65277
65924
65280
65480
65732
65900
69543
65263
66010
66437
65397
64909
65071
65519
65229
65283
66858
66268
66086
65822
65460
69452
65301
65487
65803
66211
65503
65319
65108
64867
65518
65472
65588
65272
65294
65204
68771
65865
65034
65186
64859
64951
65956
66247
65292
65079
65290
65318
65667
65924
65382
66737
65034
65152
65350
65667
65145
65746
65667
65602
65530
65606
66070
65844
67532
65430
65177
68363
64823
65008
65797
64784
64875
64294
64776
64643
65276
67357
65746
65164
65162
65955
67239
65424
65776
68069
65546
66069
66053
65870
65489
65580
65402
65734
65476
65554
65090
68463
64751
65186
66936
66583
66213
69227
66314
65234
65787
64942
65554
65245
65472
66476
66985
65085
65072
65376
67081
66518
64867
65058
65062
65460
65561
65896
65785
66106
65973
66230
66800
64648
65241
65448
65063
65102
65038
65207
64870
65108
65056
65409
65003
64684
64742
67295
65025
65135
66195
65319
65013
65968
65342
64528
65324
64713
65216
64995
65103
64766
66673
64851
65572
66379
65967
64316
64450
64491
65049
64257
64364
64620
64730
64324
64154
64235
67342
65519
65047
65561
65064
64588
64425
64635
64475
67832
70617
67511
71021
67087
66488
71464
66316
66082
66898
66661
66493
67418
65943
66155
66122
66300
66796
66696
66222
65917
69822
65078
66628
67243
66706
66196
66107
66759
66426
65302
66232
66282
66251
66262
66106
69739
66208
66336
66828
66136
66308
66130
66268
66176
66287
66360
66449
67142
66665
66184
70188
65876
65976
65388
64773
65707
65857
66360
66453
66733
66290
65594
66115
66267
66985
69539
66182
67477
66740
66475
66280
66006
66309
66154
66410
66050
65628
66408
66082
66210
69027
68706
66681
66243
66100
65365
66147
66370
65984
66372
67161
66466
66609
66622
66222
68317
66502
66033
66353
66275
64973
66368
66114
67191
66331
66115
65837
66002
66297
66363
69250
66476
66176
66326
66543
66072
66348
67187
66683
66497
66238
67354
66425
65941
64804
66735
66655
66511
66141
66743
64518
66409
66328
65668
64811
64561
65745
65358
66296
66230
67878
65828
64770
66256
66764
64622
66460
66195
66952
66745
67658
66802
66019
66419
66361
69354
66338
65411
64554
65615
66184
65691
65242
64650
65843
66575
65822
66534
66526
66386
66094
68990
65665
66018
66633
66242
66195
66269
66046
66267
66180
66529
66266
66288
66510
65336
69304
66281
66194
66278
67136
65178
65363
66566
66584
66141
66302
66121
65082
65711
66130
69422
65221
64974
65511
67147
67751
66436
66569
66329
66519
67660
66137
66520
66908
65613
69609
64769
64677
65699
64810
66096
66141
66300
66159
67476
68899
67985
67891
67954
67875
74398
67958
67849
68290
66453
64979
64968
66088
66082
66428
66198
66309
67525
66839
66893
68900
66530
66164
66341
66351
65429
64820
66267
66173
66331
66742
66077
66731
66114
65122
69394
66056
66310
66447
67661
67336
65498
65067
64931
66227
66038
66022
66448
66209
67138
68708
66391
66889
65709
66487
66392
66224
65520
64906
68733
68186
66110
66665
66120
64849
69155
66655
66148
64687
66538
66197
66092
66261
66151
66238
66912
66201
66951
67864
66604
68828
66305
66354
66270
66602
66296
66105
67096
67223
66411
66436
66003
66207
66959
67530
69102
66142
66199
66191
67355
67091
66076
65373
64507
66368
66163
67150
66524
66227
66520
69123
64550
66093
66063
66500
65777
66141
66320
66530
65397
65436
66672
65946
66670
65609
68522
66199
66631
65960
66501
66366
66174
66318
65936
66324
66137
66542
66907
66644
65063
68478
66213
66260
65045
66268
66407
66230
66241
66017
66187
64931
65329
65432
66199
66332
66787
66502
66143
66222
66579
65523
65005
65314
66239
66267
66211
65611
65246
66419
66451
68199
66030
66326
66020
66236
66059
67220
66289
66162
66389
66210
66720
65028
65652
65870
67522
67866
66435
67445
66484
65953
67884
66369
66147
64867
64551
65592
64652
66493
66211
66192
68101
66216
66224
66875
65836
66925
66133
66344
66137
66258
66792
64718
66875
67004
67277
66099
66248
66173
66815
65846
65449
64726
64737
65227
65992
66583
66759
67465
66446
66539
70128
67115
66156
66358
66065
67202
66929
66355
66162
66153
66537
66210
66931
65861
64620
68620
66133
67152
69214
67309
66419
65371
66316
65746
64757
65734
65702
66528
66355
66186
68033
65965
67804
67025
67244
66499
64926
66277
66119
66221
66614
66068
66244
66074
66568
70323
64809
66228
66243
66341
66777
67211
67140
67398
66399
67086
64716
64919
65472
68515
70308
66104
67103
66176
67749
66682
66802
66294
66188
66289
66505
65406
64899
65228
65578
69811
65962
66431
66907
67356
66316
65603
64805
64704
66345
65889
66208
65903
65412
65103
68229
64714
64848
64503
66472
67058
66588
66280
66015
66365
66291
66366
64901
65949
66357
69254
65869
66188
66086
66438
65957
66433
67123
66112
66416
66581
66512
65856
