849
845
844
923
844
928
843
844
844
844
844
844
844
844
844
844
844
844
844
844
844
844
844
930
961
880
869
844
844
844
844
844
891
844
844
844
844
844
844
844
843
923
1032
939
892
844
844
844
844
844
844
844
844
844
844
844
844
844
844
1154
925
1004
938
870
894
869
869
869
869
869
869
870
869
870
869
869
905
869
869
869
900
881
869
869
869
870
869
869
869
869
869
869
869
869
896
869
869
869
870
896
869
869
869
870
870
869
869
869
869
869
869
870
907
869
869
869
870
869
895
844
844
844
844
844
844
844
844
844
844
844
851
844
844
844
844
844
844
844
896
844
844
844
844
844
844
844
844
844
844
1471
1036
897
897
897
907
844
868
844
844
844
844
844
844
844
844
844
898
870
870
886
844
844
844
844
844
844
979
844
844
844
844
844
844
844
850
843
844
844
844
844
844
844
844
844
844
886
958
844
844
843
843
844
851
844
844
844
844
844
844
844
844
844
844
844
844
893
844
844
844
844
844
853
844
844
844
844
844
844
844
844
844
844
844
844
898
844
844
844
844
915
906
844
844
844
844
844
844
844
843
844
844
844
844
844
899
844
844
844
875
843
844
844
844
891
844
844
844
844
844
844
844
844
844
856
856
844
926
844
844
844
844
844
844
844
844
844
844
844
844
844
843
844
844
868
945
922
898
897
897
896
896
897
896
896
896
897
897
897
897
897
897
897
998
896
896
897
897
896
897
896
896
896
897
897
897
896
896
897
896
900
960
987
896
897
897
896
897
896
896
896
896
897
896
896
896
897
924
909
1210
960
1013
1082
961
898
897
911
897
925
959
914
899
896
870
914
870
870
894
894
869
858
844
844
844
844
844
844
844
844
844
844
844
917
844
844
844
844
977
936
844
844
844
844
844
844
844
844
844
844
844
853
844
844
844
844
844
890
939
869
869
869
869
870
869
870
870
870
870
907
898
897
897
897
897
897
965
898
897
897
897
897
897
897
897
897
901
897
897
897
897
897
896
896
897
898
897
897
897
897
897
897
896
897
908
896
896
896
897
896
896
896
896
897
896
897
897
897
896
896
896
900
869
869
869
869
869
869
869
869
869
869
890
844
844
844
844
844
844
900
844
891
844
844
844
844
844
844
844
844
844
897
843
844
844
844
844
850
844
844
844
844
844
844
844
844
844
844
844
844
844
867
844
844
844
844
850
844
844
844
844
844
844
844
844
844
844
844
844
844
844
867
844
843
894
869
870
894
844
844
844
844
844
844
844
844
844
844
844
844
925
899
844
873
844
844
844
844
844
844
844
844
844
844
844
844
844
844
844
844
966
933
844
844
844
844
844
844
844
844
844
844
844
844
844
844
844
844
844
896
844
844
844
844
844
844
844
844
844
844
844
844
844
844
844
844
844
844
904
898
844
844
844
844
843
843
844
844
844
844
844
844
844
844
844
844
850
844
844
896
844
844
844
844
844
844
844
844
844
844
844
844
844
844
844
927
844
844
926
898
844
844
844
844
844
844
843
844
844
844
844
844
844
908
870
879
844
844
928
907
869
869
869
869
869
869
869
869
869
869
869
917
897
897
898
907
946
1001
844
844
843
844
844
844
844
844
844
844
866
855
844
844
844
844
844
844
894
843
844
844
844
844
844
844
844
891
844
898
844
844
844
844
844
844
844
897
844
844
844
844
844
844
843
844
844
850
844
844
844
844
844
844
844
844
844
897
844
844
844
844
844
844
844
844
852
844
844
844
844
844
844
844
844
844
843
867
844
844
844
844
844
844
874
843
844
844
844
844
844
844
844
844
843
844
867
844
844
844
844
844
844
917
870
898
844
844
844
844
844
844
844
844
844
844
966
856
844
844
844
850
844
844
844
844
844
844
844
844
844
844
844
843
844
855
990
844
844
938
870
870
869
870
869
870
869
869
869
870
869
870
870
870
881
885
869
879
869
869
940
869
869
869
869
869
869
869
869
870
869
869
869
869
893
875
869
869
869
869
869
869
869
869
869
869
869
869
869
869
869
869
869
898
869
869
869
869
869
869
869
869
869
869
869
869
870
870
869
869
869
884
868
844
844
844
844
844
844
844
844
844
844
844
844
844
844
844
844
902
870
893
881
844
844
844
844
844
844
844
844
844
844
844
844
844
844
853
844
844
844
920
899
843
844
844
844
844
844
844
891
844
844
844
844
844
850
844
844
844
844
1002
844
844
844
844
844
844
844
844
844
844
844
844
909
844
844
844
844
844
893
844
844
844
844
844
844
844
844
844
844
844
850
843
844
844
844
844
844
844
898
844
844
844
844
844
844
844
844
844
844
849
844
844
844
844
872
870
893
869
869
870
869
870
869
869
869
915
883
869
869
869
869
869
869
869
869
893
869
869
869
869
869
869
869
917
896
897
892
870
869
869
869
869
869
869
907
881
869
869
869
870
869
900
869
869
869
869
869
869
869
869
869
869
869
905
942
844
844
844
844
873
844
844
844
844
844
844
844
844
844
844
844
844
844
893
844
844
844
849
843
844
844
844
844
844
844
844
844
844
844
844
844
844
898
844
844
844
852
844
844
844
844
844
844
844
844
844
844
844
844
844
844
844
897
844
873
844
844
844
844
844
844
844
844
844
844
844
844
844
844
844
844
855
856
849
844
844
844
844
844
844
844
844
844
844
844
844
844
844
844
844
844
902
869
870
885
844
844
844
844
844
844
892
844
844
844
844
844
844
844
849
844
979
844
844
844
844
844
844
844
843
844
844
844
844
844
844
844
844
940
893
916
912
870
869
869
870
869
870
869
870
869
869
869
869
870
877
869
869
869
896
869
869
869
869
870
869
870
869
869
869
869
870
870
892
883
869
869
869
893
869
869
869
869
869
869
869
869
869
869
870
869
900
869
869
870
869
869
912
898
844
844
844
844
844
844
844
844
844
844
876
877
844
844
844
844
844
844
896
1011
844
844
844
844
844
844
844
844
844
922
871
876
844
844
844
844
844
891
894
869
869
869
869
869
869
869
869
877
869
869
869
869
870
869
870
869
888
916
869
870
869
869
922
870
912
911
870
921
869
921
870
921
869
908
883
906
922
870
921
869
921
869
928
870
869
921
870
921
870
921
870
921
870
869
906
869
917
917
869
876
917
870
870
917
869
917
869
917
869
917
869
869
965
886
844
945
844
981
945
844
921
868
844
844
844
844
844
844
844
844
844
884
862
844
844
850
844
844
844
844
844
891
844
844
844
844
844
844
844
844
844
870
844
894
897
898
893
870
870
869
870
869
870
870
869
869
869
870
870
869
905
914
869
869
869
869
870
869
870
869
869
869
869
869
869
869
869
869
869
952
930
844
844
844
844
844
844
844
844
844
844
844
844
844
844
844
844
850
844
894
844
844
844
844
844
844
949
870
869
869
917
869
906
881
869
990
912
1433
1114
1189
1184
963
986
898
1251
892
901
897
905
1295
1415
904
1052
1102
1100
1098
898
1028
900
937
882
844
1202
944
900
910
1016
845
1100
885
991
1210
1153
893
959
871
1001
872
982
883
871
968
923
899
947
935
894
1083
1054
921
899
919
897
921
900
942
899
919
899
913
908
908
918
899
897
1341
955
899
918
897
1358
901
900
897
898
898
899
898
899
898
913
899
898
1063
900
897
898
902
899
899
898
898
898
898
899
897
898
907
899
898
899
1098
1022
901
909
898
897
898
898
906
898
898
897
898
898
898
897
898
897
1098
898
897
897
896
897
897
897
897
897
896
896
897
897
896
897
897
899
943
1044
897
897
897
897
897
897
897
897
897
897
897
897
897
896
897
936
899
952
898
898
898
898
897
897
897
897
897
898
897
898
898
905
898
897
897
912
899
894
870
870
870
870
869
895
869
869
869
869
869
869
869
869
869
869
888
898
870
869
869
870
870
925
870
870
870
870
870
870
870
870
870
870
870
910
895
870
870
870
897
869
869
869
869
869
869
869
869
869
869
869
869
869
885
919
869
869
878
869
869
869
869
869
870
869
869
870
946
870
869
869
869
900
924
869
874
869
869
869
869
869
869
869
869
869
869
869
869
869
869
869
884
921
901
869
869
869
869
869
869
869
869
870
869
869
906
908
870
943
869
1097
899
902
908
944
870
945
870
907
909
869
942
870
943
870
942
869
942
896
915
910
870
942
870
943
870
943
869
931
882
870
944
869
943
870
1011
898
1217
921
991
933
971
896
947
869
931
881
869
943
869
944
897
944
869
955
1071
980
870
943
870
880
929
869
969
869
1037
1731
990
931
896
910
930
1352
886
932
922
910
945
870
982
872
871
870
983
899
925
899
909
916
1059
1231
871
870
870
870
870
1007
872
871
870
871
889
918
909
871
882
870
883
1045
899
898
897
897
897
897
897
897
897
898
903
872
874
870
869
870
870
1024
900
898
898
898
898
897
897
898
897
898
985
897
871
871
871
871
869
881
1173
897
897
896
897
897
896
896
897
897
896
897
897
896
897
896
897
905
969
985
897
897
896
897
896
896
896
897
896
897
896
896
897
897
911
871
891
894
870
871
870
870
940
871
879
870
869
870
872
870
870
870
893
872
870
911
897
897
870
870
870
879
869
870
870
870
870
870
870
870
869
921
904
897
897
898
897
897
897
897
897
897
897
897
897
897
897
897
897
907
897
897
890
1043
880
844
845
844
844
844
844
844
844
844
844
844
844
991
844
844
844
883
940
869
870
870
870
869
869
869
870
869
870
869
900
870
870
869
870
870
892
869
869
869
869
869
869
869
870
869
893
869
876
869
869
916
870
870
869
892
869
870
869
869
869
869
869
869
869
869
898
870
869
869
869
869
869
870
893
869
869
869
869
870
869
870
869
869
871
843
844
844
844
844
844
844
844
844
867
844
844
844
844
844
844
844
877
866
843
844
844
844
844
844
844
954
1101
950
883
871
871
870
871
869
894
871
911
1151
873
871
875
871
894
1006
844
1081
936
844
845
1014
871
901
871
921
909
846
1058
869
966
845
1048
871
977
857
1344
872
988
847
1257
1038
921
871
955
871
944
871
921
895
871
1000
893
1160
899
897
898
922
898
898
900
898
898
908
898
897
898
898
898
898
898
1057
921
871
885
899
886
958
872
870
870
870
870
870
871
869
870
871
870
870
1125
899
899
898
897
897
896
896
897
897
897
897
897
897
897
897
897
989
1080
1024
897
897
923
897
896
897
897
897
897
908
897
906
896
905
953
898
993
921
870
881
935
871
869
945
932
871
870
870
895
907
870
896
869
869
870
1202
965
869
869
869
903
912
870
1035
869
869
869
869
954
909
897
897
897
1072
1089
869
869
869
869
869
869
869
869
869
869
869
934
870
870
870
869
892
938
869
869
869
869
870
869
870
869
869
869
929
897
897
928
869
869
869
903
898
898
897
897
897
897
897
897
897
897
907
897
896
896
896
897
897
897
907
894
869
869
869
869
869
869
870
889
898
897
883
870
869
869
870
870
870
956
844
844
844
844
844
844
844
883
896
897
898
869
869
869
869
870
869
870
909
911
869
869
870
870
869
969
899
902
869
869
869
869
869
869
869
869
869
1156
870
870
870
869
869
897
869
869
869
870
869
869
869
869
869
927
906
1003
1061
902
946
870
912
895
869
869
869
869
869
869
869
941
869
869
869
917
1029
908
844
891
876
844
844
844
904
973
872
843
844
998
870
855
844
932
934
970
944
857
972
877
844
844
844
843
843
978
872
844
844
964
870
975
869
911
1054
868
941
873
844
844
844
844
844
844
844
1001
878
844
844
959
900
866
936
912
871
864
844
844
943
938
870
892
844
844
844
844
844
844
844
844
937
894
990
844
844
844
844
844
844
844
844
844
844
844
844
844
844
844
875
844
856
975
843
844
844
844
844
844
844
844
844
844
844
844
844
844
844
849
844
844
893
844
844
844
844
844
844
844
844
844
844
844
844
844
844
1119
843
844
844
899
844
844
844
844
844
844
844
844
844
844
844
844
844
1044
914
931
1117
1043
1115
974
943
899
914
911
897
897
897
898
897
917
897
897
897
897
897
926
946
926
870
869
869
869
870
869
869
869
869
915
897
897
886
869
869
869
869
896
1013
844
844
844
844
844
844
844
844
879
844
844
2035
1075
1025
891
870
919
923
869
869
894
869
869
870
932
871
870
870
869
869
869
869
870
869
883
907
894
869
869
869
869
870
910
869
869
869
869
869
869
869
869
870
869
882
885
869
869
869
870
869
896
869
869
869
869
870
869
869
869
869
869
869
869
893
869
870
869
885
1003
897
897
896
896
896
897
897
897
897
897
897
897
898
1092
1072
933
892
895
881
911
927
1303
1207
1019
981
1430
1457
907
2227
972
898
897
897
897
897
896
897
897
897
897
897
897
897
897
896
978
952
898
897
897
897
897
897
897
897
897
897
897
897
897
897
896
896
1585
899
1133
1392
1112
898
898
897
897
975
897
897
957
898
898
897
929
4383
903
900
901
901
900
901
899
898
901
898
899
915
903
901
1932
970
902
900
900
899
1147
902
1006
898
897
897
898
909
897
897
897
902
901
904
902
900
899
898
898
898
898
899
900
898
921
898
900
900
898
903
902
900
902
900
898
898
897
897
899
897
900
897
926
898
899
899
901
932
901
902
897
897
897
897
897
897
897
897
897
931
896
906
905
943
910
898
1049
980
915
1092
898
898
897
897
897
897
912
1002
905
935
897
911
897
906
1135
988
898
897
899
897
897
896
897
914
900
898
898
907
929
900
897
900
997
1069
898
909
898
897
897
897
911
943
914
898
933
897
907
897
907
907
1081
909
950
899
898
898
897
913
897
897
897
897
897
897
897
897
897
896
898
901
900
903
899
897
928
896
897
897
896
897
896
896
896
897
897
896
896
899
1080
898
897
924
987
897
897
896
897
897
896
888
870
919
869
918
869
981
871
884
956
869
931
869
930
869
929
869
917
881
869
930
869
869
930
987
1030
971
869
931
869
890
909
869
869
869
929
869
870
869
870
870
869
930
990
898
897
897
897
897
897
897
897
897
897
897
896
897
896
897
897
907
896
896
897
897
897
897
896
897
896
896
897
897
897
896
897
897
896
900
919
897
922
920
895
869
916
869
869
869
869
869
869
869
869
870
902
869
869
933
940
869
869
869
869
869
869
869
869
869
869
869
870
869
899
897
897
893
988
920
844
844
844
844
844
844
844
844
844
1447
870
905
869
907
845
844
891
974
869
844
844
844
844
844
844
844
844
844
844
844
919
844
844
844
844
844
987
844
844
844
844
844
844
844
844
844
844
844
876
844
843
844
844
844
844
900
843
844
844
844
844
844
844
844
844
894
873
844
843
844
844
844
844
844
844
868
844
844
844
844
844
844
844
948
1440
1625
1098
966
911
934
1871
7535
900
1425
911
898
898
937
898
897
897
2082
899
898
917
898
928
2621
1146
1657
1070
900
1029
954
1243
2168
1471
917
1078
2430
926
929
899
1110
896
1020
898
929
899
2127
954
910
1281
969
916
915
958
900
1001
924
1042
900
1059
893
871
1854
912
918
918
899
954
907
941
901
923
900
954
909
938
2418
1334
1243
935
904
903
901
1006
1293
909
993
899
1015
900
1078
899
1040
1104
1322
1279
904
1032
901
1106
899
1017
900
899
1087
1091
900
1110
912
987
1222
1085
899
996
898
1014
899
1151
898
1092
897
1076
897
1087
897
897
3339
901
1137
898
1028
898
1095
898
1034
897
1007
897
1081
903
984
918
1197
899
992
898
961
897
915
964
897
968
896
965
897
967
901
968
897
1102
897
913
898
897
897
897
897
897
897
897
897
897
896
912
897
896
896
955
899
975
898
968
898
988
898
967
897
913
967
900
1051
898
1102
898
928
1091
1271
965
1006
986
932
898
1012
898
1119
926
1037
928
1039
897
1064
940
1214
897
1158
1029
954
898
1117
962
1073
962
1029
1028
1048
995
956
913
1259
1208
899
1100
888
1023
898
1047
945
1249
980
934
897
964
898
1114
959
1117
949
897
897
942
960
907
902
897
934
898
897
897
897
897
897
897
955
899
897
897
897
896
897
903
897
896
896
897
897
896
896
896
896
896
912
898
897
897
897
896
908
896
897
897
897
896
896
897
898
896
897
896
897
899
902
897
897
897
918
897
903
921
897
897
885
869
869
869
869
870
870
870
924
869
869
869
926
869
870
869
870
870
870
870
869
869
869
869
869
870
869
905
906
879
869
869
869
869
869
881
972
869
869
869
1026
870
1014
898
979
905
1002
973
1057
923
909
980
892
992
870
1028
870
1060
898
927
870
1020
871
1133
924
954
858
952
912
907
1070
871
1087
892
976
844
1126
869
1015
905
1142
899
962
845
1067
870
968
869
1019
870
937
899
893
997
869
869
980
953
901
1068
871
958
845
994
986
1004
871
908
1134
912
979
905
1032
869
1093
1037
1177
870
910
907
1153
845
1146
881
957
869
1007
870
1081
870
946
870
1067
899
965
871
957
981
908
997
870
870
946
1106
845
1635
2218
2707
1954
1432
1551
1535
898
1572
1093
1887
1789
988
1528
1490
1547
1027
1253
908
949
1261
1109
1269
1034
898
897
922
897
1074
1106
892
935
904
889
870
870
869
911
870
870
870
869
1005
967
942
966
912
934
969
967
966
894
942
957
914
897
899
900
901
899
897
900
899
899
898
900
901
900
901
900
897
908
896
897
896
896
896
897
896
897
896
897
897
896
897
897
896
896
907
897
896
896
896
896
897
896
897
897
897
897
897
905
870
869
869
870
908
894
937
897
921
892
869
869
869
869
870
869
870
869
971
918
870
903
871
870
870
869
869
893
870
870
869
870
869
869
869
869
870
1001
869
853
844
844
844
844
844
844
844
844
844
844
844
844
844
844
844
844
887
976
868
844
844
844
844
844
844
844
844
844
844
844
844
844
844
844
844
844
940
844
844
844
844
844
844
844
844
844
844
844
844
844
844
844
844
844
872
897
844
844
844
844
844
844
844
844
844
844
844
844
844
844
923
888
844
849
844
1038
894
1048
871
870
870
870
869
869
984
844
844
844
844
844
997
1020
906
971
904
869
869
993
844
994
882
870
870
907
914
844
844
901
1029
898
898
870
977
1067
870
869
869
869
870
1047
870
870
869
969
898
870
870
869
1018
844
1135
893
870
870
941
881
869
869
869
1022
870
882
869
869
869
937
960
871
890
910
1078
870
870
869
869
870
869
870
870
882
870
870
869
869
869
870
869
894
899
870
870
870
921
997
870
869
870
1137
982
968
906
966
903
897
896
1048
963
881
870
869
869
869
870
883
870
869
869
870
869
869
869
869
869
869
898
887
869
869
869
869
869
880
869
869
893
869
869
869
869
869
869
869
870
896
869
870
870
870
869
900
898
910
897
897
897
897
896
897
896
896
897
922
973
883
869
870
905
869
869
869
869
869
869
870
869
869
869
869
869
869
894
887
869
869
879
869
869
869
869
869
869
869
869
869
869
922
869
869
869
896
869
1028
881
870
870
919
988
906
951
844
1076
1116
870
869
989
844
1047
918
997
844
1045
874
982
963
875
844
844
844
844
1001
856
984
873
844
844
905
952
1091
844
844
844
1050
886
870
869
869
869
869
1025
870
870
870
869
881
984
997
869
869
869
1014
870
869
869
870
869
870
869
869
870
869
902
1052
1038
1109
936
950
876
844
844
844
844
844
844
844
844
844
843
1070
844
844
844
920
922
870
869
870
869
869
869
869
869
869
869
870
870
1016
870
869
869
910
1070
992
897
897
897
897
948
844
844
844
952
966
931
991
908
1068
844
844
924
934
844
1121
886
870
870
870
870
870
1030
881
869
870
869
869
869
869
1055
1078
898
897
897
897
897
897
897
897
911
869
869
869
869
869
869
869
869
907
887
869
869
869
869
869
869
869
908
869
870
869
869
869
869
869
869
870
896
869
869
869
869
869
869
869
1093
1047
1006
994
870
951
868
844
844
844
922
899
844
844
844
844
844
879
844
844
844
844
844
844
903
962
845
1128
844
914
933
1121
856
844
844
914
844
906
1008
844
1154
844
1021
869
985
869
869
895
903
870
910
1010
912
870
870
869
870
870
1050
884
870
870
870
870
870
870
907
892
870
911
844
844
844
844
844
844
844
844
844
844
844
844
844
844
844
905
893
869
874
870
869
869
869
869
869
869
870
869
869
869
869
870
869
870
890
946
869
869
869
870
869
869
869
870
869
869
869
869
869
870
869
869
869
944
898
897
897
869
869
869
869
869
869
870
870
870
869
870
869
869
870
905
997
980
951
932
998
1071
870
870
870
870
870
870
869
869
869
869
904
869
916
991
845
844
844
844
844
844
844
844
844
844
844
843
844
844
854
844
844
844
938
883
844
844
844
844
844
844
844
844
891
844
844
844
844
852
844
844
843
880
856
844
844
844
844
844
844
844
844
844
844
844
844
1056
843
844
844
844
844
896
844
844
844
844
844
844
844
844
844
844
844
851
844
844
844
844
844
844
855
885
844
844
844
844
844
844
844
844
844
844
970
911
917
897
869
869
869
869
1008
869
869
870
869
869
870
869
869
873
869
869
870
869
869
869
869
869
869
1055
870
869
869
869
870
869
869
879
869
869
869
869
870
869
869
870
869
869
966
869
869
870
869
870
870
878
869
870
869
869
870
870
869
869
870
870
869
918
844
844
844
844
843
880
844
844
844
844
844
844
844
844
844
844
844
844
927
844
844
844
844
906
844
844
844
844
844
844
844
844
844
844
844
844
844
844
902
844
843
844
872
844
844
844
844
844
844
844
844
844
844
844
844
844
844
903
844
844
903
869
880
868
844
844
844
844
844
844
844
844
844
844
844
844
844
1032
873
844
844
844
844
844
844
844
844
844
844
844
844
844
844
844
844
844
999
911
870
869
870
869
869
869
870
870
893
869
869
869
869
869
869
869
904
892
869
869
869
869
869
869
869
869
869
869
869
869
869
869
869
869
878
869
893
869
870
869
869
870
869
870
870
869
869
869
870
869
869
869
875
869
869
869
892
869
869
869
869
869
869
1056
844
844
844
844
918
939
875
844
1135
870
917
1009
869
1040
869
869
870
869
870
869
869
869
869
2752
1263
1132
1187
1462
930
899
947
897
897
896
897
896
896
902
897
897
880
869
869
869
1199
870
870
870
869
869
869
869
869
869
881
869
869
869
869
869
869
869
967
1045
844
844
844
844
844
844
844
844
875
844
844
844
844
844
844
844
844
844
968
844
844
844
844
950
970
844
852
844
844
844
844
844
844
844
844
844
844
988
1023
844
844
844
1108
870
938
881
943
890
943
870
910
961
870
870
869
931
966
869
870
869
870
925
869
870
870
869
869
869
909
970
870
869
870
870
915
940
870
869
869
922
870
870
870
870
869
870
870
870
870
870
869
870
869
930
870
869
880
869
869
869
869
869
869
893
869
869
869
869
869
870
869
869
961
869
873
869
869
870
869
869
869
869
870
869
869
869
869
869
870
869
869
892
927
869
869
869
869
869
869
869
869
869
869
869
869
869
869
869
869
869
899
898
843
844
844
843
844
844
844
844
844
844
844
844
844
844
844
844
908
989
899
925
925
898
897
882
869
869
869
869
869
869
870
869
869
869
883
869
893
893
869
869
869
869
869
869
869
870
869
869
869
870
869
869
915
897
897
936
968
844
844
844
844
844
844
844
844
844
844
844
844
844
916
844
844
844
844
977
844
871
870
869
869
870
869
870
870
869
870
898
869
870
869
870
870
896
869
869
869
869
869
869
870
869
869
869
870
873
869
869
869
869
870
869
893
869
869
869
869
870
870
870
869
869
869
873
869
869
869
869
870
869
869
893
869
870
869
870
870
870
870
869
869
919
912
899
900
909
922
910
844
844
869
844
844
844
844
844
844
844
844
901
844
844
844
844
844
844
844
844
844
844
867
844
844
844
844
844
844
890
870
871
917
870
870
869
869
869
869
869
870
956
925
869
869
869
869
899
869
869
869
869
869
869
869
869
869
869
1289
917
1167
882
870
869
911
869
869
869
869
869
869
869
869
869
869
869
869
869
885
898
911
869
914
906
870
869
869
869
869
869
869
869
869
870
869
869
869
894
944
844
1033
844
844
844
844
844
844
844
844
844
844
844
844
844
937
944
869
928
881
1064
870
870
870
984
974
845
844
844
844
844
1125
887
870
870
985
1062
934
857
949
980
870
870
869
870
869
1021
952
844
844
844
844
844
907
957
1456
898
958
870
940
869
991
950
844
844
844
844
844
844
844
909
946
1112
924
988
1019
895
870
870
870
880
1096
857
844
844
844
844
954
970
937
1044
898
890
869
1057
912
870
869
1009
971
870
870
938
893
919
943
844
962
914
924
1017
895
869
980
1006
999
933
870
869
869
884
944
943
1126
952
1040
967
1208
1031
870
869
1011
925
917
1018
966
984
935
962
1011
968
974
965
1017
920
1090
1058
923
870
957
1003
939
1002
1199
1019
974
965
952
960
944
1156
934
894
1001
1229
1002
966
936
955
1266
1211
952
898
897
897
1105
913
1147
977
952
928
1219
973
960
960
973
1127
1383
1074
1161
898
1066
1460
1348
1311
956
1033
1058
946
1530
993
1085
1085
937
952
1253
1055
2414
1031
1006
989
1184
933
953
1064
1152
1110
931
962
1236
1109
1017
1601
934
1122
1078
940
994
1257
1079
1019
963
897
1350
986
912
1080
1933
1278
929
1127
1019
1067
925
942
927
937
898
1061
897
1099
1011
1139
1521
1109
1079
897
988
1432
932
1273
961
948
960
1008
1121
898
1484
1465
1143
1835
1328
1086
1009
1122
1077
920
906
897
898
1015
1765
1555
905
899
952
1457
1000
899
1172
930
1004
987
1193
983
1043
918
1175
1055
1005
1014
950
1061
1289
1177
924
950
943
1198
907
1065
938
1027
1372
1240
924
919
1063
1092
994
995
897
897
1061
1058
922
940
898
897
941
952
1062
897
897
897
897
897
896
896
897
897
896
897
913
896
896
897
897
947
897
985
897
896
897
897
897
897
897
951
897
911
928
897
896
896
896
897
1020
1061
959
897
897
897
897
897
897
897
926
1104
897
897
897
924
954
982
1034
897
897
897
897
897
897
897
897
915
897
912
897
1242
1041
897
1052
1136
922
1052
897
897
1056
999
897
928
913
903
897
897
897
897
897
897
916
938
897
897
897
993
897
897
909
897
897
951
1009
897
897
897
897
897
990
898
897
897
897
897
896
909
897
937
974
897
897
897
897
897
897
897
896
911
898
897
897
897
910
897
896
897
896
896
897
897
896
896
896
896
896
897
897
896
897
897
907
897
897
897
897
897
897
896
897
897
896
896
896
897
887
869
869
902
871
870
869
869
869
869
869
869
869
870
869
869
870
869
869
946
869
904
895
941
893
944
869
869
869
869
869
869
869
869
869
869
869
1016
1041
949
967
844
844
844
1038
870
969
897
1191
910
995
952
965
948
959
1273
1004
897
1034
1167
1020
897
1145
898
1165
964
979
897
891
893
1117
969
1497
1049
917
1017
1065
897
897
959
898
897
1093
897
1088
897
1323
1377
1058
984
979
881
883
932
967
930
961
869
870
870
869
869
1381
884
966
996
897
870
991
916
917
899
912
897
897
925
897
897
948
897
897
897
959
1057
897
918
977
897
897
897
897
896
914
974
897
1595
2155
2101
2579
899
899
960
898
898
982
1016
897
916
896
897
896
896
896
924
1192
1349
898
897
896
897
897
897
897
904
897
896
897
897
912
897
1012
938
1076
930
897
897
897
897
897
896
902
897
897
897
897
897
897
909
898
897
899
901
897
897
898
898
897
911
896
896
897
897
897
897
896
897
897
897
899
904
900
897
896
897
896
907
897
897
897
897
938
1054
897
897
896
897
898
1074
897
897
933
984
908
985
1045
986
893
1114
1121
870
969
966
920
869
1034
1062
918
1027
1043
1330
1088
977
1018
997
1010
1119
936
939
1188
912
1027
1183
1021
1396
1003
923
970
934
1095
930
997
909
1011
935
1122
1074
1541
925
912
1036
920
908
946
907
897
974
1250
981
897
897
930
945
1137
1494
973
898
897
1043
1180
897
1064
913
994
946
983
1011
897
956
1088
1344
1375
900
921
939
936
908
897
897
916
966
938
898
897
897
917
920
1256
957
897
923
908
926
903
898
897
935
898
897
897
897
899
1575
2223
1247
960
898
1007
1076
941
1062
949
981
909
973
950
953
1010
1140
2001
996
1330
990
903
897
897
991
983
990
950
1469
898
957
1000
1941
1217
899
926
897
1224
1047
1059
951
920
916
1077
898
1143
897
961
972
1530
968
976
924
1024
1029
1010
932
921
973
1075
945
1020
957
919
1042
1583
988
1022
983
917
1294
916
1013
970
1203
898
1040
897
952
897
967
1347
1016
899
920
906
1277
909
911
2109
898
904
939
1510
898
897
969
900
900
897
898
897
897
933
897
897
896
897
897
896
896
896
898
899
900
903
897
897
896
897
896
911
897
897
897
897
896
896
897
896
897
897
897
904
897
896
897
897
927
896
897
896
896
896
896
896
896
896
897
896
897
897
897
897
896
897
904
897
897
897
897
896
897
896
897
896
897
896
897
897
888
869
869
877
869
869
869
870
869
869
869
869
869
869
869
869
869
869
869
892
869
915
898
897
897
897
897
897
897
897
897
897
897
897
897
897
897
897
902
897
897
897
897
897
897
897
897
897
897
897
897
897
897
897
897
897
900
898
897
897
897
897
897
897
897
897
897
897
897
897
897
897
897
901
896
897
897
896
897
896
896
938
869
869
869
869
869
869
869
869
870
865
844
844
986
844
844
844
844
844
844
844
844
844
844
844
844
844
844
870
843
844
844
900
844
844
843
844
844
844
843
843
844
844
844
844
844
855
959
898
897
897
897
897
897
897
897
897
897
897
897
897
897
897
897
906
896
896
896
896
897
896
897
897
896
896
897
897
897
897
896
897
906
896
896
896
896
896
897
897
897
897
896
897
896
896
896
896
897
897
902
870
892
869
870
870
869
869
971
927
844
844
844
844
844
843
844
844
876
844
844
844
843
844
844
844
844
844
1043
932
844
844
844
844
844
844
926
952
871
870
870
870
869
869
870
870
869
892
869
870
869
870
869
903
869
869
869
869
869
869
869
870
869
869
869
869
891
869
869
869
869
919
869
869
869
869
869
869
869
869
869
870
869
870
869
893
869
869
869
876
869
869
869
870
870
870
869
869
869
870
870
870
870
870
866
844
844
872
844
844
844
844
844
844
844
844
844
844
844
844
844
843
844
844
867
844
946
870
892
869
869
869
869
869
869
869
869
870
869
869
869
869
870
1037
869
869
869
869
869
869
870
870
869
870
869
869
869
869
869
869
869
872
1111
869
870
869
869
996
902
870
870
870
870
869
870
869
869
869
869
909
914
972
870
869
869
869
870
869
869
870
869
869
870
869
870
869
869
877
869
892
869
869
870
870
869
870
869
870
869
869
869
869
869
869
875
869
869
869
892
869
869
869
870
869
869
869
869
869
869
882
843
844
872
844
844
844
844
844
868
844
843
844
844
844
844
844
844
844
844
844
844
909
897
896
887
869
869
895
893
869
869
869
869
869
870
869
869
869
869
952
869
869
869
869
869
869
893
914
869
870
869
869
869
869
869
869
908
894
870
951
883
943
869
869
869
940
855
844
844
844
844
844
844
844
853
844
844
844
844
844
844
844
844
844
855
1007
857
844
844
844
844
844
844
997
954
915
869
869
869
869
869
869
869
884
882
869
869
869
869
869
900
869
869
869
869
869
869
869
869
869
869
870
882
881
869
869
918
870
901
1008
870
1033
870
870
869
1007
869
956
882
870
869
899
1143
870
963
940
898
908
1053
871
1106
844
1223
858
844
844
934
1039
918
1095
977
963
906
1063
908
1069
884
1082
855
1125
881
1105
885
1074
870
1363
1129
883
974
976
934
895
881
946
870
923
870
1163
882
1053
870
1031
972
1176
871
1014
870
970
870
948
877
908
986
844
1124
870
922
844
1129
948
1073
895
955
869
959
871
1082
900
910
904
930
1056
921
893
870
1027
928
1150
978
942
869
1005
869
964
869
1016
883
1008
884
934
954
870
886
1114
1006
1492
900
971
1141
1028
903
1100
937
1104
898
1063
964
1105
939
1194
915
996
1164
965
1060
957
898
1177
1429
1099
1101
1085
1280
1283
1242
2228
1891
1334
2363
898
1022
1380
3071
1643
2384
2004
1776
1489
1272
979
899
1536
899
1120
897
1409
1401
970
1196
1227
1195
1100
1201
1152
930
1127
898
1002
1136
1323
979
954
1485
940
918
900
898
931
898
907
897
903
899
933
900
898
898
898
903
898
1284
903
899
902
905
899
904
898
934
899
902
900
898
902
912
916
898
917
1229
932
899
908
897
902
899
942
996
900
899
898
920
899
921
899
931
898
1297
899
918
899
923
898
930
900
899
908
898
911
898
922
896
927
905
1071
908
899
897
899
937
909
899
913
904
898
1082
924
899
909
899
897
898
1258
898
898
898
898
898
898
909
993
899
899
898
897
903
898
898
898
898
1088
1132
919
899
921
899
898
898
898
897
898
910
898
898
898
907
899
899
1245
1072
897
897
908
897
905
897
906
897
906
897
905
897
897
905
897
905
1012
1033
898
931
898
899
898
899
903
899
900
900
900
898
899
898
897
1345
1237
1017
933
931
967
903
902
902
903
903
901
900
898
901
899
926
897
898
930
898
897
897
901
898
898
898
897
898
897
898
898
900
938
897
897
896
929
898
897
897
898
897
897
898
897
897
898
898
897
897
922
896
897
896
897
903
897
897
897
897
896
897
897
896
898
896
899
913
897
897
896
896
896
898
899
896
896
899
899
897
896
897
897
896
910
897
896
897
898
897
896
897
905
900
897
896
897
938
869
869
869
869
1019
897
896
897
890
869
869
869
900
1165
938
897
884
869
869
869
869
1020
901
898
899
902
899
881
949
898
896
966
917
906
870
870
869
869
904
896
897
936
901
869
870
870
869
869
921
953
965
869
913
908
869
881
930
909
869
893
870
869
869
869
869
929
888
869
912
899
897
897
896
1642
934
949
906
870
913
897
885
869
869
965
872
882
910
895
869
931
926
870
870
869
869
869
869
869
869
881
934
919
869
869
902
899
897
911
893
869
869
870
869
869
869
869
907
909
870
870
870
870
873
917
919
912
870
869
869
869
870
869
870
870
869
869
869
870
869
869
869
869
899
937
897
896
887
869
869
869
869
869
869
869
869
869
869
870
869
869
869
1006
897
897
898
897
897
897
897
897
896
896
897
896
897
897
897
897
911
897
960
870
869
870
869
869
869
870
870
870
869
870
870
870
870
870
900
869
894
942
869
869
869
870
869
869
2211
937
932
1461
1016
903
891
870
869
933
899
882
870
870
870
892
870
869
870
870
870
870
923
915
883
870
869
869
1038
845
928
844
844
844
844
844
844
844
844
844
844
872
843
844
844
844
844
1020
844
920
844
844
844
844
844
844
844
844
844
1136
898
908
870
870
869
869
916
869
869
869
869
869
870
869
870
869
948
869
869
869
869
869
869
869
869
960
961
1179
949
897
909
869
900
1187
1410
1354
942
1612
898
898
974
1804
906
870
870
870
869
869
976
897
897
897
897
896
897
897
897
897
925
1035
897
897
897
897
896
1626
898
922
934
897
1010
897
974
897
1516
1279
943
898
1065
897
964
898
897
897
897
897
897
901
901
900
902
901
901
1185
1025
917
920
1052
997
968
917
923
916
916
924
950
919
917
1029
1111
4772
1461
900
901
900
898
898
900
898
898
897
897
897
951
966
1975
1044
897
898
899
1015
899
898
898
898
903
964
936
897
897
1019
921
901
1031
898
897
897
897
898
898
897
897
897
901
897
897
897
897
1066
966
923
979
905
897
897
897
897
897
904
897
897
897
897
897
897
939
1003
899
899
902
897
897
897
897
896
897
897
897
901
897
897
896
921
897
897
1070
948
897
897
898
897
896
897
897
897
896
896
896
896
954
909
869
869
899
942
899
903
870
938
884
869
869
869
893
869
1021
880
971
921
906
1013
1264
999
1200
897
1074
894
930
897
965
881
934
969
952
897
889
946
870
904
951
970
978
897
870
931
885
870
870
870
870
926
844
844
856
947
917
939
1262
1128
1064
901
936
951
953
964
893
940
1009
898
899
898
898
898
898
929
899
897
897
897
897
897
898
898
921
897
896
897
898
901
911
895
871
893
911
898
897
897
897
897
897
939
897
897
898
899
902
887
872
929
897
896
898
897
897
897
897
897
1084
914
897
896
897
897
897
896
896
897
897
897
896
900
897
897
897
897
906
897
897
897
897
897
897
897
896
896
897
896
896
899
899
896
897
910
897
897
897
897
896
897
897
896
896
896
896
897
896
897
902
869
869
909
869
869
869
870
869
869
869
869
869
869
869
869
869
869
869
897
869
876
869
869
869
870
869
870
870
869
869
869
869
869
869
869
869
869
893
897
869
869
869
869
869
869
923
939
2154
1086
1020
1330
5927
902
898
899
904
917
900
961
898
897
897
897
896
897
897
978
897
913
870
870
905
904
870
870
870
1173
870
870
893
915
869
869
869
881
897
896
897
897
1140
871
870
869
919
898
897
881
869
869
869
869
869
869
912
894
870
869
869
870
869
885
915
897
890
869
869
869
869
869
869
869
920
970
1042
870
934
881
881
1021
1033
883
921
914
897
915
893
902
897
909
897
1067
1001
908
910
869
1130
977
1772
3484
1360
968
1215
915
2109
973
900
950
900
940
899
926
900
940
1047
914
909
872
971
871
968
1275
902
900
916
900
910
899
909
899
903
900
908
910
898
902
913
902
960
1121
924
920
900
938
899
918
899
917
898
897
920
899
917
898
931
899
1342
1029
1066
1673
900
927
899
899
898
902
897
898
1078
961
906
899
1107
916
1094
900
898
899
908
899
898
902
898
897
898
898
898
898
915
898
898
1033
901
974
899
897
962
898
911
966
980
900
974
899
898
1055
937
898
1245
943
1020
897
907
897
905
896
905
896
954
906
897
897
905
904
896
904
983
993
898
897
897
897
897
897
897
897
897
897
897
897
897
897
897
897
912
897
897
897
897
897
896
896
896
896
896
897
897
897
897
897
897
924
897
921
900
898
897
897
896
897
897
897
897
897
897
897
897
897
934
898
918
897
1212
898
897
897
897
897
897
897
897
897
896
897
897
912
897
896
896
928
904
917
869
869
921
869
921
869
921
921
869
909
882
879
921
869
869
869
949
905
869
869
869
869
869
869
869
869
869
869
899
883
870
870
870
870
870
884
882
869
869
869
869
869
870
869
870
869
901
869
869
869
869
869
869
869
882
881
870
869
869
870
869
869
869
869
915
869
869
869
869
869
869
869
869
869
906
1134
897
896
897
897
897
897
913
900
903
897
896
897
897
897
896
897
920
919
894
869
869
869
869
904
901
897
898
906
926
914
869
869
869
869
869
912
887
870
869
869
869
912
869
869
869
869
869
870
869
869
869
869
870
869
896
869
869
869
869
875
869
869
869
869
929
844
844
844
844
844
844
844
844
897
844
844
844
917
844
844
843
844
844
844
844
844
844
844
844
868
956
869
905
883
870
880
869
869
869
869
869
869
869
869
869
869
869
869
869
869
869
892
990
962
892
870
869
870
869
869
869
869
869
869
869
869
869
869
869
869
955
894
870
869
869
869
869
869
869
869
869
870
869
870
869
870
870
869
909
910
969
844
844
844
844
844
844
844
844
844
844
844
844
844
844
844
850
843
843
975
844
844
844
844
844
844
844
844
843
844
844
844
844
844
844
935
844
844
893
844
843
844
844
844
918
897
844
844
844
844
844
844
844
892
844
844
844
844
979
844
844
844
843
844
843
843
917
870
844
944
844
956
870
916
869
917
869
945
963
870
919
869
920
869
921
869
869
892
934
869
921
869
921
869
921
892
934
869
869
921
870
921
869
921
869
921
907
906
940
870
920
869
921
869
1019
845
935
855
844
946
844
946
844
951
844
947
844
844
947
844
947
844
1026
960
945
844
945
844
844
945
853
945
891
946
843
946
843
885
905
844
945
1071
844
945
844
844
844
855
995
844
844
945
844
844
844
844
844
844
844
844
993
855
844
844
844
844
931
855
844
844
844
844
844
844
844
844
844
844
844
893
844
844
844
844
892
844
844
844
844
844
844
844
844
844
844
844
844
844
844
868
844
844
844
910
844
844
844
844
844
844
844
844
844
844
844
844
844
844
868
843
844
905
870
869
892
869
869
869
869
869
869
869
869
869
869
869
869
870
916
877
869
869
869
870
869
869
869
869
869
869
869
869
869
870
869
869
869
966
869
869
869
869
869
869
869
869
869
869
869
870
869
869
869
870
869
875
892
869
869
869
869
870
869
870
869
869
869
869
869
869
869
869
869
874
869
892
869
869
869
869
869
869
869
869
870
869
869
870
869
869
874
855
844
844
868
843
844
844
844
844
844
844
844
844
844
844
844
844
844
875
844
844
843
844
844
844
844
844
844
844
844
844
844
844
844
844
844
891
870
870
891
844
844
893
897
844
844
844
844
844
844
844
844
844
894
844
872
843
844
844
844
844
844
983
844
844
844
844
844
844
844
844
844
844
1010
844
844
844
844
844
844
844
900
843
844
844
844
844
844
843
844
844
849
844
844
844
844
844
844
844
844
844
867
843
843
844
844
844
844
844
844
907
844
844
844
844
844
843
844
844
844
868
844
844
844
844
844
844
844
871
844
844
844
844
843
844
844
844
844
844
844
844
844
844
844
844
844
848
844
844
844
844
844
844
844
843
844
844
844
844
844
844
844
844
844
844
925
869
892
953
950
844
844
844
843
844
844
844
844
844
893
897
844
844
849
844
844
844
844
844
844
844
844
844
843
844
844
844
844
844
984
844
875
844
844
844
844
844
844
844
844
844
844
844
844
844
843
844
844
880
844
873
844
844
844
844
844
844
844
843
844
844
844
844
844
844
844
844
844
933
843
844
844
844
844
844
844
844
844
844
844
844
844
844
844
844
844
849
844
868
844
844
843
844
844
844
844
844
844
844
844
844
844
844
844
844
891
844
904
870
844
844
844
844
844
844
844
844
844
894
844
844
843
844
883
870
892
916
869
869
869
869
869
869
869
869
869
869
869
869
869
881
869
869
869
869
961
870
869
869
869
869
870
870
869
869
869
869
869
873
869
869
869
869
869
892
869
869
869
870
869
869
869
869
869
869
869
925
869
869
869
869
870
869
952
844
844
844
844
844
844
844
844
844
844
1026
915
989
1028
1032
975
960
909
1129
898
898
898
897
900
898
898
915
897
897
897
897
896
930
870
870
869
916
897
897
896
896
897
897
897
908
896
896
897
896
897
896
897
896
896
897
897
896
897
896
896
896
958
898
897
897
897
897
897
896
897
896
897
897
983
897
897
897
897
901
896
897
896
897
897
897
897
897
897
897
897
897
897
897
896
897
897
905
896
896
896
897
897
897
896
897
897
897
897
897
897
897
896
897
900
897
897
897
897
897
897
897
896
896
897
897
897
897
897
901
869
870
890
844
844
844
844
844
844
844
844
844
844
844
844
844
844
844
844
897
849
844
844
844
844
844
844
844
844
844
891
844
844
844
844
844
844
844
873
844
844
844
844
844
844
844
844
844
844
844
844
844
844
844
844
844
844
905
893
870
880
844
844
844
844
844
844
844
844
844
844
844
844
844
844
900
843
844
979
844
843
844
844
844
844
844
844
844
844
844
844
844
844
844
872
844
844
889
957
844
844
843
844
844
844
844
844
844
844
844
844
844
876
844
844
844
843
893
844
844
844
844
844
844
844
844
844
844
844
844
850
844
844
844
844
844
899
844
844
844
844
844
844
844
844
844
844
844
844
873
844
844
844
844
844
844
897
843
844
844
844
844
844
844
844
844
844
871
844
844
844
844
844
844
844
844
867
844
844
844
844
844
844
844
844
860
901
870
894
843
844
844
844
844
844
896
898
844
844
844
844
844
844
844
903
843
844
844
844
844
844
844
844
844
844
989
857
843
844
844
844
844
907
920
870
870
924
897
917
844
844
844
844
844
894
844
844
844
844
844
909
844
844
844
844
844
843
844
844
844
844
844
844
897
844
844
844
844
873
844
844
844
844
844
893
844
844
844
844
844
844
844
844
896
844
844
844
899
844
844
844
844
843
844
844
844
844
844
844
844
844
844
844
867
844
851
844
844
844
844
844
844
844
844
844
844
844
844
844
844
844
844
867
873
883
870
896
844
844
844
844
844
844
844
844
844
844
844
844
844
844
844
979
870
870
870
869
869
869
869
869
869
869
870
869
869
870
870
869
869
878
1023
961
870
870
870
869
869
870
869
869
869
869
869
870
869
869
896
869
869
963
869
869
869
869
869
869
870
869
869
869
869
869
869
870
877
869
870
870
952
869
869
869
869
869
1058
869
869
869
869
869
869
869
864
844
844
844
844
927
844
844
844
844
844
844
844
844
844
844
844
844
875
844
844
844
844
844
903
844
844
844
844
844
844
844
844
844
844
844
844
973
870
892
869
870
870
869
915
870
870
870
869
870
869
870
869
870
902
870
869
869
869
869
869
869
870
961
869
869
870
870
869
869
870
869
901
869
869
869
869
869
869
870
870
869
928
870
870
870
870
869
869
869
901
869
893
869
869
869
869
869
869
869
869
974
892
844
843
844
844
844
851
844
844
844
844
844
844
844
844
844
844
844
893
844
844
844
844
844
907
844
844
844
844
844
844
844
844
844
844
844
844
844
899
844
844
844
844
851
844
844
844
844
844
844
844
844
844
844
844
844
844
868
873
844
844
898
870
870
892
869
870
869
869
870
869
869
869
870
869
869
869
915
870
895
869
869
869
870
869
870
869
869
869
869
870
870
869
869
869
869
961
872
870
869
870
869
869
869
869
869
870
869
869
869
869
869
869
869
869
894
869
869
869
869
869
869
869
869
869
869
869
869
869
869
869
870
869
889
867
844
844
844
844
844
844
844
844
844
844
844
844
844
844
844
844
869
844
844
868
844
844
844
844
844
844
844
844
844
844
844
844
844
844
889
857
844
844
844
844
844
844
844
844
844
844
844
844
844
844
844
844
844
899
870
892
856
844
946
844
844
844
844
844
844
844
844
844
843
844
844
898
844
844
844
844
844
891
934
844
844
844
844
844
844
844
844
844
894
870
844
844
844
844
844
844
844
900
844
844
844
844
844
844
843
844
843
844
940
869
869
869
869
870
869
869
892
869
869
869
869
869
869
869
869
869
894
869
869
869
869
869
869
869
869
892
869
