793
788
788
788
788
788
788
788
788
788
788
788
788
788
788
836
962
906
836
875
789
839
831
788
788
788
788
788
788
788
788
788
788
788
860
788
788
867
860
788
788
788
788
788
811
788
788
788
788
788
788
788
788
788
815
788
788
788
916
800
788
788
788
788
788
788
788
788
788
788
788
788
788
788
825
788
788
788
788
829
788
788
788
788
788
788
788
788
788
788
788
788
788
796
788
788
788
788
788
788
812
788
788
788
788
788
788
788
788
788
788
788
788
854
789
789
788
788
788
788
788
874
788
788
788
788
788
788
788
788
788
788
788
795
853
799
788
788
788
788
788
788
918
788
788
788
788
788
788
788
788
788
796
788
788
788
788
788
788
788
788
788
788
829
788
788
788
788
788
788
788
788
824
788
788
788
788
788
788
788
788
788
788
788
813
788
788
788
788
788
835
788
820
788
788
788
788
788
788
788
788
788
788
788
788
815
788
788
788
788
788
825
788
788
788
788
788
788
788
788
788
788
788
788
788
788
788
788
788
788
788
793
788
788
788
788
788
788
788
788
788
788
788
788
788
788
788
788
788
788
788
824
789
788
811
788
788
788
788
788
788
788
788
788
788
788
788
788
874
788
788
825
788
788
788
788
788
788
788
788
788
788
788
788
788
788
788
788
788
900
828
788
788
788
788
788
811
788
788
788
788
788
788
788
788
788
788
788
788
788
858
788
788
788
788
788
788
788
788
788
788
788
788
788
788
788
788
788
788
788
793
813
788
788
788
788
788
788
788
788
788
788
788
788
788
788
788
788
788
793
788
788
814
788
788
788
788
788
788
788
788
788
788
788
788
788
788
788
788
867
788
788
788
788
788
788
788
788
788
788
788
788
788
788
788
788
788
788
788
848
832
897
857
788
863
788
788
788
788
788
788
788
788
788
788
788
788
788
817
833
788
788
788
788
788
940
788
788
788
788
788
788
788
788
788
788
788
788
849
788
788
788
788
788
788
813
812
788
788
788
788
788
788
788
788
788
788
832
788
788
788
788
788
788
788
788
812
788
788
788
788
788
788
788
788
788
788
795
788
788
788
788
788
788
788
788
788
788
813
788
788
788
788
788
788
788
788
799
788
788
788
788
788
788
788
788
788
788
788
788
788
788
788
788
788
788
788
852
788
788
788
788
788
788
788
788
788
788
788
788
849
788
788
788
788
788
855
812
812
814
788
788
788
788
788
788
788
788
788
788
788
867
788
788
788
788
797
799
800
788
788
788
788
788
788
788
788
788
788
788
788
788
942
788
788
794
788
788
788
788
788
788
788
788
788
788
788
788
788
788
788
788
800
835
788
856
788
788
788
788
788
788
788
788
788
788
788
788
788
788
788
788
788
800
799
820
788
788
788
788
788
788
788
788
788
788
788
788
788
788
788
788
788
788
788
846
788
788
788
788
788
788
788
788
788
788
788
788
788
788
788
788
788
788
825
788
788
788
788
788
788
788
788
788
788
788
788
788
788
788
788
788
788
788
1050
788
812
811
788
788
788
788
788
788
788
788
788
788
788
788
788
788
788
807
800
788
788
813
843
788
788
788
788
788
788
788
788
788
788
788
788
788
788
793
788
788
788
788
825
903
788
788
788
788
788
788
788
788
788
788
788
788
788
796
788
788
788
788
788
846
788
788
788
788
788
788
788
788
788
788
788
788
794
788
788
788
788
788
788
788
813
788
788
788
788
788
788
788
788
788
788
788
846
788
788
788
788
788
788
788
788
814
788
788
788
788
788
788
788
788
788
788
924
788
788
788
788
788
788
788
788
788
788
788
788
788
788
788
788
800
799
788
826
788
811
788
788
788
788
788
788
788
788
842
819
788
788
788
788
788
788
818
788
788
788
788
788
788
788
788
788
788
788
788
847
859
788
788
788
788
788
795
788
788
788
788
788
788
788
788
788
788
788
788
788
830
788
788
788
788
788
794
788
788
788
788
788
788
788
788
788
788
788
788
788
891
874
788
849
799
798
862
788
862
788
788
863
788
863
788
788
863
788
863
788
840
811
854
862
966
1088
1034
1371
1153
994
929
838
838
888
841
916
812
885
788
940
1005
788
888
788
889
788
788
890
788
891
788
855
824
788
891
788
891
788
788
989
913
890
788
890
788
788
890
788
890
788
867
812
788
891
788
891
788
813
903
896
891
788
889
788
788
890
788
891
788
854
825
788
891
788
890
788
797
861
788
922
788
828
823
788
865
788
867
788
788
866
788
866
788
788
866
827
866
788
831
877
788
863
788
867
788
788
866
788
866
788
788
865
788
867
820
854
801
788
867
842
862
788
788
867
788
866
788
788
789
887
788
898
788
829
1142
881
883
828
978
862
1001
840
864
826
860
1005
812
875
812
1014
824
874
889
812
879
812
1009
908
954
836
812
899
812
875
812
1017
828
960
976
864
878
812
913
812
955
865
963
836
812
812
922
924
812
879
857
861
980
812
856
812
973
812
812
856
840
1172
812
887
812
960
812
812
869
812
812
987
875
812
950
940
851
929
788
1022
857
985
788
958
801
818
985
812
950
812
874
812
861
876
888
812
880
1030
884
973
812
880
825
812
900
812
812
964
946
825
812
812
987
812
977
812
908
927
814
885
812
1047
824
981
847
932
945
950
907
1063
842
812
1134
934
812
875
1356
944
894
858
921
968
812
964
906
824
1081
1117
812
812
1130
812
812
1011
1093
1017
880
1060
882
989
812
1025
1217
1065
812
881
812
1080
901
812
852
1148
850
812
888
1081
1027
1056
812
1002
921
895
814
813
813
882
812
813
813
1170
841
862
872
849
853
839
871
831
880
977
891
847
911
812
813
875
871
813
1636
924
819
864
874
813
925
812
970
825
900
850
836
902
924
812
848
921
1244
890
814
876
864
847
930
813
883
839
853
838
847
838
837
847
838
847
847
1042
839
838
846
839
846
839
847
838
837
847
838
846
839
838
847
837
855
838
989
1038
836
873
838
837
838
852
839
847
838
838
837
838
846
841
839
866
812
881
1140
951
837
902
874
880
854
835
998
788
1005
812
821
901
790
997
790
788
791
1337
790
911
961
852
907
789
788
789
874
936
789
821
788
999
790
886
898
889
1214
790
789
789
991
788
886
849
797
789
788
973
821
874
862
789
789
788
930
1235
970
790
874
842
789
1009
789
1000
788
789
793
789
947
788
789
789
814
974
1229
902
789
1057
798
1057
788
790
789
814
919
789
1001
788
928
805
850
940
789
1274
790
1011
790
999
788
940
850
862
928
789
1002
789
788
789
839
951
789
1133
1209
870
789
923
788
940
849
867
910
790
1173
964
886
789
1001
788
949
797
1078
864
971
936
789
923
789
994
788
902
888
842
900
789
948
788
933
790
824
1348
926
1336
857
790
873
835
790
994
788
886
790
789
799
789
885
789
789
932
829
889
788
789
789
789
895
789
788
789
789
789
788
799
790
789
789
788
789
789
942
858
789
788
789
789
825
864
868
885
879
804
790
789
892
927
788
922
790
789
1283
1007
800
788
788
873
788
788
788
788
788
872
788
788
788
788
788
788
788
788
1003
837
788
788
788
788
788
788
788
788
788
887
789
788
788
788
788
788
788
879
874
926
801
790
789
789
798
788
789
789
789
788
789
789
789
789
788
789
789
860
790
1080
910
788
864
788
788
788
788
788
788
788
788
788
788
788
788
788
788
788
788
829
864
873
788
788
788
788
788
788
788
788
788
788
788
788
788
788
788
788
788
788
895
860
788
788
788
788
788
788
788
788
788
788
788
788
788
788
788
788
788
788
788
853
788
788
788
788
788
788
788
788
788
788
788
788
788
788
788
788
788
788
817
788
847
788
788
788
788
788
788
788
788
788
788
788
788
788
788
788
788
788
825
788
788
892
848
788
788
788
788
788
788
788
788
788
788
788
788
788
788
788
825
788
788
788
929
892
788
788
788
788
788
788
788
788
788
788
788
788
788
795
788
788
788
788
788
891
788
788
788
788
788
788
840
788
788
788
788
788
788
828
788
788
788
788
788
788
847
788
972
789
902
788
821
866
788
898
788
867
913
796
890
788
866
788
855
832
954
890
788
899
788
856
830
788
899
788
971
788
864
800
812
871
788
869
788
1001
1128
804
858
788
898
788
855
831
866
868
788
898
788
820
866
788
896
788
890
950
854
813
812
812
812
812
812
917
838
841
812
812
812
812
812
812
812
812
812
866
815
812
812
812
812
812
826
812
812
812
812
812
812
812
812
812
812
812
812
835
812
812
812
812
812
933
812
814
788
788
788
788
788
788
788
788
788
788
788
788
895
788
788
788
846
788
788
788
788
788
788
788
788
788
788
788
788
788
788
788
788
858
788
788
857
788
788
788
788
788
788
788
788
788
788
788
788
788
788
788
788
788
880
788
829
788
788
788
788
788
788
788
788
788
788
788
788
788
788
788
788
788
788
968
799
788
788
788
788
788
788
788
788
788
788
788
788
788
788
788
788
788
788
890
835
812
808
788
788
788
788
788
788
788
788
788
788
788
788
788
788
788
836
823
852
891
813
788
788
788
788
812
788
788
788
788
788
788
788
788
788
788
875
788
788
860
825
788
788
788
788
788
788
788
788
788
788
788
788
788
788
795
788
788
788
788
811
788
788
788
788
788
788
788
788
788
788
788
788
788
788
882
788
788
788
788
815
788
788
788
788
788
788
788
788
788
788
788
788
788
796
788
788
788
788
788
788
814
788
788
788
788
788
788
788
788
788
788
788
788
1084
852
957
1144
1136
974
973
812
836
813
939
801
788
788
788
789
788
830
854
865
864
812
812
812
812
1034
899
911
879
788
788
788
788
788
788
865
835
788
850
788
845
788
796
839
788
845
788
1139
863
828
829
788
864
788
864
801
788
862
788
862
788
788
788
788
863
788
788
987
851
1169
1865
792
1020
790
877
862
789
788
789
789
789
789
843
789
934
1098
983
912
790
798
796
947
789
789
789
789
788
789
789
789
789
946
788
986
790
1174
791
870
887
812
1031
813
789
789
789
789
788
789
789
840
873
789
945
790
934
968
886
880
850
790
788
789
789
841
885
788
789
789
862
873
789
788
789
877
973
927
789
824
1019
839
813
863
866
896
789
788
789
789
789
789
1328
855
789
941
849
790
858
790
789
788
789
789
789
789
788
789
866
789
799
788
789
789
789
818
1008
857
861
790
790
848
789
788
789
789
789
788
789
798
789
790
788
789
789
789
938
912
788
788
788
788
788
788
788
788
788
788
788
788
788
788
788
788
788
788
858
861
900
788
788
788
788
788
788
788
788
788
788
788
788
788
788
788
788
788
822
788
907
788
788
788
788
788
788
788
788
788
788
788
788
788
788
788
788
813
788
788
788
976
788
788
788
788
788
788
788
788
788
788
788
788
788
788
788
882
911
788
788
800
998
788
788
788
788
788
788
788
788
788
788
788
788
788
865
788
788
788
788
788
921
918
788
839
831
788
788
788
788
788
788
788
788
820
788
788
788
788
788
788
788
910
788
788
788
788
788
788
788
788
788
788
788
817
788
788
788
788
788
788
788
788
871
788
788
788
788
788
788
788
788
788
788
853
839
812
813
863
791
829
817
788
860
788
788
788
788
788
788
788
788
788
797
788
788
788
788
788
788
788
788
788
788
847
788
788
788
788
788
788
788
836
849
788
788
788
788
788
788
788
788
788
788
788
846
788
788
788
788
788
788
874
788
788
810
788
788
788
788
788
788
788
788
788
788
869
849
788
788
788
788
821
788
788
788
788
788
788
788
788
788
788
788
788
788
788
885
942
788
788
795
788
788
788
788
788
788
788
788
788
788
788
788
788
788
788
788
893
788
788
794
788
788
788
788
788
788
788
788
788
788
788
788
788
788
788
788
788
847
788
853
788
788
788
788
788
788
788
788
788
788
788
788
788
788
788
788
788
788
969
788
788
788
788
788
788
788
788
788
788
788
788
788
788
788
788
788
788
788
824
929
886
788
788
788
837
878
788
788
788
788
788
788
788
788
788
788
788
845
788
901
799
788
788
788
788
788
788
788
788
788
788
788
788
788
788
788
788
795
788
788
871
847
788
788
788
788
788
788
788
788
788
788
788
788
788
788
794
788
788
788
788
883
935
945
789
789
788
788
875
788
911
799
788
788
899
846
869
788
788
899
870
925
823
827
812
801
841
811
830
821
788
844
835
812
851
824
812
803
788
831
821
864
992
813
788
860
818
850
836
803
865
836
817
856
824
824
820
835
812
837
812
904
845
805
831
812
809
845
816
834
812
879
812
813
839
835
812
811
788
841
818
918
931
932
837
803
895
806
887
815
977
828
823
892
788
905
868
812
804
788
875
1064
978
816
901
822
848
824
859
844
788
844
844
812
788
847
816
788
831
812
963
1021
861
815
788
788
859
812
812
860
820
788
788
788
788
788
788
788
788
788
912
835
812
812
812
812
839
846
833
847
788
788
788
788
788
788
788
788
788
788
788
842
803
788
788
842
813
815
788
788
788
788
788
788
788
788
788
788
788
788
788
788
894
788
788
875
788
788
788
788
788
788
788
788
788
788
788
788
788
788
788
788
788
879
854
788
788
788
788
788
788
788
788
788
788
788
788
788
788
788
788
788
788
788
939
812
812
804
788
788
788
788
788
788
788
788
788
788
788
788
788
788
788
836
824
864
813
788
788
788
788
788
788
788
788
788
788
788
788
788
788
788
788
851
788
802
821
788
788
788
788
788
788
788
788
788
788
788
788
788
788
788
788
820
788
788
802
801
788
788
788
788
788
788
811
788
788
788
788
788
788
788
793
788
788
788
788
788
813
788
788
788
788
788
788
788
788
788
836
788
788
980
847
887
788
878
831
788
1015
788
877
788
857
831
788
868
788
868
788
788
932
788
867
788
788
788
899
870
1001
905
789
872
800
788
916
788
885
788
788
1106
845
904
788
885
788
850
824
870
1037
802
788
884
866
843
788
921
788
966
788
861
812
886
788
788
885
788
869
920
884
789
788
915
788
885
788
1349
1541
788
788
788
788
788
788
788
788
848
951
788
788
788
788
788
788
1027
788
788
788
788
788
788
788
788
788
788
788
885
1009
788
788
788
788
788
821
788
788
788
788
788
788
788
788
788
788
788
788
788
876
949
788
788
788
851
788
788
788
788
788
788
788
788
788
788
788
788
788
788
788
983
788
788
788
824
788
788
788
788
788
788
788
788
788
788
788
788
788
788
788
788
953
864
890
858
813
830
788
788
788
788
788
788
788
788
788
788
788
788
788
788
916
846
852
788
788
788
788
788
788
788
788
788
788
788
788
788
788
788
788
788
788
969
907
788
788
788
788
788
812
788
788
788
788
788
788
788
788
788
788
788
788
908
864
801
834
818
788
788
788
788
788
788
788
811
823
814
788
788
823
812
841
788
842
828
805
788
788
788
788
788
788
840
812
802
788
788
838
822
788
821
788
788
788
823
839
788
938
789
788
788
788
788
788
788
788
788
788
788
788
798
788
788
788
788
887
874
788
788
788
788
788
788
788
788
788
788
788
788
930
2685
1243
1221
1401
991
876
1035
889
973
857
856
789
790
849
1150
839
835
788
788
789
904
962
877
788
788
788
788
788
788
788
788
788
802
788
788
788
788
788
788
788
788
893
958
788
788
788
788
788
788
788
788
796
788
788
788
788
788
788
788
788
788
788
891
788
967
789
788
788
788
788
788
847
788
788
788
788
788
788
788
788
788
788
788
932
788
788
788
788
788
788
984
1948
930
885
1230
788
788
788
788
788
788
861
814
816
788
788
788
788
865
788
788
788
788
788
788
788
788
788
788
788
788
788
826
807
788
788
788
851
812
813
815
788
788
788
788
788
788
788
788
788
788
788
788
894
788
788
788
849
788
788
812
788
788
788
788
788
788
788
788
788
788
788
788
788
899
788
938
1247
989
811
811
813
788
864
1033
1373
1286
1087
945
1121
2657
926
847
836
1120
835
812
812
812
812
812
812
812
812
812
812
812
812
899
879
812
812
812
812
812
812
812
835
812
812
812
812
812
812
835
812
834
880
933
900
872
942
827
957
838
812
835
812
939
848
812
886
838
930
838
937
838
847
4474
842
863
989
936
842
939
897
843
880
812
1025
876
964
943
1109
942
898
847
838
928
838
847
961
872
812
848
824
858
852
837
846
837
980
873
838
856
838
848
941
849
837
837
846
837
845
846
838
837
838
845
837
837
839
840
842
854
843
841
842
841
842
842
841
842
855
841
837
840
842
841
842
842
844
842
837
844
916
910
914
928
906
938
908
890
861
839
903
880
839
905
920
1006
844
985
845
837
812
837
812
812
870
838
838
838
870
840
846
971
942
941
868
898
1097
956
1114
1238
967
841
886
854
873
858
864
982
946
876
989
906
896
958
950
1014
1100
883
845
853
866
938
1000
884
920
898
936
858
924
866
877
963
878
978
862
847
883
843
847
849
992
1046
852
844
846
851
853
853
863
957
840
861
997
877
862
862
861
861
853
851
859
854
853
848
853
857
842
980
856
892
1010
849
954
849
843
845
837
837
837
837
837
837
837
837
929
837
924
1011
943
837
837
837
838
837
837
837
837
837
837
837
837
837
837
837
837
917
982
838
837
837
837
837
837
837
837
837
837
837
837
837
837
837
837
837
837
843
826
813
812
812
836
838
837
837
837
837
837
837
837
837
837
837
837
850
837
917
849
812
812
812
812
858
812
812
812
812
824
790
788
788
788
788
788
824
788
835
881
788
788
788
819
1110
788
788
788
788
788
979
803
1225
788
799
788
788
788
858
811
788
788
817
1078
788
788
847
920
788
788
788
788
788
922
1144
1108
964
853
788
788
788
788
788
788
788
788
993
1234
947
948
935
788
788
788
788
788
788
811
788
788
788
788
788
788
788
1098
788
817
948
869
788
788
788
788
788
788
788
812
788
788
788
788
788
788
788
979
885
788
793
788
788
788
788
788
834
838
788
788
840
788
788
847
1311
895
788
788
788
855
789
789
1182
1101
845
1006
942
934
945
825
812
812
812
811
788
788
788
934
840
788
788
788
788
788
788
788
788
788
788
918
788
1019
803
788
788
788
818
788
942
825
788
788
788
953
788
855
885
788
1036
789
946
788
788
788
788
986
788
953
788
788
788
788
897
788
788
788
788
926
862
932
788
788
952
794
788
788
857
858
788
927
788
954
909
1015
883
882
880
879
999
943
1025
920
1067
939
967
915
821
909
984
1105
905
1050
972
842
845
845
843
851
843
993
971
912
1000
875
963
998
997
843
842
838
838
846
842
843
842
849
838
963
840
1089
895
844
842
844
853
962
915
918
846
862
1110
844
907
910
1042
1108
1062
842
876
889
918
847
940
881
902
846
847
1100
903
1199
946
923
1000
960
839
842
871
843
895
920
843
840
886
866
1101
1010
1797
847
941
842
935
841
919
841
855
953
841
948
843
947
840
967
840
842
992
844
991
867
913
851
905
838
913
838
858
912
839
838
857
852
838
840
866
856
1151
841
899
840
873
842
838
844
838
970
838
847
838
852
858
837
852
838
855
1215
859
894
872
863
853
949
838
899
842
983
839
861
854
837
876
840
1098
839
851
863
848
875
840
838
850
879
842
862
856
838
898
840
867
839
848
1048
956
1023
852
948
840
880
839
954
839
840
879
841
840
877
846
855
838
849
1016
1400
852
846
876
838
999
840
848
838
894
853
838
863
838
955
838
871
3640
1302
1061
1454
1398
914
948
839
988
985
992
837
1128
864
1921
1014
838
1019
839
1093
859
872
971
878
927
840
1043
853
884
841
880
859
851
975
838
859
838
849
847
855
844
849
853
837
852
858
848
853
838
837
928
968
936
837
856
837
837
837
847
845
837
837
837
837
860
837
837
837
837
837
837
838
839
838
837
837
837
837
837
837
837
837
842
837
837
837
837
837
837
837
839
838
837
837
837
837
837
837
837
837
837
847
812
812
809
788
788
788
788
788
868
815
788
788
788
788
788
788
788
788
788
818
788
788
788
788
788
788
788
788
788
847
799
788
788
788
788
788
788
812
870
788
788
788
788
788
788
788
788
788
788
788
829
788
788
788
788
788
788
788
848
1224
825
1161
831
1123
1003
938
951
1363
898
1330
899
1060
875
1110
1208
883
936
916
831
947
829
943
812
1027
967
1038
900
995
999
1066
893
976
841
864
1119
878
1035
886
1009
1023
869
842
1089
892
1253
837
953
1029
1037
917
1028
812
1159
863
1091
850
941
966
1066
865
1079
1091
1032
894
1160
903
948
954
1050
812
925
891
907
992
863
1159
838
1168
846
933
1029
996
932
1006
986
1029
812
1117
812
1026
974
990
860
846
887
937
919
858
924
836
1019
889
993
849
1029
929
1019
870
960
1054
1002
875
1017
1097
910
889
864
939
812
927
837
930
838
889
895
838
893
812
921
949
1375
1094
1146
838
887
837
881
910
956
824
921
874
882
812
825
848
812
938
1056
924
862
824
812
812
812
812
812
901
812
812
812
812
812
892
829
812
813
872
963
893
887
788
788
788
788
788
992
788
788
788
788
788
851
812
812
799
788
788
863
854
841
788
788
788
1054
905
788
788
788
788
799
838
788
788
788
788
788
788
852
825
788
788
788
788
788
788
788
788
788
788
844
788
788
788
788
788
788
788
788
837
788
788
788
788
788
788
788
788
788
788
855
870
902
888
789
855
788
788
788
788
870
788
788
788
788
788
788
788
788
827
788
788
788
788
788
788
788
788
788
788
788
882
788
788
788
788
788
788
788
1383
788
788
788
788
788
788
788
788
788
788
788
811
788
788
788
788
788
788
794
788
788
788
788
788
788
788
788
788
788
788
788
788
815
788
788
788
788
856
790
789
788
788
788
788
788
788
788
788
788
788
788
788
788
842
818
788
788
828
788
836
788
788
788
788
788
788
788
788
788
788
788
788
788
788
869
800
788
794
788
788
788
788
788
837
789
788
1029
804
905
815
837
843
788
931
919
1068
803
926
830
813
980
788
788
788
889
947
788
788
788
788
788
788
1009
907
913
788
885
803
838
905
788
788
788
866
853
788
788
788
862
816
788
820
821
876
909
823
788
788
1001
799
917
801
837
840
788
889
788
788
788
788
788
805
903
1114
883
788
788
1063
788
1123
811
788
788
824
1002
788
788
788
948
1167
1034
813
963
1099
788
811
812
985
812
812
812
812
980
812
812
812
931
894
812
812
812
868
845
812
813
933
812
812
812
800
788
788
788
788
788
856
865
788
924
859
870
853
880
823
788
788
788
788
788
788
788
788
788
788
808
788
788
788
788
788
788
788
841
883
788
788
788
788
788
788
788
788
788
788
798
788
788
788
788
788
788
788
788
811
856
788
788
788
788
788
788
788
788
788
796
788
834
995
788
788
1104
788
788
811
870
799
1046
788
788
788
788
788
848
788
903
998
857
836
973
788
788
788
788
871
1104
788
788
788
788
867
1068
943
812
812
801
788
788
788
788
788
1015
816
788
985
1002
788
788
788
788
903
924
812
812
812
812
812
812
812
1064
812
812
812
834
909
954
788
788
847
788
788
788
788
788
788
788
788
788
788
788
816
892
788
788
838
882
788
788
835
788
788
788
788
788
788
788
788
788
788
788
788
788
1010
788
812
873
827
804
788
788
788
788
788
788
788
788
847
929
788
788
788
912
812
812
915
1005
1051
963
1072
888
889
859
878
924
864
870
788
944
837
788
788
788
788
848
922
801
788
788
788
788
788
788
788
788
788
788
788
788
788
788
788
788
788
978
859
812
803
788
788
870
886
788
788
788
788
788
788
788
788
788
788
788
853
788
861
883
789
788
788
788
788
788
1015
788
788
788
788
788
788
788
788
839
788
788
788
838
814
788
788
788
788
848
846
788
788
788
788
788
788
788
819
818
788
788
788
788
844
810
788
788
788
788
788
788
788
788
788
788
788
788
814
788
788
788
788
788
811
1042
788
788
788
788
788
788
788
788
788
788
788
788
976
865
924
866
788
871
788
969
944
788
788
788
788
788
788
788
788
788
951
851
920
998
788
788
788
788
788
869
838
788
788
788
788
788
788
788
788
848
812
813
815
788
788
788
788
788
788
788
911
788
788
788
788
788
788
788
788
822
788
788
788
788
1185
858
924
857
812
812
905
812
812
812
812
812
812
824
812
812
808
788
788
788
788
788
788
788
788
788
811
788
788
788
788
987
788
924
788
788
788
788
788
788
788
788
788
830
788
788
788
914
945
788
788
788
841
788
841
788
788
788
788
788
788
788
788
788
788
788
788
893
788
788
788
876
788
788
788
788
788
788
788
788
788
788
788
788
788
788
788
788
847
788
788
818
866
923
888
788
871
788
788
788
788
788
788
788
788
788
788
788
788
931
853
788
788
788
788
788
788
788
788
788
788
788
788
788
788
788
788
788
788
788
1012
898
788
788
788
788
788
788
788
788
788
788
788
788
788
788
788
788
788
1063
853
1295
1091
1098
1083
908
905
814
814
895
824
812
814
789
788
788
854
788
788
916
788
788
788
788
788
788
788
788
788
788
788
788
788
788
788
788
804
788
788
788
871
829
788
788
788
788
788
788
788
788
788
788
788
788
788
864
788
788
788
788
831
816
788
788
788
788
788
833
993
788
788
788
788
788
788
1441
1509
821
788
919
811
894
788
788
788
896
1464
851
878
826
788
850
788
788
788
788
788
788
788
933
956
868
788
788
788
788
788
788
788
788
798
788
788
788
788
788
788
788
788
879
933
788
788
788
788
788
788
788
788
788
795
788
788
788
788
788
788
788
788
788
890
788
788
788
788
788
788
788
841
853
788
788
788
788
788
788
788
788
788
788
788
848
788
788
788
788
788
788
788
825
788
788
788
788
927
800
788
788
788
788
927
939
893
806
788
788
788
788
948
1003
866
1050
898
990
961
837
887
885
813
894
839
1006
1122
839
788
800
983
899
788
788
788
788
882
823
894
835
788
788
940
861
845
848
788
788
1223
1129
824
1084
849
812
812
858
845
788
788
788
788
886
919
865
813
956
831
812
812
859
812
812
930
866
840
788
788
788
921
884
788
856
848
853
942
872
988
821
788
860
846
788
788
788
788
876
929
788
788
788
788
860
1036
936
845
812
871
812
812
858
852
812
812
836
846
812
812
866
801
788
874
932
922
1038
932
788
788
867
841
898
800
850
934
788
907
883
788
788
788
1051
1023
878
1262
876
788
1007
852
816
788
989
909
812
812
812
812
812
833
812
812
812
835
952
969
800
788
788
888
812
812
878
788
788
788
788
788
886
1125
838
898
1075
842
871
969
905
788
788
788
788
788
878
983
816
788
822
955
903
788
788
788
849
852
954
933
788
788
788
788
811
919
811
862
1017
788
941
988
788
788
788
800
855
1028
933
788
788
877
1013
815
788
788
940
1021
788
788
788
788
788
930
897
900
844
789
788
788
886
812
836
984
788
847
788
862
1177
788
788
788
962
891
847
953
826
899
812
812
812
812
812
1027
983
869
873
812
812
838
980
1047
850
853
1041
863
812
812
812
916
957
828
812
812
812
812
812
812
812
812
819
914
1036
951
818
788
788
788
788
854
882
874
938
971
815
1028
890
942
1004
788
788
788
843
960
836
894
824
812
812
812
812
812
812
834
873
814
788
788
890
1038
788
799
886
844
788
922
914
859
911
788
909
1027
788
788
788
788
788
788
788
864
861
912
1020
823
878
788
888
1167
788
788
788
788
788
918
938
788
788
788
788
788
788
867
892
948
967
788
788
788
788
788
788
788
788
788
788
788
889
909
788
788
788
980
944
947
809
849
799
788
788
900
923
788
788
788
788
788
788
788
788
824
788
878
860
812
788
913
904
788
788
788
788
788
788
788
788
788
788
863
934
1072
1278
858
893
789
788
788
788
788
811
788
788
788
860
1074
909
788
802
788
788
788
788
897
817
788
788
788
788
965
1028
788
788
788
788
788
788
825
788
788
788
788
788
907
857
788
788
788
788
788
935
788
788
788
788
788
822
788
788
788
788
788
788
929
840
788
788
788
788
788
788
788
788
788
788
788
795
788
788
788
788
788
788
788
939
970
918
788
788
788
788
788
788
788
788
852
839
839
830
788
861
788
788
788
842
856
801
788
788
788
788
788
788
913
990
800
788
788
788
788
788
788
788
788
813
847
902
801
788
788
788
788
788
856
812
813
815
788
942
860
788
788
788
788
788
863
864
812
788
788
788
788
905
865
962
1132
815
788
788
788
788
788
788
788
788
870
858
818
788
788
788
800
788
788
788
788
799
973
987
788
788
788
788
788
788
863
859
827
788
788
798
788
788
788
788
788
788
788
788
788
788
788
788
788
788
788
847
857
788
788
854
932
1013
788
788
788
788
788
788
788
788
788
788
891
986
788
870
916
854
788
788
788
788
957
865
788
788
788
788
788
934
940
912
915
788
788
862
919
843
840
831
788
862
799
800
788
788
788
788
788
788
788
788
788
788
788
947
906
789
788
788
788
788
788
788
788
788
788
788
788
788
788
788
788
788
788
856
911
981
788
788
788
788
788
788
788
788
788
788
788
788
788
788
788
788
815
788
788
967
788
788
788
788
788
788
788
788
788
788
788
788
788
788
788
1035
856
788
788
840
882
825
788
788
788
788
788
788
788
788
788
948
897
788
822
788
788
788
788
968
883
1021
1200
1084
788
788
788
788
788
788
788
788
788
985
970
788
788
788
788
870
894
788
788
788
788
788
788
788
788
788
788
788
822
788
788
788
788
788
788
788
857
811
918
994
800
788
842
788
788
788
788
898
788
788
788
788
788
788
788
788
854
917
800
802
788
788
788
788
788
788
959
788
788
788
788
788
788
788
788
788
788
897
812
788
788
788
788
788
788
788
823
788
788
788
788
788
788
788
788
788
788
788
815
788
788
788
788
788
788
861
813
812
836
810
840
811
788
788
788
788
788
788
802
854
788
788
788
788
788
931
788
788
788
788
788
788
788
788
788
788
788
788
788
811
911
788
788
788
801
788
788
811
788
788
788
788
788
788
788
788
788
788
788
788
811
788
788
788
854
788
788
788
788
788
788
788
788
788
788
788
788
788
788
788
788
814
788
788
904
789
788
788
788
788
788
788
788
788
788
788
788
788
788
788
788
788
841
828
788
788
788
788
788
788
788
788
788
788
788
788
788
788
788
788
788
788
788
818
858
788
788
788
788
788
788
788
788
788
788
788
788
788
788
788
788
788
788
1116
1026
1043
1054
1034
1126
848
904
814
952
805
788
788
788
789
788
788
804
788
788
922
788
811
788
788
788
788
788
788
788
788
788
788
788
788
788
799
788
788
788
788
915
835
788
788
788
788
788
788
788
788
788
788
788
788
788
799
788
788
788
788
788
887
788
788
788
788
788
788
811
941
800
788
788
788
841
812
812
817
788
788
788
957
953
799
788
788
788
788
788
788
788
788
788
788
800
788
788
788
788
788
788
788
939
788
788
788
788
788
788
788
788
788
788
850
788
788
788
788
788
788
788
788
788
843
788
788
788
788
788
788
788
788
788
794
788
788
788
788
788
788
788
788
788
788
813
788
788
788
788
788
788
788
811
850
788
788
788
788
788
788
788
788
788
788
788
812
788
788
788
788
788
788
795
788
788
788
788
788
788
788
788
788
788
788
788
788
788
788
788
788
788
788
866
839
850
1093
979
871
788
788
788
788
788
788
788
788
840
818
788
788
788
851
788
788
788
788
788
788
788
788
788
788
788
788
788
788
788
907
859
788
822
788
858
788
788
788
788
1068
788
788
788
850
947
788
893
788
788
838
947
916
788
932
788
903
800
835
845
788
955
788
788
788
788
931
788
904
921
946
816
788
1067
788
1027
788
893
788
863
882
788
893
788
941
802
852
868
815
1123
826
1028
788
907
800
863
880
788
932
788
904
800
836
844
788
956
821
880
854
981
912
788
930
788
889
788
903
873
788
1032
812
927
812
916
928
812
956
835
1040
812
974
812
990
824
846
869
812
929
812
925
812
871
977
873
999
812
1028
836
927
812
889
847
812
922
812
927
812
908
812
812
979
940
1036
906
1034
2299
996
1071
951
991
928
980
878
991
972
894
834
1176
1095
1062
1798
838
1124
978
986
1332
1195
973
1281
1270
853
1087
851
1001
837
1041
1137
875
812
868
943
874
962
862
1058
836
836
1149
908
1089
1247
802
916
1287
1175
852
961
1158
858
978
856
931
839
931
850
1010
838
1027
840
1257
940
958
965
996
844
872
1022
896
947
838
1303
878
920
842
1334
908
1009
1977
839
1019
858
956
987
2046
1182
838
1105
844
957
838
1217
918
1554
975
1187
990
861
1090
838
887
843
905
838
837
837
837
837
837
837
854
839
866
838
858
837
837
837
837
837
837
837
837
837
837
837
837
837
837
842
848
918
838
867
837
1004
837
847
837
837
845
837
845
837
845
837
845
837
845
916
931
857
838
837
847
837
845
837
846
837
845
837
901
812
835
844
812
906
857
849
856
838
837
938
838
839
812
879
830
812
871
812
876
788
814
928
788
900
1012
1030
812
861
825
824
859
812
896
812
854
815
788
922
788
887
799
870
915
978
1022
812
870
788
949
847
838
847
812
1077
788
917
788
900
933
900
1105
1009
2248
1329
1057
982
1043
858
1160
1188
924
822
953
788
977
814
884
936
1403
841
934
901
929
861
868
913
846
898
825
900
823
816
845
894
913
815
1385
860
870
814
866
835
835
919
847
867
836
898
790
887
920
835
932
812
1059
1068
851
815
854
855
834
1026
836
888
812
982
873
841
835
811
996
835
879
1182
846
813
813
813
824
882
812
818
811
835
896
799
914
814
813
813
813
867
812
1033
836
835
844
835
868
812
843
813
813
813
842
913
836
835
835
835
835
812
1051
1154
917
788
964
813
848
901
813
813
812
975
813
848
902
813
937
812
937
1216
911
812
847
814
813
847
813
942
814
843
846
864
951
813
852
814
913
853
1304
854
813
813
912
879
812
942
813
849
842
813
941
812
876
823
813
847
813
1090
977
863
812
847
790
838
951
818
788
945
986
806
882
861
789
1000
789
945
1166
1032
788
944
790
874
915
839
922
789
1251
1410
836
789
789
892
962
799
1200
813
813
813
813
813
812
837
813
824
813
813
844
940
835
864
789
940
789
1085
903
801
890
791
790
818
900
836
847
789
791
946
812
788
895
790
789
789
898
1058
859
936
790
788
788
788
788
788
788
788
886
788
788
788
788
788
886
788
788
921
978
800
788
788
788
800
879
788
788
896
788
788
788
788
788
788
788
788
839
872
995
812
788
788
788
788
788
788
788
788
882
789
788
788
788
788
788
788
872
829
836
890
788
820
811
811
811
788
898
811
811
811
811
788
876
788
788
788
788
788
800
841
788
788
788
788
788
788
788
788
936
813
893
850
788
788
788
788
788
788
788
862
874
788
899
1882
820
866
1185
835
868
833
812
814
788
788
788
788
788
788
903
954
839
788
788
788
819
788
788
821
788
788
788
788
788
788
788
788
788
788
811
859
788
788
788
788
788
788
788
838
788
788
788
788
788
788
788
788
788
788
788
810
788
788
788
788
788
788
788
1068
788
788
788
788
788
788
788
788
788
788
788
788
842
788
788
788
788
788
824
788
788
788
906
1165
1079
1506
963
1000
3631
1434
1079
847
814
813
813
812
813
825
851
850
851
981
929
1008
998
980
985
960
1023
994
842
998
1013
1000
1003
907
884
881
906
907
883
905
883
942
1934
838
1422
839
1356
866
901
838
922
837
839
825
835
891
814
913
964
953
1650
856
814
924
815
853
915
1125
857
894
882
813
910
836
909
815
1527
843
966
819
901
827
909
894
812
910
813
921
839
838
853
837
846
838
1259
874
888
839
854
838
847
955
1284
1044
1599
862
1150
939
1091
1134
1385
901
892
974
1018
854
931
838
1044
841
911
839
838
869
868
812
989
817
1165
874
1026
996
868
836
865
915
828
837
838
838
838
838
838
849
837
838
838
991
893
839
838
837
837
837
837
837
837
837
837
837
837
837
837
837
837
837
851
925
839
839
837
837
837
837
837
837
837
837
837
837
838
837
837
837
869
837
840
849
839
838
838
837
838
838
838
838
828
812
870
813
848
824
813
812
866
860
826
976
917
846
975
884
971
860
959
871
892
1010
905
950
863
845
789
812
888
861
1056
789
810
788
788
810
788
788
811
847
838
944
866
879
840
864
860
813
813
918
847
813
837
789
789
812
789
837
893
838
838
838
837
838
838
839
824
812
812
862
909
812
812
812
812
812
850
812
812
812
812
812
812
812
812
812
812
812
812
836
812
812
812
835
812
812
844
813
812
812
812
812
812
812
812
812
812
812
812
879
812
788
788
788
788
797
788
788
788
788
788
788
788
788
788
788
788
788
788
1014
1561
1023
788
857
788
788
788
788
788
788
788
788
788
788
788
788
788
788
788
788
811
864
788
922
788
788
788
788
788
788
788
788
788
788
788
788
788
788
788
788
788
877
850
788
788
788
788
788
788
788
788
788
788
788
788
788
788
788
788
788
788
788
936
788
788
788
788
788
788
788
788
788
788
788
788
788
872
907
924
788
788
839
834
865
788
788
788
788
788
788
788
788
788
788
788
788
788
788
788
788
788
854
789
838
788
788
788
788
788
788
788
788
788
788
789
788
788
788
788
848
865
789
788
920
788
788
788
788
788
788
788
788
788
788
788
788
788
788
788
852
815
812
812
881
924
877
839
788
788
788
788
788
788
788
788
788
788
788
800
788
788
788
788
788
810
857
788
788
788
788
788
788
788
811
788
788
788
788
850
788
788
788
788
788
788
810
788
788
788
788
788
788
788
788
788
788
788
848
788
788
788
788
788
788
788
788
814
788
788
788
788
788
788
788
788
788
788
866
788
788
788
788
788
788
788
788
788
814
788
788
788
788
788
788
788
788
788
853
789
800
799
788
788
788
788
788
788
788
841
820
788
788
788
788
788
788
837
788
788
788
788
788
788
788
788
788
788
788
788
830
858
788
788
788
788
788
825
788
788
788
788
788
788
788
788
788
788
788
788
788
829
788
788
788
788
796
788
788
788
788
788
788
788
788
788
788
788
788
788
788
788
813
788
788
788
852
788
822
802
788
788
788
788
788
788
788
788
788
788
788
788
788
841
819
788
825
788
788
788
788
788
788
788
788
788
788
788
788
788
788
788
788
788
830
924
788
788
788
788
788
788
788
788
788
788
788
788
788
788
788
788
788
788
788
887
788
789
788
788
788
788
788
788
788
788
788
788
788
788
788
788
788
788
788
825
842
820
788
788
788
788
788
788
788
788
788
788
788
788
788
788
788
788
789
792
788
878
811
788
788
788
788
788
788
788
812
788
788
788
788
788
788
788
825
788
788
788
830
788
788
788
788
788
788
788
788
788
788
788
788
788
788
788
843
788
788
788
788
811
788
788
788
788
788
788
788
788
788
788
788
788
788
788
823
788
788
788
788
788
815
788
788
788
788
788
788
788
788
788
788
788
788
821
839
788
788
788
788
788
788
788
788
788
788
788
788
788
788
788
788
788
788
843
789
789
811
788
788
788
788
788
842
821
788
788
788
788
788
788
788
788
788
822
788
788
788
788
788
788
788
788
788
865
823
788
788
788
788
788
788
788
795
788
788
788
788
788
788
788
788
788
788
788
829
788
788
788
788
788
788
788
821
788
788
788
788
788
788
788
788
788
788
788
788
814
788
788
788
788
788
788
850
818
850
818
788
788
788
788
788
788
788
788
788
788
815
788
788
788
788
793
788
788
788
788
788
788
788
788
788
788
788
788
788
788
788
788
788
788
788
793
788
788
788
788
788
788
788
788
788
788
788
788
788
788
788
788
788
788
788
943
788
788
811
788
788
788
788
788
788
788
788
788
788
788
788
788
788
813
853
788
788
788
788
788
788
788
811
788
788
788
788
788
788
788
788
788
788
788
873
822
788
788
788
788
788
788
788
788
788
788
788
788
788
788
788
788
788
788
839
830
788
788
788
788
788
788
788
788
788
788
788
788
788
788
788
788
788
793
788
788
813
788
788
788
788
788
788
788
788
788
788
788
788
788
788
788
788
823
788
788
788
813
788
788
788
788
788
788
788
788
788
788
788
788
788
788
788
824
788
788
788
788
788
788
788
788
788
788
788
788
788
788
788
788
788
788
788
1469
920
837
823
812
843
821
788
788
788
788
788
788
788
788
788
788
788
795
788
788
788
788
788
788
788
831
846
788
788
788
788
788
788
788
788
788
788
794
788
788
788
788
788
788
788
788
830
788
788
788
788
788
788
788
788
788
788
793
788
788
788
788
788
788
788
788
788
811
788
788
788
788
788
788
788
788
853
982
788
788
900
1045
994
788
788
788
788
904
877
875
788
788
788
788
788
816
788
788
788
788
788
788
788
788
788
788
788
788
917
885
788
788
788
788
856
835
788
788
788
788
788
788
788
788
788
788
788
788
788
935
788
788
788
788
871
812
812
907
788
788
788
788
788
788
788
788
788
788
788
871
847
788
788
843
788
788
788
788
788
788
788
788
788
788
788
788
788
788
788
788
897
922
891
1021
788
788
788
788
788
788
788
788
788
788
788
788
788
788
788
788
899
788
853
788
788
788
788
788
788
788
788
788
788
788
788
788
788
788
788
788
788
905
861
812
812
812
817
788
788
788
788
788
788
788
788
788
788
788
788
788
788
976
1799
1096
1144
985
924
902
840
847
837
812
812
812
805
788
788
855
804
788
960
834
812
813
788
788
788
788
788
788
788
788
788
788
788
788
788
856
812
812
802
962
788
788
788
788
788
788
788
788
788
788
788
788
788
788
800
788
788
788
788
815
899
788
788
788
788
788
788
788
788
788
788
788
788
788
820
788
788
788
788
788
829
788
788
788
788
788
788
788
788
788
788
788
788
788
794
788
788
788
788
788
788
813
788
788
788
788
788
788
788
788
788
788
788
793
788
788
788
788
788
788
788
812
788
788
788
788
788
788
788
788
788
788
851
788
788
788
788
788
788
788
788
788
812
788
788
789
842
843
864
841
910
889
856
836
813
815
833
827
841
835
819
833
817
816
813
812
812
837
812
812
876
838
838
837
812
812
812
814
837
822
814
812
815
870
813
813
825
842
789
845
812
812
863
825
812
812
812
812
812
812
812
812
812
839
856
812
812
812
824
812
812
812
812
812
812
812
812
812
812
812
812
812
812
839
812
812
857
823
812
812
812
812
812
812
812
812
812
812
812
812
812
812
812
812
832
788
821
788
788
788
788
788
788
788
788
788
788
788
788
788
788
788
788
788
788
841
830
788
788
788
788
788
788
788
788
788
788
788
788
788
788
788
788
788
788
788
859
788
788
788
788
788
788
788
788
788
788
788
788
788
788
788
788
788
788
827
788
812
811
788
788
788
788
788
788
788
788
788
788
788
788
788
788
788
788
796
788
788
869
788
788
788
788
788
788
788
788
788
788
788
788
788
788
788
788
794
788
788
788
881
788
788
788
788
788
788
788
788
788
788
788
788
788
788
788
853
789
789
815
848
873
823
788
788
788
788
788
788
788
788
788
788
788
788
803
788
788
788
788
788
788
813
788
788
788
788
788
788
788
788
811
788
788
788
871
788
788
788
788
788
788
788
813
788
788
788
788
788
788
788
788
788
788
796
788
788
788
788
925
813
812
789
801
799
788
788
788
788
788
788
788
788
788
861
789
789
811
788
788
788
788
788
788
827
862
788
788
788
788
788
788
788
800
788
788
788
788
788
788
788
788
788
788
788
811
860
788
788
788
788
788
788
834
788
788
788
788
788
788
788
788
788
788
788
788
811
788
788
788
788
788
788
927
788
788
788
788
788
788
788
788
788
788
788
788
788
815
788
788
788
788
827
788
788
788
788
788
788
788
788
788
788
788
788
788
788
788
812
788
788
788
795
788
788
835
788
788
788
788
788
788
788
788
788
788
788
788
788
788
788
788
794
788
788
788
788
788
788
788
788
788
788
788
788
788
788
788
788
788
788
788
842
788
800
799
788
788
788
788
788
788
788
788
788
788
788
788
788
788
788
794
871
788
788
788
788
788
788
788
788
788
788
788
788
788
788
788
788
788
788
822
788
930
788
788
788
788
788
788
788
788
788
788
788
788
788
788
788
788
788
800
788
799
923
788
788
788
788
788
788
788
811
788
788
788
788
788
788
788
797
788
788
788
811
788
788
788
788
788
788
788
788
788
788
788
788
788
788
788
795
788
788
788
788
799
804
788
788
788
788
788
788
788
788
788
788
788
788
788
811
788
788
788
788
788
788
813
788
788
788
788
788
788
788
788
788
788
788
788
827
788
811
788
788
788
788
788
872
788
788
788
788
788
788
788
788
788
788
795
788
788
788
788
788
788
788
788
788
880
788
788
788
788
788
788
788
788
788
797
788
788
788
788
788
788
788
788
788
788
811
788
788
788
788
788
788
788
788
794
788
788
788
788
788
788
788
788
788
788
788
815
788
788
788
788
788
788
793
788
788
788
788
788
788
788
788
788
788
788
788
788
814
788
788
788
788
788
795
788
788
788
788
788
788
788
788
788
788
788
788
788
788
788
788
788
788
788
855
788
820
818
854
788
788
788
788
788
788
788
788
788
788
788
788
788
788
788
820
788
811
788
788
788
788
788
788
788
788
788
788
788
788
788
788
872
788
794
788
788
788
788
788
788
788
788
788
788
788
788
788
788
788
788
788
788
880
820
788
788
788
788
788
788
788
811
788
788
788
788
788
788
788
788
788
788
788
852
788
788
788
788
788
788
788
788
788
788
788
788
788
788
788
788
788
788
821
788
813
788
788
788
788
788
788
788
788
788
788
788
788
788
788
788
788
788
794
788
788
814
788
788
788
788
788
788
788
788
788
788
788
788
788
788
788
788
825
788
788
788
788
788
788
788
788
788
788
788
788
788
788
788
788
788
788
788
859
788
811
788
788
842
818
788
788
788
