797
789
789
789
789
859
844
789
789
836
813
813
810
789
789
789
789
789
789
789
789
789
789
789
789
789
880
882
789
894
789
789
789
789
789
789
789
789
789
789
789
789
789
789
789
789
825
920
820
813
789
789
789
789
789
789
789
789
789
789
789
789
789
789
789
789
789
838
795
789
789
789
789
789
789
789
789
789
789
789
789
789
789
789
789
789
789
806
862
813
813
802
789
789
789
789
789
789
789
789
789
800
872
813
813
813
813
824
813
861
813
813
813
813
813
813
813
813
813
813
813
813
813
813
813
813
815
813
813
829
866
813
813
813
813
813
813
813
813
813
813
813
813
813
813
816
813
813
813
813
842
813
813
813
813
813
813
813
813
813
813
813
813
813
844
789
789
789
789
789
843
789
789
789
789
789
789
789
789
789
789
789
789
789
846
789
789
789
789
789
789
841
789
789
789
789
789
789
789
789
789
789
789
789
849
789
789
789
789
837
789
789
813
789
789
789
789
789
789
789
789
789
789
873
813
813
835
813
813
813
813
813
813
950
813
813
813
813
813
813
813
813
841
813
813
813
813
813
813
813
813
813
813
897
966
813
813
813
813
813
813
839
813
813
813
813
813
813
813
813
813
813
813
906
813
813
813
813
813
813
839
813
813
813
813
813
813
813
813
813
813
813
813
813
896
813
813
813
813
838
813
813
813
813
813
813
813
813
813
813
813
813
813
813
896
813
813
813
879
789
789
789
789
789
789
789
789
789
789
789
789
789
789
789
789
847
789
789
844
789
789
789
789
789
789
789
789
789
789
789
789
789
789
789
789
789
847
800
981
941
835
813
813
813
813
813
813
813
813
813
813
813
813
813
813
813
869
813
813
812
813
813
813
813
813
813
813
813
813
813
813
813
813
813
813
842
835
881
813
812
844
813
813
813
813
813
813
813
813
813
813
813
813
813
818
813
813
835
813
813
813
813
813
813
813
813
813
813
813
813
813
813
813
813
817
813
813
845
789
789
789
789
789
789
789
789
789
789
789
789
789
789
789
860
908
789
789
789
843
789
789
789
789
789
789
789
789
789
789
789
789
789
789
795
789
789
789
789
789
812
789
789
789
789
789
789
789
789
789
789
789
789
806
844
813
842
789
789
789
789
925
789
789
789
789
789
789
789
789
789
789
789
870
789
789
789
789
789
789
789
789
932
801
789
789
789
789
789
789
789
789
826
789
789
789
789
789
789
789
789
789
801
826
789
789
789
789
789
789
789
789
925
813
813
813
813
813
813
936
789
789
789
844
789
789
789
789
789
789
789
820
789
789
789
789
789
789
789
789
789
789
789
789
844
789
789
789
789
789
789
834
789
789
789
789
789
789
789
789
789
789
789
789
789
813
789
789
789
789
789
903
789
789
789
789
789
789
789
789
789
789
789
789
789
789
812
789
789
789
841
813
813
839
789
789
789
789
789
789
789
789
789
789
789
789
789
925
789
789
820
789
789
789
789
789
789
789
789
789
789
789
789
789
789
789
789
789
910
831
789
789
789
789
789
789
789
789
789
789
789
789
789
789
789
789
789
789
789
942
850
865
1050
992
840
843
912
858
840
852
839
838
838
838
838
839
838
852
869
839
838
838
838
840
813
813
813
813
813
813
813
813
813
813
813
813
846
813
862
885
814
789
789
789
789
789
789
789
789
789
789
789
789
789
789
850
841
789
789
913
800
789
789
789
789
789
789
789
789
789
789
789
789
789
789
862
839
838
829
838
855
789
789
789
789
789
789
789
789
789
789
789
789
789
798
789
789
789
789
789
828
960
789
789
789
789
789
789
789
789
789
789
789
789
863
813
813
814
845
814
859
902
789
789
789
789
789
789
789
789
789
789
789
800
789
789
789
789
789
789
789
789
844
789
789
789
789
789
789
789
789
789
789
1094
789
789
789
789
789
789
789
789
843
789
789
789
789
789
789
789
789
789
849
789
898
899
789
789
789
789
789
789
789
813
789
789
789
789
789
789
789
794
789
789
789
789
789
789
789
789
789
789
789
789
812
789
789
789
789
789
789
845
813
813
834
789
789
789
789
789
789
789
789
789
789
869
844
789
789
789
789
825
789
789
789
789
789
789
789
789
789
789
789
789
789
789
849
888
789
789
887
789
789
789
789
789
789
789
789
789
789
789
789
836
789
789
789
863
789
789
817
789
789
789
789
789
789
789
789
789
789
789
789
789
789
789
789
789
842
794
789
789
789
789
789
789
789
789
789
789
789
789
789
789
789
789
789
789
789
845
789
789
789
789
789
789
789
789
789
789
789
789
789
789
789
789
789
789
789
796
813
789
789
789
789
801
789
789
789
789
789
789
789
789
789
789
789
843
813
813
841
789
789
789
789
789
789
789
789
789
789
789
789
789
789
789
789
795
789
789
789
926
789
789
789
789
789
789
789
789
789
789
789
789
789
789
789
795
789
789
789
801
933
789
789
789
789
789
789
789
789
789
789
789
789
789
818
789
789
789
789
789
826
800
789
789
789
789
789
789
789
789
789
789
789
789
819
789
789
789
789
789
789
843
789
789
789
789
789
789
789
789
789
789
789
789
815
789
789
789
789
789
789
789
842
789
789
789
789
789
789
789
789
789
789
949
851
789
789
789
789
789
789
789
789
813
789
789
789
789
789
789
789
789
789
851
814
845
789
789
789
789
789
789
789
789
841
843
789
789
789
789
789
789
794
789
789
789
789
789
789
789
789
789
837
789
789
882
850
789
789
789
789
789
823
789
789
789
789
789
789
789
789
789
789
789
789
789
838
789
789
789
789
825
824
813
813
813
813
813
813
813
813
813
813
813
813
813
836
835
813
813
827
839
838
838
838
838
838
838
838
838
838
838
839
839
838
838
839
849
814
843
813
813
813
813
813
813
1189
827
814
814
1024
838
917
838
838
922
1038
1093
839
838
852
979
1082
1065
856
813
887
789
851
826
789
789
890
789
846
935
838
822
789
789
823
826
789
891
789
879
800
789
789
890
789
865
813
853
945
885
888
813
813
813
813
813
813
813
813
813
813
813
813
813
813
813
825
813
824
847
813
813
813
813
813
813
813
813
813
813
813
813
813
813
813
820
813
813
813
888
813
813
813
813
813
813
813
813
813
813
813
813
813
813
818
813
813
813
813
836
813
813
813
813
813
813
813
813
813
813
813
813
813
813
834
789
789
789
789
789
844
789
789
789
789
789
789
789
789
789
789
789
789
793
789
789
789
789
789
789
789
812
789
789
789
789
789
789
789
789
789
789
789
865
813
813
835
813
917
813
813
813
949
813
813
813
813
813
813
813
813
813
839
813
813
813
813
813
813
813
813
813
1113
813
813
813
813
813
813
813
813
816
813
813
813
813
813
813
813
813
813
813
905
813
813
813
813
813
813
813
840
813
813
813
813
813
813
813
813
813
813
813
895
813
813
813
813
813
813
1390
1033
838
838
838
838
804
789
789
789
789
789
789
871
789
789
789
789
849
789
789
789
789
789
789
789
789
789
789
789
789
789
789
789
847
789
789
789
881
789
789
789
789
789
789
789
789
789
789
789
789
789
789
789
789
847
789
831
905
858
839
828
813
813
813
813
813
813
813
813
813
813
813
813
813
860
825
813
813
813
813
813
813
813
813
813
813
813
813
813
813
813
813
813
813
843
883
813
813
813
813
813
813
813
813
813
813
813
813
813
813
813
813
813
813
844
835
813
813
813
813
813
813
813
813
813
813
813
813
813
813
813
813
813
841
789
811
789
789
789
789
789
789
789
789
789
866
789
789
789
789
889
789
851
789
789
889
869
789
888
789
789
789
890
789
867
812
789
890
789
890
789
796
890
890
789
890
844
789
789
888
789
889
789
789
789
789
890
789
829
849
850
814
813
927
789
789
1010
889
789
889
789
789
789
889
890
789
789
814
899
889
789
789
889
789
789
890
946
826
789
864
813
789
890
789
890
890
789
821
890
789
890
789
789
789
891
789
868
878
800
789
789
890
789
864
814
789
852
789
889
789
789
890
789
789
789
789
972
789
890
789
890
789
789
889
789
922
789
814
864
789
889
789
890
789
789
891
867
889
789
853
825
789
890
837
900
789
789
890
789
890
789
867
812
789
890
789
945
789
789
890
789
891
818
892
789
789
891
789
891
789
800
880
789
891
789
891
848
789
789
789
890
856
827
949
830
889
789
889
789
789
890
789
890
789
878
828
880
890
789
924
789
867
812
789
889
789
890
789
789
891
789
890
789
866
813
852
913
789
944
813
827
825
813
840
813
840
813
813
839
813
840
813
824
828
813
887
851
861
840
838
838
838
838
951
887
911
1072
838
838
999
838
992
1706
3021
1203
1313
925
835
841
813
843
813
813
840
813
842
863
813
828
855
921
855
842
813
813
813
813
813
813
813
813
813
813
813
813
813
852
1056
911
7800
21202
918
1258
842
843
843
1582
839
838
838
838
838
838
838
838
838
838
838
854
838
838
838
838
838
838
853
838
838
838
838
838
838
838
838
838
838
838
844
841
838
838
842
838
868
942
838
838
838
838
838
838
838
838
838
838
842
839
839
839
838
838
838
838
838
856
838
838
838
838
838
838
838
838
838
863
813
813
813
813
813
813
813
813
813
833
854
824
813
813
813
813
813
813
865
813
813
813
813
813
813
813
813
813
813
840
813
813
813
813
813
813
813
946
856
838
834
813
813
813
813
813
813
813
813
865
837
813
813
813
813
813
823
813
813
813
813
813
813
813
813
813
813
813
813
813
857
837
813
813
813
845
813
813
813
813
813
813
813
813
813
813
813
812
813
813
840
813
813
813
854
813
813
813
813
813
813
813
813
813
813
813
813
843
789
789
840
789
789
817
789
789
789
789
789
789
789
789
789
789
789
789
789
789
789
789
789
841
789
817
789
789
789
789
789
789
789
789
789
789
789
789
789
789
789
789
789
789
860
875
789
789
789
789
789
789
789
789
789
789
789
789
789
789
789
789
789
789
846
813
813
835
789
789
789
789
789
789
789
789
789
789
789
789
789
789
789
789
818
789
870
844
789
789
789
789
789
789
789
789
789
789
789
789
789
789
789
860
856
789
789
848
914
789
789
789
789
789
789
789
789
789
789
789
789
789
789
794
789
789
789
789
839
789
789
789
789
789
789
789
789
789
789
789
789
789
793
789
789
789
789
789
789
843
789
789
789
789
789
789
789
789
789
789
789
789
816
789
789
789
789
789
789
789
842
789
789
789
789
789
789
789
789
789
789
789
922
789
789
789
789
789
789
789
789
813
789
789
789
789
789
789
789
789
789
837
813
813
839
789
789
789
789
789
789
789
923
789
789
789
789
789
789
789
789
1039
789
789
789
789
789
789
789
789
789
789
827
906
789
789
789
789
789
789
819
789
789
789
789
789
789
789
789
789
837
789
789
838
789
789
789
789
789
789
794
789
789
789
789
789
789
789
789
789
789
789
789
789
843
789
789
789
789
806
805
789
789
789
789
789
789
789
789
789
789
789
789
789
789
842
789
789
789
846
838
838
838
838
838
838
838
838
838
838
838
838
838
838
838
838
838
838
843
838
838
838
838
838
838
838
838
838
838
838
838
838
838
838
838
838
869
935
838
838
831
813
813
813
813
813
813
813
813
813
813
813
813
813
813
885
838
838
838
838
838
838
838
838
838
838
838
838
838
838
838
838
838
838
836
868
901
789
789
789
789
789
789
789
789
789
789
789
789
789
789
789
789
879
789
789
840
879
789
789
789
789
789
789
789
789
789
789
789
789
789
789
789
814
789
789
789
939
789
789
789
789
789
789
789
789
789
789
789
789
789
789
878
789
789
789
789
800
829
789
789
789
789
789
789
789
789
789
789
789
789
789
851
789
789
789
789
789
800
830
789
789
789
789
789
789
789
789
789
789
789
789
859
813
835
813
813
813
813
836
835
813
813
813
813
813
813
813
813
813
813
845
813
813
813
813
813
863
813
813
904
813
813
813
813
813
812
813
813
813
835
789
789
789
789
789
789
789
789
789
838
789
789
789
789
789
789
789
789
849
789
789
789
789
789
789
789
789
789
789
789
843
789
789
789
789
789
789
789
846
789
789
789
789
789
789
789
789
789
789
789
789
842
789
789
789
789
789
789
814
789
789
789
789
789
789
789
789
789
789
789
789
789
812
789
789
789
789
835
800
789
789
789
789
789
789
789
789
789
789
789
789
789
789
812
789
789
789
841
813
813
832
789
789
789
789
789
789
789
789
789
789
789
789
789
874
844
789
847
789
789
789
789
789
789
789
789
789
789
789
789
789
789
789
789
789
882
938
800
789
789
789
789
789
789
789
789
789
789
789
789
789
789
789
789
789
789
852
813
813
813
813
813
813
813
813
813
813
813
813
813
813
813
813
812
813
841
837
813
813
813
813
813
813
813
813
813
813
813
813
813
813
813
813
813
842
813
813
837
813
813
813
813
813
813
813
813
813
813
813
813
813
813
813
818
813
813
813
836
813
813
813
813
864
789
789
789
789
888
813
861
813
813
889
813
837
835
849
851
834
887
789
889
789
789
889
789
789
789
789
789
789
798
789
789
890
789
889
789
899
838
813
813
813
813
813
813
865
813
813
864
839
813
813
865
813
865
813
813
848
813
865
813
853
824
812
865
813
865
813
816
813
813
864
813
813
813
864
864
847
813
813
813
864
813
813
813
835
840
845
863
813
813
813
813
813
813
863
813
846
813
813
862
813
864
813
813
813
840
864
813
813
813
813
864
813
813
813
813
889
838
838
838
838
838
838
848
813
813
813
864
813
813
897
789
789
789
890
789
890
813
813
860
813
864
848
836
865
905
813
813
862
813
813
864
813
864
813
864
991
812
789
789
889
854
878
800
789
890
789
890
891
789
789
789
890
789
867
813
947
866
789
898
789
853
825
789
890
789
890
789
789
890
789
891
891
789
789
940
819
789
892
813
824
849
813
860
839
838
838
838
838
838
838
838
838
838
838
838
849
838
838
838
838
838
838
838
838
838
838
838
838
838
838
838
838
838
838
1560
1105
1162
962
1210
931
893
839
975
942
903
838
874
838
918
917
838
1046
838
838
838
838
838
838
838
838
838
838
838
838
838
838
838
838
871
838
840
841
839
838
838
838
838
838
838
838
838
838
838
838
838
838
845
838
838
838
839
839
838
838
838
838
838
838
838
838
838
838
838
838
838
847
813
813
813
813
838
831
813
813
813
813
813
813
813
813
813
813
813
813
849
789
789
789
789
789
789
838
789
789
789
789
789
789
789
789
789
789
789
789
869
839
839
839
846
839
869
859
813
813
813
813
813
813
813
813
813
813
844
813
813
813
813
813
813
813
813
824
825
813
813
813
813
813
813
813
813
813
1027
789
789
789
789
789
789
789
789
789
813
789
789
789
789
789
789
789
789
845
813
813
836
789
789
789
789
789
789
789
789
920
789
789
789
789
789
789
829
801
789
789
789
789
789
789
789
789
789
789
789
789
923
814
789
789
789
789
845
789
898
789
789
789
789
898
789
789
789
789
789
789
838
789
789
789
789
823
900
828
789
789
789
789
789
789
789
789
789
789
789
789
789
843
789
789
789
885
789
789
789
789
789
789
789
789
789
789
789
789
789
836
789
789
842
789
836
805
789
789
824
862
813
813
813
836
825
849
813
813
860
813
813
813
836
888
813
860
813
813
860
813
860
813
824
849
813
860
813
860
825
848
813
813
1224
813
813
828
800
873
789
888
789
878
800
789
889
789
890
789
789
890
816
890
942
889
789
789
889
789
893
789
878
800
789
890
789
892
888
789
789
849
888
789
994
802
789
888
789
891
789
877
800
789
889
789
890
789
789
895
916
789
789
877
891
813
861
813
864
813
851
825
813
864
813
864
813
813
896
813
862
813
862
831
828
863
813
864
813
835
841
813
864
813
864
813
813
821
813
864
813
824
854
831
878
813
864
813
812
813
813
813
813
813
864
813
850
813
813
813
813
813
813
837
840
813
813
813
813
813
813
813
813
813
813
841
813
813
825
789
789
789
789
789
852
826
813
813
813
813
813
813
813
813
846
813
813
813
813
813
813
813
813
813
828
864
813
813
813
813
813
813
813
1261
847
813
813
813
813
813
813
813
813
813
841
813
813
813
813
813
813
813
868
813
813
813
813
813
813
813
813
813
836
813
824
826
813
813
813
813
813
844
813
813
813
813
813
813
813
813
813
813
813
813
813
836
813
813
813
813
842
813
813
813
813
812
813
813
813
813
813
813
813
813
813
836
813
813
813
858
958
837
813
813
813
813
813
813
813
813
813
813
813
813
813
813
837
813
856
813
813
831
789
789
789
789
789
789
789
830
906
789
789
789
789
789
865
852
789
789
789
789
789
789
789
789
789
789
789
789
789
789
789
789
789
789
789
869
835
813
813
813
835
813
813
813
813
813
813
813
813
813
813
813
813
813
816
813
838
813
813
813
813
812
813
813
813
813
813
813
813
813
812
813
813
866
842
813
813
813
813
813
813
813
813
813
813
813
813
813
813
813
813
813
818
813
813
813
813
886
813
812
813
813
813
813
813
813
813
813
813
813
813
872
825
789
789
789
789
892
789
789
789
789
789
789
789
789
789
789
789
789
789
843
813
813
807
789
789
789
860
830
813
813
813
813
813
813
813
813
813
813
821
813
813
813
813
813
813
813
859
859
813
813
813
813
813
813
813
813
813
845
813
813
813
813
813
813
836
813
836
813
813
813
813
813
813
813
813
813
841
813
813
813
813
813
813
813
813
813
813
835
813
813
813
813
813
813
813
842
813
813
813
813
813
813
813
813
813
813
813
846
789
789
789
789
789
789
789
794
789
789
789
789
789
789
789
789
789
789
789
789
812
789
789
789
789
789
789
822
789
789
789
789
789
789
789
789
789
789
789
789
789
812
789
789
789
789
837
813
814
835
813
813
813
813
813
813
813
813
813
813
813
813
862
813
813
863
813
813
813
813
813
813
813
813
813
813
813
813
813
813
813
813
833
858
839
813
813
813
812
813
813
813
813
813
813
813
813
813
813
813
813
813
813
840
815
813
813
813
813
813
813
813
813
813
813
813
813
813
813
813
813
813
813
895
817
812
789
812
815
789
789
789
789
789
789
789
789
789
789
789
789
789
789
789
842
789
789
789
814
789
789
789
789
789
789
789
789
789
789
789
789
789
789
789
789
812
789
817
789
789
789
789
789
789
789
789
789
789
789
789
789
789
789
789
789
789
812
881
813
813
829
789
789
789
789
789
789
789
789
789
789
813
813
836
813
813
898
837
813
813
813
813
813
813
813
813
813
813
813
813
813
813
813
813
813
818
827
863
813
813
813
813
813
813
813
813
813
813
813
813
813
813
813
813
841
813
813
839
813
813
813
813
813
813
813
813
813
813
813
813
813
813
813
820
789
789
789
843
789
789
789
789
789
789
789
789
789
789
789
789
789
789
789
794
789
789
789
789
842
789
789
789
789
789
789
789
789
789
789
789
789
789
789
854
789
789
789
789
789
812
789
789
789
789
789
789
789
789
789
789
789
789
851
813
838
835
813
813
813
813
899
864
813
813
813
813
813
813
813
813
813
865
813
813
813
813
813
813
813
813
897
965
813
813
813
813
813
813
813
813
847
813
813
813
813
813
813
813
813
813
904
813
813
813
813
813
813
813
813
816
813
813
813
813
813
813
813
813
813
813
813
895
813
813
813
813
813
813
819
789
789
789
789
789
789
789
789
789
789
789
789
789
872
789
789
789
789
789
814
789
789
789
789
789
789
789
789
789
789
789
789
789
789
847
789
789
789
789
1087
850
956
859
1098
1273
875
838
838
916
813
935
813
919
835
813
813
924
828
813
813
813
813
813
813
813
813
813
813
813
813
813
813
841
839
838
851
838
838
838
838
838
838
838
838
838
838
838
838
838
838
838
838
838
848
838
838
838
838
838
838
838
838
838
838
838
838
884
836
813
813
813
813
871
813
813
813
813
813
813
813
813
813
813
813
813
813
813
813
813
813
813
872
824
878
813
813
813
863
813
813
813
813
813
813
813
813
813
813
813
813
871
816
837
902
963
838
865
838
839
839
840
839
839
838
838
838
838
838
850
813
813
813
913
825
813
813
813
813
813
813
813
813
813
813
813
813
813
897
825
813
813
813
813
889
813
813
813
813
813
813
813
813
813
813
813
813
847
859
813
812
813
813
813
839
856
813
813
813
813
813
813
813
813
813
813
824
789
789
789
789
789
789
789
789
838
789
789
789
789
789
789
789
789
789
789
844
789
789
846
842
789
789
789
898
842
789
789
789
789
789
789
789
789
789
892
841
813
813
813
813
813
813
813
813
813
899
813
813
813
813
813
813
813
839
813
813
813
813
813
812
813
813
813
919
813
872
813
813
813
813
813
813
831
828
813
813
813
813
813
813
813
813
813
813
813
871
813
813
813
813
813
828
838
838
845
813
813
813
813
813
813
812
813
813
813
813
987
789
789
789
814
789
789
789
789
789
789
789
789
789
789
789
789
789
789
789
789
1070
789
789
815
789
789
789
789
789
789
789
789
789
789
789
789
789
789
789
789
914
789
845
789
789
789
789
789
789
789
789
789
789
789
789
789
789
789
789
789
789
870
814
789
789
789
789
789
789
789
789
789
789
789
789
789
789
789
789
789
789
789
932
789
789
789
789
789
789
789
789
789
789
789
789
789
789
789
789
789
789
814
789
847
789
789
789
789
789
789
789
789
789
789
789
789
789
789
789
789
789
867
813
813
1026
789
789
789
789
789
789
789
789
789
789
789
789
789
789
789
846
789
789
789
789
1090
789
789
789
789
789
789
789
789
789
789
789
789
789
789
850
789
789
789
789
911
789
789
789
789
789
789
789
789
789
789
789
789
789
816
789
789
789
789
789
789
871
789
789
789
789
789
789
789
789
789
789
789
789
903
813
813
813
813
836
813
813
836
813
813
813
813
813
812
813
813
813
813
843
813
813
813
813
813
813
813
813
813
813
812
813
813
813
813
813
813
813
817
813
813
813
813
813
813
813
813
813
813
813
813
813
813
813
813
813
813
852
813
813
835
813
813
813
813
813
813
813
813
898
865
813
813
813
813
813
841
813
813
813
813
813
813
813
813
813
813
813
813
813
1047
813
813
813
813
839
813
813
813
813
813
813
813
813
813
813
813
813
813
813
905
813
813
813
816
813
813
813
813
813
813
813
813
813
813
813
813
813
813
813
894
813
813
848
789
789
789
789
789
789
789
789
789
789
789
789
789
789
789
789
789
871
789
814
789
789
789
789
789
789
789
789
789
789
789
789
789
789
789
789
789
789
1009
849
789
789
789
789
789
789
789
789
789
789
789
789
789
789
789
789
789
789
869
872
813
834
789
789
789
789
789
789
789
789
789
789
789
789
789
789
789
789
877
896
869
789
789
789
789
789
789
789
789
789
789
789
789
789
789
789
789
814
789
789
897
953
789
789
789
789
789
789
789
789
789
789
789
789
789
789
789
876
892
789
789
944
813
813
813
813
813
813
812
813
813
813
813
813
813
813
848
813
813
813
813
835
882
813
813
813
813
813
813
813
813
813
813
813
848
813
813
813
813
813
813
835
813
813
813
813
813
813
813
813
813
813
813
817
813
813
813
813
813
813
813
835
813
813
813
813
813
813
813
813
813
813
850
813
813
816
789
789
789
789
789
789
923
789
789
789
789
789
789
789
789
789
861
789
789
789
789
789
789
789
789
789
789
961
801
789
789
789
789
789
789
817
789
789
789
789
789
789
789
789
789
789
789
789
838
789
789
789
789
789
789
793
789
789
789
789
789
789
789
789
789
789
789
789
789
843
789
789
789
789
789
930
789
789
789
789
789
789
789
789
789
789
789
789
789
812
820
789
789
789
793
789
789
789
789
789
789
789
789
789
789
789
789
789
789
789
800
801
789
789
875
813
813
813
813
813
813
813
813
813
813
813
813
813
813
813
813
836
813
846
838
838
838
838
838
838
838
838
838
838
838
838
838
838
838
838
838
838
838
813
813
813
813
813
812
813
813
813
812
813
813
813
813
813
813
836
813
837
861
813
813
813
813
813
813
813
813
812
812
813
813
813
813
813
813
813
817
813
840
813
813
813
813
813
813
813
813
812
813
813
813
813
813
813
813
817
813
813
836
813
813
813
813
813
813
813
813
813
813
813
813
813
812
813
825
789
789
789
789
841
789
789
789
789
789
789
789
789
789
789
789
789
789
789
793
789
789
789
789
789
812
789
789
789
789
789
789
789
789
789
789
789
789
789
859
852
839
878
789
789
801
909
789
789
789
789
789
789
789
789
789
789
789
876
789
789
789
789
789
789
789
827
909
789
789
789
789
789
789
789
789
789
826
876
836
813
824
871
814
865
807
789
843
789
789
789
789
789
789
789
789
789
855
789
789
789
789
789
789
789
789
789
789
842
789
789
789
789
789
789
789
816
789
789
789
789
789
789
789
789
789
789
789
789
842
789
789
789
789
789
789
793
789
789
789
789
789
789
789
789
789
789
789
789
789
812
789
789
789
789
789
794
789
789
789
789
789
789
789
789
789
789
789
789
789
789
812
789
789
789
850
2575
892
952
916
938
911
859
841
851
839
839
839
845
846
838
846
841
838
838
838
838
838
838
838
838
838
838
838
838
838
838
838
865
910
841
813
813
813
813
813
813
813
813
813
813
813
813
813
813
813
813
813
829
868
813
813
813
813
813
813
813
813
813
813
813
813
813
813
813
813
813
813
878
838
789
789
789
789
789
789
789
789
789
789
789
789
789
789
789
789
789
789
854
789
844
789
789
789
789
789
789
789
789
789
789
789
789
789
789
789
789
848
843
814
838
815
874
815
828
839
789
789
789
789
789
789
789
789
789
789
789
849
813
813
827
864
844
789
789
789
789
789
789
789
789
789
789
789
789
789
877
813
813
813
813
813
893
825
813
813
813
813
813
813
813
813
813
813
813
840
813
813
813
813
813
813
836
837
813
813
813
813
813
813
813
813
813
813
816
813
813
813
813
813
813
813
824
851
837
813
813
813
813
813
813
813
813
822
813
813
813
813
813
813
813
813
813
836
789
789
789
789
789
789
789
789
789
881
847
898
842
789
789
789
789
789
789
789
842
789
789
789
789
789
789
789
817
789
789
789
789
789
789
789
789
789
836
789
800
831
789
789
789
789
789
789
855
813
813
826
789
789
789
789
789
789
789
789
789
869
843
789
789
789
789
825
789
789
789
789
789
789
789
789
789
789
789
789
789
789
830
905
789
789
789
820
789
789
789
789
789
789
789
789
789
789
789
789
789
789
789
838
789
789
853
789
789
789
789
789
789
789
789
789
789
789
789
789
789
789
789
789
843
789
944
789
789
789
789
789
789
789
789
789
789
789
789
789
789
789
789
789
789
844
794
789
789
789
789
789
789
789
789
789
789
789
789
789
789
789
789
789
789
794
812
789
789
789
789
789
789
789
789
789
789
789
789
789
789
789
789
789
789
849
813
837
833
789
789
789
789
789
789
789
789
789
789
789
789
789
789
789
789
795
789
789
881
832
789
789
789
789
789
789
789
789
789
789
789
789
789
789
839
817
789
789
789
922
871
789
789
789
789
789
789
789
789
789
789
789
789
789
797
789
789
789
789
789
838
789
789
789
789
789
789
789
789
789
789
789
789
818
789
789
789
789
789
789
789
844
789
789
789
789
789
789
789
789
789
789
789
794
789
789
789
789
789
836
789
789
843
789
789
789
789
789
789
789
789
789
789
1067
789
789
789
789
789
789
789
789
813
789
789
789
789
789
789
789
789
789
840
813
813
835
813
813
813
813
813
813
813
836
835
813
813
813
813
813
813
839
813
813
813
813
813
813
813
813
813
813
813
836
883
813
813
813
813
813
868
813
813
813
813
813
813
813
813
813
813
813
813
836
813
813
813
813
813
842
813
813
813
813
813
813
813
813
813
813
813
813
813
813
835
813
813
813
818
813
813
813
813
813
813
813
813
813
813
813
813
813
813
813
836
813
813
840
813
813
813
813
813
813
813
813
813
813
813
813
813
813
813
813
813
813
817
813
813
813
813
813
813
813
813
813
813
813
835
838
813
836
813
860
813
885
890
838
838
824
837
813
813
813
837
837
813
813
837
813
837
813
825
825
845
939
813
852
813
821
837
813
845
813
845
813
813
845
813
813
833
825
846
818
845
903
954
813
813
846
813
845
813
832
825
813
845
813
845
813
813
845
817
845
813
916
813
864
789
869
789
796
851
789
870
789
847
812
789
870
814
870
789
914
851
934
871
789
870
789
789
869
789
869
789
819
839
789
869
879
869
789
789
869
789
1011
813
850
952
957
1004
1000
894
813
928
813
945
845
856
885
813
950
838
955
839
871
826
825
854
813
866
866
813
847
831
853
839
947
824
852
939
891
813
858
1082
838
849
873
825
813
813
866
813
874
813
813
813
813
813
813
813
813
813
851
840
838
838
838
838
838
838
838
842
838
838
838
838
838
838
838
838
838
838
839
838
838
838
838
838
838
847
838
838
838
838
838
838
838
838
838
838
838
838
838
838
838
838
838
838
841
838
838
838
838
838
838
838
838
838
838
838
838
838
838
838
838
838
838
848
852
882
839
824
883
800
789
789
789
789
789
789
789
867
844
789
789
789
820
789
789
789
789
789
789
789
789
789
789
789
789
789
789
789
830
912
789
845
814
814
814
813
812
813
813
813
813
813
813
812
813
813
813
813
813
861
816
813
813
813
813
813
813
813
813
813
813
813
813
813
813
813
813
813
813
843
855
813
813
813
813
813
813
813
813
813
813
813
813
813
813
813
813
836
813
834
824
813
813
813
813
813
813
813
813
813
813
813
813
813
812
813
813
813
810
789
843
789
789
789
789
789
789
789
789
789
789
789
789
789
789
789
789
800
805
789
789
842
789
789
789
789
789
789
789
789
789
789
789
789
789
789
789
858
824
813
813
813
837
813
813
813
813
813
813
813
813
813
813
813
813
813
858
838
838
840
813
813
837
837
813
813
813
813
813
813
813
813
813
813
813
846
813
813
813
813
813
813
827
867
813
812
813
813
813
813
813
813
813
813
832
824
813
813
812
813
813
813
813
834
789
789
789
789
789
789
789
789
789
789
854
789
789
789
789
789
789
789
789
789
843
789
789
789
789
789
789
789
789
844
876
789
789
789
789
789
789
789
789
789
789
844
789
789
789
789
789
789
789
819
789
789
789
789
789
789
789
789
789
789
789
789
813
789
789
789
789
789
789
879
789
789
789
789
789
789
789
789
789
789
789
789
789
813
789
789
789
789
840
813
813
839
789
789
789
789
789
789
789
789
789
789
789
800
913
789
789
789
2510
939
921
882
916
921
852
841
857
813
813
863
814
868
915
813
841
813
813
813
813
813
813
813
813
813
813
813
813
813
813
813
813
850
907
798
789
789
789
789
789
789
789
789
789
789
789
789
789
789
789
789
789
789
831
891
813
813
813
813
813
813
813
813
813
813
813
813
813
813
813
813
813
813
860
827
813
813
813
813
813
813
813
813
813
813
813
813
813
813
813
813
813
816
813
837
813
813
813
813
813
813
813
813
813
813
813
813
813
813
813
813
843
841
839
935
856
838
861
838
838
838
838
838
838
838
838
838
838
838
843
838
838
838
838
906
924
813
813
813
813
813
813
813
813
813
813
813
813
848
813
813
813
813
813
911
813
813
813
813
813
813
813
813
813
813
813
813
832
837
813
813
813
813
813
882
789
789
789
789
789
789
789
789
789
789
789
789
814
789
789
789
789
789
789
789
872
789
789
789
789
789
789
789
789
789
789
850
789
789
789
789
789
1018
813
813
932
836
883
837
934
813
932
813
959
927
850
789
789
1096
813
953
813
930
813
849
922
841
939
789
945
866
801
789
880
1024
838
854
877
789
867
890
813
922
789
831
1078
908
878
825
813
929
789
1040
801
1007
813
850
887
789
976
813
876
789
856
985
960
813
889
899
813
866
802
812
1077
996
813
813
937
1154
813
813
932
1070
842
849
918
827
971
813
813
866
813
813
1062
952
813
813
866
813
903
911
875
883
1063
813
813
813
813
836
906
813
813
808
789
814
985
813
813
813
813
859
1052
880
839
868
838
838
835
813
813
813
813
813
813
813
813
813
813
813
813
886
884
813
813
813
813
813
813
813
813
813
813
813
812
813
813
813
813
813
813
839
840
838
813
813
813
813
813
813
813
813
813
813
813
813
813
813
813
855
813
832
838
838
838
838
838
838
838
838
838
838
838
838
838
838
838
838
879
813
813
944
918
813
813
813
813
813
813
813
813
813
813
813
813
813
813
840
813
813
813
926
813
813
812
813
813
813
813
813
813
813
813
813
813
813
843
813
813
813
813
813
895
813
813
813
813
813
813
813
813
813
813
813
813
842
813
813
813
813
813
813
897
813
813
813
813
813
813
813
813
813
813
813
819
813
813
813
813
813
912
813
872
813
813
813
813
813
813
813
813
813
813
844
813
835
801
789
789
789
789
789
789
976
789
789
789
789
789
789
789
789
1014
789
789
789
789
789
789
789
789
789
789
896
1018
789
789
899
926
813
813
846
813
813
813
813
813
813
813
856
1736
4328
1475
6214
1034
840
839
839
839
925
2524
839
841
937
868
899
838
838
828
836
858
813
813
813
813
841
838
838
867
920
813
902
813
813
813
813
813
836
972
839
838
843
841
843
854
841
841
842
842
841
841
839
841
842
841
842
842
843
839
843
841
842
879
920
872
856
879
1146
840
840
841
840
839
839
839
839
839
839
839
839
931
839
839
839
839
839
1895
865
878
839
841
842
841
840
840
840
839
916
2181
844
891
890
871
1229
839
858
844
856
838
838
838
839
838
838
978
839
897
897
838
963
838
954
917
1225
839
964
839
991
839
839
956
857
1054
839
933
839
929
838
1037
839
1284
844
1093
840
871
954
839
870
839
840
839
950
839
850
994
838
1128
839
1281
1310
840
901
921
839
1161
1759
840
1122
839
958
1815
841
1406
886
1278
840
1049
843
1147
946
1061
839
1010
858
1007
847
839
939
838
1013
888
1138
841
1026
877
1186
839
1165
839
968
839
1047
838
1024
838
1018
838
838
997
840
1066
844
983
838
948
838
1004
838
839
844
838
838
838
838
838
838
838
840
956
860
968
844
854
911
850
945
838
861
838
1194
838
860
842
838
838
1053
1453
963
884
839
893
838
957
838
838
838
838
915
838
857
838
899
838
843
954
840
838
838
839
838
838
838
838
838
838
838
838
838
838
838
850
838
852
839
840
878
838
838
838
838
838
838
921
838
838
895
838
838
838
838
906
838
838
1177
839
838
838
838
934
838
838
838
838
838
849
838
838
838
851
842
842
976
948
839
838
838
838
838
839
838
838
838
838
838
838
838
838
853
838
838
838
838
838
840
838
838
838
840
838
838
838
838
838
838
838
848
840
839
965
838
838
880
890
839
870
928
838
838
909
838
838
838
906
853
838
838
927
838
838
925
838
853
839
917
838
905
838
838
853
928
838
1077
838
926
838
903
839
854
903
838
1046
839
850
838
838
838
838
838
838
851
838
838
838
838
838
838
838
838
838
839
841
839
838
838
838
838
838
838
843
838
838
838
838
838
838
838
838
838
838
840
1081
838
838
838
859
892
868
1026
838
940
838
906
838
838
906
838
906
838
1070
839
838
838
838
849
852
813
813
852
828
813
867
812
813
813
825
855
813
867
853
831
813
813
938
840
866
844
1025
838
1148
890
838
838
839
965
835
902
1896
977
945
965
911
969
867
946
838
838
838
848
838
838
937
842
838
838
1152
1365
931
838
847
838
1059
839
838
850
838
947
838
869
838
903
838
838
950
856
939
838
911
838
903
839
838
838
838
917
838
906
838
838
838
838
920
855
840
839
838
918
838
838
838
906
839
838
838
838
917
838
903
838
853
908
838
893
972
922
838
838
838
838
933
838
838
838
844
894
838
838
838
921
838
902
936
839
838
838
838
838
917
838
838
838
838
838
838
838
838
838
2536
2845
1248
1014
874
838
899
838
838
838
838
838
840
853
838
838
838
838
886
852
1005
838
838
838
838
838
838
838
838
838
838
845
839
838
838
838
838
838
853
838
838
838
838
838
838
838
838
838
838
838
850
838
838
838
838
838
838
838
839
838
838
838
838
838
838
838
838
838
838
843
838
838
838
838
838
838
838
838
838
838
838
838
838
838
838
838
838
865
838
838
838
838
838
838
838
838
838
838
838
838
838
838
838
838
838
838
846
839
840
841
852
841
878
838
838
838
838
840
861
813
813
813
813
813
825
850
814
885
836
863
836
813
813
813
813
813
813
856
837
813
813
813
813
854
813
813
813
813
813
813
813
813
813
813
813
812
813
813
858
838
813
813
846
915
813
813
813
813
813
812
813
813
813
991
813
813
813
813
849
835
929
824
902
813
813
813
813
813
813
882
825
813
813
813
813
813
813
813
842
880
799
789
789
789
789
789
861
860
789
789
789
789
789
789
789
789
789
789
827
922
831
977
839
838
825
813
813
813
813
813
813
813
813
813
813
892
838
860
849
911
858
813
813
813
850
890
813
813
813
813
813
813
813
813
813
813
871
864
869
880
789
789
789
789
789
789
789
789
789
789
789
862
980
839
838
843
838
834
966
1016
813
813
813
813
813
813
813
813
813
813
813
813
813
813
881
838
838
867
863
886
824
789
983
820
789
789
789
789
789
789
789
789
789
881
789
789
789
789
846
839
851
813
813
813
813
813
813
813
813
813
813
813
847
813
813
813
813
813
827
841
813
813
813
813
813
813
813
813
813
813
813
840
814
813
813
813
813
813
813
878
813
813
813
813
813
812
813
813
813
813
847
813
812
813
813
813
813
813
813
833
855
813
813
813
813
813
813
813
812
851
813
813
813
813
813
813
813
813
813
824
828
813
813
813
813
813
813
813
817
813
813
813
813
813
813
813
813
813
813
813
836
813
813
813
813
813
813
851
916
813
888
831
885
813
813
813
813
813
813
813
906
865
813
813
813
813
818
813
813
813
813
813
813
813
813
813
813
813
813
813
896
1078
813
813
813
848
842
813
813
813
813
813
813
813
813
813
813
813
813
863
907
813
813
813
839
813
813
813
813
813
813
813
813
813
813
813
813
813
813
813
813
974
789
851
789
789
789
789
789
789
789
789
789
789
789
789
789
789
789
789
789
893
1235
789
789
789
789
789
789
789
789
789
789
789
789
789
789
789
789
789
992
1216
924
802
789
789
789
789
789
789
789
789
789
789
789
789
789
789
789
789
870
813
860
865
813
813
813
813
813
813
813
813
813
813
813
813
813
813
813
821
813
813
836
881
813
813
813
813
813
813
813
813
813
813
813
813
813
813
827
827
813
813
813
827
789
789
789
789
789
789
789
789
789
789
789
789
789
789
877
813
813
812
789
855
859
789
789
789
789
789
789
789
789
789
789
789
789
795
789
789
789
789
789
789
827
971
789
789
789
789
789
952
817
882
850
789
789
850
894
837
789
789
789
899
866
844
850
813
813
813
897
927
813
813
813
844
892
982
1036
862
838
916
916
919
1024
978
813
865
1024
942
1064
920
818
813
813
813
813
936
913
813
812
870
1120
940
837
813
908
908
813
813
839
860
977
789
789
905
897
789
789
789
836
833
981
1045
1002
838
838
838
843
942
838
838
838
865
921
813
813
813
813
830
856
840
1045
922
813
813
943
997
839
838
838
838
847
898
813
860
838
838
963
824
1020
1022
813
862
891
868
843
813
885
909
813
862
838
847
971
977
825
813
1002
963
934
918
976
838
862
1115
858
901
813
879
886
867
921
899
825
860
1355
864
1043
930
866
962
1047
986
863
878
1347
1090
1039
1068
853
838
853
1051
1951
873
1152
876
886
859
1109
875
856
896
888
909
1047
997
1001
857
1732
1116
898
1488
1070
1038
937
873
879
1202
838
838
1020
1354
937
1051
1371
938
864
838
838
1168
892
859
851
1319
901
942
1069
910
991
3426
874
971
907
1010
933
880
933
1317
1028
1230
932
908
871
865
838
1431
959
922
908
959
1001
1029
857
877
838
969
908
1101
865
843
855
951
1324
1272
839
1036
1161
873
859
860
866
944
838
952
1262
906
927
843
877
1057
841
897
1067
903
856
903
855
921
871
838
853
976
838
838
838
838
838
838
1392
949
838
838
838
838
948
888
838
838
853
838
839
1032
839
838
838
838
838
968
1365
862
902
838
900
882
855
931
855
838
838
1089
838
838
838
838
838
1418
979
850
838
838
838
838
853
838
1242
919
856
911
872
838
863
993
838
1121
870
879
838
1054
839
852
838
838
838
838
838
838
1055
931
855
903
838
924
877
1098
839
838
839
976
877
838
838
838
838
838
838
838
838
838
838
1021
838
940
968
839
838
851
854
838
961
967
957
890
967
860
902
927
1003
1201
839
1283
1562
860
1100
904
1075
999
1005
838
933
867
882
848
838
1110
934
1187
1196
986
932
925
996
1247
964
894
843
859
1101
963
988
1205
1145
873
1995
975
870
900
1184
874
908
1190
844
1018
961
873
924
886
838
949
2455
1268
839
1022
928
843
1136
934
838
838
985
848
838
838
900
854
838
1627
988
894
890
843
838
838
838
873
846
838
839
923
907
838
852
896
863
892
840
874
912
899
935
838
862
880
838
838
838
845
992
879
3179
2244
976
1229
839
922
1378
1350
838
838
936
1010
839
838
909
866
853
1906
933
838
838
838
838
838
838
838
838
838
838
857
851
838
838
838
838
838
839
910
918
838
942
838
838
838
838
838
838
843
838
838
838
838
838
883
994
839
839
838
838
838
838
838
838
838
838
906
962
838
838
838
838
838
838
838
908
936
838
838
838
838
838
838
838
838
838
838
838
838
838
838
838
838
838
838
840
838
838
838
838
838
838
872
963
850
813
874
813
877
878
851
813
813
827
843
840
838
838
838
838
853
891
840
839
951
876
838
857
813
862
828
885
813
984
908
986
850
813
852
813
813
813
836
842
813
813
813
813
813
813
813
813
841
951
840
838
838
844
838
839
922
813
813
813
813
813
813
813
836
960
813
875
924
839
838
838
843
838
838
838
856
838
838
896
813
813
813
813
813
813
870
830
976
976
844
839
838
838
838
838
838
838
838
838
838
838
849
917
813
813
813
813
961
1007
946
813
813
813
813
813
813
813
824
949
813
813
813
813
813
813
837
850
935
843
855
838
838
838
838
838
838
838
839
838
950
813
813
813
813
949
847
1499
905
813
836
868
882
902
866
976
834
862
1049
841
873
838
852
838
848
1097
1088
839
957
1032
848
972
836
875
894
868
901
861
908
864
946
813
869
838
844
987
872
905
940
838
942
838
873
903
870
934
838
884
838
1092
1032
838
859
948
839
838
839
839
838
838
1053
838
838
838
838
1129
1020
838
838
850
838
862
934
847
839
838
890
838
838
838
838
838
851
838
838
838
838
838
838
838
874
957
839
838
851
838
838
1034
898
838
856
920
838
838
941
926
838
838
838
971
1021
838
838
851
838
1044
995
838
852
887
906
838
838
888
887
862
854
838
1197
1079
912
838
1140
872
895
936
838
895
896
838
988
879
838
838
848
992
976
864
840
839
838
839
882
975
838
838
838
838
838
838
838
838
838
838
838
838
839
841
838
840
840
852
838
838
838
838
838
838
838
838
838
838
838
838
838
839
839
839
838
838
848
839
839
838
838
838
838
838
838
838
838
838
838
838
839
840
840
838
854
813
813
813
869
838
813
813
813
813
813
813
813
813
813
813
813
828
844
843
838
838
838
838
838
838
838
838
863
837
863
966
813
813
813
813
813
1004
1315
839
840
865
838
851
813
876
813
885
825
990
813
813
813
813
813
813
946
875
836
813
896
942
838
838
838
838
838
838
838
838
1013
828
813
813
840
813
935
840
813
813
813
863
925
813
813
813
813
813
813
813
813
813
813
857
956
911
839
829
813
813
813
813
813
871
912
813
813
813
813
813
813
861
813
813
813
923
839
831
813
813
884
917
838
838
838
838
838
838
838
881
898
838
838
838
838
840
878
825
813
813
813
866
840
838
838
838
838
838
850
838
838
838
838
838
838
872
841
839
838
838
838
838
838
838
838
838
838
844
839
847
860
839
838
836
813
887
859
813
813
813
813
813
813
813
813
813
858
838
838
838
838
838
838
838
838
839
825
813
813
813
813
813
813
813
828
853
813
813
813
813
813
813
813
813
813
838
813
813
812
813
813
813
813
813
839
813
813
813
813
813
813
813
813
813
862
813
813
813
813
813
813
813
813
851
840
838
826
813
813
813
813
813
813
813
813
813
891
789
789
789
789
789
900
844
900
887
813
813
813
813
813
813
813
813
813
813
836
884
813
813
813
869
813
813
813
813
813
813
813
813
813
813
813
813
813
813
835
813
813
813
838
813
813
813
813
813
813
813
813
813
813
813
813
813
813
813
812
835
813
842
813
813
813
813
813
813
813
813
813
813
813
813
813
813
813
813
813
848
846
789
789
789
789
789
789
789
789
789
789
789
789
789
789
789
789
789
789
789
876
789
789
789
789
789
789
789
789
789
789
789
789
789
789
789
789
789
789
868
814
837
842
789
789
789
789
789
789
789
789
789
789
789
789
789
789
789
789
848
789
789
867
844
789
789
789
789
916
1025
948
818
934
869
789
789
789
852
789
789
789
789
841
902
789
789
789
789
789
789
789
789
789
789
789
789
789
819
789
789
789
789
789
838
789
789
789
789
789
789
789
789
789
789
789
789
789
850
789
789
789
789
