796
792
792
792
792
833
792
792
803
858
846
792
792
792
792
792
792
792
792
792
792
792
792
792
792
852
816
816
816
858
909
839
841
816
816
816
816
816
816
816
816
816
816
816
1051
816
816
816
816
840
896
841
828
816
816
816
816
816
816
816
816
816
836
842
842
852
816
816
816
841
918
792
806
803
792
792
792
792
792
792
792
792
824
792
792
792
792
792
792
792
875
842
792
792
792
792
792
792
792
792
792
799
792
792
792
792
792
792
792
792
792
841
792
792
792
792
792
792
792
792
792
843
792
792
792
792
792
792
792
792
792
792
846
792
792
792
792
792
792
792
850
841
841
851
816
816
816
816
816
816
816
816
839
816
816
816
816
816
816
853
816
816
816
816
816
816
816
816
816
816
816
815
827
828
816
816
816
816
841
816
816
816
816
816
816
816
816
816
816
816
816
816
816
839
816
816
816
891
838
816
845
792
792
842
816
816
816
816
816
816
816
816
816
840
840
816
857
816
816
816
816
816
816
816
816
816
816
816
816
816
816
816
816
829
869
848
816
816
816
816
816
816
816
816
816
816
816
816
816
816
816
816
816
816
849
816
816
816
816
816
816
816
816
816
816
816
816
816
816
816
816
816
816
816
848
792
792
792
792
792
792
792
792
792
792
792
792
792
792
792
792
792
792
855
792
847
792
792
792
792
792
792
792
792
792
792
792
792
792
792
792
792
792
828
816
862
867
811
792
792
792
792
792
792
792
792
792
792
792
792
792
792
846
816
816
838
816
862
816
816
816
816
816
816
816
816
816
816
816
816
816
861
792
792
792
792
792
850
890
792
792
792
792
792
792
792
792
792
792
792
792
851
792
792
792
792
792
792
841
792
792
792
792
792
792
792
792
792
792
792
914
803
792
792
792
792
792
792
792
846
792
792
792
792
792
792
791
792
792
792
797
792
792
792
792
792
792
792
792
803
833
792
792
792
792
792
792
792
792
861
803
792
792
792
791
792
792
792
792
792
815
792
792
792
792
792
792
792
792
1042
804
827
792
792
792
792
792
792
792
792
792
815
792
792
792
792
792
792
849
816
816
839
792
792
792
792
792
792
792
792
792
792
929
792
792
792
792
792
797
792
792
792
792
792
792
792
792
792
792
792
792
792
792
939
805
792
792
887
857
976
912
993
956
943
914
849
843
904
830
816
816
816
1011
816
816
864
816
816
816
816
816
816
816
816
816
816
816
816
816
816
816
816
866
898
837
816
816
816
816
816
816
816
816
816
816
816
816
816
816
816
816
816
841
849
816
816
816
816
816
816
816
816
816
816
816
816
816
816
816
816
816
816
912
849
902
845
792
792
792
792
792
792
792
792
792
792
792
792
792
792
792
858
816
839
816
792
792
792
792
792
792
792
792
792
792
792
792
792
792
792
931
856
900
908
870
816
816
816
816
816
816
816
816
816
816
816
816
816
816
850
816
816
816
816
1061
816
816
816
816
873
816
816
816
816
816
816
816
816
862
816
816
816
816
816
843
816
816
816
816
816
816
816
816
816
816
816
816
826
816
816
816
816
816
816
840
792
792
792
792
792
792
792
792
792
839
792
848
792
792
792
792
792
792
792
792
845
792
792
792
792
792
792
792
792
792
792
817
792
792
792
792
792
792
792
792
792
815
792
792
792
792
791
792
792
792
792
889
816
848
792
792
792
792
792
792
792
803
913
792
792
792
792
792
792
792
817
792
792
792
792
792
792
792
792
792
792
792
830
909
792
792
792
792
792
843
792
792
792
792
792
792
792
792
792
792
792
792
792
841
792
792
792
792
792
848
792
792
792
792
792
792
792
792
792
792
792
792
792
792
847
792
792
792
792
844
792
792
792
792
792
792
792
792
792
792
792
792
792
792
792
847
792
792
900
792
792
792
792
792
792
792
792
792
792
792
792
792
792
792
792
792
927
792
1035
792
792
792
792
792
792
792
792
792
792
792
792
791
792
792
792
792
830
1170
939
842
842
852
878
853
849
841
841
841
841
841
841
841
841
841
841
952
840
816
816
816
816
816
816
816
816
816
816
816
816
816
816
816
816
816
850
816
857
840
816
816
816
816
816
816
816
816
816
816
816
816
816
816
816
819
816
816
843
816
816
816
816
816
816
816
816
816
851
792
792
792
792
792
820
792
792
792
792
844
792
792
792
792
792
792
792
792
792
792
792
792
792
792
797
792
792
792
792
792
844
792
792
792
792
792
792
792
792
792
792
792
792
821
792
792
792
792
792
792
792
815
792
792
792
792
792
792
792
792
792
792
792
941
816
816
834
792
792
792
792
872
846
792
792
792
792
792
792
792
804
801
792
792
792
792
792
792
792
792
792
887
852
792
792
792
792
792
792
792
839
807
792
792
792
792
792
792
792
792
792
792
841
792
792
792
792
792
792
792
797
792
897
792
792
792
792
792
792
792
792
792
816
820
792
792
792
792
792
792
819
792
792
792
792
792
792
792
792
792
792
792
792
843
792
792
792
792
792
797
792
792
792
792
792
792
792
792
792
792
792
792
792
792
815
792
792
792
792
799
792
792
792
792
792
792
792
792
792
792
792
792
792
792
792
815
792
792
792
863
816
845
792
792
792
792
792
792
792
792
792
792
792
792
792
792
873
846
797
792
792
792
792
792
792
792
792
792
792
792
792
792
792
792
792
792
792
849
910
792
792
792
792
792
792
792
792
816
815
792
792
792
792
792
792
792
792
799
841
792
792
792
792
792
792
792
792
792
792
792
792
792
792
792
792
792
792
852
792
845
792
792
792
792
792
792
792
792
792
792
792
792
792
792
792
792
841
816
816
827
828
816
816
816
816
816
816
816
816
816
816
816
816
816
816
819
816
816
816
816
839
1164
958
816
816
838
816
1075
841
841
841
841
841
951
843
844
844
1110
843
856
842
841
841
841
841
841
841
841
841
841
841
872
841
841
841
841
842
843
936
842
852
816
816
816
816
816
816
816
816
816
855
816
816
816
816
816
816
816
844
841
841
841
841
841
841
841
841
841
841
853
841
841
841
841
841
841
841
841
841
841
841
841
841
841
841
841
841
848
841
841
841
841
841
841
841
841
841
841
839
816
816
816
816
816
816
816
845
816
816
816
816
816
816
816
816
816
816
816
838
816
816
816
816
816
816
846
792
792
792
792
791
792
792
792
792
792
792
792
792
845
792
792
792
792
792
857
816
816
838
816
815
816
816
816
816
816
816
816
816
816
862
816
816
816
848
816
816
816
816
816
865
816
816
816
815
816
816
816
816
816
907
816
816
847
816
816
816
816
816
816
816
816
816
816
816
816
816
816
816
816
843
816
855
816
816
816
816
816
816
816
816
816
816
816
816
816
816
816
816
816
851
883
792
792
792
792
792
792
792
792
792
792
792
792
792
792
792
792
792
792
819
872
845
792
792
792
792
792
792
792
792
792
792
792
792
792
792
792
791
792
796
792
837
908
792
792
792
792
792
792
792
792
792
792
791
792
792
792
792
842
816
817
822
873
816
816
816
816
816
816
816
816
816
816
816
816
816
816
855
816
816
816
815
840
856
816
816
816
816
816
816
816
816
816
816
870
816
838
936
871
816
816
822
912
839
867
816
854
830
816
816
867
816
854
829
816
872
816
868
816
816
867
816
901
856
881
816
816
868
816
867
816
854
829
845
892
815
867
816
816
867
816
867
851
868
816
816
867
816
868
816
855
828
848
867
816
816
816
816
866
816
816
827
838
816
816
816
816
816
816
816
815
866
816
816
816
816
816
816
816
816
816
816
843
816
816
816
816
816
816
816
850
817
866
835
792
792
792
792
792
792
791
792
871
847
792
792
792
792
792
826
792
792
792
792
792
792
792
792
792
792
792
792
792
835
943
792
792
792
792
799
792
792
792
792
792
792
792
792
792
792
792
792
792
792
841
792
792
792
2547
846
961
940
1060
916
921
844
859
841
816
816
816
840
843
816
858
816
816
816
816
816
816
816
816
816
816
816
816
816
816
816
816
816
912
908
861
816
816
816
816
816
816
816
816
816
816
816
816
816
816
816
816
816
875
827
816
816
816
816
816
816
816
816
816
816
816
816
816
816
816
816
816
845
923
816
816
816
816
816
816
816
816
816
816
816
816
816
816
816
816
816
866
816
863
862
816
816
816
816
816
816
816
816
816
816
886
816
816
816
816
824
816
816
831
866
816
816
816
816
816
816
816
816
816
816
816
816
816
816
846
841
841
841
841
829
816
816
816
816
816
816
816
816
816
816
816
816
816
850
842
841
841
841
841
841
841
841
841
841
841
842
841
841
841
841
841
850
841
841
841
841
841
841
1045
1063
872
841
841
850
841
841
841
1557
841
853
868
841
841
841
841
841
841
938
841
841
841
841
841
841
841
841
841
850
842
842
841
841
841
841
841
841
841
917
843
841
841
842
842
841
841
855
841
841
841
841
841
841
841
842
842
1022
851
959
841
841
932
935
843
935
9786
8064
861
1022
842
842
842
842
841
841
841
841
845
844
841
841
841
862
841
841
841
841
841
841
841
841
841
841
841
841
841
841
841
841
841
851
841
841
841
841
841
841
841
841
841
841
841
841
841
841
841
841
841
841
849
842
842
842
841
841
841
841
841
841
841
841
841
841
841
841
841
842
847
841
842
841
841
841
841
841
841
841
842
841
841
841
841
841
841
841
857
1028
842
841
841
853
874
848
843
841
841
841
841
841
841
841
841
841
841
856
842
842
841
841
841
841
841
841
841
841
841
841
841
841
841
841
841
871
841
841
842
841
841
841
841
841
841
841
841
841
841
841
841
841
841
841
853
841
841
841
843
842
841
841
841
841
841
841
855
828
827
816
828
851
816
872
816
863
816
862
851
841
841
841
841
841
841
841
841
841
841
841
841
850
841
841
841
841
841
842
841
841
816
868
816
816
868
816
867
816
816
867
856
843
842
830
854
829
868
906
894
792
893
792
792
893
792
866
816
854
836
816
867
816
867
816
816
868
816
864
841
816
816
868
867
816
867
816
827
865
816
868
816
867
816
816
867
816
883
834
856
827
816
868
816
816
856
833
816
867
816
867
816
816
867
867
816
867
835
830
816
868
816
867
816
855
888
816
1002
792
895
792
869
816
792
895
792
894
871
831
854
792
894
894
798
792
792
894
792
894
792
845
842
895
792
894
792
792
847
894
792
894
792
925
792
792
894
792
894
792
792
792
792
894
792
792
792
792
850
816
852
827
845
817
817
886
816
827
852
816
816
816
852
827
816
816
816
863
878
816
816
877
816
816
867
816
816
867
816
816
868
816
816
816
867
816
816
816
896
887
816
868
867
816
816
816
867
867
816
816
816
816
816
867
816
855
828
816
926
792
792
792
792
879
792
874
792
810
929
816
872
816
871
816
816
870
816
904
929
873
816
816
871
816
871
816
871
816
816
871
816
870
816
846
840
868
870
928
816
816
848
840
816
870
816
816
816
816
870
816
871
816
857
829
848
816
816
899
816
816
872
816
816
816
858
828
816
816
816
878
792
792
792
1004
830
816
829
925
859
792
792
792
792
792
792
792
792
792
792
792
792
792
852
792
792
792
792
792
990
880
792
886
792
792
792
792
792
792
792
792
792
1227
792
792
792
792
792
792
956
792
792
792
792
792
792
792
792
792
792
792
864
816
816
816
816
816
816
816
838
816
816
816
816
816
816
816
816
816
816
825
816
816
816
816
816
816
816
816
816
839
816
816
816
816
816
816
816
816
845
816
816
816
816
816
816
816
816
816
816
816
816
816
816
816
816
816
816
821
816
816
816
816
816
816
816
816
816
816
816
816
816
816
816
816
816
816
849
816
816
838
792
792
792
792
792
792
792
792
792
792
870
847
792
792
792
813
803
792
792
792
792
792
792
792
792
792
792
792
792
792
792
862
877
792
792
996
792
792
792
792
792
899
792
792
792
792
792
792
792
792
792
908
803
792
824
792
792
792
792
792
792
792
792
792
792
792
792
792
792
792
792
792
875
792
853
792
792
792
792
792
792
792
792
792
792
792
792
792
792
792
792
792
792
960
792
792
792
792
792
792
792
792
792
792
792
792
792
792
792
792
792
792
792
854
839
862
861
861
850
850
861
861
816
861
816
838
839
816
816
816
816
837
842
841
905
841
841
841
841
841
841
841
841
841
841
841
841
841
841
841
846
841
841
903
873
841
841
841
841
841
841
841
841
841
841
841
841
841
844
841
841
841
841
966
886
816
816
816
816
816
816
816
816
816
816
816
816
858
816
816
816
816
816
834
936
792
792
792
792
792
792
792
792
792
792
792
820
792
792
792
792
792
792
792
849
792
792
792
792
792
792
792
792
792
792
792
892
816
816
816
816
816
816
816
816
839
816
816
816
816
816
816
816
816
816
820
816
816
816
816
816
816
816
816
816
839
816
816
816
816
816
816
816
816
886
816
816
833
792
792
792
792
792
792
792
903
874
792
792
792
792
792
792
824
792
792
897
792
792
792
792
792
792
792
792
792
939
923
792
792
792
792
838
815
792
792
792
792
792
792
792
792
792
792
792
792
792
846
816
816
816
816
825
816
816
816
816
816
816
816
816
816
816
816
816
816
816
839
816
816
816
903
853
1123
918
1103
842
924
913
888
842
942
839
816
816
816
970
816
843
816
816
816
816
816
816
809
792
792
792
792
792
792
792
792
792
792
909
849
844
816
816
816
816
816
816
816
816
816
816
816
816
816
816
816
816
816
816
991
842
851
816
816
816
816
816
816
816
816
816
816
816
816
816
816
816
816
854
874
816
816
816
816
816
816
816
816
816
816
816
816
816
816
816
816
816
850
816
894
839
792
792
792
792
792
792
792
792
792
792
792
792
792
792
792
863
792
873
951
805
792
792
792
792
792
792
792
792
792
792
792
792
792
792
893
792
792
792
792
814
792
792
792
792
792
792
792
792
792
792
792
792
792
792
1018
792
792
792
792
848
792
792
792
792
792
792
792
792
792
792
792
792
819
803
792
816
792
792
792
792
816
792
792
792
792
792
792
792
792
792
792
839
863
841
841
831
816
816
816
816
840
840
816
816
816
816
816
816
816
816
816
821
816
816
816
816
816
816
816
816
816
858
840
816
816
816
816
816
816
816
849
816
816
816
816
816
816
816
816
816
816
843
816
816
816
816
816
816
816
829
816
816
816
816
816
816
816
816
816
816
816
886
805
792
792
792
792
792
852
792
792
792
792
792
792
792
792
792
792
792
792
792
847
792
792
792
792
792
820
792
792
792
792
792
792
792
792
792
792
792
792
792
792
815
792
792
792
843
816
816
816
816
816
816
816
816
816
816
816
816
816
816
816
816
816
816
846
841
841
842
816
816
816
816
816
816
816
816
816
816
816
816
816
816
853
865
816
816
816
816
816
816
816
816
816
816
816
816
816
816
816
816
816
816
913
914
816
816
816
847
840
871
792
792
792
792
792
792
792
792
792
792
792
830
1055
803
792
792
792
792
792
792
792
792
792
792
792
792
792
792
792
792
792
864
792
846
792
792
792
792
792
792
792
792
792
792
792
792
792
792
792
792
854
792
792
792
845
792
792
792
792
792
792
792
792
792
792
839
792
792
792
792
856
792
792
792
792
815
792
792
792
792
792
792
792
792
792
792
792
792
792
829
828
816
845
792
792
792
984
792
792
792
792
792
792
792
792
792
792
792
792
854
792
792
792
792
792
792
923
922
792
792
792
792
792
792
792
792
792
792
857
792
792
792
792
792
792
792
792
836
939
792
792
792
792
792
792
792
792
803
792
792
792
792
792
792
792
792
792
792
841
792
792
792
792
792
792
792
792
849
792
792
792
792
792
792
792
792
792
792
792
846
792
792
792
792
792
792
792
797
792
897
792
792
792
792
792
792
792
792
792
792
844
792
792
792
792
792
852
792
792
792
792
792
792
792
792
792
792
792
792
792
804
803
792
792
792
792
856
816
827
816
792
792
792
792
792
792
792
792
792
792
792
872
846
792
792
850
792
792
792
792
792
792
792
792
792
792
792
792
792
792
792
792
836
903
792
798
792
792
792
792
792
792
792
792
792
792
792
792
792
792
792
792
792
841
855
792
792
792
792
792
792
792
792
792
792
792
792
792
792
792
792
792
792
792
841
792
792
792
792
792
792
792
792
792
792
839
792
792
792
792
792
792
792
836
804
847
792
792
792
792
792
792
792
792
792
792
792
792
792
792
792
792
792
837
792
792
815
792
792
792
792
792
792
792
792
792
792
791
792
792
792
792
792
869
841
851
901
868
816
816
816
816
816
816
816
816
816
816
816
816
816
824
816
816
816
816
816
998
816
816
816
816
816
816
816
816
816
816
816
816
846
816
816
816
816
816
816
911
816
816
816
816
816
816
816
816
816
816
816
822
816
816
816
816
816
816
816
874
792
792
792
792
792
792
792
792
792
792
792
858
808
792
792
792
792
792
792
792
874
792
792
792
792
792
792
792
792
792
798
792
792
792
792
792
792
792
792
792
792
850
792
792
792
792
792
792
792
792
822
792
792
792
792
792
792
792
792
792
792
792
850
792
918
816
864
828
851
847
816
890
838
851
828
816
863
816
863
816
816
887
851
864
816
863
816
816
875
816
863
816
850
828
816
863
816
863
816
816
863
861
936
816
863
816
825
863
816
863
816
851
828
816
863
816
863
816
816
863
816
868
828
863
816
843
894
792
894
792
832
854
839
874
816
867
816
816
868
816
867
850
868
845
816
867
816
867
816
855
828
816
867
816
867
816
816
867
816
867
816
901
845
816
867
816
867
816
855
828
816
867
816
867
816
816
867
816
867
816
859
839
816
866
816
867
816
827
856
816
867
816
867
816
816
816
816
867
816
838
959
834
911
816
866
816
854
829
816
867
816
867
816
816
867
816
867
816
893
816
854
933
792
894
792
858
828
792
894
792
894
792
792
895
792
893
802
870
816
792
1000
931
877
816
872
816
816
871
816
871
816
859
827
816
880
816
872
816
835
975
816
873
816
871
816
835
852
816
871
816
870
816
816
1029
816
894
816
869
816
849
870
816
869
816
858
827
816
869
816
869
816
888
830
816
869
816
816
855
830
916
816
893
816
869
816
816
1012
1036
1106
930
1013
792
970
792
973
807
871
880
898
905
816
816
816
884
903
816
904
867
920
842
992
816
881
846
816
877
828
1007
932
883
819
816
995
816
920
829
816
893
875
831
877
792
967
792
970
867
843
1064
869
816
967
816
827
976
816
848
863
951
816
816
896
828
883
847
828
929
860
816
905
816
827
895
832
827
892
816
912
816
888
885
850
816
816
905
886
920
831
816
827
905
816
911
816
816
816
816
816
894
827
816
816
816
963
841
851
816
855
3305
1718
1160
1761
1223
963
1127
1367
843
2026
1226
917
1071
852
1045
878
1522
1465
1884
867
972
903
860
995
1318
991
943
964
854
1029
876
865
851
1285
863
1018
860
930
828
870
993
1337
842
937
843
899
885
876
945
842
970
841
936
842
956
842
932
888
985
1157
926
1311
967
848
842
919
841
909
872
942
842
1075
842
913
853
842
932
843
1063
842
969
846
1261
842
983
842
864
842
1166
937
1116
1012
842
992
1744
978
977
861
1033
842
871
851
929
842
852
1220
998
868
887
922
847
1076
843
899
841
926
841
841
909
841
907
841
921
855
907
841
856
906
841
922
842
874
842
841
900
841
927
841
912
841
909
846
850
1004
841
901
841
909
856
1165
843
853
842
841
841
841
841
841
841
858
841
841
841
841
842
841
841
841
961
843
904
842
860
906
841
908
841
929
841
920
841
841
908
841
909
841
909
842
844
919
841
910
841
909
841
854
841
841
912
841
841
841
906
841
856
926
842
1009
1031
842
841
841
841
854
841
841
841
841
841
841
841
841
841
841
841
855
841
841
841
841
841
853
842
842
842
842
841
841
841
841
841
841
841
841
841
856
860
816
816
816
844
816
816
816
816
816
816
816
816
816
816
816
816
816
816
835
845
816
816
858
842
842
835
816
816
816
816
816
816
816
816
816
816
816
816
842
854
816
826
816
816
816
816
816
816
816
816
816
816
816
816
816
816
816
816
816
855
848
816
816
816
816
816
816
816
816
816
816
816
816
816
816
816
816
816
816
853
841
841
841
849
866
860
835
816
816
816
816
816
816
816
816
816
816
816
852
840
816
816
816
816
816
816
816
816
816
816
816
816
816
816
816
816
816
885
816
840
816
816
816
816
816
816
816
816
816
816
816
816
816
816
816
816
824
816
816
816
839
816
816
816
816
816
816
816
816
816
816
833
792
792
792
851
816
816
835
792
867
846
792
792
792
792
792
792
792
792
792
792
792
792
851
792
792
792
792
792
792
837
904
792
792
792
792
792
792
921
792
864
844
798
919
792
893
1019
1057
804
868
983
897
864
792
1071
816
970
816
880
821
803
962
792
1116
804
1116
830
913
840
879
816
816
972
816
816
816
853
882
846
906
816
816
816
816
816
816
816
816
844
847
816
816
816
816
816
816
816
850
816
816
816
867
816
816
816
816
816
816
846
792
792
792
792
792
792
889
1039
792
897
792
792
792
792
792
792
791
792
792
803
852
859
816
816
816
816
868
842
841
827
816
816
816
816
816
816
816
816
816
816
911
854
792
792
799
792
792
792
866
792
792
792
792
792
792
939
823
880
948
827
1055
911
934
863
1040
864
1022
842
841
899
975
1015
974
934
977
1077
842
963
1410
894
860
950
844
1051
816
868
862
1047
816
1027
842
875
919
816
1055
952
1279
843
1064
857
861
948
928
840
873
842
867
902
889
816
898
1121
872
870
856
883
961
842
841
842
842
841
841
841
841
841
841
841
841
841
841
855
841
843
845
842
841
841
841
841
841
841
841
841
841
841
841
841
841
841
846
842
869
935
841
841
841
841
841
841
841
841
841
841
841
841
841
841
845
841
841
841
926
841
841
841
841
841
841
841
841
841
841
924
841
841
952
841
842
842
842
964
870
845
841
841
842
848
865
816
870
816
816
851
834
857
869
869
816
816
828
878
1032
912
895
816
816
816
816
816
869
816
816
828
816
869
816
816
816
816
816
862
933
816
816
816
816
816
816
816
816
816
824
816
816
816
816
816
816
816
815
838
816
816
816
816
816
816
816
816
816
822
816
816
816
816
816
816
816
815
816
907
817
816
816
816
816
816
816
816
866
816
816
816
816
816
816
816
816
816
816
816
867
911
816
816
816
816
816
824
816
816
816
816
816
816
816
816
816
816
816
816
843
832
816
816
816
816
848
866
886
841
855
851
816
816
816
816
816
816
816
816
845
840
816
816
816
824
816
816
816
931
816
883
923
792
792
792
792
792
792
792
857
830
874
792
855
792
792
792
792
792
792
839
792
792
792
792
792
792
792
792
792
842
792
800
792
792
792
792
792
792
792
792
792
792
792
792
792
792
792
792
792
792
846
853
792
792
792
792
792
792
792
792
792
792
792
792
792
792
792
792
792
792
841
840
816
845
792
792
792
792
792
792
792
792
792
792
792
792
792
792
792
792
848
827
890
792
792
792
792
792
792
792
792
792
792
792
792
792
792
792
792
849
792
792
833
908
792
792
792
792
792
816
816
816
816
816
816
816
816
816
844
867
886
839
885
816
816
816
816
816
816
816
816
816
815
816
816
816
816
820
816
816
816
816
882
912
792
792
792
792
792
792
792
792
792
792
792
792
852
792
792
792
792
792
792
874
844
792
792
792
792
792
792
792
792
792
792
792
822
792
792
792
792
792
792
792
841
792
792
792
792
792
792
792
792
792
792
835
846
816
819
792
792
792
792
792
803
919
792
792
792
792
792
792
792
792
792
823
792
792
792
792
792
792
792
792
792
830
909
792
792
792
792
792
792
792
850
792
792
792
792
792
792
792
792
792
792
792
841
792
792
792
792
792
792
792
821
792
792
843
792
792
792
792
792
792
792
792
792
844
792
792
792
792
792
797
792
792
792
792
792
792
792
792
792
792
792
792
792
792
844
792
792
792
792
858
816
816
816
816
816
816
816
816
816
816
816
816
816
816
839
839
816
816
2580
1011
1050
914
984
860
854
842
900
842
842
841
842
970
842
944
882
842
919
842
859
850
792
792
792
792
792
792
792
792
792
792
792
822
867
841
816
816
816
816
816
816
816
816
816
816
816
816
816
816
816
816
816
822
858
816
816
816
816
816
816
816
816
816
816
816
816
816
816
816
816
816
845
816
842
792
792
792
792
792
792
792
792
792
792
792
792
792
792
792
792
792
858
792
792
847
792
792
792
792
792
792
792
792
792
792
792
791
792
792
792
792
923
817
815
792
847
792
792
792
792
792
792
792
792
792
792
792
792
792
792
825
792
792
792
792
792
804
792
792
792
792
792
792
792
792
792
792
792
792
792
925
841
841
852
816
816
840
839
816
816
816
816
816
816
816
816
816
816
847
816
816
816
816
816
816
816
829
869
816
816
816
816
816
816
816
816
816
834
827
816
816
816
816
816
816
816
816
843
816
816
816
816
816
816
816
816
816
884
816
816
816
816
816
816
816
816
816
815
792
792
792
792
792
792
792
792
798
847
998
1022
1013
957
1042
1070
1011
1012
933
902
1060
973
901
941
975
846
792
792
792
792
792
792
792
792
792
792
792
792
792
792
792
792
792
796
792
792
792
792
792
792
792
792
792
792
792
792
792
792
792
792
792
792
792
854
816
816
838
816
816
816
816
816
816
816
816
816
816
816
816
862
816
816
854
792
792
792
792
792
792
792
792
792
792
792
792
792
792
792
792
792
961
792
797
792
792
792
792
792
792
792
792
792
792
792
792
792
792
792
792
792
837
807
792
792
792
792
792
792
792
792
792
792
792
792
792
792
792
792
792
792
792
845
840
816
816
848
845
830
840
792
792
792
792
792
792
792
792
792
792
792
821
792
816
792
792
792
792
792
792
792
792
792
792
792
792
792
792
792
792
792
870
792
792
792
792
792
792
792
792
792
792
792
792
792
792
792
792
792
792
827
835
816
838
816
862
816
816
816
816
816
816
816
816
816
816
839
816
816
824
816
816
816
816
816
872
851
816
816
816
816
816
816
816
816
816
816
816
845
816
816
816
816
816
816
838
816
816
816
816
816
816
816
816
816
816
816
835
828
816
816
816
816
816
816
816
836
792
792
792
792
792
792
792
792
792
792
796
792
792
792
792
792
792
792
792
803
834
792
792
792
792
792
792
792
792
792
795
792
792
792
792
792
792
792
792
792
804
803
792
792
792
791
792
792
792
822
792
792
792
792
792
792
792
792
792
792
792
815
792
792
792
792
792
792
792
850
816
816
938
792
792
792
792
792
792
792
792
792
874
846
792
792
792
792
820
792
792
792
792
792
792
792
792
792
792
792
792
792
792
885
854
792
792
792
796
792
792
792
792
792
792
792
792
792
792
792
792
792
792
792
841
792
792
798
792
792
792
792
792
792
792
792
792
792
792
792
792
792
792
792
792
848
792
850
792
792
792
792
792
792
792
792
792
792
792
792
792
792
792
792
792
792
931
792
792
792
792
792
792
792
792
792
792
792
792
792
792
792
792
792
792
792
807
918
817
792
792
792
792
792
792
792
792
792
840
792
792
792
792
792
792
826
846
835
851
816
816
816
816
816
816
816
816
816
816
816
816
816
816
816
836
828
816
828
852
816
816
816
816
816
816
816
816
816
816
816
816
816
816
816
821
816
816
816
846
853
816
816
816
816
816
816
816
816
816
816
816
816
816
823
816
816
816
816
843
816
816
816
816
816
816
816
816
816
816
816
816
816
814
792
792
792
792
791
792
846
792
792
792
792
792
792
792
792
792
792
792
937
1236
792
792
792
792
792
792
846
792
792
792
792
792
792
792
792
792
792
796
792
792
792
792
792
792
792
792
792
815
792
792
792
792
792
792
792
792
847
816
816
840
792
792
792
792
792
792
792
850
846
792
792
792
792
792
792
792
854
792
792
792
792
792
792
792
792
792
792
792
885
854
792
792
792
792
792
820
856
816
816
816
816
816
816
816
816
816
816
816
832
827
816
816
816
816
842
816
816
816
816
816
816
816
816
816
816
816
816
816
816
839
816
816
816
842
816
816
816
816
816
816
816
816
816
816
816
816
816
816
816
839
816
816
841
816
816
816
816
816
816
816
839
816
816
816
816
816
816
816
816
839
816
842
816
816
816
816
816
816
816
816
816
816
816
816
816
816
815
815
816
816
864
816
816
843
792
792
792
792
792
792
792
792
792
792
792
792
792
792
792
792
830
913
792
792
792
792
792
792
792
792
792
792
791
792
792
792
792
792
792
792
817
829
908
792
792
792
792
792
792
792
792
792
792
792
792
792
792
792
792
880
792
792
841
792
792
792
792
792
792
792
792
792
792
792
792
792
792
792
792
848
792
792
792
845
792
792
792
792
792
792
792
791
792
792
792
792
791
792
843
792
792
792
792
792
847
792
792
792
792
792
792
792
792
792
792
792
792
792
880
792
792
792
792
792
792
815
792
792
792
792
792
792
792
792
792
792
792
838
816
816
840
792
792
792
792
792
927
792
792
792
792
792
792
792
792
792
792
900
792
792
792
792
792
792
792
792
831
908
792
792
792
792
792
792
792
792
817
792
792
792
792
792
792
792
792
792
792
841
792
792
792
792
792
792
792
792
874
792
792
792
792
792
792
792
792
792
792
792
845
792
792
792
792
792
792
817
792
792
792
792
839
792
792
792
792
792
792
792
792
845
792
792
792
792
792
817
792
792
792
792
792
792
792
792
792
792
792
792
792
792
815
792
792
792
832
804
792
792
792
792
792
792
792
792
792
792
792
792
792
792
792
815
792
792
2531
892
910
1005
992
877
921
842
898
842
841
841
841
841
842
852
858
841
841
841
841
841
841
841
841
841
841
841
841
841
841
841
841
841
867
911
816
816
816
816
816
816
816
816
816
816
816
816
816
816
816
816
816
851
843
857
816
816
816
816
816
816
816
816
816
816
816
816
816
816
816
816
857
792
832
889
792
792
792
792
792
792
792
792
792
792
792
792
792
792
792
792
896
792
792
841
792
792
792
792
792
792
792
792
792
792
792
792
792
791
792
820
792
792
792
792
846
792
792
792
792
792
792
792
792
792
792
792
792
792
792
848
816
817
813
792
792
927
792
792
792
792
792
792
792
792
792
792
792
792
841
816
816
816
816
816
816
839
885
816
816
816
816
816
816
816
816
816
816
896
816
838
861
816
816
816
816
838
816
816
816
816
816
816
816
816
816
816
823
866
816
816
816
816
816
816
816
816
838
865
842
842
834
816
950
841
910
852
913
828
845
985
816
1030
838
863
816
905
966
888
950
816
864
816
863
866
863
816
816
863
816
863
816
850
829
816
908
885
864
816
839
840
816
896
816
863
816
816
863
816
863
816
851
827
816
863
861
863
816
840
854
792
1004
816
860
814
816
854
792
874
792
851
827
816
870
816
986
816
840
816
852
840
816
840
816
816
840
816
840
816
829
827
816
840
816
840
889
862
841
847
840
816
840
816
816
840
816
840
816
816
840
816
840
816
829
827
901
920
843
844
838
875
842
841
841
841
841
841
841
841
841
841
841
870
816
831
958
816
864
816
863
816
816
863
816
863
816
839
840
816
863
816
863
816
816
872
853
845
818
875
870
850
863
816
863
816
850
829
816
863
816
863
816
851
863
862
899
816
863
816
816
863
816
891
792
857
828
792
894
792
894
792
882
877
816
938
852
867
816
827
856
816
867
816
867
816
816
867
816
867
829
816
816
867
884
852
868
816
827
856
816
867
816
867
816
839
867
816
871
886
867
816
816
867
840
897
816
816
816
867
867
816
867
816
816
867
816
871
816
867
816
816
867
816
960
855
869
815
792
893
792
894
792
792
792
894
868
894
894
792
792
792
894
792
957
863
816
816
863
816
816
863
816
816
905
816
863
863
816
816
816
863
816
827
911
828
816
863
816
863
816
816
816
862
841
841
841
841
841
841
841
841
841
852
841
816
863
816
863
816
816
851
910
816
912
792
792
792
880
792
792
792
792
928
863
878
792
792
792
792
802
792
792
792
1011
792
792
792
792
792
792
792
792
792
1016
879
792
792
792
801
792
792
792
792
792
792
792
792
792
792
792
792
792
792
918
792
792
792
792
799
792
792
792
792
792
792
792
792
792
792
792
792
792
792
792
874
792
792
823
792
792
792
792
792
792
792
792
792
792
816
816
816
816
816
816
839
816
826
816
816
816
816
816
816
816
816
816
816
816
816
816
816
816
816
816
816
912
1003
823
792
792
792
792
792
792
792
792
792
792
792
792
792
792
792
792
860
841
841
840
816
816
816
816
816
816
816
816
840
816
816
816
816
816
816
825
792
869
846
792
792
792
792
792
792
792
792
792
792
792
792
792
792
792
792
853
792
792
927
853
792
792
792
792
792
792
791
792
792
792
792
792
792
792
860
792
792
792
792
917
806
792
792
792
792
792
792
792
792
792
792
792
792
850
792
792
792
792
792
830
803
792
792
792
792
792
792
792
792
792
792
792
792
883
792
792
792
792
792
792
846
792
792
792
792
792
792
792
792
792
792
792
792
797
792
792
792
792
792
792
792
845
792
792
792
792
792
792
792
792
792
792
846
816
817
839
792
792
792
792
792
792
886
835
792
792
792
792
792
792
792
792
852
792
792
792
792
792
792
792
792
792
792
960
807
792
791
792
792
792
792
799
792
792
792
792
792
792
792
792
792
792
792
792
841
792
792
792
792
792
792
821
792
792
792
792
792
792
792
792
792
792
792
792
815
823
792
792
792
792
820
792
792
792
792
792
792
792
792
792
792
792
792
792
792
845
792
792
792
792
844
816
816
816
816
816
816
816
816
816
816
816
816
816
816
816
840
816
816
851
816
868
816
816
886
816
816
872
816
816
857
816
816
816
839
828
911
861
877
841
849
855
829
816
868
816
867
816
816
816
867
816
867
816
816
867
963
792
892
893
792
792
792
894
792
894
792
792
894
792
893
792
857
828
894
882
912
892
792
881
803
792
893
792
894
792
792
894
792
894
792
894
792
863
893
872
892
792
894
792
792
893
792
893
792
803
883
792
894
792
894
792
858
894
792
957
836
857
816
816
851
816
850
816
835
830
816
850
816
850
872
816
1007
1031
913
853
869
816
869
816
816
1011
915
1028
841
878
792
911
923
854
866
816
904
889
947
860
858
920
816
1128
816
904
816
1117
816
1041
996
1073
846
971
841
1053
1011
984
832
854
922
816
954
816
988
816
918
828
817
964
816
968
816
904
889
1004
919
856
863
792
1124
816
989
894
905
816
884
901
816
908
816
904
833
966
857
816
816
816
975
816
816
843
816
982
816
816
816
898
835
816
816
816
843
863
829
816
816
816
816
816
883
816
816
816
816
816
816
816
816
816
816
816
843
816
871
827
816
816
816
852
842
842
871
842
848
816
816
816
816
816
816
816
839
847
855
816
816
816
854
816
816
816
816
816
816
816
816
816
816
816
816
816
829
850
840
816
816
850
817
816
816
816
816
816
816
816
816
816
816
816
816
816
816
850
857
816
944
857
929
892
977
925
927
935
842
843
907
816
816
816
816
816
993
897
816
816
816
816
816
816
816
816
816
816
816
816
816
816
816
816
816
816
875
871
816
816
816
816
816
816
816
816
816
816
816
816
816
816
816
816
816
824
841
929
792
792
792
792
792
792
792
792
792
792
792
792
792
792
792
792
792
856
816
845
856
816
816
816
816
816
816
816
816
816
816
816
816
816
816
816
847
816
816
843
816
816
816
816
816
816
816
816
816
816
816
816
816
816
816
1008
841
841
841
841
841
841
841
841
841
841
841
841
841
841
841
841
841
846
841
841
841
841
841
842
843
841
841
841
841
841
841
841
841
841
841
841
840
816
816
816
816
816
816
843
816
816
816
816
816
816
816
816
816
816
816
824
816
816
816
816
816
816
816
850
792
792
792
792
792
792
792
792
792
792
903
839
900
902
792
792
792
792
792
792
893
820
792
792
792
792
792
792
792
836
792
792
792
792
792
792
792
792
792
792
792
915
828
792
792
792
792
791
792
821
792
792
792
792
792
792
792
792
792
792
792
827
805
792
895
792
792
792
837
832
817
820
792
792
792
792
792
792
792
792
792
792
873
846
792
792
792
792
870
816
816
816
816
816
816
816
816
816
816
816
816
816
828
987
792
792
792
904
940
895
840
816
816
816
973
863
816
840
866
816
839
839
844
1048
921
886
840
816
816
816
816
816
816
816
816
816
816
816
816
816
816
816
846
854
816
816
816
816
816
816
816
816
816
816
816
816
816
816
816
816
816
816
856
849
816
816
816
816
816
816
816
816
816
816
816
816
816
816
816
816
816
816
951
840
839
816
845
881
849
841
841
841
841
841
841
841
841
841
841
841
854
849
841
846
842
841
841
841
841
841
841
841
841
841
841
841
841
841
871
841
841
841
861
816
816
816
816
815
816
816
816
816
816
816
816
816
816
847
838
816
816
816
838
841
841
841
841
841
841
841
816
816
816
839
816
816
850
816
816
816
816
816
906
816
816
816
816
816
816
816
816
816
816
816
816
867
841
841
841
841
841
841
841
841
841
841
842
850
843
842
845
841
842
842
842
842
842
841
842
842
842
842
842
842
841
842
842
842
844
842
841
847
843
842
842
842
842
841
842
904
841
907
873
841
841
841
841
841
841
841
874
844
843
839
817
817
817
817
830
827
817
842
871
820
817
816
817
817
845
818
816
817
817
817
817
817
816
817
817
817
817
835
852
816
816
816
816
816
816
816
816
827
853
816
816
816
816
816
816
816
816
883
854
816
816
816
816
816
816
816
816
816
816
816
816
816
816
816
816
816
823
816
846
855
816
816
816
816
816
816
816
816
816
816
816
816
816
816
816
845
816
816
843
841
876
816
817
817
817
817
817
816
817
817
817
817
816
819
852
843
842
842
842
841
842
842
842
842
842
841
842
842
842
842
844
841
831
816
816
816
816
816
838
816
816
816
816
838
816
816
816
816
816
816
816
866
816
816
805
792
792
792
792
921
792
792
792
792
792
792
792
792
792
792
902
792
792
792
792
792
792
792
792
837
935
804
792
792
792
792
792
792
792
849
792
792
792
792
792
792
792
792
792
792
849
792
792
792
792
792
792
792
792
884
792
792
792
792
792
792
792
792
792
792
792
816
792
792
792
792
792
792
792
869
792
792
792
792
792
792
792
792
792
792
792
792
885
803
792
792
792
792
820
792
792
792
792
792
792
792
792
792
792
792
792
792
792
911
816
792
792
792
851
792
792
792
792
792
792
792
792
792
792
792
792
792
792
818
853
816
816
846
843
842
835
816
816
816
816
816
816
816
816
816
816
816
816
816
860
841
852
816
816
816
816
816
816
816
816
816
816
816
816
816
816
816
816
816
951
831
816
816
816
816
816
816
816
816
816
816
816
816
816
816
816
816
816
816
910
861
841
841
841
841
841
841
841
841
841
841
841
841
841
841
841
841
852
841
841
841
841
841
841
841
841
841
841
841
841
841
841
841
841
841
841
863
816
816
862
816
816
816
816
816
816
816
816
815
816
816
816
816
816
816
841
816
816
816
839
879
792
792
792
792
792
792
792
792
792
792
842
792
792
838
816
818
816
816
816
861
841
841
841
841
841
841
841
841
841
841
841
841
854
841
841
841
841
841
841
939
841
841
841
841
841
841
841
841
841
841
846
841
841
841
841
841
841
841
855
838
816
816
816
816
816
816
816
816
816
850
816
816
816
816
816
816
816
816
838
890
816
792
792
792
792
792
792
791
844
803
792
792
792
792
792
792
792
792
792
841
792
792
792
792
792
792
792
792
821
792
792
792
792
792
792
792
792
792
792
792
846
792
792
792
792
792
792
792
876
816
816
816
816
816
816
816
816
816
816
816
816
892
816
816
816
816
816
918
841
841
827
816
816
816
816
816
816
816
816
829
846
1564
843
842
858
843
846
845
842
843
845
844
845
850
844
844
843
843
844
846
984
842
862
880
853
866
843
816
816
840
839
816
816
816
816
816
816
816
816
837
843
882
836
845
862
850
817
817
818
844
844
842
842
841
841
842
816
816
816
865
909
816
816
816
816
816
816
816
816
816
816
816
816
816
816
816
816
816
816
866
843
855
816
816
816
816
816
816
816
816
878
862
816
816
816
816
816
816
823
816
843
816
816
816
816
816
816
816
816
816
816
816
816
816
816
816
816
847
841
842
850
827
816
816
816
816
816
816
816
816
816
816
816
816
816
816
1012
854
954
917
1284
969
921
887
843
843
903
816
816
816
816
816
816
834
827
816
816
816
816
1038
854
816
816
816
816
816
816
816
816
816
816
816
844
816
816
816
816
816
816
854
927
792
792
792
792
792
792
792
792
792
792
847
827
792
792
792
911
990
895
955
922
949
792
1079
816
1014
816
970
816
909
827
816
872
792
1015
816
958
829
1208
872
895
925
839
951
816
893
828
886
804
831
978
792
960
816
968
816
847
1047
830
931
816
950
792
1040
849
1031
816
916
860
792
1077
816
903
816
973
901
1107
816
871
842
816
1007
865
955
816
1001
828
946
989
893
1008
975
1054
1525
967
920
881
1030
841
931
856
829
1034
817
980
843
969
817
1065
841
965
1472
935
797
946
817
867
867
793
958
817
936
793
895
865
828
908
817
927
997
1302
854
1043
840
1005
896
913
930
880
828
817
917
817
1013
861
912
912
1622
850
916
817
867
817
867
863
817
927
817
867
817
866
1015
859
843
842
1389
846
844
818
914
817
878
851
817
914
817
913
817
877
816
817
841
817
841
987
968
851
854
829
817
841
817
868
875
817
867
830
862
843
843
831
868
816
1067
816
840
955
817
868
817
868
872
817
878
817
1002
817
867
816
817
841
817
1158
989
863
842
852
841
842
851
845
861
843
861
827
818
817
867
919
818
867
917
1006
829
817
841
817
827
816
817
841
817
841
843
855
842
842
842
842
851
841
954
819
906
843
851
842
842
841
842
842
842
842
842
841
842
842
843
842
842
964
834
818
820
817
817
817
816
851
845
848
844
850
878
857
818
817
817
817
816
986
867
816
816
816
816
816
816
816
816
816
816
816
816
816
816
816
816
816
837
851
885
840
816
816
816
816
816
816
816
816
816
816
816
816
816
816
816
837
852
816
875
841
841
841
841
841
841
841
841
841
841
841
841
841
841
841
852
841
841
905
871
841
841
841
841
841
841
841
841
841
841
892
841
841
872
816
817
817
817
852
860
816
817
841
851
816
816
816
816
816
816
816
816
816
816
816
816
816
816
906
916
816
816
894
816
816
816
816
816
816
816
816
816
816
816
816
816
816
816
910
816
816
819
816
816
816
816
816
816
816
816
816
816
816
816
816
816
816
816
816
866
905
816
816
816
816
816
816
816
816
816
816
816
816
816
816
816
816
816
816
851
830
816
816
816
816
816
816
816
816
816
816
816
816
816
816
816
816
816
821
832
844
841
841
841
841
841
841
841
841
841
841
841
841
841
841
841
841
850
841
842
841
841
841
841
841
841
841
841
841
841
841
841
841
841
841
911
792
792
792
842
840
816
816
816
816
816
816
816
816
816
816
816
816
816
873
816
816
816
816
834
861
816
816
816
816
816
816
816
816
816
816
816
816
821
816
816
816
816
816
816
842
816
816
816
816
816
816
816
816
816
816
816
821
816
816
816
816
816
816
816
840
816
816
816
816
816
816
816
816
816
816
835
842
843
845
816
816
816
816
816
840
839
816
816
816
816
816
816
816
816
822
816
816
816
816
816
816
816
816
816
816
909
816
816
816
816
816
816
816
847
816
816
816
816
816
816
816
816
816
816
816
838
816
816
816
816
816
816
845
816
816
816
816
816
816
816
816
816
816
816
816
839
816
816
816
816
816
861
828
792
792
792
792
792
792
792
792
792
792
792
792
792
843
845
792
792
792
823
792
792
792
792
792
792
792
792
792
792
792
792
792
792
792
956
792
792
797
792
792
792
792
792
792
792
792
792
792
792
792
792
792
792
792
792
848
792
848
816
816
816
816
816
816
816
816
816
816
816
816
816
816
816
816
816
850
860
816
816
816
816
816
816
816
816
816
816
816
816
816
816
816
816
816
816
867
886
816
816
816
816
816
816
816
816
816
816
816
816
816
816
816
816
816
856
792
870
816
816
816
816
816
816
816
816
816
816
816
816
816
816
816
816
853
792
792
854
867
792
792
792
792
792
792
792
792
792
792
792
792
792
792
792
878
792
792
792
897
792
792
792
792
792
792
792
792
792
792
792
792
792
792
851
792
792
792
792
816
923
792
792
792
792
792
792
792
792
792
792
792
840
792
865
817
825
792
792
792
843
846
792
792
792
792
792
792
792
792
792
792
792
937
1096
792
792
792
792
792
828
913
792
792
792
792
792
792
792
792
792
792
870
792
792
792
792
792
792
792
792
843
846
792
792
792
792
792
792
792
792
798
792
792
792
792
792
792
792
792
792
792
837
901
792
792
792
792
792
792
792
798
792
792
792
792
792
792
792
792
792
792
792
841
792
792
792
792
792
792
792
822
792
792
792
792
792
792
792
792
792
792
792
792
846
792
792
792
792
792
847
816
816
816
816
816
816
816
816
816
816
816
816
816
839
838
816
816
816
847
816
817
819
792
792
792
792
792
792
792
792
792
792
792
792
843
861
816
816
