817
813
813
812
812
812
812
860
871
868
812
812
812
812
812
812
812
812
812
812
812
812
812
812
812
812
812
812
918
884
812
812
812
812
812
812
812
812
812
812
812
812
812
812
812
812
880
828
1004
886
812
812
812
876
825
812
812
812
812
812
812
812
812
812
812
2597
1374
1201
1234
983
869
895
866
871
864
863
863
868
837
837
851
837
837
951
912
812
812
812
812
812
812
812
812
812
812
812
812
812
833
830
812
812
812
812
1053
915
812
812
812
812
812
812
812
812
812
812
812
936
823
812
812
812
812
898
992
812
812
812
812
812
812
812
812
812
812
812
894
812
812
812
812
812
812
812
917
812
812
812
812
812
812
812
812
812
812
857
812
812
812
812
812
812
812
812
872
812
812
812
812
812
812
812
812
812
822
852
825
813
850
849
820
848
812
812
884
812
812
812
812
812
812
812
812
873
812
812
835
812
812
812
812
812
812
812
894
874
812
812
812
812
812
812
884
812
812
812
812
812
812
812
812
812
812
812
812
1151
812
812
812
812
812
820
812
812
812
812
812
812
812
812
812
812
812
812
812
918
812
812
812
812
819
812
812
812
812
812
812
812
812
812
812
812
812
812
812
872
812
812
812
819
812
812
812
812
812
812
812
812
812
812
812
812
812
865
812
871
812
812
849
812
812
812
812
812
812
812
812
812
812
812
812
812
812
812
812
812
871
897
813
813
812
812
812
812
812
812
812
812
812
812
812
812
812
812
812
812
971
837
837
830
812
812
812
812
812
812
812
812
812
812
812
812
812
812
812
842
836
866
812
812
812
812
812
812
812
812
812
812
812
812
812
812
812
812
851
812
812
880
812
812
812
812
812
812
812
812
812
812
812
812
812
812
812
842
812
812
812
853
812
812
812
812
812
812
812
812
812
812
812
812
812
812
817
812
812
812
812
812
837
812
812
812
812
812
812
812
812
812
812
812
812
817
812
812
812
812
812
812
838
812
812
812
812
812
812
812
812
812
812
812
812
817
812
812
812
812
812
812
812
812
812
812
812
812
812
812
812
812
812
812
880
813
835
812
812
812
812
812
812
897
812
812
812
812
812
812
812
812
812
838
812
812
812
812
812
812
812
812
812
854
883
812
812
812
812
812
812
812
848
812
812
812
812
812
812
812
812
812
812
812
854
812
812
812
812
812
812
849
812
812
812
812
812
812
812
812
812
812
835
812
837
812
812
812
812
812
817
812
812
812
812
812
812
812
812
812
812
812
812
812
837
812
812
812
812
850
812
812
812
812
812
812
812
812
812
812
812
812
812
812
812
812
812
812
812
817
812
812
812
812
812
812
812
812
812
812
812
812
812
812
812
812
812
812
880
812
835
812
812
812
812
812
812
812
812
812
812
812
812
812
812
812
897
874
812
812
812
812
812
812
812
812
812
812
812
812
812
812
812
812
812
812
997
813
812
812
812
812
812
812
812
812
812
812
812
812
812
812
812
812
812
818
871
812
812
812
812
812
812
812
812
812
812
812
812
812
812
812
812
812
1254
1664
812
812
812
812
812
812
812
812
812
812
812
812
812
812
812
812
818
812
812
812
839
812
812
812
812
812
812
812
812
812
812
812
812
812
812
817
812
859
812
812
812
812
812
812
812
812
812
812
812
812
812
812
812
812
880
813
812
835
812
812
867
845
812
812
812
812
812
812
812
812
812
812
812
847
812
812
812
812
812
812
812
926
812
812
812
812
812
812
812
812
812
812
893
812
812
812
812
812
812
835
812
856
812
812
812
812
812
812
812
812
812
848
812
812
812
812
812
812
812
812
812
839
812
812
812
812
812
812
812
812
848
812
812
812
812
812
812
812
812
812
812
812
838
812
812
812
812
812
812
846
812
812
812
812
812
812
812
812
812
812
812
812
812
812
812
812
812
812
829
827
812
812
812
812
812
812
812
812
812
812
812
812
812
812
812
812
812
812
849
813
835
812
812
812
812
812
812
812
812
812
812
812
812
867
845
812
812
818
812
812
812
812
812
812
812
812
812
812
812
812
812
812
812
812
926
813
850
812
812
812
812
812
812
812
812
812
812
812
812
812
812
812
812
812
854
881
815
866
812
812
812
812
812
812
812
812
812
812
812
812
812
812
812
812
898
812
812
812
812
812
812
812
812
812
812
812
812
812
812
812
812
812
812
818
812
838
812
812
812
812
812
812
812
812
812
812
812
812
812
812
812
812
859
812
812
812
812
812
812
812
812
812
812
812
812
812
812
812
812
812
812
878
813
813
835
865
845
812
812
812
812
812
812
812
812
812
812
812
812
812
850
812
812
812
835
812
928
812
812
812
814
813
813
812
812
812
812
812
826
812
812
812
812
812
812
861
812
812
812
812
812
812
812
812
812
812
812
819
812
812
812
812
812
812
812
836
812
812
812
812
812
812
812
812
812
812
819
812
812
812
812
812
812
812
812
812
836
812
812
812
812
812
812
812
812
812
964
812
812
812
812
812
812
812
812
812
812
812
842
864
812
812
812
812
820
812
812
812
812
812
812
812
812
812
812
812
812
812
812
812
812
812
812
812
979
812
812
812
812
812
812
812
812
812
812
812
812
898
812
812
812
812
812
820
812
812
812
812
812
812
812
812
812
812
812
812
812
854
884
812
812
812
823
812
812
812
812
812
812
812
812
812
812
812
812
812
812
854
812
812
812
819
812
812
812
812
812
812
812
812
812
812
812
812
812
812
812
812
836
812
818
812
812
812
812
812
812
812
812
812
812
812
812
812
812
812
812
812
838
882
838
838
837
837
837
837
837
837
837
837
837
837
837
837
837
837
837
837
891
837
837
837
837
837
1034
949
838
837
837
837
837
837
837
837
837
893
873
852
837
831
812
812
812
812
812
812
812
812
812
812
812
812
812
812
812
971
898
954
1167
1185
1000
1373
1067
3937
866
864
986
954
865
994
2299
1037
1136
883
846
812
812
812
812
812
812
812
812
850
812
812
812
812
812
864
957
812
812
812
812
812
812
812
812
812
812
812
856
854
812
812
812
812
812
860
932
812
812
812
812
812
812
812
812
812
812
873
813
812
812
812
812
812
812
863
843
812
812
812
812
812
812
812
812
812
930
812
812
812
812
812
812
812
812
812
904
812
812
812
812
812
812
812
812
891
867
863
842
881
835
836
845
812
812
825
880
812
812
812
812
812
812
812
882
812
812
812
812
812
812
812
812
812
812
812
904
813
812
812
812
812
812
881
812
812
812
812
812
812
812
812
812
812
812
812
835
812
812
812
812
812
849
812
812
812
812
812
812
812
812
812
812
812
812
812
812
840
812
812
812
817
812
812
812
812
812
812
812
812
812
812
812
812
812
812
812
837
812
812
817
812
812
812
812
812
812
812
812
812
812
812
812
812
812
835
812
812
812
812
852
812
812
812
812
812
812
812
812
812
812
812
812
812
812
812
812
812
812
849
813
835
812
812
812
812
812
812
812
812
812
812
812
812
812
812
812
812
902
843
812
812
812
812
812
812
812
812
812
812
812
812
812
812
812
812
812
1102
836
881
812
812
812
812
812
812
812
812
812
812
812
812
812
812
812
812
923
812
812
835
812
812
812
812
812
812
812
812
812
812
812
812
812
812
812
862
812
812
812
839
812
812
812
812
812
812
812
812
812
812
812
812
812
812
817
812
812
812
812
838
812
812
812
812
812
812
812
812
812
812
812
812
812
817
812
812
812
812
812
812
812
812
812
812
812
812
812
812
812
812
812
812
873
813
813
835
812
812
812
812
868
843
812
812
812
812
812
812
812
812
812
818
812
812
812
812
812
812
812
812
812
905
812
812
812
812
812
812
812
812
820
812
812
812
812
812
812
812
812
812
812
835
812
812
812
812
812
812
812
812
849
812
812
812
812
812
812
812
812
812
812
824
828
812
812
812
812
812
812
818
812
812
812
812
812
812
812
812
812
812
835
812
838
812
812
812
812
812
817
812
812
812
812
812
812
812
812
812
812
812
812
812
812
812
812
812
812
897
812
812
812
812
812
812
812
812
812
812
812
812
812
812
812
866
812
812
876
812
812
812
812
812
812
812
812
812
812
812
812
812
812
812
812
886
884
820
812
812
812
812
812
812
812
812
812
812
812
812
812
812
812
812
812
835
966
812
812
812
812
812
812
812
812
812
812
812
812
812
812
812
812
812
812
868
836
812
812
812
812
812
812
812
812
812
812
812
812
812
812
812
812
812
880
1124
838
812
812
812
812
812
812
812
812
812
812
812
812
812
812
812
812
851
812
812
838
812
812
812
812
812
812
812
812
812
812
812
812
812
812
812
817
812
812
812
812
812
812
812
812
812
812
812
812
812
812
812
812
812
812
812
849
813
939
812
812
896
812
812
812
812
812
812
812
812
812
812
812
812
818
812
812
812
812
812
812
835
882
812
812
812
812
812
812
812
812
812
812
812
819
812
812
812
812
812
812
812
835
812
812
812
812
812
812
812
812
812
812
817
812
812
812
812
812
812
840
812
837
812
812
812
812
812
812
812
812
812
817
812
812
812
812
812
812
812
812
812
812
838
812
812
812
812
812
812
812
817
812
812
812
812
812
812
812
812
812
812
812
812
812
812
812
812
812
812
873
844
812
812
812
812
812
812
812
812
812
812
812
837
813
813
812
812
812
882
812
835
812
812
812
812
812
812
812
812
812
812
812
893
870
812
812
812
822
812
812
812
812
812
812
812
812
812
812
812
812
812
812
850
921
812
812
820
812
812
812
812
812
812
812
812
812
812
812
812
812
812
812
812
866
812
902
812
812
812
812
812
812
812
812
812
812
812
812
812
812
812
812
812
838
819
812
812
812
812
812
812
812
812
812
812
812
812
812
812
812
812
812
812
818
837
812
812
812
812
812
812
812
812
812
812
812
812
812
812
812
812
812
818
812
812
812
812
812
812
812
812
812
812
812
812
812
812
812
812
812
812
851
838
813
860
867
812
812
812
812
812
812
812
812
812
812
812
812
812
812
812
874
812
812
812
953
824
812
812
812
812
812
812
812
812
812
812
812
812
844
812
812
812
860
812
862
812
812
812
812
812
812
812
812
812
812
812
812
812
818
812
812
812
812
812
836
812
812
812
812
812
812
812
812
812
812
812
812
850
812
812
812
812
812
812
812
838
812
812
812
812
812
812
812
812
812
812
817
812
812
812
812
812
812
812
812
812
812
812
812
812
812
812
812
812
812
817
812
812
812
812
812
812
812
812
812
812
812
812
812
812
812
812
812
812
880
812
812
835
812
812
812
812
812
812
812
812
865
842
812
812
812
812
812
818
812
812
812
812
812
812
812
812
812
812
812
812
812
922
812
812
812
812
818
812
812
812
812
812
812
812
812
812
812
812
812
812
812
854
812
812
812
812
848
812
812
812
812
812
812
812
812
812
812
812
812
812
812
836
812
812
812
875
812
812
812
812
812
812
812
812
812
812
812
812
812
812
812
812
870
812
849
812
812
812
812
812
812
812
812
812
812
812
812
812
812
812
812
812
855
1016
813
812
812
812
812
812
812
812
812
812
812
812
812
812
812
812
812
812
1187
857
837
835
812
812
812
812
812
812
812
812
812
812
812
812
812
812
869
812
837
870
812
812
812
812
812
812
812
812
812
812
812
812
812
812
812
812
1413
934
1254
1232
1017
1120
936
1023
865
867
874
838
837
837
837
888
837
903
903
954
913
812
812
812
812
812
812
812
812
812
812
812
812
812
839
812
812
812
812
812
955
925
812
812
812
812
812
812
812
812
812
812
812
930
813
813
812
812
812
812
893
812
812
812
812
812
812
812
812
812
812
812
1238
813
813
812
812
812
812
812
838
812
812
812
812
812
812
812
812
812
864
852
812
812
812
812
812
812
812
812
895
812
812
812
812
812
812
812
812
846
901
813
812
848
828
865
818
812
812
812
836
929
812
812
812
812
812
812
879
812
812
812
812
812
812
812
812
812
812
812
835
812
812
812
812
812
812
870
812
812
812
812
812
812
812
812
812
812
812
812
812
839
812
812
812
812
842
823
812
812
812
812
812
812
812
812
812
812
812
812
812
839
812
812
812
812
817
812
812
812
812
812
812
812
812
812
812
812
812
812
812
812
812
812
812
874
812
812
812
812
812
812
812
812
812
812
812
812
812
812
835
812
812
812
939
813
812
835
812
812
812
812
812
812
812
812
812
812
812
812
812
812
866
897
812
812
812
812
812
812
812
812
812
812
812
812
812
812
812
812
812
812
817
906
812
812
812
812
812
812
812
812
812
812
812
812
812
812
812
812
812
873
812
835
812
812
812
812
812
812
812
812
812
812
812
812
812
812
812
812
1004
876
812
839
812
812
812
812
812
812
812
812
812
812
812
812
812
812
812
876
812
812
812
837
812
812
812
812
812
812
812
812
812
812
812
812
812
812
878
812
812
812
812
812
812
812
812
812
812
812
812
812
812
812
812
812
812
931
868
813
835
812
812
812
864
843
812
812
812
812
812
812
812
812
812
812
818
812
812
812
812
812
812
812
812
905
812
812
812
812
812
812
812
812
812
966
1375
812
812
812
812
812
812
812
835
812
812
812
812
812
812
812
812
812
822
812
812
812
812
812
812
812
812
812
824
828
812
812
812
812
812
812
812
879
812
812
812
812
812
812
812
812
812
812
812
838
812
812
812
812
812
812
818
812
812
812
812
812
812
812
812
812
812
812
835
812
812
812
812
812
812
848
812
812
812
812
812
812
812
812
812
812
812
812
812
812
812
812
812
812
847
812
812
835
812
812
812
812
812
812
812
812
812
812
812
812
864
843
812
847
812
812
812
812
812
812
812
812
812
812
812
812
812
812
812
812
812
906
853
812
812
812
812
812
812
812
812
812
812
812
812
812
812
812
812
812
812
836
952
812
812
812
812
812
812
812
812
812
812
812
812
812
812
812
812
812
812
897
842
812
812
812
812
812
812
812
812
814
813
812
812
812
812
812
812
880
812
866
906
812
812
812
812
812
812
812
812
812
812
812
812
812
812
812
822
812
812
866
812
812
812
812
812
812
812
812
812
812
812
812
812
812
812
875
812
813
812
812
952
812
812
812
812
812
812
812
812
812
812
812
812
812
888
812
812
860
812
812
923
813
812
812
812
812
812
812
812
812
812
812
812
851
812
812
812
812
812
812
853
812
812
812
812
812
812
812
812
812
812
812
819
812
812
812
812
812
812
812
812
836
812
812
812
812
812
812
812
812
812
874
812
812
812
812
812
812
812
840
812
838
812
812
812
812
812
812
812
812
821
812
812
812
812
812
812
812
812
812
812
812
812
812
812
812
812
812
812
812
850
812
812
812
812
812
812
812
812
812
812
812
812
812
812
812
812
812
812
931
813
812
835
812
812
812
812
812
812
812
812
812
840
845
812
812
812
812
887
812
812
812
812
812
812
812
812
812
812
812
812
812
812
924
812
812
812
855
812
812
812
812
812
812
812
812
812
812
812
812
812
812
812
854
812
812
849
812
812
812
812
812
812
812
812
812
812
812
812
812
812
812
812
839
812
819
812
812
812
812
812
812
812
812
812
812
812
812
812
812
812
812
812
812
874
812
812
812
812
812
812
812
812
812
812
812
812
812
812
812
812
812
812
818
812
812
812
812
812
812
812
812
812
812
812
812
812
812
812
812
812
812
812
848
812
859
812
812
812
812
812
812
812
812
812
812
812
812
812
812
812
812
856
812
812
840
845
812
812
812
812
812
812
812
812
812
812
812
812
812
812
850
812
812
812
871
881
812
812
812
812
812
812
812
812
812
812
812
812
812
885
812
812
812
836
812
855
812
812
812
812
812
812
812
812
812
812
812
812
883
812
812
812
812
812
812
837
812
812
812
812
812
812
812
812
812
812
812
818
812
812
812
812
812
812
812
838
812
812
812
812
812
812
812
812
812
812
849
812
812
812
812
812
812
812
812
812
812
812
812
812
812
812
812
812
812
849
812
812
835
812
812
812
812
812
812
812
841
845
812
812
812
812
812
812
850
812
812
812
812
812
812
812
812
812
812
812
812
925
812
812
812
812
812
819
812
812
812
812
812
812
812
812
812
812
812
812
812
853
812
812
812
812
812
850
812
812
812
812
812
812
812
812
812
812
812
812
812
839
812
812
812
812
820
812
812
812
812
812
812
812
812
812
812
812
812
812
812
812
838
812
812
881
812
812
812
812
812
812
812
812
812
812
812
812
812
812
812
812
812
812
818
812
812
812
812
812
812
812
812
812
812
812
812
812
812
812
812
812
812
847
812
813
835
812
812
812
812
812
812
812
812
812
812
812
812
812
812
812
894
865
845
812
812
812
812
812
812
812
812
812
812
812
812
812
812
812
812
906
886
885
859
812
812
812
812
812
812
812
812
812
812
812
812
812
812
812
997
893
998
1250
1321
1256
1080
903
866
866
967
838
837
837
837
837
903
813
812
812
812
893
867
812
812
812
812
812
812
812
812
812
812
812
812
875
812
919
891
812
812
865
928
812
812
812
812
812
812
812
812
812
812
812
979
812
812
812
812
812
812
886
812
812
812
812
812
812
812
812
812
812
812
878
838
837
827
812
812
812
812
837
867
812
812
812
812
812
812
812
812
812
849
812
812
812
812
812
812
812
812
812
942
812
812
812
812
812
812
812
812
922
814
814
814
866
855
930
815
813
814
826
856
812
812
812
812
812
812
812
825
812
812
812
812
812
812
812
812
812
812
812
839
812
812
812
812
812
812
871
812
812
812
812
812
812
812
812
812
812
812
812
839
812
812
812
812
812
819
812
812
812
812
812
812
812
812
812
812
812
812
812
812
812
812
812
812
897
812
812
812
812
812
812
812
812
812
812
812
812
812
812
812
812
812
812
871
813
813
835
812
812
812
812
812
812
812
812
812
812
812
812
836
812
892
846
812
812
812
812
812
812
812
812
812
812
812
812
812
812
812
812
812
812
903
858
812
812
812
812
812
812
812
812
812
812
812
812
812
812
812
812
812
821
854
812
812
812
812
812
812
812
812
812
812
812
812
812
812
812
812
812
812
819
812
837
812
812
812
812
812
812
812
812
812
812
812
812
812
812
812
812
817
812
812
838
812
812
812
812
812
812
812
812
812
812
812
812
812
812
812
1068
812
812
812
812
812
812
812
812
812
812
812
812
812
812
812
812
812
812
878
813
835
812
812
812
897
812
812
812
812
812
812
812
812
812
812
812
812
860
812
812
812
812
812
812
918
836
812
812
812
812
812
812
812
812
812
812
927
812
812
812
812
812
814
813
862
812
812
812
812
812
812
812
812
812
825
812
812
812
812
812
812
812
812
812
836
812
812
812
812
812
812
812
812
828
812
812
812
812
812
812
812
812
812
812
812
836
812
812
812
812
812
812
812
843
812
812
812
812
812
812
812
812
812
812
812
836
812
812
812
812
812
812
839
812
812
812
812
812
812
812
812
812
812
812
835
812
812
812
812
812
812
862
812
812
835
812
812
812
812
812
812
812
812
812
812
812
895
812
812
812
819
812
812
812
812
812
812
812
812
812
812
812
812
812
812
812
854
882
812
819
812
812
812
812
812
812
812
812
812
812
812
812
812
812
812
812
812
853
818
812
812
812
812
812
812
812
812
812
812
812
812
812
812
812
812
812
812
842
812
812
812
812
812
812
812
812
812
812
812
812
812
812
812
812
812
812
812
861
812
812
812
812
812
812
812
812
812
812
812
812
812
812
812
812
812
812
818
812
812
812
812
812
812
812
812
812
812
812
812
812
812
812
812
812
812
861
812
823
880
842
812
812
812
812
812
812
812
812
812
812
812
812
812
812
879
812
812
812
812
1030
812
812
812
812
812
812
812
812
812
812
812
812
812
822
812
812
859
812
812
913
852
812
812
812
812
812
812
812
812
812
812
812
821
812
812
812
812
812
812
854
812
812
812
812
812
812
812
812
812
812
812
818
812
812
812
812
812
812
812
812
836
812
812
812
812
812
812
812
812
812
820
812
812
812
812
812
812
812
812
835
837
812
812
812
812
812
812
812
812
818
812
812
812
812
812
812
812
812
812
812
812
812
812
812
812
812
812
812
812
850
813
835
812
812
812
812
812
812
812
812
812
881
830
812
812
812
812
812
845
812
812
812
812
812
812
812
812
812
812
812
812
855
883
812
812
812
812
819
812
812
812
812
812
812
812
812
812
812
812
812
812
812
853
812
812
812
818
812
812
812
812
812
812
812
812
812
812
812
812
812
812
812
836
812
812
818
812
812
812
812
812
812
911
812
883
812
812
812
812
890
891
812
898
813
927
889
812
812
890
812
812
890
890
812
812
853
849
812
890
812
891
812
879
872
812
890
812
890
812
812
890
812
890
891
812
812
812
812
812
812
812
851
895
835
812
812
812
812
812
812
812
812
812
812
812
812
812
812
812
812
820
812
930
812
812
812
812
812
812
812
812
812
812
812
812
812
812
812
812
818
812
812
855
881
812
812
812
812
812
812
812
812
812
812
812
812
812
812
819
812
812
812
812
854
812
812
812
812
812
812
812
812
812
812
812
812
812
818
812
812
812
812
835
836
812
812
812
812
812
812
812
812
812
812
812
812
868
812
812
812
812
812
812
838
812
812
812
812
812
812
812
812
812
812
812
869
812
812
812
812
812
812
812
812
812
812
812
812
812
812
812
812
812
812
887
812
812
835
812
812
812
812
812
812
868
844
812
812
812
812
812
812
812
820
812
812
812
812
812
812
812
812
812
812
812
925
812
812
812
812
812
812
819
812
812
812
812
812
812
812
812
812
812
812
812
853
812
812
812
812
812
812
818
812
812
812
812
812
812
812
812
812
812
812
812
837
812
812
812
812
812
818
812
812
812
812
812
812
812
812
812
812
812
812
812
812
838
812
812
812
819
812
812
812
812
812
812
812
812
812
812
812
812
812
812
812
812
812
812
818
812
812
812
812
812
812
812
812
812
812
812
812
812
812
812
812
812
812
849
812
813
835
812
812
812
812
812
812
812
812
812
812
812
812
812
812
812
871
844
812
812
812
812
812
812
812
812
812
812
812
812
812
812
812
812
812
812
819
925
812
812
812
812
812
812
812
812
812
812
812
812
812
812
812
812
812
821
835
854
812
812
812
812
812
812
812
812
812
812
812
812
812
812
812
812
941
877
1097
1319
1110
864
864
866
866
873
853
837
837
838
812
813
812
828
812
812
812
812
1010
812
812
812
812
812
812
812
812
812
812
812
812
812
842
812
812
812
812
812
896
998
813
812
812
812
812
812
812
812
812
812
812
991
870
922
866
812
813
812
886
812
812
812
813
812
812
812
812
812
813
856
824
812
812
812
813
812
813
812
865
837
812
812
812
812
813
812
812
812
845
863
812
848
824
812
812
812
859
812
860
877
812
860
812
849
823
812
859
889
916
814
863
905
815
922
864
904
812
885
893
812
886
812
890
812
890
824
812
890
812
890
812
890
812
812
891
812
891
899
890
812
812
891
812
890
863
877
823
812
890
812
890
812
854
850
812
890
812
970
812
854
849
812
894
812
890
812
812
891
812
891
812
891
812
812
890
812
941
812
886
812
852
993
813
937
812
885
855
848
813
891
812
890
812
812
892
930
885
823
886
812
812
812
886
885
812
887
812
812
886
812
886
812
886
836
858
1003
820
884
812
885
812
812
886
812
886
812
812
812
886
885
812
886
812
850
920
812
884
812
885
812
839
859
812
885
812
885
812
812
1008
812
912
812
846
953
1221
961
912
812
824
929
812
940
812
913
812
861
864
812
941
812
978
812
964
812
812
937
812
812
913
812
838
914
812
914
812
940
812
862
870
812
913
863
913
812
885
865
812
937
812
937
812
929
824
812
941
812
1105
838
937
862
903
924
863
830
812
874
874
812
812
812
873
812
874
873
1015
862
825
812
812
874
1015
969
812
862
825
812
812
812
874
812
832
854
845
874
812
812
812
812
812
993
826
812
812
812
812
812
812
812
812
812
812
868
812
812
812
812
812
812
812
812
928
812
812
812
812
812
812
812
812
812
873
813
813
812
812
812
812
812
812
812
836
812
812
812
812
812
812
812
812
848
812
812
812
812
812
812
812
812
812
812
812
812
812
812
812
812
812
812
843
812
812
812
812
812
812
812
812
812
812
812
812
812
812
812
812
812
812
872
812
813
834
812
812
812
812
812
812
812
812
812
835
865
843
812
812
812
820
812
812
812
812
812
812
812
812
812
812
812
812
812
812
812
941
812
812
820
812
812
812
812
812
812
812
812
812
812
812
812
812
812
812
812
853
812
812
819
812
812
812
812
812
812
812
812
812
812
812
812
812
812
812
812
836
812
819
812
812
812
812
812
812
812
812
812
812
812
812
812
812
812
812
812
812
845
812
812
812
812
812
812
812
812
812
812
812
812
812
812
812
812
812
812
839
812
812
812
812
812
812
812
812
812
812
812
812
812
812
812
812
812
812
850
812
813
835
812
812
812
812
812
812
812
812
812
812
812
812
812
812
812
820
812
812
812
835
843
812
812
812
812
812
812
812
812
812
812
812
812
812
812
850
812
812
812
812
941
812
812
812
812
812
812
812
812
812
812
812
812
812
820
812
812
860
812
812
855
812
812
812
812
812
812
812
812
812
812
812
812
819
812
812
812
812
812
812
836
812
812
812
812
812
812
812
812
812
812
812
818
812
812
812
812
812
812
812
812
838
812
812
812
812
812
812
812
812
812
868
812
812
812
812
812
812
812
812
835
865
843
812
812
812
812
812
812
812
851
812
812
812
812
812
812
812
812
812
812
852
958
813
812
812
812
812
812
838
812
812
812
812
812
812
812
812
812
812
812
812
934
812
812
812
812
812
872
812
812
812
812
812
812
812
812
812
812
812
812
812
853
812
812
812
812
818
812
812
812
812
812
812
812
812
812
812
812
812
812
812
835
812
812
812
818
812
812
812
812
812
812
812
812
812
812
812
812
812
812
812
812
838
812
818
812
812
812
812
812
812
812
812
812
812
812
812
812
812
812
812
812
812
812
818
812
812
812
812
812
812
812
812
812
812
812
812
812
812
812
812
812
812
850
813
812
835
812
812
812
812
812
812
812
812
812
812
812
812
812
812
812
853
836
845
812
812
812
812
812
812
812
812
812
812
812
812
934
812
812
812
903
851
877
883
812
991
812
936
812
812
812
812
938
812
935
812
812
812
1073
998
812
1033
812
812
812
812
939
812
911
812
812
812
812
812
812
938
900
927
824
812
812
877
938
812
812
812
812
938
812
940
812
899
851
812
948
812
812
812
872
902
866
1059
812
1001
812
867
812
876
935
812
812
812
1040
812
956
854
837
885
812
1048
812
939
812
812
812
998
812
999
812
912
890
1007
869
907
867
812
939
912
894
843
940
812
849
902
812
940
812
913
826
873
852
812
914
812
939
812
884
953
907
887
812
936
939
812
934
821
812
812
939
812
939
812
900
847
812
912
1055
812
812
913
912
812
812
812
918
812
912
911
812
812
912
812
972
812
812
862
982
853
813
897
812
812
895
840
812
897
896
812
812
857
851
812
896
812
812
1057
812
832
877
812
819
812
897
812
812
812
897
812
812
843
865
812
896
812
812
1011
812
812
926
812
812
812
858
852
812
812
812
897
812
812
896
812
812
812
857
941
812
961
813
1197
848
939
812
979
812
854
956
812
981
812
966
812
967
957
989
812
820
888
812
922
812
895
812
812
895
812
895
812
923
812
812
922
934
947
813
891
812
848
854
812
890
812
878
824
812
890
812
890
812
876
826
847
951
813
890
812
877
826
812
889
812
890
812
875
828
812
890
812
890
824
896
899
827
891
812
890
812
873
829
812
890
812
890
812
848
854
812
1107
879
1529
1504
1426
1305
1070
864
865
867
867
1026
838
892
837
1023
813
1003
883
1051
825
1036
835
935
812
913
812
812
939
812
940
812
1084
921
1029
913
912
893
1046
853
812
937
812
912
812
939
812
812
939
972
911
812
939
812
912
840
921
1035
813
902
812
897
812
884
824
812
895
909
915
887
975
812
880
854
812
955
812
946
812
909
825
812
920
812
961
839
812
853
882
812
812
922
812
895
923
813
922
812
812
812
894
841
812
951
955
813
813
987
838
898
904
812
812
1011
960
812
944
812
824
946
908
919
837
837
837
837
837
837
837
837
837
837
812
1007
813
813
812
812
813
903
812
812
812
812
812
812
812
812
812
812
812
812
812
932
921
812
812
812
882
837
837
825
812
812
812
812
812
812
812
812
812
812
812
990
812
813
813
843
812
812
812
812
812
812
812
812
812
812
812
812
812
812
812
923
949
856
812
812
812
812
812
812
812
812
812
812
812
812
812
812
812
812
866
914
819
812
812
812
812
812
812
812
812
812
812
812
812
812
812
812
812
812
812
812
964
887
812
812
812
812
812
812
812
812
812
812
813
812
813
813
812
812
812
843
872
812
812
812
812
812
812
812
812
812
812
812
812
812
812
820
825
812
877
812
871
812
812
812
812
812
812
812
812
812
812
812
812
812
812
812
812
866
812
835
896
871
812
812
812
812
812
812
812
812
812
829
812
812
812
812
819
812
812
812
812
977
895
812
914
812
812
812
812
812
812
812
812
812
820
812
812
812
812
812
812
942
812
812
813
812
812
812
812
812
812
812
812
882
1001
812
812
812
812
812
812
908
812
812
812
812
812
812
812
812
812
812
821
812
812
812
812
812
812
812
812
871
812
812
812
812
812
812
812
812
812
862
812
812
812
812
812
812
812
812
812
812
871
812
812
812
812
812
812
812
850
812
812
812
812
812
812
812
812
812
812
812
871
812
812
812
812
812
812
812
873
812
835
812
812
812
812
812
812
812
812
812
895
872
812
812
812
812
830
827
812
812
812
994
813
813
812
812
812
812
812
835
835
881
812
812
812
846
812
812
812
812
812
812
812
812
812
812
812
812
812
812
812
835
812
812
838
812
812
812
812
812
812
812
812
812
812
812
812
812
812
812
812
835
812
812
950
904
882
882
837
837
828
812
812
812
812
812
812
812
812
812
812
838
818
812
812
812
812
812
812
812
812
812
812
812
812
812
812
812
812
812
812
819
812
812
812
812
812
812
812
812
812
812
812
812
812
812
812
812
812
812
812
901
836
835
812
812
812
812
812
812
812
812
812
812
812
812
812
812
812
812
845
812
866
843
812
812
812
812
812
812
812
812
812
812
812
812
812
812
812
817
812
812
812
923
813
812
812
812
812
812
812
812
812
812
812
812
812
812
1364
1532
812
812
853
812
812
812
812
812
812
812
812
812
812
812
812
813
828
812
812
860
812
812
836
812
812
812
812
812
812
812
812
812
812
812
812
817
812
812
812
812
812
812
838
812
812
812
812
812
812
812
812
812
812
812
851
812
812
812
812
812
812
812
812
812
812
812
812
812
812
812
812
812
812
881
812
812
835
812
812
812
812
812
835
867
843
812
812
812
812
812
812
812
818
812
812
812
812
812
812
812
812
812
812
812
926
812
812
812
812
812
812
820
812
812
812
812
812
812
812
812
812
812
812
812
854
812
812
812
812
812
881
812
812
812
812
812
812
812
812
812
812
812
812
812
835
812
812
812
812
874
812
812
812
812
812
812
812
812
812
812
812
812
812
812
812
866
812
812
874
812
812
812
812
812
812
812
812
812
812
812
812
812
812
812
812
855
883
818
812
812
812
812
812
812
812
812
812
812
812
812
812
812
812
812
812
854
834
849
813
813
812
812
812
812
812
812
812
812
812
812
812
812
812
812
812
812
1200
965
812
812
812
812
812
812
812
812
812
812
812
812
812
812
812
812
821
812
942
812
812
812
812
812
812
812
812
812
812
812
812
812
812
812
812
850
812
812
853
812
812
812
812
812
812
812
812
812
812
812
812
812
812
812
856
812
812
812
836
812
812
812
812
812
812
812
812
812
812
812
812
812
812
818
812
812
812
812
812
837
812
812
812
812
812
812
812
812
812
812
812
812
812
817
812
812
812
812
835
812
812
812
812
812
812
812
812
812
812
812
812
812
881
813
835
812
812
812
812
812
896
812
812
812
812
812
812
812
812
812
812
898
812
812
812
812
812
812
812
812
925
812
812
812
812
812
812
812
812
812
872
812
812
812
812
812
812
812
812
812
854
812
812
812
812
812
812
812
812
845
812
812
812
812
812
812
812
812
812
812
812
837
812
812
812
812
812
812
848
843
812
812
812
812
812
812
812
889
813
812
812
812
836
812
812
812
812
823
812
812
812
812
812
812
812
812
812
812
812
812
812
812
836
812
812
812
875
837
837
851
812
812
812
812
812
812
812
812
812
812
812
812
812
896
812
819
812
812
812
812
812
812
812
812
812
812
812
812
812
812
812
812
812
865
878
812
812
812
812
812
812
812
812
812
812
812
812
812
812
812
812
812
812
860
812
812
812
812
812
812
812
812
812
812
812
812
812
812
812
812
812
812
818
812
837
812
812
812
812
812
812
812
812
812
812
812
812
812
812
812
812
812
818
835
838
812
812
812
812
812
812
812
812
812
812
812
812
812
812
812
812
1153
877
1161
1281
1365
1308
987
864
864
839
951
838
838
837
838
865
893
838
828
812
812
925
812
812
812
812
812
812
812
812
812
812
812
812
906
909
907
937
908
982
994
972
938
939
867
836
915
971
992
954
965
950
812
812
812
812
812
812
812
894
812
812
812
812
812
812
812
813
812
813
975
813
813
812
812
812
812
812
812
899
812
812
812
812
812
812
813
812
812
884
813
891
866
812
812
812
835
812
812
867
812
812
812
812
812
812
812
812
896
865
837
838
889
922
846
837
812
812
812
837
812
812
812
812
812
812
824
812
812
812
812
812
812
812
812
812
812
812
812
836
812
812
812
812
812
812
1016
813
812
835
812
812
812
812
812
812
812
812
812
812
892
812
812
812
819
812
812
812
812
812
812
812
812
812
812
812
812
812
812
812
836
882
812
819
812
812
812
812
812
812
812
812
812
812
812
812
812
812
812
812
835
812
812
874
812
812
812
812
812
812
812
812
812
812
812
812
812
812
812
812
836
866
908
812
812
812
812
812
812
812
812
812
812
812
812
812
812
812
812
812
812
869
883
812
812
812
812
812
812
812
812
812
812
812
812
812
812
812
812
812
819
835
812
812
812
812
812
812
812
812
812
812
812
812
812
812
812
812
812
876
813
813
920
812
812
812
812
812
812
812
812
812
812
812
812
812
812
812
850
812
812
812
836
932
812
812
812
812
812
812
812
812
812
812
812
812
812
841
812
812
812
812
835
812
812
812
812
812
812
812
812
812
812
812
812
812
849
812
812
812
812
812
812
839
812
812
812
812
812
812
812
812
812
812
812
817
812
812
812
812
812
812
812
837
812
812
812
812
812
812
812
812
812
812
813
1043
812
812
812
812
812
812
812
812
812
812
812
812
812
812
812
812
812
818
812
812
812
812
812
812
812
812
812
812
812
812
812
812
812
812
812
812
812
874
812
835
812
812
812
812
812
812
812
812
866
843
812
812
812
812
812
812
849
812
812
812
812
812
812
812
812
812
812
812
812
904
813
812
812
812
812
849
812
812
812
812
812
812
812
812
812
812
812
812
835
835
812
812
812
812
848
812
812
812
812
812
812
812
812
812
812
812
812
812
812
812
839
812
812
817
812
812
812
812
812
812
812
812
812
812
812
812
812
812
812
812
838
812
817
812
812
812
812
812
812
812
812
812
812
812
812
812
812
812
812
812
812
840
812
812
812
812
812
812
812
812
812
812
812
812
812
812
812
812
812
812
812
904
812
835
812
812
812
812
812
812
812
812
812
812
812
812
812
812
812
812
838
866
842
812
812
812
812
812
812
812
812
812
812
812
812
812
812
812
812
817
812
812
904
812
812
812
812
812
812
812
812
812
812
812
812
812
812
812
851
812
812
812
835
812
812
812
812
812
812
812
812
812
812
812
812
812
812
848
812
812
812
812
839
812
812
812
812
812
812
812
812
812
812
812
812
812
817
812
812
812
863
812
812
837
812
812
812
812
812
812
812
812
812
812
812
848
812
812
812
812
812
812
812
812
812
812
812
812
812
812
812
812
812
812
881
813
812
835
812
812
812
812
812
812
896
812
812
812
812
812
812
812
812
818
812
812
812
812
812
812
812
812
812
840
904
813
812
812
812
812
812
812
818
812
812
812
812
812
812
812
812
812
812
812
835
812
812
812
812
812
812
812
817
812
812
812
812
812
812
812
812
812
812
812
812
839
812
812
812
812
812
847
812
812
812
812
812
812
812
812
812
812
812
812
812
838
812
812
812
812
817
812
812
812
812
812
812
812
812
812
812
812
812
812
812
812
812
812
812
818
812
812
812
812
812
812
812
812
812
812
812
812
812
812
812
812
812
812
836
825
812
835
812
812
812
812
812
812
812
812
812
812
812
812
812
812
812
903
812
812
812
812
812
812
812
812
812
812
812
812
812
812
812
812
812
812
812
996
835
812
812
812
812
812
812
812
812
812
812
812
812
812
812
812
812
812
850
835
883
812
812
812
814
813
812
812
812
812
812
812
812
812
812
812
826
812
812
866
812
812
812
812
812
812
812
812
812
812
812
812
812
812
812
871
812
812
812
865
812
812
812
812
812
812
812
812
812
812
812
812
812
812
876
812
812
812
812
812
866
812
812
812
812
812
812
812
812
812
812
812
812
883
813
813
835
812
812
860
837
863
812
812
812
812
812
812
812
812
812
812
823
812
812
812
812
812
812
812
849
929
812
812
812
812
812
812
812
812
812
845
812
812
812
812
812
812
812
812
812
862
812
812
812
812
812
812
812
812
818
812
812
812
812
812
812
812
812
812
812
836
812
812
812
812
812
812
812
812
878
812
812
812
812
812
812
812
812
812
812
812
837
812
812
812
812
812
812
844
812
812
812
812
812
812
812
812
812
812
812
812
812
812
812
812
812
812
818
812
812
812
812
812
812
812
812
812
812
812
812
812
812
812
812
812
812
877
812
812
835
812
812
812
812
812
812
812
812
812
812
812
812
899
812
812
877
812
812
812
812
812
812
812
812
812
812
812
812
812
812
812
812
855
882
818
812
812
812
812
812
812
812
812
812
812
812
812
812
812
812
812
812
812
887
812
812
812
812
812
812
812
812
812
812
812
812
812
812
812
812
812
812
817
839
812
812
812
812
812
812
812
812
812
812
812
812
812
812
812
812
812
812
819
837
812
812
812
812
812
812
812
812
812
812
812
812
812
812
812
812
812
818
812
836
812
812
812
812
812
812
812
812
812
812
812
812
812
812
812
812
2528
1104
1316
1074
1058
874
875
840
942
838
837
837
838
837
837
853
837
837
846
812
837
865
837
812
812
812
812
812
812
812
812
812
812
812
843
812
812
812
812
812
812
865
829
812
812
812
812
812
812
812
812
812
812
914
812
812
812
812
812
812
812
886
812
812
812
812
812
812
812
812
812
812
898
812
812
812
812
812
812
812
812
866
812
812
812
812
812
812
812
812
812
1237
970
812
812
812
812
812
812
812
812
839
812
812
812
812
812
812
812
812
904
900
921
892
851
843
852
812
812
812
812
812
812
812
812
812
812
812
876
813
813
835
812
812
812
812
812
812
812
812
812
861
842
812
812
812
812
862
812
812
812
812
812
812
812
812
812
812
812
812
812
812
894
824
812
812
848
812
812
812
812
812
812
812
812
812
812
812
812
812
812
812
835
812
812
818
812
812
812
812
812
812
812
812
812
812
812
812
812
812
812
812
812
839
812
817
812
812
812
812
812
812
812
812
812
812
812
812
812
812
812
812
835
838
817
812
812
812
812
812
812
812
812
812
812
812
812
812
812
812
812
812
812
848
812
812
812
812
812
812
812
812
812
812
812
812
812
812
812
812
812
812
875
813
836
835
812
812
812
812
812
812
812
812
812
812
812
812
812
812
812
876
812
812
865
843
812
812
812
812
812
812
812
812
812
812
812
812
812
812
849
812
812
812
812
919
849
812
812
812
812
812
812
812
812
812
812
812
812
820
812
812
812
812
812
835
812
812
812
812
812
812
812
812
812
812
812
812
851
812
812
812
812
812
812
839
812
812
812
812
812
812
812
812
812
812
812
812
840
812
812
812
812
812
812
812
837
812
812
812
812
812
812
812
812
812
812
817
812
812
812
812
812
812
812
812
812
812
812
812
812
812
812
812
812
812
935
838
837
849
812
812
812
812
812
812
848
881
812
812
812
812
812
812
812
845
812
812
812
812
812
812
812
812
812
812
812
937
836
812
812
812
812
812
869
812
812
812
812
812
812
812
812
812
812
812
812
867
812
812
812
812
812
841
812
812
812
812
812
812
812
812
812
812
812
812
812
912
812
812
812
812
841
812
812
812
812
812
812
812
812
812
812
812
812
812
812
812
865
812
812
871
812
812
812
812
812
812
812
812
812
812
812
812
812
812
812
812
836
812
874
812
812
812
812
812
812
812
812
812
812
812
812
812
812
812
812
812
812
898
813
812
835
812
812
812
812
812
812
812
812
812
812
812
812
812
812
812
817
896
812
812
812
812
812
812
812
812
812
812
812
812
812
812
812
812
812
837
812
853
884
812
812
812
812
812
860
812
887
839
812
914
812
914
812
914
819
812
914
897
914
812
914
812
812
914
812
915
812
812
812
812
812
812
818
812
812
915
812
1010
973
813
812
812
812
812
812
812
812
812
812
812
812
847
812
812
812
944
812
868
812
812
812
812
812
812
812
812
812
812
812
812
841
812
812
812
913
812
812
838
812
812
812
812
812
812
812
812
812
812
812
903
838
837
853
812
812
812
812
890
867
812
812
812
812
812
812
812
812
812
870
812
812
812
812
814
813
813
812
935
837
812
812
812
812
812
812
812
822
812
812
812
812
812
812
812
812
812
860
867
812
812
812
812
812
812
812
824
812
812
812
812
812
812
812
812
812
812
812
835
841
812
812
812
812
812
819
812
812
812
812
812
812
812
812
812
812
812
812
812
865
812
812
812
812
812
872
812
812
812
812
812
812
812
812
812
812
812
812
812
836
812
812
812
812
818
812
812
812
812
812
812
812
812
812
812
812
812
812
812
812
836
812
812
884
813
812
835
812
812
812
812
812
812
812
812
812
812
812
812
812
865
844
818
812
812
812
812
812
812
812
812
812
812
812
812
812
812
812
812
812
812
967
812
812
812
812
812
812
812
812
812
812
812
812
812
812
812
812
812
812
818
854
812
812
812
812
812
812
812
812
812
812
812
812
812
812
812
812
812
818
812
837
812
812
812
812
812
812
812
812
812
812
812
812
812
812
812
812
818
812
812
812
838
812
812
812
812
812
812
812
812
812
812
812
812
812
812
812
819
812
812
812
812
812
812
812
812
812
812
812
812
812
812
812
812
812
812
995
812
812
812
812
824
888
812
812
812
812
812
812
812
812
812
812
812
812
819
812
812
812
812
812
835
868
898
812
812
812
812
812
812
812
812
812
812
824
812
812
812
812
812
812
812
852
812
812
812
812
812
812
812
812
812
812
849
812
812
812
812
812
812
812
812
812
836
812
812
812
812
812
812
812
812
818
812
812
812
812
812
812
812
812
812
812
838
812
812
812
812
812
812
812
818
812
812
812
812
812
812
812
812
812
812
812
812
812
812
812
812
812
812
852
828
812
812
812
812
812
812
812
812
812
812
812
812
812
812
812
812
812
812
871
812
836
812
812
812
812
812
812
812
812
812
812
812
836
846
812
812
812
819
812
812
812
812
812
812
812
812
812
812
812
812
812
812
812
923
812
812
823
812
812
812
812
812
812
812
812
812
812
812
812
812
812
812
812
854
812
818
812
812
812
812
812
812
812
812
812
812
812
812
812
812
812
812
812
812
843
812
812
812
812
812
812
812
812
812
812
812
812
812
812
812
812
812
812
818
838
812
812
812
812
812
812
812
812
812
812
812
812
812
812
812
812
812
818
812
812
812
812
812
812
812
812
812
812
812
812
812
812
812
812
812
812
812
852
812
894
872
812
812
812
812
812
812
812
812
812
812
812
812
812
812
812
1001
876
1157
1202
1256
1121
883
894
866
919
827
813
812
813
812
812
828
812
813
812
812
812
856
868
812
812
812
812
812
812
812
812
812
812
812
841
812
812
812
812
812
812
812
862
851
812
812
812
812
812
812
812
812
812
849
865
812
812
812
812
812
812
812
862
812
812
812
812
812
812
812
812
812
812
867
812
812
812
812
812
812
812
812
836
812
812
812
812
812
812
812
812
812
876
812
812
812
812
812
812
812
812
812
812
837
812
812
812
812
812
812
812
910
838
838
890
846
838
819
814
812
812
812
812
893
812
812
812
812
812
966
812
1005
975
812
812
812
941
812
915
812
941
914
887
919
878
812
812
1088
890
812
812
812
913
812
941
812
942
812
812
812
812
858
812
903
851
874
812
812
812
812
812
812
812
812
812
812
812
812
812
812
812
846
824
812
876
813
812
812
812
812
812
812
812
812
812
812
812
812
812
812
812
812
836
812
848
812
812
812
812
812
812
812
812
812
812
812
812
812
812
812
812
812
835
849
812
812
812
812
812
812
812
812
812
812
812
812
812
812
812
812
812
812
881
837
812
835
812
812
812
812
812
812
812
812
812
812
812
812
812
812
812
821
812
865
842
812
812
812
812
812
812
812
812
812
812
812
