793
789
789
789
788
789
788
854
789
789
789
789
789
788
838
859
813
812
812
812
812
812
812
812
812
812
849
839
838
831
812
812
812
812
840
924
789
789
813
789
789
789
788
789
789
821
789
788
788
788
788
788
788
789
788
834
932
789
813
788
788
789
789
788
788
820
788
789
789
789
789
789
789
788
788
788
837
789
788
788
788
789
788
788
850
789
788
789
789
788
789
788
789
788
788
788
788
843
788
788
789
789
789
788
794
789
788
788
788
788
788
789
788
789
788
788
788
788
842
800
874
813
812
835
838
838
846
813
812
812
812
812
812
812
812
812
812
812
837
836
812
812
816
812
812
812
812
812
813
812
812
812
812
812
812
812
812
812
812
867
825
812
817
812
812
812
812
812
812
812
812
812
812
812
812
812
812
812
812
839
812
873
853
1113
1044
1134
1221
1039
947
894
838
948
813
813
813
813
814
899
870
812
812
812
812
812
812
844
789
788
788
789
788
788
789
788
788
788
788
874
919
851
789
789
788
789
789
788
788
788
789
789
788
789
789
789
788
789
876
853
830
880
788
788
788
789
788
789
789
789
788
789
789
788
789
789
789
789
905
838
838
919
789
788
789
789
788
789
788
789
789
789
789
789
789
788
789
853
788
788
789
789
916
813
788
789
788
788
788
789
789
789
788
789
789
789
789
856
813
813
815
849
844
873
832
812
813
813
812
812
812
812
812
812
812
812
818
812
813
812
813
813
813
836
812
812
812
812
813
812
812
812
812
812
812
1054
789
788
789
788
788
789
788
842
788
789
788
788
788
788
789
788
788
788
795
788
788
788
788
789
788
788
788
788
812
788
788
788
788
788
789
788
788
789
833
788
788
788
789
789
788
789
789
789
789
812
788
789
788
788
789
788
788
789
857
812
823
813
789
789
788
788
788
788
788
788
863
844
788
788
789
788
788
908
813
812
812
812
812
812
812
812
812
812
812
812
812
903
812
812
812
812
877
812
812
812
812
812
813
812
812
812
812
812
813
812
812
884
812
813
812
840
812
812
812
813
813
812
812
812
812
812
812
812
812
812
812
835
813
813
841
812
812
812
812
812
812
812
812
812
812
812
812
812
812
812
812
812
836
855
789
789
789
789
789
789
788
789
789
789
789
788
789
788
788
788
788
788
788
792
788
788
788
788
788
788
789
789
788
788
788
788
788
789
788
788
788
788
788
848
813
813
835
812
812
812
812
812
812
812
812
812
812
812
812
812
812
812
842
812
836
835
812
812
812
812
812
812
812
812
812
812
812
812
812
812
812
822
812
812
812
904
812
812
812
812
812
812
812
812
812
812
812
812
812
812
923
813
854
868
812
909
812
812
812
812
812
812
812
812
812
812
812
812
812
822
812
812
812
812
812
896
812
812
812
812
812
812
812
812
812
812
812
812
838
812
812
812
812
812
812
895
812
813
812
812
812
812
812
812
812
812
812
840
812
812
812
812
812
812
812
812
871
812
812
812
812
812
812
812
812
812
878
812
812
839
788
788
788
788
788
789
896
870
789
788
789
788
789
788
789
788
814
788
788
789
788
788
788
789
788
788
788
1031
919
789
788
788
788
788
788
814
788
788
788
788
789
788
788
788
788
788
788
789
912
789
788
789
788
788
788
842
788
789
788
788
788
789
789
788
789
788
789
789
789
870
788
788
789
788
876
789
788
789
789
789
788
788
789
789
788
788
788
788
788
789
977
788
788
789
840
788
788
788
789
789
788
789
788
788
788
788
788
788
788
788
894
1002
865
814
788
788
788
788
788
788
788
788
788
788
788
788
788
788
788
788
788
911
788
851
813
821
788
789
789
788
789
788
788
788
789
788
788
788
788
788
788
788
1039
788
788
788
788
788
788
789
789
788
788
788
788
788
788
788
789
788
788
789
814
1059
789
788
788
788
788
789
788
788
788
788
788
788
788
788
788
789
789
851
788
910
1005
788
788
789
788
788
788
788
789
788
788
788
788
788
789
789
879
940
788
788
870
788
789
789
788
788
789
788
789
788
788
788
788
788
788
788
845
788
788
788
789
871
789
788
789
788
789
788
788
788
788
789
789
788
788
848
788
788
789
788
789
846
789
789
788
789
788
789
788
788
788
788
789
789
788
875
812
812
830
788
788
788
997
869
788
789
788
788
789
788
788
788
789
789
839
813
812
812
812
812
812
812
812
903
813
812
812
812
813
812
812
812
812
846
812
812
812
812
812
812
812
812
812
835
812
812
812
812
812
812
812
812
841
812
812
812
812
812
812
812
812
812
812
812
835
812
812
812
812
812
812
812
841
812
812
812
812
812
812
812
812
812
812
812
801
789
788
789
789
789
885
789
789
789
789
789
789
788
788
789
788
788
789
789
812
788
788
789
789
853
788
788
789
788
788
789
788
789
788
788
788
789
789
788
788
812
788
788
788
842
812
813
833
789
789
789
788
788
788
788
789
788
788
788
788
789
921
789
789
815
789
789
788
788
788
789
788
789
788
788
789
789
788
788
789
789
788
933
829
789
788
789
788
788
788
789
789
788
788
788
788
788
788
789
789
788
788
800
907
789
789
788
789
789
788
788
788
788
788
788
788
789
789
789
788
788
789
793
812
818
788
789
789
788
789
788
788
788
788
789
788
789
788
788
788
788
789
850
789
841
789
789
789
789
789
789
789
788
789
788
788
788
789
789
789
789
789
793
788
789
800
847
789
788
788
789
789
788
789
789
788
788
788
789
788
789
788
858
812
843
789
869
843
788
789
789
887
789
800
876
788
891
788
879
800
788
1045
838
990
838
984
976
953
1004
987
838
987
838
838
987
838
984
844
994
813
855
838
838
838
978
832
841
813
1074
838
838
885
838
881
838
929
838
847
844
867
931
898
926
907
904
838
838
838
838
838
838
838
838
851
838
838
838
838
838
838
838
838
838
838
839
838
838
838
838
838
838
838
844
839
838
838
838
838
838
881
903
881
903
858
858
903
880
858
858
835
822
813
812
812
813
813
813
813
813
812
813
812
813
835
813
813
813
812
813
841
813
813
816
789
789
789
789
789
789
789
789
789
789
869
843
789
789
789
789
821
789
789
789
789
789
789
788
789
789
789
789
789
789
789
832
903
789
789
845
812
812
862
812
812
812
812
812
812
812
812
812
812
812
812
824
824
812
840
812
812
812
812
812
812
812
812
812
812
812
812
812
812
812
812
812
859
834
2568
1038
926
1000
910
931
839
839
853
829
813
813
813
814
813
916
905
837
812
812
812
812
813
813
812
812
812
812
812
812
812
812
812
812
850
850
951
799
788
788
788
789
789
788
789
789
789
789
789
788
789
788
789
788
1195
813
965
831
812
812
812
812
812
813
812
813
813
813
813
813
812
813
859
813
813
813
950
813
812
812
812
812
812
812
812
812
812
812
812
812
813
850
788
788
789
789
830
901
789
788
788
789
789
789
789
788
789
788
788
788
789
865
846
839
840
850
839
913
841
812
812
812
812
812
812
812
812
812
812
812
840
812
812
812
812
812
812
898
812
812
812
812
812
812
812
812
812
812
812
886
813
813
812
812
812
813
812
836
812
812
812
812
812
813
812
812
812
813
845
813
812
812
812
813
812
812
812
812
813
812
813
812
813
812
812
813
812
866
812
812
833
789
788
789
789
789
789
789
864
843
789
789
789
789
789
788
850
789
788
789
789
789
789
789
788
789
789
789
789
829
906
789
788
788
788
789
879
788
789
789
788
788
788
789
789
788
789
789
788
789
838
788
789
788
789
801
868
788
789
788
789
789
788
908
813
883
812
812
812
872
925
975
812
870
841
812
869
812
869
812
869
812
812
868
812
870
812
832
848
812
983
812
870
866
844
836
812
868
812
868
812
812
812
812
868
812
812
812
812
867
896
866
812
812
812
812
812
812
812
812
812
812
812
812
812
812
812
812
812
812
926
812
812
840
789
788
788
788
788
788
788
789
788
789
788
789
788
789
788
788
857
838
838
838
838
838
838
838
838
838
838
838
838
838
838
838
838
838
838
846
838
838
838
838
838
838
838
838
838
838
838
838
838
838
838
838
838
848
838
838
838
838
838
838
838
838
838
838
838
838
838
838
838
838
838
838
843
838
838
838
838
817
788
788
788
789
789
788
788
788
788
788
788
788
788
891
789
897
845
842
788
843
788
788
788
788
789
788
788
789
789
788
789
788
788
847
788
789
788
789
788
789
812
788
788
788
788
788
788
788
788
788
788
788
837
914
838
845
812
812
812
812
812
851
812
813
814
813
813
812
812
812
813
842
824
812
812
812
812
1055
1086
1062
1625
838
838
838
838
838
1559
929
838
824
848
813
813
813
812
813
813
813
827
867
813
813
812
812
812
858
873
836
812
812
812
812
812
813
812
813
813
813
813
847
841
838
839
1025
872
874
838
838
838
924
925
838
1016
6442
4432
838
838
838
838
838
2794
1341
1126
927
865
849
812
843
838
838
838
838
838
838
838
838
838
838
838
838
838
838
838
928
1005
842
838
838
838
838
838
838
838
838
838
838
838
838
838
838
838
838
838
995
863
838
838
838
838
838
835
812
812
812
812
812
813
812
813
812
812
812
812
1183
838
838
838
838
838
838
838
838
838
838
838
838
838
838
838
838
838
857
838
838
838
838
838
838
838
813
813
813
812
813
813
813
813
813
813
824
812
812
835
936
813
812
813
813
813
813
813
813
813
813
812
812
812
812
820
837
812
813
835
812
813
812
813
812
812
812
813
812
812
812
812
812
812
813
990
789
788
789
800
831
788
788
789
789
789
789
789
789
789
789
789
789
789
844
813
813
814
789
789
854
859
789
789
789
789
788
789
789
788
789
789
789
788
795
788
789
789
789
789
789
827
958
789
789
789
789
789
789
789
789
789
789
844
812
812
812
812
812
812
813
812
839
812
812
813
812
812
812
812
812
812
838
813
812
812
812
812
812
812
812
813
836
813
812
813
812
812
812
812
812
838
812
812
812
812
812
812
812
812
812
812
812
836
812
812
813
812
812
812
812
887
813
812
812
812
812
812
812
812
812
812
812
836
812
812
812
812
812
812
856
838
838
838
838
838
838
838
838
838
838
838
838
901
838
838
838
838
942
962
838
829
812
812
812
812
812
812
812
812
812
812
812
837
836
812
812
846
812
812
812
812
812
812
812
812
812
812
812
812
812
812
812
836
908
789
793
789
788
788
788
789
788
788
788
788
788
788
789
789
788
788
789
789
826
800
847
788
788
788
789
789
788
788
789
788
788
788
788
788
789
788
789
788
788
890
800
788
789
788
788
788
789
789
789
788
789
788
788
788
788
788
788
788
788
848
843
789
788
789
788
789
788
788
788
789
788
788
788
788
788
788
788
788
789
818
789
812
789
789
788
788
788
789
789
788
788
788
789
788
788
788
788
788
825
838
838
844
849
848
812
812
812
812
812
812
812
812
812
812
812
812
812
816
812
812
812
812
824
866
812
812
812
812
812
812
812
812
812
812
812
812
812
839
812
812
812
812
812
839
812
812
812
812
812
812
812
812
812
812
812
812
839
812
812
812
812
812
812
846
789
788
789
788
788
788
788
788
788
788
788
860
808
789
788
788
789
788
788
788
844
788
789
788
788
788
788
788
788
789
788
814
789
788
788
789
788
788
788
788
788
812
788
788
789
788
788
789
789
788
788
1081
788
788
788
788
788
788
788
788
788
788
812
788
788
788
788
788
788
789
843
812
812
828
788
788
788
788
788
788
789
788
788
882
831
789
788
788
789
829
800
788
788
789
788
789
788
789
788
788
788
789
788
788
935
827
788
788
788
814
788
788
789
789
789
788
788
788
789
788
788
788
788
789
789
838
788
789
789
860
813
812
812
812
812
812
812
812
812
812
812
812
812
812
812
836
812
812
857
812
812
812
812
812
812
812
812
812
812
812
812
812
812
812
812
812
836
911
852
1017
966
1030
1002
876
908
838
838
903
838
838
838
838
838
838
854
865
838
838
838
838
838
839
812
812
812
812
813
812
812
812
812
812
812
875
825
861
833
789
789
789
789
789
789
788
788
789
788
789
789
789
789
788
788
860
812
836
909
812
812
812
813
812
812
812
812
812
812
812
812
812
812
813
841
788
788
788
895
827
789
789
789
789
789
789
788
788
788
788
789
788
789
852
789
789
789
788
788
845
789
788
788
789
789
789
789
788
789
788
789
789
788
840
846
813
813
847
813
887
851
812
812
812
812
813
812
812
812
812
812
812
839
812
812
812
812
812
812
812
835
812
812
812
812
812
812
812
812
813
812
845
812
812
812
812
812
812
812
812
813
812
812
812
812
812
812
812
812
812
858
838
838
842
812
812
812
812
812
812
837
835
812
812
812
812
812
812
812
838
812
812
812
812
812
812
812
812
812
812
812
892
838
788
788
789
789
789
789
814
788
788
788
788
788
788
789
789
788
788
788
789
838
788
789
788
789
788
817
789
788
788
788
788
789
789
789
789
789
788
788
789
788
843
788
789
788
789
846
789
789
789
789
788
788
789
789
789
789
789
789
789
789
789
890
788
789
788
853
789
789
788
788
789
788
788
789
789
789
789
788
788
788
789
789
812
789
816
789
789
788
789
789
789
789
788
788
788
788
789
789
788
788
788
789
788
812
849
813
813
829
789
788
789
788
789
789
789
788
789
788
789
789
789
789
788
788
938
789
789
789
789
789
788
789
789
789
789
788
789
789
789
789
789
788
788
926
827
906
789
788
789
789
789
788
788
788
789
789
789
789
789
789
789
789
788
849
788
838
789
788
788
788
789
789
789
788
788
788
789
789
789
788
788
789
814
788
789
789
844
789
789
788
788
788
789
788
789
788
789
789
789
788
789
789
848
789
789
788
789
843
789
788
788
789
788
789
789
788
789
789
789
789
788
789
851
789
788
788
789
789
812
788
788
789
789
789
789
788
789
788
789
789
789
835
812
858
881
812
812
812
838
836
813
813
813
813
813
813
813
813
813
812
840
812
813
812
812
812
813
813
812
853
837
813
813
813
812
812
812
812
813
838
813
812
812
812
813
813
813
813
812
840
812
813
812
813
812
812
813
813
845
813
813
813
812
812
812
812
813
813
812
812
878
789
789
789
789
789
789
851
789
789
789
789
789
789
789
789
789
789
789
789
826
804
789
789
789
789
789
875
812
812
813
813
812
813
812
813
813
812
812
813
812
812
812
812
812
812
816
812
812
813
812
812
812
812
812
812
812
812
812
812
812
812
812
812
812
884
838
838
839
812
813
812
812
812
812
812
812
812
812
812
812
812
861
812
840
812
812
812
812
812
812
812
812
812
812
812
812
812
812
812
812
812
836
988
789
788
788
788
788
788
788
788
789
788
789
788
788
789
788
788
788
788
789
868
788
789
789
788
789
789
788
788
788
788
788
789
789
788
788
788
788
788
788
841
843
788
789
788
788
788
789
788
788
788
788
788
788
788
788
789
788
788
840
789
789
842
888
788
788
789
788
788
788
789
788
788
788
788
788
789
788
788
841
788
788
788
812
788
788
789
789
788
788
788
788
789
788
788
788
788
788
788
911
838
845
812
812
859
812
812
812
812
812
812
812
812
812
812
812
812
812
983
788
788
789
788
788
835
959
788
788
788
788
788
788
789
788
788
788
788
846
788
788
789
789
788
788
788
885
789
788
789
789
789
789
788
788
788
789
867
801
789
788
789
788
788
788
789
788
841
788
788
788
788
788
788
789
788
789
814
788
788
788
789
788
788
788
788
788
788
841
788
788
789
789
789
788
788
788
842
788
788
789
788
788
788
788
788
789
788
788
812
788
788
788
788
789
789
814
788
788
788
788
788
789
788
788
789
788
789
788
788
812
788
788
788
788
788
869
838
838
837
812
812
812
812
812
812
812
812
812
812
899
865
812
812
812
862
812
812
812
812
812
812
812
812
812
812
812
812
812
812
887
923
812
812
841
812
812
812
812
812
812
812
812
812
812
812
812
812
812
812
812
908
812
839
845
812
812
812
812
812
812
812
812
812
812
812
812
812
812
812
812
871
847
788
788
789
788
789
788
788
789
788
788
788
789
788
788
788
789
788
788
788
896
788
788
788
788
788
788
788
788
788
788
788
788
788
789
788
788
789
788
829
874
812
875
789
883
789
850
813
789
873
788
871
789
788
872
788
872
789
853
893
813
1066
838
838
838
838
838
838
838
838
838
838
838
838
838
838
838
848
838
838
851
871
860
812
849
824
812
860
812
860
812
812
860
812
860
847
860
812
812
860
858
910
789
839
839
788
788
890
891
789
788
891
789
890
853
789
789
789
788
788
816
875
788
789
789
788
789
788
788
789
788
788
788
794
788
788
788
789
890
789
788
849
807
788
788
789
788
789
788
789
788
788
789
846
812
812
812
812
812
812
812
812
839
812
812
812
812
812
812
812
812
812
867
812
812
812
812
812
812
812
812
812
836
812
812
812
812
812
812
812
812
841
813
813
835
812
812
812
812
812
812
812
812
888
812
812
812
812
812
812
816
812
812
812
812
812
812
812
812
812
813
812
812
836
905
788
789
789
788
817
813
788
789
789
789
789
788
789
789
788
789
789
788
788
838
789
788
789
788
853
789
788
788
788
788
788
788
788
789
789
788
789
789
788
788
843
789
789
788
848
788
788
788
788
789
789
788
788
883
812
812
812
812
812
812
812
861
812
838
812
812
812
812
812
812
812
812
812
812
812
812
812
812
812
812
812
812
2429
958
911
907
1031
878
853
840
839
862
813
813
813
814
813
812
826
964
838
864
830
812
812
812
812
812
812
812
812
812
812
812
812
812
812
876
812
861
904
788
788
788
789
789
789
789
789
789
789
789
789
789
789
789
788
856
789
788
914
800
789
789
789
788
789
789
789
789
789
788
789
788
789
789
844
813
812
812
827
825
812
812
812
812
812
812
812
812
812
812
812
812
812
821
812
812
812
812
812
836
812
812
812
812
812
812
812
812
813
812
812
812
812
982
813
813
813
865
822
950
855
812
812
812
812
812
812
812
813
812
812
845
812
812
812
812
812
812
812
836
887
813
788
789
788
788
789
788
788
788
789
925
813
812
805
788
788
789
788
789
867
817
789
788
789
789
788
788
788
788
823
788
788
789
789
789
789
788
789
789
788
854
849
812
812
812
812
812
812
838
812
812
812
812
812
812
812
812
813
812
812
839
812
812
812
812
812
812
812
815
812
812
812
812
812
812
812
812
812
812
812
812
836
812
812
812
812
812
840
812
812
812
812
812
812
812
812
812
813
812
813
812
836
812
812
812
864
836
812
812
812
812
812
812
812
812
812
812
812
812
812
812
836
836
812
841
851
812
812
812
812
812
812
812
812
812
812
812
812
812
812
812
836
812
812
852
838
847
812
812
812
812
812
812
812
812
812
812
812
812
812
812
812
889
847
788
788
789
788
789
788
788
788
788
788
788
788
789
788
788
788
788
789
793
958
800
788
788
788
788
789
788
788
789
788
789
788
788
789
789
788
788
788
1024
840
812
812
812
812
812
812
812
812
812
812
812
812
813
812
812
812
812
847
812
812
836
812
812
812
812
812
812
812
812
812
812
812
812
812
812
812
841
812
812
812
836
812
813
812
812
812
812
813
812
812
812
812
812
812
812
815
812
812
812
813
824
824
812
812
812
812
812
812
812
812
812
812
812
812
860
838
838
839
812
812
812
858
812
812
812
812
812
812
812
812
812
812
812
838
812
812
812
812
812
812
812
830
835
812
812
812
812
812
812
812
812
812
840
812
835
858
835
812
812
812
812
823
829
812
812
812
812
812
812
812
812
815
812
812
812
812
812
866
788
864
816
788
877
789
788
788
789
788
788
788
788
936
788
889
789
889
788
788
890
789
788
788
850
908
861
788
788
838
812
788
874
891
789
789
789
891
788
891
789
788
788
788
788
947
789
788
890
789
970
820
789
788
788
788
789
879
800
788
890
788
788
853
825
845
788
788
789
788
867
838
848
812
812
812
812
812
860
812
812
812
812
812
812
834
848
813
812
839
812
812
812
813
812
812
812
812
860
812
812
812
812
812
812
825
845
813
839
812
812
812
812
812
812
812
812
812
812
812
812
812
812
812
812
812
838
839
812
812
812
812
812
812
812
812
812
812
812
812
812
812
812
812
812
860
884
813
812
812
812
812
812
812
812
812
812
812
812
812
812
812
812
812
812
842
812
835
812
812
813
812
812
812
812
812
812
812
812
812
812
812
812
812
838
812
812
812
871
812
812
812
812
812
812
812
812
812
812
812
812
812
812
861
838
838
839
872
843
789
788
788
788
789
789
788
788
788
788
788
789
788
788
817
788
788
788
789
830
902
789
789
788
789
788
789
789
789
788
788
788
788
814
789
789
788
788
788
789
838
788
788
788
789
788
789
789
788
788
789
788
788
1067
789
788
789
788
788
788
789
843
835
788
788
789
789
788
788
789
788
789
839
799
789
789
788
789
788
788
788
788
925
789
789
788
788
788
789
788
788
789
849
788
788
788
789
788
789
788
788
789
789
902
836
789
788
788
789
788
789
814
789
788
788
789
789
788
788
788
788
788
788
800
826
789
788
788
789
788
788
844
813
813
808
788
788
788
788
788
788
788
789
788
869
843
788
789
788
789
833
801
788
788
789
788
788
789
788
788
789
789
789
789
789
828
903
788
788
788
844
789
788
788
789
788
788
788
789
788
788
789
789
788
789
788
838
789
789
789
849
788
788
788
788
789
788
789
788
789
788
788
789
788
788
788
789
844
788
817
789
788
789
788
789
788
788
789
788
788
788
788
788
789
789
788
789
788
842
845
789
789
789
788
881
812
812
812
861
860
812
860
812
812
812
860
812
860
862
813
860
812
860
860
812
812
812
860
812
860
836
837
812
812
860
812
824
863
839
848
812
838
812
812
837
812
837
837
812
812
837
812
812
826
812
867
812
837
826
880
812
812
837
812
812
847
813
788
862
788
862
788
789
788
800
911
788
789
862
970
861
812
812
813
812
860
812
812
812
812
860
812
812
839
812
812
812
860
812
859
812
812
812
812
812
812
813
812
812
860
812
812
842
812
812
812
812
812
812
858
812
812
812
812
812
812
812
812
812
812
812
841
812
812
812
812
812
812
812
835
812
812
812
812
812
812
812
812
812
812
826
823
812
812
812
812
812
812
812
812
809
789
789
789
788
788
788
788
788
788
877
813
812
830
789
788
789
788
788
789
788
923
788
788
789
788
789
789
788
850
788
789
789
789
788
788
788
789
789
789
789
788
933
800
789
788
789
789
788
846
788
788
789
788
789
788
789
788
788
788
789
788
812
814
788
789
789
789
788
852
788
788
788
789
789
789
788
788
788
789
788
788
788
844
789
789
788
789
814
788
788
788
788
788
788
789
789
789
788
788
788
788
789
788
842
789
788
789
816
789
788
788
788
788
789
789
788
789
788
789
789
788
789
788
788
801
799
789
849
788
789
789
788
788
789
788
788
789
789
789
789
788
789
789
789
788
801
2592
843
897
942
891
865
942
839
952
838
838
838
838
838
838
838
843
1024
826
812
812
812
812
812
812
812
812
812
812
812
812
812
812
812
813
823
830
838
853
812
812
813
813
812
812
812
812
812
812
812
812
812
812
812
882
813
813
1019
813
813
813
812
812
812
812
813
812
813
812
812
812
812
812
864
812
812
812
908
812
812
812
812
812
812
812
812
812
812
812
812
812
812
841
812
812
812
812
873
812
812
812
812
812
813
812
812
812
812
812
812
812
851
838
838
838
849
840
942
841
812
812
812
812
812
812
813
812
812
812
833
838
838
838
838
838
838
838
847
835
812
812
812
812
812
812
812
812
812
865
813
812
813
812
812
812
812
812
812
891
825
812
812
812
813
812
812
812
831
825
812
812
812
812
812
812
812
812
812
835
812
812
812
812
812
812
812
812
844
812
812
812
812
812
812
812
812
812
812
812
912
788
788
789
789
789
789
849
788
789
788
789
789
788
789
789
789
789
789
789
825
889
813
789
789
789
795
788
789
789
788
789
789
788
789
788
789
789
789
789
789
838
789
789
788
789
852
788
788
789
788
788
788
789
788
788
788
788
788
789
788
789
844
836
789
788
854
813
823
789
789
789
788
788
789
789
789
788
789
789
789
788
789
842
843
799
789
788
788
789
789
789
788
789
789
788
788
789
788
788
789
789
788
789
832
934
789
789
788
789
789
789
789
789
789
788
789
789
788
788
788
789
789
789
794
838
788
789
789
788
788
789
789
788
789
788
789
789
788
788
788
788
789
789
851
788
844
788
788
789
788
789
789
788
788
789
788
789
789
789
789
789
789
788
818
789
789
841
788
788
789
789
789
788
788
788
788
788
789
788
788
788
788
790
816
788
788
789
812
788
789
789
789
788
788
788
788
788
789
788
788
789
789
843
813
813
835
789
788
884
800
788
788
788
788
788
789
788
789
788
788
788
788
794
789
788
788
788
788
788
906
825
789
789
788
788
788
788
788
788
788
789
836
838
835
881
814
884
841
887
891
839
838
860
838
838
864
838
838
858
864
863
812
812
812
812
812
812
960
838
838
838
838
838
838
838
838
838
838
848
812
858
858
812
812
812
812
812
812
812
836
812
812
812
812
812
812
812
838
812
812
812
812
812
812
812
812
812
812
812
836
847
788
788
788
788
788
788
820
789
788
789
789
788
788
788
788
788
788
788
788
812
789
789
788
788
788
829
828
813
842
788
788
788
788
788
788
788
788
788
788
789
864
844
788
788
788
850
788
789
788
788
788
788
788
788
788
789
789
789
788
788
788
834
905
789
844
789
788
789
788
788
788
788
788
788
788
789
789
789
788
788
788
788
839
789
817
789
788
788
789
788
788
788
788
789
788
788
788
788
789
788
788
788
788
843
854
788
788
789
788
788
788
788
788
788
788
788
788
789
789
788
788
788
788
881
844
788
788
789
788
788
789
788
788
788
788
788
788
789
788
789
789
789
788
814
788
812
788
789
788
788
788
788
788
789
788
788
788
788
788
789
788
789
788
848
813
845
920
890
788
788
789
788
788
788
789
788
789
789
789
788
788
788
851
788
788
789
825
939
788
788
788
788
788
788
788
788
789
789
788
788
788
814
788
788
788
788
788
839
789
788
789
789
789
788
788
788
789
789
788
788
788
814
859
987
800
788
788
789
843
789
788
788
788
788
788
789
788
789
789
788
817
819
788
788
788
788
788
789
788
842
835
788
788
789
788
789
788
788
788
788
866
812
812
812
812
812
812
812
812
812
812
812
812
812
812
812
812
812
812
853
788
789
788
789
789
788
788
789
788
789
812
788
789
788
788
789
788
788
788
878
813
813
831
788
789
789
788
788
788
788
789
864
843
788
789
788
788
789
817
788
788
788
788
789
789
789
788
788
789
788
789
788
832
909
789
788
788
788
847
788
788
788
789
789
788
788
788
788
788
788
789
788
788
839
836
812
812
845
812
812
812
812
812
812
812
812
812
812
812
812
812
812
812
827
846
837
827
824
812
812
812
812
812
812
813
812
812
812
812
812
812
812
812
812
840
812
818
812
812
812
812
812
812
812
812
812
812
812
812
812
812
812
812
812
836
839
788
788
788
788
788
788
788
789
788
788
788
788
788
788
788
789
788
788
788
868
862
836
826
789
789
788
788
788
789
788
788
788
788
789
788
788
788
788
815
788
868
843
788
789
788
788
789
788
788
788
788
789
788
788
788
788
788
788
817
859
890
847
892
889
1031
977
836
982
968
813
813
1048
876
986
788
946
860
789
788
839
941
813
813
813
812
812
812
812
812
812
812
824
852
812
868
812
837
813
812
861
836
838
813
812
837
813
812
837
812
812
837
812
837
845
825
824
813
837
813
837
861
812
854
789
863
789
789
862
789
863
860
824
812
860
812
860
812
812
860
835
859
860
812
812
812
860
812
860
812
865
896
813
850
812
860
848
824
812
812
865
812
812
812
812
860
812
860
812
847
812
812
813
812
812
812
812
812
812
812
858
881
812
812
812
812
812
812
839
812
812
812
860
812
812
813
812
812
812
812
858
813
812
812
812
812
812
838
812
812
812
812
812
812
812
812
812
812
812
812
812
826
789
788
788
789
814
788
789
788
788
788
788
788
789
788
789
788
789
788
788
788
844
788
788
788
848
788
788
788
789
788
788
788
788
789
789
788
788
788
789
788
788
812
788
788
850
789
789
788
788
788
788
788
788
789
788
788
788
789
788
788
789
788
812
865
813
813
842
789
789
789
789
788
788
788
789
788
789
788
788
789
789
789
853
921
852
928
1172
1030
1174
914
900
885
838
894
838
838
838
864
843
816
829
880
839
838
838
838
838
838
837
812
812
812
844
838
838
862
812
812
812
849
813
863
866
812
813
812
812
812
812
812
812
812
812
812
812
812
812
812
876
812
812
839
849
789
789
788
789
788
788
788
788
788
788
789
789
788
789
872
826
788
788
789
838
789
788
789
788
789
789
788
789
789
789
789
789
789
788
819
788
788
788
788
788
843
788
789
789
788
789
789
789
789
789
788
788
788
801
863
840
839
849
842
852
886
843
788
789
788
788
788
789
788
788
789
788
788
820
789
788
788
789
789
788
789
829
907
789
788
788
789
788
789
789
788
788
918
799
788
788
789
788
788
789
788
788
838
789
788
789
788
789
788
788
788
788
818
789
788
788
788
789
789
789
789
789
788
843
788
788
789
788
788
789
788
831
839
789
789
788
788
788
789
789
789
789
788
789
844
788
788
788
788
788
788
797
789
788
789
788
789
788
788
788
789
788
789
789
789
812
789
789
788
788
789
816
789
788
788
789
788
789
789
788
789
789
789
788
788
789
812
788
789
788
788
856
813
843
789
789
788
789
788
788
788
788
939
840
838
859
864
877
836
851
829
812
812
812
812
812
812
812
812
813
812
812
812
812
812
813
812
914
949
788
788
788
789
789
789
789
788
789
789
788
855
814
813
812
812
812
885
833
852
812
812
812
812
812
812
812
812
812
812
812
812
812
812
813
812
812
812
845
838
788
788
788
789
789
789
789
788
788
788
788
788
788
788
789
789
788
800
837
788
843
788
788
788
788
788
788
788
789
789
788
788
789
788
788
788
788
852
789
788
800
831
788
788
788
789
789
788
788
788
788
789
788
788
788
789
789
876
813
813
830
868
844
789
789
789
789
789
788
788
789
788
789
788
789
788
814
789
789
788
788
788
829
905
789
788
789
788
788
788
788
789
789
789
788
788
818
788
788
789
788
789
788
838
788
789
788
788
789
788
788
788
789
789
789
836
820
789
788
788
788
789
789
789
844
788
788
789
788
789
788
788
788
789
788
878
788
788
788
882
812
836
837
812
860
861
860
812
812
860
812
860
812
848
851
812
860
812
860
812
812
860
812
812
860
835
812
860
812
860
812
848
824
834
959
887
933
788
890
789
896
841
813
840
833
870
860
789
888
789
890
879
827
827
829
889
789
890
789
788
933
788
896
968
1117
825
977
813
849
888
813
873
789
965
924
880
909
813
1014
852
961
813
926
864
905
939
847
1164
879
882
804
937
812
961
812
909
974
826
1204
850
851
846
1170
884
980
863
946
860
969
863
988
939
937
873
835
927
887
975
812
908
857
864
841
813
887
813
888
813
851
849
813
865
813
864
813
812
865
812
905
868
865
812
812
865
812
865
812
850
827
813
865
812
864
812
812
865
812
833
883
850
838
838
838
838
838
838
838
838
838
838
838
838
838
838
838
838
941
909
1280
840
838
838
838
838
838
838
838
838
838
838
838
838
838
838
844
812
812
829
897
812
812
812
812
812
812
812
812
812
812
812
812
812
812
822
812
812
812
812
846
857
812
812
812
812
890
812
893
812
812
812
812
893
817
892
812
812
892
812
849
838
870
812
812
862
812
862
812
824
850
812
888
812
862
812
812
861
812
873
851
848
826
812
862
812
862
812
812
873
812
897
789
866
843
788
920
788
920
889
928
825
903
883
812
1019
812
994
812
1018
804
788
1039
788
922
789
942
802
869
924
800
923
789
911
812
872
864
1501
840
1007
827
824
837
813
916
788
894
909
823
855
812
866
812
850
864
812
866
812
866
812
836
843
812
866
812
880
838
839
883
812
866
812
859
1022
885
1069
835
911
789
1115
813
936
813
935
850
832
1002
839
838
838
874
838
838
834
813
848
813
831
830
813
848
812
835
825
824
859
888
946
813
871
812
866
812
812
812
866
865
813
865
813
825
959
826
866
838
1057
813
884
830
812
885
812
866
812
848
830
812
866
812
812
848
830
865
812
973
844
908
813
841
932
838
913
813
888
813
812
812
885
813
866
812
847
831
1038
1045
838
1000
838
911
813
878
825
812
812
813
940
813
869
924
838
844
938
898
1091
838
923
813
812
812
812
812
883
825
826
860
813
812
813
813
861
994
947
839
1094
849
1036
838
838
874
839
893
952
846
812
953
813
812
901
905
838
882
1029
838
901
951
838
838
838
898
813
890
942
813
812
868
888
838
840
813
917
840
839
886
813
956
838
905
838
903
828
812
889
813
975
813
961
838
838
855
839
959
933
813
928
812
812
812
1059
813
927
983
813
812
847
896
813
1106
981
1053
813
941
789
1036
1003
813
812
824
915
896
1041
838
907
789
911
843
812
1033
834
881
813
867
803
800
1016
813
982
813
932
813
914
824
813
927
789
1015
901
1063
814
965
804
789
789
789
838
863
863
856
813
885
812
836
812
824
934
945
1055
813
934
813
949
813
841
813
813
928
813
852
812
832
927
838
906
838
1027
839
854
838
838
840
812
940
812
849
829
812
866
812
855
824
823
855
812
866
842
890
838
838
905
840
890
813
836
812
812
940
812
897
838
892
829
812
951
838
1125
813
812
840
812
812
812
867
812
812
812
812
812
812
812
812
812
812
812
831
849
813
841
813
813
813
812
812
812
812
812
812
812
812
812
812
812
812
812
812
847
856
812
812
812
812
812
812
812
812
812
812
812
812
812
812
812
812
812
812
2582
1350
1109
1157
1132
910
884
838
1385
838
838
838
838
838
862
922
844
859
813
813
813
813
813
813
813
812
812
812
812
813
812
812
812
847
812
813
850
838
838
838
838
838
838
838
838
838
838
838
838
838
838
838
841
838
838
838
925
838
838
838
838
838
838
838
838
838
838
838
838
838
842
838
838
838
838
839
839
838
838
838
838
838
838
838
838
838
838
838
838
842
839
839
839
838
838
838
838
838
838
838
838
838
838
838
838
838
838
838
848
839
838
839
844
846
871
841
838
838
838
838
838
838
838
838
838
838
842
838
838
838
838
838
838
838
838
838
838
838
838
838
838
838
838
838
838
840
812
812
812
812
812
812
812
812
812
882
850
788
788
789
788
789
788
789
845
788
788
789
789
789
788
789
789
788
788
788
838
788
788
788
789
788
788
788
849
788
789
789
789
789
789
788
789
789
789
788
789
843
788
789
789
789
789
800
832
789
789
788
788
788
789
788
789
789
789
788
789
788
924
788
788
788
789
843
813
813
811
789
789
789
789
788
789
788
788
789
789
788
1120
839
838
838
852
838
838
912
813
902
813
880
830
789
789
788
909
919
852
909
867
1142
846
789
788
788
789
788
789
788
934
975
812
812
812
907
789
789
788
801
989
874
812
812
862
926
812
905
813
966
813
977
812
851
876
813
865
813
853
941
899
953
812
980
812
913
813
853
819
789
1015
812
966
813
900
802
827
960
859
976
813
939
789
788
788
789
788
788
892
961
812
812
812
812
812
858
826
993
1076
849
964
789
1052
813
964
826
842
855
789
1017
813
900
800
1029
1103
1802
1128
926
1007
888
1147
927
1052
946
906
986
893
908
853
1183
858
975
2014
841
879
944
1046
860
1024
879
863
838
953
876
1092
922
1178
905
1131
1205
909
827
921
1001
838
838
878
838
980
838
987
931
849
1040
838
873
884
1168
962
838
838
952
959
838
848
850
1079
1028
838
838
861
847
1028
883
849
1882
856
992
838
838
871
998
838
843
838
1028
838
937
838
995
979
842
1682
839
839
967
838
964
943
856
838
838
1068
919
838
844
981
982
838
852
1883
838
838
838
854
839
919
1165
857
1016
838
920
978
838
838
1051
838
899
1420
839
838
880
840
872
838
883
841
884
838
855
934
838
848
838
838
861
934
1036
838
933
928
838
838
844
838
838
975
838
838
838
838
838
838
838
838
841
925
838
838
854
838
838
838
899
838
838
838
906
838
838
838
838
838
838
838
840
839
948
838
838
838
838
838
838
838
838
838
838
838
838
838
838
838
838
919
850
838
838
838
838
838
838
838
838
838
838
838
838
838
838
838
838
838
838
842
839
838
838
838
838
838
838
838
838
838
838
838
838
838
838
838
838
838
845
927
925
1107
838
838
838
838
838
838
838
838
838
838
838
838
838
838
850
838
838
842
839
838
838
838
838
838
838
838
838
838
838
838
838
838
849
838
838
838
876
953
812
812
812
812
812
812
812
812
812
812
812
812
812
839
812
812
812
812
851
893
788
789
789
788
789
789
788
789
788
789
813
812
825
813
812
813
812
812
835
812
812
812
812
812
812
813
813
812
812
812
812
817
812
812
812
812
812
812
812
835
812
812
812
812
812
812
812
812
812
812
842
812
812
812
812
812
812
812
812
836
835
863
812
812
812
812
812
812
812
837
884
860
865
860
885
812
812
812
812
837
842
838
838
838
838
838
838
838
852
838
838
838
840
838
838
838
838
838
838
839
839
838
838
838
838
838
838
843
838
838
838
838
838
850
812
812
812
812
812
838
841
838
838
838
838
843
838
838
838
838
838
838
838
838
838
838
838
838
838
838
838
838
838
838
841
838
838
838
838
838
838
838
838
838
838
838
838
838
838
839
838
838
838
842
838
838
838
838
838
838
838
838
838
838
838
838
838
838
838
838
839
939
1018
838
838
838
859
830
812
866
812
866
813
824
854
812
866
812
862
1130
913
1009
877
881
789
1015
813
812
812
864
859
813
986
838
838
838
862
877
842
850
813
924
813
879
902
813
902
789
1018
789
789
788
788
1078
813
1018
942
1256
868
920
848
967
838
838
899
838
861
903
1156
838
843
849
973
866
1056
1504
911
926
989
899
868
854
895
946
812
903
864
873
848
1115
908
832
1970
887
839
957
838
964
838
1149
841
853
848
916
922
887
976
838
873
856
1323
857
934
838
969
1019
991
854
864
895
838
967
840
882
838
1014
838
883
1184
930
933
890
917
838
949
838
1238
843
1076
956
1225
838
962
838
1041
840
1516
856
937
851
838
1014
1166
838
967
851
1036
838
838
891
838
931
857
1599
937
872
903
1051
838
915
851
874
838
854
838
862
898
838
838
838
839
949
839
852
838
838
838
838
838
854
838
838
838
838
838
838
838
838
838
838
841
843
840
838
839
838
838
843
838
838
838
838
838
838
838
838
838
838
838
838
870
838
838
851
838
838
851
838
838
838
838
838
838
838
838
838
838
838
838
838
1014
839
838
838
850
838
838
838
838
838
838
838
838
838
838
838
838
838
838
840
845
838
839
845
911
838
838
907
838
904
838
913
838
838
901
838
916
838
1001
876
992
851
838
838
838
838
838
929
864
894
812
928
813
812
942
813
836
1023
871
989
838
1104
813
812
900
1135
843
838
949
1006
838
838
936
1050
812
2884
1833
1211
1739
1473
1334
1478
864
1470
839
1487
1074
2095
864
998
983
875
864
838
838
838
910
838
910
838
854
918
838
902
955
839
838
838
919
838
838
838
903
838
859
892
838
902
838
934
838
925
845
848
1017
838
900
838
922
838
838
838
838
902
838
921
838
1025
838
838
913
838
951
839
840
838
838
838
838
838
838
838
838
838
838
851
838
838
838
828
812
874
860
1038
838
915
838
838
906
838
905
838
909
813
1084
857
972
939
856
1377
1622
840
1057
839
877
838
1155
838
878
858
859
879
838
1142
830
882
906
1179
1004
1112
838
896
838
1029
884
1001
854
1046
848
838
943
838
971
850
1122
899
1100
838
944
838
838
869
838
989
838
1104
843
970
847
908
838
864
890
910
1585
838
838
838
838
838
852
838
838
838
838
838
838
838
838
838
838
838
841
844
839
838
838
838
844
838
839
839
840
838
838
838
838
838
838
838
838
838
841
843
839
838
838
843
838
838
838
838
838
838
838
838
838
838
838
838
838
838
839
838
838
843
840
839
838
838
838
838
838
838
838
838
838
838
838
838
838
838
840
838
842
838
838
838
838
838
838
838
838
838
838
838
838
838
838
838
838
838
841
846
838
838
838
838
838
838
838
838
838
838
838
838
838
838
838
838
838
841
838
838
838
838
838
838
838
838
838
838
838
873
812
812
812
812
812
812
903
840
873
937
900
788
788
788
1000
802
789
789
1119
873
812
813
965
888
866
812
812
851
863
812
886
895
813
813
812
901
813
812
812
812
908
789
789
910
789
789
789
861
859
813
812
813
813
813
813
813
813
813
813
813
850
888
816
968
813
812
812
848
836
812
812
812
813
812
813
812
812
812
812
812
812
818
812
813
812
812
812
839
812
812
812
812
812
812
812
812
812
812
812
812
868
838
838
838
838
838
838
904
869
838
838
838
838
838
838
838
838
838
854
838
846
882
812
893
804
788
789
848
864
812
879
936
812
812
812
812
812
849
812
812
813
812
812
813
812
812
812
834
840
849
812
812
813
812
812
812
850
1053
813
804
789
789
789
789
789
788
788
827
871
858
789
789
789
789
788
801
789
788
789
788
789
788
788
788
788
789
788
789
829
931
835
788
788
788
789
818
789
789
788
789
788
788
788
788
788
789
788
788
788
838
788
788
788
788
844
788
900
898
789
788
788
788
788
789
788
788
789
788
789
788
842
788
788
840
865
788
788
788
788
788
788
788
788
788
788
789
788
788
789
789
844
788
789
852
864
909
832
885
812
812
812
813
812
812
812
812
812
812
812
812
866
887
829
812
812
812
812
812
812
812
812
812
812
812
812
812
812
812
884
812
831
856
814
813
801
789
789
801
800
788
788
788
788
788
788
789
788
789
788
788
857
820
848
812
812
812
812
812
812
812
812
812
812
812
812
812
812
812
812
845
788
788
919
813
788
857
1502
2051
1044
1189
1311
6228
2246
883
839
839
853
899
882
838
838
838
840
852
812
812
812
812
874
967
923
838
838
838
853
838
865
813
858
813
813
813
813
812
813
813
836
838
968
838
839
838
838
850
838
838
838
838
838
838
838
838
838
838
838
838
838
838
838
838
838
841
839
839
838
838
838
839
844
841
841
843
842
841
843
843
865
840
858
1095
955
1243
875
888
1030
890
874
1018
938
888
841
1299
1072
1197
840
6332
900
1502
954
934
904
1556
838
938
1051
1565
2519
1775
1845
2062
1702
916
2890
842
1553
2115
1489
1036
896
1410
2019
909
2021
1923
1301
1117
1500
1771
866
1536
842
839
839
858
839
840
839
940
1035
840
840
839
839
839
874
996
857
839
838
839
839
838
839
838
839
838
838
845
838
838
838
839
838
872
927
952
839
838
838
838
838
838
839
839
839
866
839
854
850
839
839
839
838
969
839
838
839
839
838
839
839
838
839
910
886
838
838
838
839
838
838
840
840
844
839
838
839
838
838
838
838
838
844
839
839
838
838
841
840
839
838
838
840
838
838
838
838
895
839
942
843
838
838
838
838
838
838
838
838
838
838
838
952
839
838
838
838
838
838
851
838
838
838
838
838
838
838
838
838
838
838
838
838
838
838
838
838
847
838
838
838
838
838
838
838
838
838
838
838
838
838
838
838
838
838
838
843
838
838
838
838
838
838
838
838
838
838
838
838
838
838
838
838
838
838
844
839
838
838
838
838
838
838
838
838
838
838
838
838
838
838
841
835
982
826
812
812
812
812
812
812
812
812
812
812
869
827
812
812
812
812
838
908
825
812
812
812
812
812
812
812
812
812
812
812
812
812
812
812
812
812
843
913
812
812
812
812
812
812
812
812
812
812
812
812
812
812
812
812
812
843
812
835
812
812
812
812
812
812
812
812
812
812
812
812
812
812
812
812
857
789
788
811
788
788
789
788
789
789
788
788
788
788
788
788
788
788
788
788
814
788
788
788
813
789
789
788
789
789
788
789
788
789
788
788
788
788
788
788
878
813
813
830
788
838
842
789
788
788
788
789
788
788
789
788
788
788
789
866
892
813
946
890
893
813
930
813
812
813
812
812
812
812
812
812
812
813
846
812
812
812
812
812
812
812
870
870
812
812
812
812
812
812
812
812
812
875
857
813
812
812
812
812
812
812
836
883
812
812
812
812
812
812
812
812
2608
932
917
966
895
848
844
1514
1312
839
831
813
813
814
813
818
812
812
812
812
812
813
823
788
788
788
788
866
844
788
789
788
788
788
925
788
788
788
788
788
788
789
788
789
788
789
789
825
860
978
838
838
1177
1179
898
1050
964
813
893
813
871
1101
843
980
801
934
973
1028
835
943
935
919
789
788
994
1002
800
789
789
789
789
989
802
903
947
846
1094
912
838
860
944
813
812
943
899
789
788
788
788
789
788
788
788
788
881
842
860
838
838
838
843
838
875
845
838
838
839
830
813
812
813
812
812
812
878
870
825
812
812
812
813
813
813
812
812
813
812
813
812
812
813
813
812
832
866
813
812
813
812
812
812
812
812
812
813
812
812
909
1005
933
900
813
840
863
872
859
838
893
823
789
788
877
843
812
812
813
990
847
812
812
812
850
813
987
946
851
813
812
813
812
813
812
812
812
812
813
813
812
813
853
813
812
812
824
824
1101
789
789
789
789
789
