801
809
797
797
797
797
797
797
797
797
797
797
873
840
809
797
797
797
797
797
797
969
848
847
838
822
831
797
797
797
797
797
831
854
841
821
846
821
821
879
797
797
907
797
797
797
854
851
797
797
797
797
809
923
797
821
797
797
858
797
797
797
797
797
797
797
797
797
797
797
797
797
797
846
808
888
797
797
829
797
797
797
797
797
797
797
797
797
797
797
797
797
797
797
850
797
797
852
808
797
797
797
797
797
797
797
797
797
797
797
797
797
867
821
845
821
828
821
821
821
821
821
821
821
821
821
821
821
821
821
821
821
821
821
821
873
821
821
821
821
821
821
821
821
821
821
821
821
821
821
821
821
821
821
837
847
847
856
845
821
821
821
821
821
821
821
821
821
821
821
821
821
821
858
797
875
852
797
797
797
797
797
797
797
797
797
797
797
797
797
797
797
797
825
797
797
930
822
797
797
797
797
797
797
797
797
797
797
797
797
797
797
804
797
797
797
835
832
797
797
797
797
797
797
797
797
797
797
797
797
797
803
797
797
797
797
797
850
797
797
797
797
797
797
797
797
797
797
797
797
797
860
797
797
797
797
797
797
851
797
797
797
797
797
797
797
797
797
797
797
845
822
821
821
821
821
821
821
821
821
821
822
822
821
821
821
821
821
821
847
847
848
848
847
847
931
871
822
838
1068
847
847
847
847
847
934
929
907
847
850
887
875
943
822
821
821
821
977
914
821
821
821
821
821
821
838
881
821
821
821
821
821
821
821
821
821
821
839
848
847
847
847
847
847
851
847
847
847
847
847
847
847
847
847
847
847
847
844
821
821
821
821
821
847
821
821
821
821
821
821
821
821
821
821
821
821
821
844
821
821
821
821
847
821
821
821
821
821
821
821
821
821
821
821
821
821
821
845
821
821
821
890
797
797
797
797
797
797
797
797
797
797
797
797
797
797
797
797
821
797
885
821
821
844
821
821
821
821
821
821
821
821
821
821
821
821
821
821
908
946
821
821
821
821
821
821
821
821
821
821
821
821
821
821
821
821
821
821
931
975
821
821
821
821
821
821
821
821
821
821
821
821
821
821
821
821
847
821
914
821
821
821
821
821
821
821
821
821
821
821
821
821
821
821
821
847
821
821
903
821
821
821
821
821
821
821
821
821
821
821
821
821
821
821
855
797
797
797
797
880
797
797
797
797
797
797
797
797
797
797
828
807
797
797
824
797
797
797
797
856
797
797
797
797
797
797
797
797
797
797
797
797
797
883
821
821
838
797
797
797
985
797
797
797
797
797
797
797
797
797
797
797
822
797
797
797
797
797
797
797
899
968
797
797
797
797
797
797
797
797
797
877
887
797
797
797
797
797
797
797
797
921
797
797
797
797
797
797
797
797
797
852
797
797
797
797
797
797
797
797
797
879
797
797
797
797
797
797
797
797
2577
955
869
1015
864
931
868
850
913
919
822
821
845
822
822
822
852
821
821
821
821
821
821
821
821
821
821
821
821
860
913
821
821
821
821
886
821
821
821
821
821
821
821
821
821
821
821
821
821
844
891
821
821
842
862
847
847
847
847
847
847
847
847
847
847
847
847
847
847
866
821
821
873
821
821
821
821
821
821
821
821
821
821
821
821
821
821
821
821
860
846
851
821
821
821
821
821
821
821
821
821
821
821
821
821
821
821
821
821
848
861
848
848
849
859
857
880
838
821
821
821
821
821
821
821
821
821
821
826
846
821
821
821
821
821
821
821
821
821
821
821
821
821
821
821
821
821
937
834
845
821
821
821
821
821
821
821
821
821
821
821
821
821
821
821
821
830
821
821
845
821
821
821
821
821
821
821
821
821
821
821
821
821
821
821
849
821
821
843
833
884
821
821
821
821
821
821
821
821
821
821
821
821
821
851
821
821
821
821
821
924
822
797
797
797
797
797
797
797
797
797
797
797
895
797
797
797
797
797
797
846
797
797
797
797
797
797
797
797
797
797
797
797
825
797
797
797
797
797
797
797
852
797
797
797
844
797
797
797
797
797
797
860
822
821
821
821
821
821
821
821
845
821
821
821
821
821
821
821
821
821
855
821
821
821
821
833
946
917
877
847
924
857
852
847
847
1577
880
880
833
821
821
821
821
821
821
821
821
821
821
855
847
821
821
821
821
821
976
847
847
847
848
850
848
847
848
847
847
848
848
1117
934
848
847
847
971
943
847
849
18911
1463
848
847
847
847
847
863
849
847
861
847
847
847
847
847
847
847
847
847
847
847
847
847
847
847
847
847
847
851
847
847
847
847
847
847
847
847
847
847
847
847
847
847
847
847
847
850
847
848
847
847
847
847
847
847
847
847
847
847
847
847
847
847
847
868
845
821
821
821
821
821
821
821
821
821
821
821
821
821
821
821
821
821
905
847
850
847
847
847
847
847
847
847
847
847
847
847
847
847
847
847
856
847
847
850
938
821
821
821
821
821
821
821
821
821
821
821
821
821
821
851
821
821
821
842
879
797
797
844
797
797
797
797
797
797
797
797
797
797
827
797
797
797
797
797
846
797
797
797
797
797
797
797
797
797
797
797
797
802
797
797
797
797
797
797
797
851
797
797
797
797
797
797
797
797
797
797
797
881
797
797
797
797
797
797
797
851
797
797
797
797
797
797
797
797
797
797
802
797
797
797
797
797
797
797
797
797
820
797
797
797
797
797
797
797
797
797
840
822
821
836
797
797
797
797
797
797
797
920
809
797
797
797
797
797
797
802
797
797
797
797
797
797
797
797
797
797
797
797
952
797
797
797
797
797
797
938
797
797
797
797
797
797
797
797
797
797
797
797
846
797
797
797
797
797
891
834
878
849
821
821
821
821
821
821
821
821
821
821
907
821
1048
821
826
821
821
821
821
821
821
821
821
821
821
821
821
821
821
821
904
821
821
825
821
821
821
821
821
821
821
821
821
821
821
821
821
821
821
821
880
821
824
821
821
821
821
821
821
821
821
821
821
821
821
821
821
821
821
821
821
946
821
821
841
797
797
797
797
797
797
797
797
797
797
797
797
797
797
797
811
916
880
877
797
987
797
797
880
797
879
797
854
821
797
878
797
878
797
906
859
986
1013
797
881
797
879
797
797
878
797
878
797
797
877
797
878
823
878
797
935
909
821
868
821
868
821
821
868
821
867
988
900
826
797
998
821
882
797
1088
908
1105
834
879
845
797
1103
905
875
797
1057
904
1023
887
875
821
856
840
905
1085
822
893
821
872
833
841
863
821
882
821
895
821
821
882
821
882
821
945
851
797
929
797
1018
797
919
808
834
951
852
855
847
847
834
856
840
821
901
845
875
821
844
851
821
875
821
862
834
894
862
821
874
821
861
835
821
875
880
928
949
883
821
821
821
821
871
977
889
821
871
832
821
882
821
882
821
1065
900
834
908
797
909
797
954
928
941
936
921
966
821
889
821
856
821
855
995
987
835
821
879
821
987
821
858
833
821
821
870
870
821
855
836
821
870
866
1005
821
858
834
863
870
821
870
821
856
835
821
873
849
864
850
844
858
834
969
822
886
821
887
847
847
847
847
847
847
847
847
847
847
847
847
847
847
957
940
896
877
847
847
847
872
861
821
899
821
898
821
861
859
821
897
821
877
860
907
857
832
922
822
917
829
897
835
812
928
828
920
822
912
830
797
982
936
940
821
897
821
884
833
821
897
821
898
821
886
833
821
896
821
896
852
1015
881
860
863
821
898
821
897
821
859
859
821
896
821
897
822
857
903
821
1014
934
880
847
878
845
833
881
847
856
847
915
821
859
859
866
852
821
895
920
935
821
821
896
821
895
821
883
834
821
821
821
821
871
857
847
847
896
833
996
846
821
821
821
821
821
821
821
821
821
821
821
821
885
847
847
847
847
949
947
847
847
847
847
847
847
847
847
847
847
847
855
847
847
833
821
821
821
865
864
821
821
821
821
821
821
821
821
821
821
862
821
821
821
821
821
821
821
848
842
821
821
821
821
821
821
821
821
837
868
821
842
797
797
797
797
797
797
854
845
821
821
821
821
821
821
821
821
876
821
821
821
821
821
821
821
821
821
909
1062
821
821
821
821
821
821
2520
969
1117
987
907
1069
901
847
913
868
862
847
847
847
847
897
821
821
821
821
821
821
821
821
821
821
821
821
821
867
847
847
847
847
862
847
847
847
847
847
847
847
847
847
847
847
847
847
861
848
847
847
866
847
847
847
847
847
847
847
847
847
847
847
847
847
847
847
1004
847
847
871
847
847
847
847
847
847
847
847
847
847
847
847
847
847
847
859
847
855
847
847
864
847
847
847
847
858
847
856
847
856
847
847
856
847
857
986
1007
849
920
859
847
880
854
847
847
847
847
847
847
847
847
847
847
868
967
848
847
847
847
847
848
847
847
847
847
847
847
847
847
847
847
847
876
847
868
847
847
847
847
847
847
847
847
847
847
847
847
847
847
847
856
847
847
934
847
847
847
847
847
847
847
847
847
847
847
847
847
847
869
821
821
821
821
849
837
821
821
821
821
821
821
821
821
821
821
821
821
852
821
821
821
821
821
848
797
797
797
797
797
797
797
797
797
797
797
797
822
835
821
821
821
821
821
821
960
821
821
821
821
821
821
821
821
821
821
849
821
821
821
821
821
821
821
821
973
902
809
844
797
797
797
797
797
797
857
797
797
965
822
829
797
797
797
832
841
821
821
895
822
893
821
881
866
847
847
847
862
847
856
847
847
855
847
1170
952
907
847
891
847
889
991
873
1078
903
892
847
912
821
896
821
821
1008
1080
862
821
882
821
923
821
821
821
821
821
821
821
821
821
899
821
821
832
899
913
797
797
797
863
821
821
821
821
821
821
821
821
821
821
821
821
821
821
925
797
797
797
923
821
821
821
821
821
821
821
821
821
821
821
821
821
821
821
917
821
821
969
821
820
797
797
797
797
797
797
797
797
797
797
797
797
797
797
876
853
872
821
821
821
821
821
821
821
821
821
821
821
821
821
821
821
821
821
879
870
847
847
847
847
847
847
847
847
847
847
847
847
847
847
847
847
847
949
906
882
819
797
797
797
797
797
797
797
797
797
797
797
797
797
797
797
987
821
974
946
821
821
821
821
821
821
821
821
821
821
821
821
821
821
821
847
797
797
846
839
821
821
821
821
821
821
821
821
870
856
821
821
821
864
847
847
847
847
847
848
847
847
847
847
847
847
847
847
847
847
847
847
852
847
847
847
847
847
847
847
847
847
847
847
847
847
847
847
847
847
856
821
821
821
821
821
821
834
872
821
821
821
821
821
821
821
821
821
821
871
847
847
847
847
847
847
847
912
963
821
821
821
821
821
821
821
821
821
859
847
847
833
821
821
821
821
821
927
852
797
797
797
797
797
797
797
797
855
797
797
797
797
797
797
797
797
797
797
928
822
797
797
797
797
797
797
856
797
797
797
797
797
797
797
797
797
797
797
809
882
821
821
821
821
821
853
821
821
821
821
821
821
821
821
821
821
821
821
821
860
845
821
821
821
828
821
821
821
821
821
821
821
821
821
821
821
821
821
821
848
857
833
821
880
832
867
855
821
821
821
821
821
821
821
821
821
821
821
821
845
821
821
855
797
797
797
797
797
797
797
797
797
797
797
797
797
797
797
797
797
929
853
847
847
843
821
821
821
821
821
821
821
821
821
821
821
821
821
821
821
994
811
797
797
797
797
797
797
797
797
797
797
797
797
797
797
797
797
797
861
852
876
797
797
845
797
797
797
797
797
797
797
797
797
797
797
797
797
816
862
821
906
797
797
797
797
797
797
797
797
797
797
797
797
797
797
797
797
860
797
797
836
910
797
797
797
797
797
797
797
797
797
797
797
797
797
797
912
1003
845
821
868
872
847
852
911
883
1044
965
1228
1198
848
797
797
859
821
821
821
821
821
846
906
850
834
821
821
821
821
821
821
821
821
821
878
821
821
821
821
821
821
863
937
797
797
797
797
797
797
797
797
797
797
885
944
1574
1257
1094
983
1050
953
871
871
910
984
914
847
848
859
886
995
910
889
848
847
848
848
848
1161
894
991
859
822
847
821
836
822
847
822
822
821
822
822
822
822
822
821
945
849
848
848
848
850
847
848
848
872
946
926
836
823
821
823
823
822
823
821
919
899
849
862
843
846
821
821
821
821
821
821
821
821
821
821
821
821
821
832
837
863
905
997
893
824
823
823
821
823
823
823
823
821
823
822
823
823
823
838
858
1834
992
948
847
847
847
847
847
847
847
847
847
847
847
847
847
953
858
999
898
1009
921
822
821
821
821
821
821
821
821
821
821
821
821
821
821
965
847
851
851
847
847
847
847
847
847
847
847
847
847
847
847
847
847
852
849
884
870
918
847
847
847
855
847
888
847
847
847
847
847
847
847
847
857
847
961
894
916
967
847
944
847
847
847
847
847
847
847
847
847
851
847
847
847
942
923
847
847
847
847
847
847
847
847
847
847
847
847
847
842
821
821
821
821
844
873
821
822
821
821
821
821
821
821
821
821
821
821
862
848
847
834
821
821
871
847
847
847
847
847
847
847
847
847
847
847
857
847
847
847
847
847
847
847
847
847
847
847
847
847
847
847
847
847
860
836
821
821
821
821
821
821
821
853
847
847
847
847
847
847
847
847
847
855
847
847
847
847
847
847
847
847
847
847
880
834
821
797
797
797
797
797
804
797
797
797
797
797
797
797
797
797
797
834
809
797
797
797
797
797
797
802
797
797
797
797
797
797
797
797
797
797
797
797
852
797
797
797
797
797
797
1029
859
920
908
978
987
917
946
850
850
916
822
956
851
821
821
927
850
847
847
876
821
821
821
904
822
821
821
821
821
821
821
941
822
879
797
955
797
797
797
797
797
797
797
797
797
797
797
797
797
797
797
836
892
797
857
797
797
797
797
797
797
797
797
797
797
797
797
797
797
797
797
797
846
915
833
821
821
821
821
821
821
821
821
821
821
821
821
821
821
821
821
832
869
821
821
821
821
821
821
821
821
821
821
821
821
821
821
821
821
821
821
878
855
856
852
861
853
881
850
847
847
847
847
847
847
847
847
847
847
859
847
847
847
847
847
847
847
847
847
847
847
847
847
847
847
847
847
904
834
821
821
886
833
821
821
821
821
821
821
821
821
821
821
821
821
821
847
821
821
821
821
845
866
821
821
821
821
821
821
821
821
821
821
821
821
826
797
797
797
797
797
833
810
797
797
797
797
797
797
797
797
797
797
797
797
855
797
797
797
797
797
797
852
797
797
797
797
797
797
797
797
797
797
797
850
797
797
797
797
797
797
797
797
852
797
797
797
797
797
797
797
797
797
826
820
797
797
797
797
797
797
797
797
797
820
797
797
797
844
797
797
797
797
822
797
797
797
797
797
797
797
797
797
797
809
808
797
797
797
797
797
797
873
821
822
847
797
797
797
797
797
797
797
797
797
877
851
797
797
797
797
797
859
797
797
797
797
797
797
797
797
797
797
797
797
797
927
822
797
797
797
823
797
797
797
797
797
797
797
797
797
797
797
797
797
797
832
811
797
797
827
828
797
797
797
797
797
797
797
797
797
797
797
797
797
797
797
849
797
797
856
797
797
797
797
797
797
797
797
797
797
797
797
797
797
797
797
797
850
939
797
797
797
797
797
797
797
797
797
797
797
797
797
797
797
797
797
797
797
846
797
797
797
797
797
797
797
797
797
797
797
797
797
797
797
797
797
797
844
821
822
847
797
797
797
797
797
797
797
797
797
797
797
797
797
797
797
797
853
797
879
851
797
797
797
797
797
797
797
797
797
797
797
797
797
797
797
822
797
797
797
928
822
797
797
797
797
797
797
797
797
797
797
797
797
797
871
810
797
797
797
835
858
821
821
821
821
821
821
821
821
821
821
821
821
863
821
821
821
821
821
821
866
846
821
832
833
821
821
821
821
821
821
821
850
821
821
821
821
821
821
821
848
821
821
821
821
821
821
821
821
821
821
826
821
821
821
821
821
821
821
821
845
821
821
821
821
821
821
821
821
821
872
821
821
821
821
821
821
821
821
821
908
873
821
821
821
821
821
821
821
827
821
821
821
821
821
821
821
821
821
821
905
1036
821
821
821
821
821
821
825
821
821
821
821
821
821
821
821
821
821
821
913
821
821
821
821
821
824
821
821
821
821
821
821
821
821
821
821
821
821
821
903
821
821
821
821
859
858
797
797
797
797
797
797
797
797
797
797
797
797
797
797
880
797
797
797
822
797
797
797
797
860
879
797
797
797
797
797
797
797
797
797
856
797
1013
857
797
797
797
797
797
797
797
797
797
797
797
797
797
797
797
797
797
855
869
821
867
889
821
821
821
821
821
821
821
821
821
821
821
821
821
821
821
883
821
821
821
821
821
821
821
821
821
821
821
821
821
821
821
821
821
821
828
844
890
821
821
821
821
821
821
821
821
821
821
821
821
821
821
821
821
828
821
844
821
821
821
845
821
821
821
821
821
821
821
821
821
821
821
821
846
797
797
797
852
797
797
797
797
797
797
797
797
797
797
797
797
797
797
828
797
797
797
797
851
797
797
797
797
797
797
797
797
797
797
797
797
797
797
801
797
797
797
797
797
821
797
797
797
797
797
797
797
797
797
797
797
797
855
821
821
843
821
821
821
821
870
821
821
821
821
821
821
821
821
821
821
848
821
821
821
821
821
821
821
821
850
859
821
821
821
821
821
821
821
821
847
821
821
821
821
821
821
821
821
821
848
821
821
821
821
821
821
821
821
848
821
821
821
821
821
821
821
821
821
821
854
797
797
797
797
797
797
797
857
810
797
797
797
797
797
797
797
797
797
797
797
851
797
797
797
797
797
808
848
797
797
797
797
797
797
797
797
797
797
797
797
797
820
797
797
797
797
877
797
797
797
797
797
797
797
797
797
797
797
797
797
797
797
821
797
797
842
870
821
843
821
821
821
821
821
821
821
821
821
821
821
821
821
961
821
848
821
821
821
821
821
821
821
821
821
821
821
821
821
821
821
821
821
973
940
797
797
844
797
797
797
797
797
797
797
797
797
797
797
797
797
797
797
881
797
797
797
797
797
797
797
797
797
797
797
797
797
797
797
797
797
797
797
823
851
797
797
797
797
797
797
797
797
797
797
797
797
797
797
797
797
797
857
797
797
850
797
797
797
797
797
797
797
797
797
797
797
797
797
797
797
797
858
797
797
797
821
797
797
797
797
797
797
797
797
797
797
797
797
797
797
882
821
821
841
797
880
851
797
797
797
797
797
797
797
797
797
797
797
797
861
821
821
821
821
821
843
864
821
821
821
821
821
821
821
821
821
821
821
854
821
821
821
821
821
821
866
852
797
797
797
797
797
797
797
797
797
797
853
797
797
797
797
797
797
797
797
845
908
797
797
797
797
797
797
797
797
855
797
797
797
797
797
797
797
797
797
797
846
797
797
797
797
797
797
797
797
823
797
797
797
797
797
797
797
797
797
797
852
797
797
797
797
797
797
797
822
797
797
797
797
797
797
797
797
797
797
797
797
850
797
797
797
797
797
797
2707
1198
1113
991
909
893
847
903
847
847
857
847
848
847
847
861
847
847
849
821
821
821
821
821
821
821
821
821
821
821
871
917
797
828
902
797
797
797
797
797
797
797
797
797
797
797
797
797
797
797
836
897
797
864
797
797
797
797
797
797
797
797
797
797
797
797
797
797
797
797
797
846
879
797
797
797
797
797
797
797
797
797
797
797
797
797
797
797
797
797
797
797
887
797
797
797
797
797
797
797
797
797
797
797
797
797
797
797
797
797
797
852
874
822
822
859
825
856
860
797
797
797
797
797
797
797
797
797
797
797
876
822
822
871
797
797
797
797
797
797
797
797
797
797
797
797
797
797
797
797
895
821
821
845
844
821
821
821
821
821
821
821
821
821
821
821
821
821
847
821
821
821
821
821
969
821
821
821
821
821
821
821
821
821
821
821
821
851
821
821
821
821
821
821
844
821
821
821
821
821
821
821
821
821
821
821
850
821
821
821
821
821
821
821
844
821
821
821
821
821
821
821
821
821
821
885
797
797
797
797
797
797
797
797
822
797
797
797
797
797
797
797
797
797
797
857
797
797
797
797
797
797
797
797
797
797
797
797
797
847
797
797
797
797
852
821
821
844
821
821
821
821
821
821
821
844
844
821
821
821
821
821
821
847
821
821
821
821
821
821
821
821
821
821
821
821
914
821
821
821
821
821
847
821
821
821
821
821
821
821
821
821
821
821
821
821
844
821
821
821
821
846
821
821
821
821
821
821
821
821
821
821
821
821
821
821
852
797
797
797
822
797
797
797
797
797
797
797
797
797
797
797
797
797
797
797
797
851
797
857
797
797
797
797
797
797
797
797
797
797
797
797
797
797
797
797
797
797
820
1334
797
797
797
797
797
797
797
797
797
797
797
797
797
797
797
797
797
797
921
822
852
797
797
797
797
797
797
797
797
797
797
797
797
797
797
797
797
854
881
851
797
797
797
797
797
797
797
797
797
797
797
797
797
797
797
797
854
797
797
890
858
797
797
797
797
797
797
797
797
797
797
797
797
797
797
797
823
797
797
797
846
797
797
797
797
797
797
797
797
797
797
797
797
797
797
902
821
821
821
821
845
821
821
821
821
821
821
821
821
821
821
821
821
821
830
821
821
821
821
821
845
821
821
821
821
844
821
821
821
821
821
821
821
842
821
821
821
821
821
821
821
845
821
821
821
821
821
821
821
821
821
821
849
821
821
843
821
821
821
821
821
903
797
797
797
797
797
797
797
797
797
928
797
797
797
797
797
797
797
797
797
822
873
821
821
821
821
821
821
821
831
821
821
821
821
821
821
821
821
821
821
821
856
834
821
821
821
821
821
853
821
821
821
821
821
821
821
821
821
821
821
821
848
821
821
821
821
821
827
821
821
821
821
821
821
821
821
821
821
821
821
821
845
821
821
821
821
827
821
821
821
821
821
821
821
821
821
821
821
821
821
821
854
797
797
797
854
821
821
821
821
821
821
821
821
821
821
821
821
821
821
821
821
821
821
878
847
847
840
821
821
821
821
821
821
821
821
821
821
821
821
821
821
867
850
821
821
821
821
821
821
821
821
821
821
821
821
821
821
821
821
821
821
877
880
867
844
821
821
821
821
821
821
821
821
821
821
821
821
821
821
839
797
846
797
797
797
797
797
797
797
797
797
797
797
797
797
797
797
797
797
822
797
797
852
797
797
797
845
797
797
797
797
797
797
797
797
797
797
797
828
827
797
797
820
829
797
797
797
797
797
797
797
797
797
797
797
797
797
797
863
797
797
797
797
821
797
797
797
797
797
797
797
797
797
797
797
797
797
840
821
822
846
797
797
797
922
809
797
797
797
797
797
797
797
797
797
797
797
921
821
821
821
821
821
821
845
891
821
821
821
821
821
821
821
821
821
841
834
821
821
821
821
821
821
821
844
844
821
821
821
821
821
821
821
821
847
821
821
821
821
821
821
821
821
821
821
844
821
821
821
821
821
821
821
850
821
821
821
821
821
821
821
821
821
821
821
845
821
821
821
821
821
821
899
821
821
821
821
821
821
821
821
821
821
821
821
822
821
821
821
821
852
797
797
797
797
797
797
797
797
797
797
797
797
797
797
797
797
797
797
797
898
821
854
797
797
797
797
797
797
797
797
797
797
797
797
846
850
797
797
870
891
822
821
821
821
821
821
821
821
821
821
821
821
821
821
844
892
821
901
821
821
821
821
821
821
821
821
821
821
821
821
821
821
821
821
844
851
821
821
821
844
821
821
821
821
821
821
821
821
821
821
821
821
821
821
848
845
821
821
821
821
821
821
821
821
821
821
821
821
821
821
821
821
821
850
821
845
821
821
821
821
821
821
821
821
821
821
821
821
821
821
821
821
862
797
797
821
797
797
797
797
797
797
797
797
797
797
797
797
797
797
797
797
888
822
821
834
931
797
797
797
797
797
797
797
797
797
797
797
797
797
797
859
797
797
797
797
834
946
797
797
797
797
797
797
797
797
797
797
797
797
860
797
797
797
797
797
797
846
797
797
797
797
797
797
797
797
797
797
797
797
828
797
797
797
797
797
797
797
851
797
797
797
797
797
797
797
797
797
797
824
797
797
797
797
797
797
797
797
797
974
861
797
797
797
797
797
797
797
826
797
797
797
797
797
797
797
797
797
797
821
797
797
797
797
797
797
797
797
910
797
797
797
797
797
797
797
797
797
797
878
933
797
797
797
797
797
797
843
847
847
844
821
821
821
821
821
821
821
821
821
870
915
797
797
797
797
871
865
932
1037
1027
1008
850
850
855
1214
861
848
851
1069
848
849
904
862
821
821
821
821
821
821
821
821
821
821
821
821
821
821
930
939
821
876
845
821
821
821
821
821
821
821
821
821
821
821
821
821
821
821
845
887
882
797
797
797
797
797
797
797
797
797
797
797
797
797
797
797
797
797
797
846
886
797
797
797
797
797
797
797
797
797
797
797
797
797
797
797
797
797
797
816
838
797
797
797
797
797
797
797
797
797
797
797
797
797
797
797
797
797
797
878
917
854
860
847
877
863
857
821
821
821
821
821
821
821
821
821
821
828
821
821
917
876
821
821
821
821
821
821
821
821
821
821
821
821
821
821
856
821
821
821
906
936
821
821
821
821
821
821
821
821
821
821
821
821
821
849
821
821
821
821
918
821
821
821
821
821
821
821
821
821
821
821
821
821
814
797
797
797
797
797
879
797
797
797
797
797
797
797
797
797
797
797
797
857
797
797
797
797
797
797
797
880
797
797
797
797
797
797
797
797
797
866
890
797
797
797
797
797
797
797
797
797
857
797
797
797
797
797
797
797
797
797
854
821
821
836
797
797
797
797
797
797
904
878
797
797
797
903
797
797
797
853
797
797
797
797
797
797
797
797
797
797
797
983
889
797
797
797
797
797
853
797
797
797
797
797
797
797
797
797
797
797
797
921
797
797
797
797
797
823
797
797
797
797
797
797
797
797
797
797
797
797
797
797
879
797
797
797
797
822
797
797
797
797
797
797
797
797
797
797
797
797
797
797
797
878
797
797
857
797
797
797
797
797
797
797
797
797
797
797
797
797
797
797
797
797
855
797
853
797
797
797
797
797
797
797
797
797
797
797
797
797
797
797
797
797
855
849
822
821
844
821
821
821
821
821
821
821
821
821
821
821
821
821
821
821
879
844
821
821
821
821
821
821
821
821
821
821
821
821
821
821
821
821
821
847
821
913
821
821
821
821
821
821
821
821
821
821
821
821
821
821
821
821
847
821
821
844
821
821
821
821
821
821
821
821
821
821
821
821
821
821
821
847
797
797
797
851
797
797
797
797
797
797
797
797
797
797
797
797
797
797
822
797
797
797
797
797
850
797
797
797
797
797
797
797
797
797
797
797
797
797
904
797
797
797
797
797
797
821
797
797
797
844
797
797
797
797
797
797
797
882
822
821
841
797
797
797
797
878
852
797
797
797
797
797
797
797
797
797
856
797
797
797
797
797
797
797
797
797
953
824
797
797
797
797
797
797
797
797
848
797
797
797
797
797
797
797
797
797
834
809
797
797
797
797
797
797
797
858
797
797
797
797
797
797
797
797
797
797
797
851
797
797
797
797
797
797
809
843
797
797
797
797
797
797
797
797
797
797
797
797
850
797
797
797
797
797
905
821
797
797
797
797
797
797
797
797
797
797
797
797
797
933
797
797
797
823
797
797
797
797
797
797
797
797
797
797
797
797
797
797
797
837
908
808
797
897
822
829
797
797
797
797
797
797
797
797
797
797
797
797
797
797
889
858
841
821
821
821
821
821
821
821
821
821
821
821
821
821
821
821
821
821
859
852
821
821
821
821
821
821
821
821
821
821
821
821
821
821
821
821
821
821
879
821
821
821
821
821
821
821
821
821
821
821
821
821
821
821
821
821
868
821
927
907
797
797
797
797
797
797
797
797
797
797
797
797
797
797
797
802
797
797
851
797
797
797
797
844
797
797
797
797
797
797
797
797
797
797
797
853
797
797
797
820
797
797
797
797
797
797
797
797
797
797
797
797
797
797
848
833
821
843
821
821
960
821
821
821
821
821
821
821
821
821
821
821
821
826
821
821
821
821
821
821
1058
821
821
821
821
821
821
821
821
821
821
821
848
821
821
821
821
821
821
821
913
821
821
821
821
821
821
821
821
821
821
847
821
821
821
821
821
821
821
821
903
821
821
821
821
821
821
821
821
857
797
797
797
797
797
797
797
797
797
797
880
797
797
797
797
797
797
797
797
822
797
797
797
797
797
797
797
797
797
797
797
855
797
797
797
797
797
797
853
797
797
797
797
797
797
797
797
797
797
797
797
797
855
797
797
797
797
797
985
821
844
821
821
821
821
821
821
821
821
821
821
821
856
833
821
821
848
821
821
821
821
821
821
821
821
821
821
821
821
821
821
821
844
913
821
853
872
821
821
821
821
821
821
821
821
821
821
821
821
821
821
821
844
821
853
821
821
821
821
821
821
821
821
821
821
821
821
821
821
821
821
821
844
921
821
821
821
821
821
821
821
821
821
821
821
821
821
821
821
821
821
821
847
845
821
821
821
821
821
821
821
821
821
821
821
821
821
821
821
821
821
850
797
797
797
797
797
797
797
797
797
797
797
797
797
797
797
797
797
797
797
860
821
844
867
821
821
821
821
821
821
821
821
821
821
821
821
821
821
847
821
821
821
821
915
821
821
821
821
821
821
821
821
821
821
821
821
821
847
821
821
821
821
821
844
821
821
821
821
821
821
821
821
821
821
821
821
849
821
821
821
821
821
821
850
797
797
797
797
797
797
797
797
797
797
797
797
823
797
797
797
797
797
797
797
850
797
797
797
797
797
797
797
797
797
797
822
797
797
797
797
797
797
797
797
797
821
797
797
797
797
797
797
797
797
797
822
797
797
797
797
797
797
797
797
797
809
808
797
797
797
797
797
797
797
883
821
821
838
797
797
797
797
797
797
797
797
881
851
797
797
797
797
797
859
797
797
797
797
797
797
797
797
797
797
797
797
797
927
821
797
797
797
797
989
880
853
957
978
1001
909
890
850
861
847
847
847
887
847
847
847
931
847
847
847
856
821
821
821
821
821
821
821
821
821
821
821
1011
832
797
887
797
797
797
797
797
797
797
797
797
797
797
797
797
797
797
797
853
867
831
821
821
821
821
821
821
821
821
821
821
821
821
821
821
821
821
821
845
946
797
797
797
797
797
797
797
797
797
797
797
797
797
797
797
797
797
797
879
872
821
825
797
797
797
797
797
797
797
797
797
797
797
797
797
797
797
797
914
924
850
821
857
821
896
830
797
797
797
797
797
797
797
797
797
797
797
859
797
797
1000
883
797
797
797
797
797
797
797
797
797
797
797
797
797
797
900
821
821
821
844
821
821
821
821
821
821
821
821
821
821
821
821
821
821
854
821
821
821
821
843
821
821
821
821
821
821
821
821
821
821
821
821
821
847
821
821
821
821
821
845
821
821
821
821
821
821
821
821
821
821
821
847
821
821
821
821
821
821
821
821
812
797
797
797
797
797
797
797
797
797
797
855
821
832
822
797
797
797
797
797
878
851
797
797
797
797
797
797
797
797
859
797
797
797
797
797
797
797
797
797
797
891
859
797
797
797
845
797
797
859
797
797
797
797
797
797
797
797
797
797
797
797
846
797
797
797
797
797
797
822
797
797
797
797
797
797
797
797
797
797
797
797
851
797
797
797
797
797
851
797
797
797
797
797
797
797
797
797
797
797
797
797
797
852
797
797
797
797
855
797
797
797
797
797
797
797
797
797
797
797
797
797
797
797
821
797
797
822
797
797
797
797
797
797
797
797
797
797
797
797
797
797
797
797
797
821
797
868
821
854
797
797
797
797
797
797
797
797
797
797
797
797
797
797
797
848
885
797
797
797
797
797
797
797
797
797
797
797
797
797
797
797
797
797
797
837
894
870
797
797
797
797
797
797
797
797
797
797
797
797
797
797
797
797
797
849
797
846
797
797
797
797
797
797
797
797
797
797
797
797
797
797
797
797
842
822
797
850
797
797
797
797
797
797
797
797
797
797
797
797
797
797
797
797
849
797
797
797
850
797
797
797
797
797
797
797
797
797
797
797
797
797
797
858
797
797
797
797
797
821
797
797
797
797
797
797
797
797
797
797
797
797
797
891
822
853
797
797
797
797
931
797
797
797
845
821
821
821
821
821
821
830
821
821
821
821
821
821
821
840
868
821
821
821
821
821
821
821
821
821
827
821
821
821
821
821
821
821
821
835
834
821
821
821
821
821
821
821
821
843
821
821
821
821
821
821
821
821
821
821
845
821
821
821
821
821
821
821
852
797
797
797
797
797
797
797
797
797
797
797
850
797
797
797
797
797
797
801
797
797
797
797
797
797
797
797
797
797
797
797
797
821
797
797
797
797
797
866
797
797
797
797
797
797
797
797
797
797
797
797
797
797
821
797
797
797
851
821
821
843
821
821
821
821
821
821
821
821
821
821
821
821
907
874
821
850
821
821
821
821
821
821
821
821
821
821
821
821
821
821
821
821
905
976
1059
821
821
821
821
821
821
821
821
821
821
821
821
821
821
821
821
821
940
821
821
821
821
821
821
821
821
821
821
821
821
821
821
821
821
821
821
862
986
797
797
797
797
797
797
797
797
797
797
797
797
797
797
797
797
797
797
858
797
997
874
797
797
797
797
797
797
797
797
797
797
797
797
797
797
797
871
844
866
871
821
821
821
821
845
821
821
821
821
821
821
821
821
821
821
855
821
830
797
963
824
797
797
797
797
797
797
797
797
797
797
797
797
797
823
797
797
797
797
797
1140
797
797
797
797
797
797
797
797
797
797
797
797
861
797
797
797
797
797
797
921
797
797
797
797
797
797
797
797
797
797
797
822
797
797
797
797
797
797
797
797
879
797
797
797
797
797
797
797
797
797
797
855
797
797
797
797
797
797
797
797
879
797
797
797
797
797
797
797
797
797
859
797
797
797
797
797
797
797
797
797
797
855
797
797
797
797
797
797
797
797
823
797
797
797
797
797
797
797
797
797
797
797
855
797
797
797
797
797
797
853
821
821
844
821
821
821
821
821
821
821
821
821
845
844
821
821
821
821
853
821
821
821
821
821
821
821
821
821
821
821
821
821
821
913
821
821
821
847
821
821
821
821
821
821
821
821
821
821
821
821
821
821
821
867
821
821
846
821
821
821
821
821
821
821
821
821
821
821
821
821
821
821
821
848
797
856
797
797
797
797
797
797
797
797
797
797
797
797
797
797
797
797
797
797
877
797
797
797
844
797
797
797
797
797
797
797
797
797
797
797
797
797
797
797
1128
797
797
797
797
797
797
797
797
797
797
797
797
797
797
797
797
797
797
862
848
847
859
866
867
867
866
844
821
867
821
866
821
821
821
821
821
848
816
797
797
934
797
797
797
797
797
797
797
797
797
797
797
797
797
797
797
822
797
797
797
839
913
797
797
797
797
797
797
797
797
797
797
797
797
797
823
797
797
797
797
797
846
797
797
797
797
797
797
797
797
797
797
797
797
853
797
797
797
797
797
797
797
852
797
797
797
797
797
797
797
797
797
797
797
856
797
797
797
797
797
797
797
850
797
797
797
797
797
797
797
797
797
797
822
797
797
797
797
797
797
797
797
797
821
797
797
797
797
797
797
797
797
797
887
822
822
834
797
797
797
797
797
797
797
934
797
797
797
797
797
797
797
822
797
797
797
797
797
797
797
797
797
797
797
797
951
797
797
797
797
797
823
797
797
797
797
797
797
797
797
797
797
797
797
797
846
797
797
797
797
797
2443
1028
1088
1017
946
927
847
908
847
847
847
857
853
848
847
861
857
821
830
797
797
797
797
797
797
797
797
797
797
797
797
797
862
866
821
900
822
821
821
821
821
821
821
821
821
821
821
821
821
821
821
821
852
843
821
821
821
821
821
821
821
821
821
821
821
821
821
821
821
821
821
821
883
836
822
828
797
797
797
797
797
797
797
797
797
797
797
797
797
797
797
797
857
871
821
821
821
821
821
821
821
821
821
821
821
821
821
821
821
821
821
859
823
926
859
857
827
841
848
821
821
821
821
821
821
821
821
821
821
849
821
821
821
854
843
821
821
821
821
821
821
821
821
821
821
821
821
821
909
821
821
821
821
844
797
797
797
797
797
797
797
797
797
797
797
797
797
797
855
797
797
797
797
797
852
797
797
797
797
797
797
797
797
797
797
797
797
857
797
797
797
797
797
797
851
797
797
797
797
797
797
797
797
797
797
797
797
865
821
853
797
797
797
797
797
874
851
797
797
797
797
797
797
797
797
797
890
797
797
797
797
797
797
797
797
797
983
797
797
797
797
797
797
797
797
855
797
797
797
797
797
797
797
797
797
797
846
797
797
797
797
844
797
797
823
797
797
797
797
797
797
797
797
797
797
797
797
851
797
797
797
797
797
797
822
797
797
797
797
797
797
797
797
797
797
797
797
797
850
797
797
797
797
822
797
822
821
821
821
821
821
821
821
821
821
821
821
821
845
821
821
821
828
821
821
821
821
821
821
821
821
821
821
821
821
821
821
821
845
821
821
863
847
858
821
821
821
821
821
821
821
821
821
821
821
821
821
821
960
848
821
821
821
821
821
821
821
821
821
821
821
821
821
821
821
821
821
821
984
918
797
797
797
797
797
797
797
797
797
797
797
797
797
797
797
797
797
797
934
811
797
797
797
797
797
797
797
797
797
797
797
797
797
797
797
797
797
859
797
878
797
797
797
797
797
797
797
797
797
797
797
797
797
797
797
797
824
826
797
797
880
797
797
797
797
797
797
797
797
797
797
797
797
797
797
797
822
797
797
797
797
855
797
797
797
797
797
797
797
797
797
797
797
797
797
875
821
821
845
797
797
905
878
797
797
797
797
797
797
797
797
797
797
797
810
878
847
847
847
847
847
847
847
847
847
847
847
847
847
847
847
847
847
860
847
847
847
847
847
847
847
847
847
847
847
847
847
847
847
847
847
854
847
847
847
847
847
847
847
847
847
847
847
847
847
847
847
847
847
847
870
847
847
847
847
847
847
847
847
847
868
797
797
797
797
797
797
797
797
842
797
797
797
797
797
797
797
797
797
797
797
820
797
797
797
797
797
797
825
797
797
797
797
797
797
797
797
797
797
797
797
797
821
797
797
797
797
797
866
821
852
797
797
797
797
797
797
797
797
797
797
797
797
930
797
797
797
801
797
797
797
797
797
797
797
797
797
797
797
797
797
797
797
832
915
797
802
797
797
797
797
797
797
797
797
797
797
797
797
797
797
797
797
797
846
797
930
797
797
797
797
797
797
797
797
797
797
797
797
797
797
797
797
797
797
878
797
797
797
797
797
797
797
797
797
797
797
797
797
797
797
797
797
797
797
801
848
797
797
797
797
797
797
797
797
797
797
797
797
797
797
797
797
797
801
797
820
797
797
797
797
797
797
797
797
797
797
797
797
797
797
797
797
797
885
821
844
846
845
821
821
821
845
821
821
821
821
821
821
821
821
821
821
991
867
866
821
858
862
821
821
821
821
821
821
821
821
821
821
821
821
825
821
821
821
821
821
842
847
821
821
821
821
821
821
821
821
821
821
821
825
821
821
821
821
821
821
845
808
797
797
797
797
797
797
797
797
797
797
830
838
821
850
820
797
797
797
797
851
797
797
797
797
797
797
797
797
797
797
885
797
797
797
797
797
797
797
797
797
851
797
797
797
797
797
797
797
797
857
797
797
797
797
797
797
797
797
797
797
821
797
797
797
797
797
797
797
797
868
821
844
821
821
821
821
821
821
821
821
821
961
821
821
821
821
821
901
1067
847
847
847
847
844
821
821
821
821
821
821
905
977
821
821
821
836
832
821
821
821
821
821
821
821
821
821
821
821
821
821
914
821
821
821
861
934
850
821
821
821
821
821
821
821
821
821
821
821
821
821
904
821
821
854
797
797
797
797
797
797
797
797
797
797
797
797
797
797
797
797
797
879
822
797
797
797
797
797
797
797
797
797
797
797
797
797
797
797
797
797
797
797
916
797
797
797
797
902
797
797
797
797
797
797
797
797
797
797
797
797
797
872
881
821
844
797
797
797
797
797
797
797
797
797
797
797
797
797
797
797
797
1067
797
986
797
797
797
797
797
797
797
797
797
797
797
797
797
797
797
797
823
797
797
906
997
797
797
797
797
797
797
797
797
797
797
797
797
797
797
853
797
797
797
797
921
797
797
797
797
797
797
797
797
797
797
797
797
797
823
797
797
797
797
797
878
797
797
797
797
797
797
797
797
797
797
797
797
797
855
797
797
797
797
797
797
1092
797
797
797
797
797
797
797
797
797
797
797
848
797
797
797
797
797
797
797
797
855
797
797
797
797
797
884
885
797
797
848
821
821
838
797
797
797
797
797
797
975
808
797
797
797
797
797
797
797
859
797
797
797
797
797
797
797
797
797
797
797
1111
797
797
797
797
797
797
855
797
797
797
797
797
972
797
797
797
797
797
797
958
797
797
797
797
797
823
797
797
797
797
797
797
797
797
797
797
797
797
797
881
797
797
797
797
797
2560
1093
1101
990
929
913
847
949
834
821
821
863
850
821
821
859
845
821
821
821
821
821
821
821
821
821
821
821
821
821
821
833
936
822
901
821
821
821
821
821
821
821
821
821
821
821
821
821
821
821
821
821
914
880
822
821
815
797
797
797
797
797
797
797
797
797
797
797
797
797
797
797
995
821
821
821
821
821
821
821
821
821
821
821
821
821
821
821
821
821
821
845
855
878
821
821
821
821
821
821
821
821
821
821
821
821
833
821
821
868
851
847
845
856
821
861
847
838
821
821
821
821
821
821
821
821
821
821
860
821
821
821
843
821
821
821
821
821
821
821
821
821
821
821
821
821
821
1031
797
797
797
797
851
797
797
797
797
797
797
797
797
797
797
797
797
797
824
797
797
797
797
797
797
820
797
797
797
797
797
797
797
797
797
797
797
797
902
821
821
821
821
821
821
873
845
821
821
821
821
821
821
821
821
821
821
854
821
821
821
821
821
821
821
840
856
846
821
821
821
821
821
821
821
848
821
821
821
821
821
821
821
821
821
836
833
821
821
821
821
821
821
821
847
821
821
821
821
821
821
821
821
821
821
821
835
797
797
797
797
845
797
808
846
797
797
797
797
797
797
797
797
797
797
797
850
797
797
797
797
797
797
822
797
797
797
797
797
797
797
797
797
797
797
797
797
820
797
797
797
797
842
813
797
797
797
797
797
797
797
797
797
797
797
797
797
797
821
797
797
797
853
822
821
836
797
797
797
797
797
797
797
797
797
797
797
797
797
935
797
823
797
797
797
797
797
797
797
797
797
797
797
797
797
797
797
797
797
838
912
823
797
797
797
797
797
797
797
797
797
797
797
797
797
797
797
797
797
797
872
797
797
797
797
797
797
797
797
797
797
797
797
797
797
797
797
797
797
797
936
851
797
797
797
797
797
797
797
797
797
797
797
797
797
797
797
797
797
848
797
851
797
797
797
797
797
797
797
797
797
797
797
797
797
797
797
797
854
797
797
797
821
797
797
797
797
797
797
797
797
797
797
797
797
797
797
797
852
822
821
833
797
936
797
797
797
797
797
797
797
797
797
797
797
797
797
822
797
797
797
797
797
832
916
797
797
797
797
797
797
797
797
797
797
797
858
797
797
797
797
797
797
797
846
797
797
797
797
844
797
797
797
797
797
797
857
797
797
797
797
797
797
797
797
850
797
797
797
797
797
797
797
797
797
824
797
797
797
797
797
797
797
797
797
797
849
797
797
797
797
797
797
797
797
848
797
797
797
797
797
797
797
797
797
797
821
797
797
797
797
797
797
797
857
797
797
797
797
797
797
797
797
797
797
797
797
821
797
797
797
797
797
797
853
822
844
808
797
797
797
797
797
797
797
797
797
797
935
797
797
797
797
855
797
797
797
797
797
797
797
797
797
797
797
797
797
797
820
928
797
797
823
797
797
797
797
797
797
797
797
797
797
797
797
797
797
797
797
846
797
797
822
797
797
797
797
797
797
797
797
797
797
797
797
797
797
797
797
797
852
845
1016
797
797
797
797
797
797
797
797
797
797
797
797
797
797
797
797
797
852
829
797
797
797
797
797
797
797
797
797
797
797
797
797
797
797
797
797
797
857
951
797
797
797
797
797
797
797
797
797
797
797
797
797
797
797
797
797
877
822
822
869
797
797
797
797
797
797
797
797
797
797
797
797
797
797
797
797
822
797
797
822
907
797
797
797
797
845
797
797
797
797
797
797
797
797
797
850
797
797
797
797
843
933
797
797
797
797
797
797
797
797
797
797
797
797
860
797
797
854
849
797
808
835
907
797
797
797
797
797
797
797
797
797
797
822
797
797
797
797
797
797
797
851
797
797
797
797
797
797
797
797
797
797
797
823
797
797
797
797
797
797
797
797
851
797
797
797
797
797
797
797
797
797
828
833
797
797
797
797
797
797
797
797
797
932
797
797
797
797
797
797
797
797
855
822
821
810
797
797
797
797
797
797
797
842
854
846
821
821
821
821
821
860
821
821
821
821
821
821
821
821
821
821
821
835
848
821
821
821
821
821
827
821
821
821
821
821
